0.14943781033333334
0.18664513959999998
0.030840904146666664
0.015428001953333333
0.027199651116666668
0.08352200774333333
0.02113572858666667
0.17870998086666667
0.1968925148
0.10319844110666668
0.06344194999
0.03023427341
0.024320016783333336
0.04662356357
0.15364534263333335
0.17078812636666668
0.06341997814
0.06302865865333335
0.05938979023666666
0.058801403973333326
0.05097780850999999
0.19502132339999997
0.2254021588333333
0.03759192898666667
0.04149483808
0.04170313341
0.04856743065666667
0.03994835808333334
0.175448976
0.19281154456666666
0.039415174
0.03188587143333333
0.04801488634333333
0.015211921056666662
0.017867434953333334
0.16923012856666667
0.1752934237
0.06403164323666667
0.05280811872333333
0.017049430993333333
0.011160482193333335
0.02256108651
0.15765595379999997
0.1714023437
0.02550128013
0.05422519068333334
0.03127051328
0.028463401410000002
0.032109297343333336
0.1767822957
0.20165026913333334
0.0228135357
0.029893627113333335
0.033632576416666664
0.028990580476666666
0.046485942366666665
0.19874752673333332
0.17569637586666667
0.0946568653
0.05422221722666667
0.06156681079333334
0.0736945165
0.07920634517
0.18826714673333333
0.1733555427
0.04606021145666667
0.03683463339666666
0.03733052868666667
0.04681169300000001
0.07233584052
0.19678558363333332
0.2042887259333333
0.041464876629999994
0.030197136969999996
0.03711650643666667
0.031595696320000005
0.03586954812666667
0.20919367803333333
0.1788150771
0.028916932753333333
0.026683129266666664
0.027677047776666665
0.027865636066666668
0.022253726473333336
0.17882961040000003
0.20459624826666667
0.024295000726666672
0.05619544488666667
0.01703286734
0.010612003654333332
0.014070207356666664
0.18885176983333332
0.2028796918
0.039531207959999995
0.028055336026666666
0.03982184006666667
0.032204412973333325
0.038377324856666666
0.19945288296666666
0.1828265524
0.02015352331333333
0.04823920222333333
0.016095861293333333
0.02247739977666667
0.03627258470333333
0.15902119053333333
0.1722416699
0.10978350349999999
0.05633334395000001
0.009972765128000001
0.03926253989
0.019287290346666666
0.2225968108
0.20975184126666666
0.20506400046666667
0.029079989649999995
0.02917929992666667
0.02051816127333333
0.026066618433333334
0.21658499813333335
0.21225401570000002
0.02785890245666667
0.028954446516666663
0.03187071683666667
0.025271263713333332
0.01683921182666667
0.17681417056666665
0.1839965117
0.034493079659999995
0.04714205296333334
0.034772961469999995
0.040598067896666666
0.04862478891666667
0.1414800522
0.18311154933333332
0.030984780926666667
0.034307866996666665
0.04194115596333333
0.03084642097333333
0.0254999742
0.15907933853333336
0.1316669699
0.01771174355
0.013864620226666666
0.02161081216
0.02361507296
0.01578284275
0.18688226589999998
0.18079983816666667
0.028051855143333332
0.01829077176333333
0.03744237549333333
0.02209372430666667
0.10215115201000001
0.1563535009
0.1436643041666667
0.07648203471333334
0.024081165749999998
0.026795686569999998
0.02050410276
0.052699581253333336
0.23894157193333332
0.2395038440666666
0.18860761166666667
0.031625926203333335
0.025825072640000002
0.027831750726666667
0.020512531746666667
0.20528768073333334
0.2124922387
0.03496803339333333
0.022269587753333334
0.028392028689999998
0.01934567926666667
0.09174600500333333
0.18776407536666667
0.16748410613333334
0.03960140195
0.06924198043666667
0.0351067527
0.046650600566666665
0.0603988554
0.1749435132
0.1760221399
0.04692924072
0.047562689023333334
0.05429770740333333
0.023692764646666666
0.04151689393333333
0.17382941013333333
0.19130577556666667
0.049631496416666664
0.03892446469
0.036435336043333336
0.027815156429999998
0.044593354950000004
0.1737150661
0.160133718
0.04752473551
0.04215707031333333
0.038967457989999996
0.03781651809666666
0.03142947848666666
0.1963609928666667
0.16537533293333334
0.03275553106
0.03607352833
0.02807006337666667
0.01863662051333333
0.024412676470000002
0.17075938136666668
0.16478282763333335
0.036484722596666665
0.03971595199666666
0.02581094707
0.020868492473333333
0.017725692133333335
0.20908978243333334
0.1920461607
0.02821004107999999
0.025087665636666666
0.052302112586666664
0.023687859273333334
0.021752991986666668
0.17099875590000002
0.16743976373333336
0.09576187576666667
0.04246470831666667
0.022866907713333332
0.019266484469999998
0.021297743839999998
0.19680213913333333
0.16570769376666666
0.02402385736
0.017141878423333333
0.024503704513333332
0.022593361963333336
0.02623935671666667
0.19850336806666666
0.17450793080000002
0.031796377626666664
0.0256464805
0.011435666633333333
0.024009324369999998
0.013982676626666668
0.1687360274666667
0.17033619563333335
0.17528433063333335
0.02901788587
0.018521736746666666
0.025676778543333334
0.015300734853333333
0.20005853413333333
0.206026861
0.025705541229999997
0.018418990923333333
0.01859910258
0.020869369220000003
0.021784985076666666
0.22439200643333332
0.22254688539999998
0.023766948266666667
0.024206942923333332
0.020728720756666666
0.021327076643333335
0.01623000485333333
0.18490339030000003
0.18287153296666667
0.026250820783333337
0.02078152505
0.019744821739999998
0.020897634126666665
0.03468427284666667
0.19704771046666666
0.190650602
0.03871773650666666
0.02402335482
0.040224048623333335
0.023793297056666662
0.027247174656666668
0.22031994063333335
0.21922345150000003
0.05447207298666667
0.037136065690000004
0.022780524670000003
0.0718417538
0.03514682956333333
0.1589427489
0.1754601156
0.06750819939666666
0.03349975961333333
0.08794282961333333
0.013301884370000001
0.0189217664
0.18373922893333333
0.1796055585
0.02610038549
0.02105760183666667
0.020193810813333334
0.019921068583333333
0.02323142818
0.17758241356666668
0.18266843416666664
0.15990509213333334
0.023859487116666665
0.02054532104666667
0.015750542123333332
0.018518409793333333
0.15225986756666668
0.14766437456666665
0.014425428263333331
0.022538531303333335
0.015253617246666667
0.016932008956666664
0.010988986806666667
0.17583596726666664
0.17403796780000003
0.022018776476666665
0.01594397251
0.011993536550000001
0.014555606756666667
0.01415372927
0.19046787676666668
0.17799204843333333
0.032650219743333334
0.01800213305333333
0.019933356513333333
0.020873873719999995
0.01811796067666667
0.19324942883333332
0.15183446713333335
0.020166328976666665
0.010612614603333332
0.017067489879999998
0.01198160037
0.0109523023
0.1959271588
0.15818845146666666
0.01774910584
0.01985250558
0.020073931206666666
0.01271329297
0.024775082246666667
0.17964421496666663
0.18093860703333334
0.019821639166666665
0.014430728913333333
0.02175599497666667
0.02868549110666667
0.01726000363
0.15397660516666667
0.15330197836666665
0.022002996666666663
0.015215133856666665
0.024224260306666665
0.02078893078666667
0.02373782629
0.20137136376666664
0.16505951676666666
0.031150925686666664
0.015139551369999999
0.016225700756666666
0.010802513136666667
0.07139724550666667
0.1719831013
0.17421466073333336
0.02819856159333333
0.021182650846666665
0.01996589757666667
0.011095308303333334
0.03209209752333333
0.18419216546666667
0.17386464446666666
0.024600041463333333
0.012245663643333333
0.01358522493
0.026277854103333335
0.02114970588
0.19066504376666665
0.17921154613333334
0.02826516579333333
0.01515555429
0.023526355543333332
0.016406628633333333
0.014563172376666666
0.19165616373333333
0.1890928407666667
0.20879957436666666
0.01472383418666667
0.013134452339999998
0.023039326619999998
0.021338264319999998
0.1616827189
0.14947110163333333
0.056393510243333334
0.024479014833333333
0.016953445656666667
0.02264333271
0.012719470163333333
0.19331502543333334
0.18796055633333333
0.03918926273
0.024313214250000003
0.018133101363333334
0.02053979228
0.010485110402333332
0.19728390903333332
0.20380009156666667
0.019189113113333333
0.018900826223333334
0.018611552689999998
0.015086802390000003
0.01776702107666667
0.16417334423333335
0.17505397266666667
0.02586471631
0.020038877400000002
0.01383830856
0.015669937643333333
0.03623109802
0.17658633056666667
0.13277343449999998
0.017393582143333332
0.01665441317
0.017368859253333334
0.011148453003333334
0.012122440736666667
0.1947775283
0.18039866910000002
0.04021617669
0.01584109601
0.02034988957
0.01876276098666667
0.02041911024
0.18050884293333333
0.16906421829999999
0.01686867015333333
0.011336298426666669
0.028122536793333333
0.01531846953
0.013812944676666668
0.1729263807
0.1800919519
0.017089493653333333
0.017369778926666666
0.018369705490000002
0.021569853703333332
0.007918076119666667
0.1811165171
0.16182459886666667
0.01716989162
0.017560514876666666
0.016522300266666665
0.01913841384
0.01266405966
0.13961715483333334
0.15306364113333332
0.02145806706666667
0.028479515450000003
0.014459535266666667
0.018189455906666666
0.11825860146666665
0.16804949483333334
0.1478854825333333
0.03126007144666667
0.015399201816666668
0.01164755858
0.01847437122
0.01255147361
0.1557539011
0.16094476306666666
0.028486241403333334
0.01512191872
0.0399138334
0.016516530653333333
0.014581459823333335
0.1388500836
0.12766094536666667
0.01747350864
0.021400261583333333
0.02210739960333333
0.017467568106666668
0.015060155306666665
0.14422192176666665
0.16165311526666665
0.015582617486666667
0.011472221650000001
0.008285791665333333
0.017686615193333335
0.009038392264
0.17010843159999997
0.1506398274
0.028258863180000003
0.02422978119333333
0.010899405032333333
0.010919437837666666
0.01313082758
0.16918724276666666
0.16393527273333333
0.013762399163333333
0.027110064766666664
0.019291925306666666
0.015338014733333332
0.01499498208333333
0.22131152689999997
0.22496348123333335
0.2386587889333333
0.029032830963333336
0.020685637186666668
0.021755344596666667
0.027880476623333324
0.2248147357666667
0.2033374664
0.016159588123333332
0.021873755243333334
0.02164025672333333
0.021169494446666666
0.016959892623333334
0.22135250133333328
0.21039391426666665
0.016281327656666667
0.01385009635
0.020005939453333337
0.014631577549999998
0.010670492863333332
0.1820184951
0.1838207057333333
0.02847503348666667
0.017133923936666667
0.012853925303333333
0.021660568656666667
0.02061371626333333
0.20777801473333335
0.21399841003333336
0.022224400723333336
0.016603095026666667
0.013097423633333334
0.02306584032
0.009323701491666668
0.20489699536666667
0.19309832040000002
0.021962833976666665
0.03199838400333333
0.012149064666666667
0.01774299522
0.017056715396666665
0.1705406363
0.17932928063333337
0.022062620119999998
0.015691005656666666
0.021467887539999998
0.026563184066666665
0.13757480643333336
0.19505611523333333
0.2054939143
0.036090105389999995
0.018451171493333335
0.01650919313
0.018404105650000002
0.027027490230000003
0.16048404276666664
0.1783441461666667
0.1362082946
0.02891572786
0.016748218413333335
0.01787849919
0.023621202953333333
0.17269501663333334
0.16651117933333334
0.0207511401
0.01342292789
0.026414962756666664
0.012271436746666668
0.020383306696666666
0.1965897311
0.2003067391333333
0.02661468646666667
0.01493139062333333
0.02738527476333334
0.01822705159333333
0.01879595987333333
0.18718721303333333
0.17660233656666666
0.010141277029666667
0.025115095016666665
0.022015571756666664
0.015434684066666668
0.012043800529999999
0.19738830473333333
0.18886863726666667
0.017802641176666665
0.014690716366666669
0.010707004796666666
0.021452477326666664
0.008140470751333333
0.21793919240000004
0.20390603463333332
0.015601908696666668
0.014268979099999997
0.02558378313
0.014770849483333333
0.02591672400333333
0.19936395816666666
0.20827912453333336
0.05536905187
0.02032892568
0.016096514293333333
0.021051450606666668
0.04218934374333333
0.20237055846666663
0.17880825943333334
0.17909968883333333
0.023481849080000002
0.020211855060000002
0.03297025474
0.012427829016666666
0.1681605969
0.16558478526666667
0.030426539376666662
0.012049966740000001
0.013967900136666668
0.011978408196666667
0.012151648493333334
0.18199153533333332
0.2122666276
0.039833261429999996
0.05873660033666667
0.033551340916666665
0.050478890026666674
0.04279846570333334
0.27127379073333335
0.2691987690666666
0.08801769134333333
0.030872525710000005
0.04121761779
0.040549722399999995
0.04128988906666667
0.20053675683333333
0.23318614386666667
0.08835460762
0.08825668656333334
0.06221384744666666
0.10868122452666668
0.06009281150000001
0.245373917
0.21610330166666666
0.03258706068666666
0.11494246590000001
0.033991977693333335
0.024126348473333333
0.046143268370000004
0.24609321983333335
0.17480511083333333
0.10758223188
0.03782515162666666
0.06112052043333333
0.044798578709999995
0.03545027888
0.09204459465
0.22242615889999995
0.11986075249999999
0.043148997796666665
0.09631191618666665
0.033823862059999994
0.049347833486666666
0.285125164
0.2569526941333333
0.05395089435333333
0.11401606283333336
0.031674934526666663
0.04056266686999999
0.08941417862666666
0.27628521640000003
0.24236207216666666
0.030507773029999997
0.031288899989999994
0.12782002014333335
0.05787410861333332
0.04034606939666666
0.18642801150000002
0.2443328326666667
0.05317396185000001
0.025070245733333333
0.03248455752333333
0.08623613975333333
0.02919798785
0.2678405839
0.2330878371
0.033265174196666664
0.06787916814666665
0.14367903826666667
0.03673789122999999
0.03508418953333334
0.210762817
0.1996312398
0.07981049433666666
0.08967286658
0.08552070445333335
0.04968585699666666
0.15006983026666668
0.19072173463333333
0.2722003239
0.1306963096
0.0915707922
0.0371500738
0.02416244698
0.12448156303333334
0.21114860166666666
0.26239399360000004
0.10229557735
0.057865071010000005
0.06316526470333333
0.03712862607
0.042067154626666665
0.14371537480000002
0.28246127826666667
0.05301674289333333
0.06769102367333334
0.05451513422666667
0.05353688304
0.11673449676666667
0.1785885401
0.19168888183333335
0.09579626705666668
0.1650479606
0.03579168632
0.10892707711333334
0.039375287683333336
0.25217202126666666
0.2908349295666666
0.03239515928
0.04443488945666667
0.06866415688666667
0.04889768468333333
0.02617308164
0.21826508556666668
0.17882668566666665
0.027533687056666666
0.039144098306666666
0.03894416876666667
0.03236145739
0.02256392901333333
0.16870197883333332
0.27133075856666666
0.25052963526666666
0.062162887939999995
0.04569125135
0.055414721880000004
0.04011126792333333
0.1654838285
0.22301013459999997
0.05995870649333334
0.07273688826
0.09470550736666666
0.03734458008666667
0.03685183242333333
0.23146042670000005
0.21178253456666665
0.04032129389666667
0.08753240463333334
0.03880903566
0.04344593722
0.10073957291666667
0.2733435952333334
0.22683314070000005
0.031028556469999996
0.03748965573666666
0.09095667920333333
0.042093984029999996
0.041067884400000004
0.25223688726666665
0.18415238153333335
0.03813069255333333
0.09414215345333332
0.05648651808666667
0.032894360510000005
0.04420084557333333
0.21017885209999998
0.28850129016666665
0.15830924543333333
0.06599755512666666
0.07390994240333333
0.06500174833666666
0.05445327027
0.2603380399333333
0.2857130776666667
0.03605990744333334
0.04716986885333334
0.047766577819999996
0.07385868760000001
0.05036293879
0.19021562586666665
0.24564587543333335
0.04051118983666667
0.07940859443
0.06776566792333334
0.03468798546
0.04208014358333333
0.211435197
0.26402586720000004
0.03782365641333334
0.11467521773333333
0.02239670162
0.04035954669333333
0.08520192967333334
0.2079879342
0.2738992933666667
0.060932648443333334
0.028038135396666667
0.029066155540000006
0.06334136303666667
0.04373054904333333
0.1882056205
0.27066057916666664
0.07571842780666667
0.12916735056666667
0.020035612369999997
0.07741978146666666
0.050345112716666675
0.2198455365
0.279483334
0.04555200586666666
0.11218737956000001
0.05258227202666666
0.07173934302
0.05667072117
0.21647727626666666
0.24189813380000003
0.04883353075
0.030262356799999997
0.02601458028
0.04202132855
0.03620828376666667
0.2477891081
0.26027949180000004
0.03625846547
0.03783884718
0.030220091716666668
0.023716671646666666
0.028798172209999997
0.22250501986666668
0.21163816703333332
0.03761906256
0.024879954773333334
0.0456380694
0.06506772332666666
0.015909021776666667
0.28080494913333337
0.20559766673333332
0.05359993038666667
0.04684133847666667
0.026831242813333336
0.04286693389
0.03163752892333334
0.23497817396666668
0.25372416796666664
0.08121730968
0.019694216206666667
0.04032984936333333
0.05290639516666667
0.05088679451666667
0.266610627
0.28853163233333334
0.043281263480000005
0.038265883650000006
0.03419636888
0.03684327075
0.017159998056666664
0.25570984226666665
0.25204516926666665
0.025406346189999998
0.031066689566666666
0.10673461657666666
0.08821741286666666
0.04392267934999999
0.21629414553333334
0.20383162613333333
0.06008385112666666
0.11015890785333331
0.02923133524
0.016946691816666668
0.02785364360666667
0.26777972320000004
0.2174277968333333
0.03918558906333333
0.02253647565666667
0.023080140916666665
0.01726295497
0.025886248436666665
0.2104120851
0.2688832082
0.08810492739666667
0.03484226493333333
0.05336244018
0.12173913271000002
0.06380932405999999
0.18020931923333333
0.26835585046666666
0.06269690726333334
0.04533397874000001
0.03375330742
0.042741728863333335
0.13554934366666666
0.23457562003333338
0.19468013066666667
0.05472341502333333
0.048217902226666665
0.10528287283333333
0.04596412678666667
0.06750482790333334
0.12074680259999998
0.25495980143333336
0.044068842973333335
0.12634435566666669
0.14003538053333334
0.03877149021333333
0.05252644111333333
0.17901599403333332
0.19296799386666666
0.03785425307333334
0.11236422819
0.04205603092
0.031072624830000003
0.03795743495
0.2177515848
0.20202731653333333
0.020924447006666666
0.06174750136333333
0.015448578800000001
0.03684137877
0.10115633687666668
0.20845552663333333
0.22545307476666665
0.06942821933
0.044682108046666676
0.03885675443
0.06500938644
0.018294634726666665
0.13659935993333336
0.21907421113333336
0.03267093203
0.04040070105666667
0.04657754144333333
0.06462843654666665
0.02163903529
0.22821916526666663
0.2539913765333333
0.024924131803333333
0.022807693429999998
0.02655464643666667
0.03639001992
0.052114552360000004
0.2027909823
0.16223686550000002
0.036013975913333336
0.02592309546
0.020142453476666666
0.030147885120000002
0.016842094349999996
