   1.0917470e-01
   1.1706419e-01
   9.9987801e-02
   1.1580466e-01
   1.0522207e-01
   1.1548865e-01
   9.5978043e-02
   1.0109368e-01
   9.9671401e-02
   1.0146449e-01
   1.0956636e-01
   9.4813251e-02
   1.0585243e-01
   1.0223691e-01
   1.0265539e-01
   1.2275263e-01
   1.0122418e-01
   1.1941691e-01
   9.7158250e-02
   9.7927837e-02
   1.0570612e-01
   9.9333947e-02
   9.7209364e-02
   1.1174941e-01
   9.5587201e-02
   1.1573636e-01
   1.0551198e-01
   9.9794667e-02
   1.1058505e-01
   1.1051160e-01
   9.9249565e-02
   1.0133014e-01
   1.0606411e-01
   1.1310350e-01
   1.0808197e-01
   1.0068964e-01
   1.1611267e-01
   1.0107013e-01
   1.1152689e-01
   1.1770346e-01
   1.0099445e-01
   1.1151885e-01
   1.0255607e-01
   9.4037297e-02
   9.5791703e-02
   1.1087101e-01
   1.1159148e-01
   1.1031868e-01
   9.3532151e-02
   9.6599933e-02
   1.0526186e-01
   9.7755590e-02
   9.6575073e-02
   1.1178813e-01
   1.0099163e-01
   1.0374273e-01
   1.0109454e-01
   9.5679978e-02
   1.0094785e-01
   9.9198697e-02
   9.9752520e-02
   1.1658154e-01
   1.0008952e-01
   1.0111417e-01
   9.7079584e-02
   1.0716690e-01
   9.4520922e-02
   9.9216196e-02
   1.0753375e-01
   1.0542031e-01
   9.3995851e-02
   1.0255169e-01
   9.6380055e-02
   1.0459896e-01
   1.0035465e-01
   1.0153971e-01
   1.1461059e-01
   9.7049640e-02
   9.5773099e-02
   1.0454376e-01
   9.4690600e-02
   9.7088143e-02
   1.0148202e-01
   1.0414213e-01
   1.0231981e-01
   1.1810322e-01
   9.4076469e-02
   1.0350740e-01
   1.0090381e-01
   9.3287321e-02
   9.7683269e-02
   1.0057202e-01
   9.6709183e-02
   1.0346454e-01
   9.8077754e-02
   1.0539882e-01
   9.0604598e-02
   1.0693049e-01
   9.9883449e-02
   9.8500362e-02
   1.0634447e-01
   1.0821760e-01
   9.7690879e-02
   1.0824363e-01
   9.9161564e-02
   9.3672625e-02
   9.6319497e-02
   1.0017505e-01
   9.9259908e-02
   9.6203230e-02
   9.8213839e-02
   1.0798204e-01
   1.0592755e-01
   1.1060610e-01
   1.1528890e-01
   9.9211464e-02
   1.0063687e-01
   1.1326886e-01
   1.0116210e-01
   1.0308606e-01
   1.0844374e-01
   9.5165951e-02
   9.9614621e-02
   1.0028630e-01
   9.9717484e-02
   1.1130359e-01
   1.0052882e-01
   1.1906408e-01
   9.5912948e-02
   1.1377157e-01
   1.0123251e-01
   9.9077527e-02
   1.0201814e-01
   1.0735721e-01
   1.0786961e-01
   1.0785950e-01
   9.8864560e-02
   9.7657956e-02
   1.2118789e-01
   1.0058267e-01
   9.5952402e-02
   1.0219135e-01
   1.0860403e-01
   1.0252320e-01
   1.0017194e-01
   1.0168557e-01
   9.9662608e-02
   9.3374256e-02
   1.0249074e-01
   9.3757921e-02
   1.0661504e-01
   1.0520210e-01
   9.9000147e-02
   1.0852299e-01
   1.0431680e-01
   1.0149874e-01
   1.1914391e-01
   9.9482596e-02
   1.0269669e-01
   9.7300867e-02
   9.5560112e-02
   1.0506442e-01
   1.1825139e-01
   1.0479194e-01
   1.1841880e-01
   1.0111811e-01
   1.0084241e-01
   1.0068716e-01
   1.0276379e-01
   9.7817284e-02
   1.1191359e-01
   1.0963894e-01
   1.1127896e-01
   1.0797907e-01
   1.0348942e-01
   1.0164356e-01
   9.7976312e-02
   1.0083993e-01
   1.1180510e-01
   9.8936768e-02
   1.0330708e-01
   1.0008330e-01
   9.8954835e-02
   9.5860368e-02
   1.0249320e-01
   1.1313274e-01
   1.0602756e-01
   1.1703157e-01
   9.8472392e-02
   1.1611720e-01
   1.1197449e-01
   9.5610424e-02
   9.3293614e-02
   1.0052022e-01
   9.7454788e-02
   9.5869453e-02
   9.5235460e-02
   9.3189975e-02
   1.1761968e-01
   9.8696212e-02
   1.0084529e-01
   9.9893513e-02
   9.8426737e-02
   1.0327092e-01
   9.6159017e-02
   9.8367080e-02
   1.0432538e-01
   1.0221094e-01
   9.3555944e-02
   9.6820969e-02
   1.1462626e-01
   9.6283659e-02
   9.7610317e-02
   1.2020955e-01
   9.5462369e-02
   1.0027063e-01
   1.0030026e-01
   9.9850272e-02
   1.0925175e-01
   1.0454248e-01
   1.0669402e-01
   1.1760898e-01
   9.9872529e-02
   9.7556659e-02
   9.6696125e-02
   1.1397132e-01
   1.1300804e-01
   1.0676465e-01
   9.5293194e-02
   1.0822317e-01
   1.0231402e-01
   1.0864201e-01
   1.0935739e-01
   1.1060377e-01
   9.4673635e-02
   1.0439907e-01
   1.0263631e-01
   9.2958079e-02
   9.8200180e-02
   1.0113006e-01
   1.0302503e-01
   1.0582364e-01
   9.1566283e-02
   1.2617668e-01
   9.3436435e-02
   9.7765966e-02
   1.0104692e-01
   9.7494874e-02
   1.0177681e-01
   9.7209862e-02
   9.5261777e-02
   1.1402122e-01
   1.1040172e-01
   9.6605790e-02
   9.8675218e-02
   1.0151700e-01
   1.1420823e-01
   9.8715343e-02
   1.0031514e-01
   9.5533107e-02
   1.1535860e-01
   1.1042856e-01
   9.2395655e-02
   9.1827796e-02
   9.4821180e-02
   1.1883701e-01
   1.0481905e-01
   1.0610713e-01
   9.8368197e-02
   9.7859641e-02
   1.1237297e-01
   9.9646500e-02
   1.0093084e-01
   1.0552865e-01
   9.5968290e-02
   9.8294880e-02
   1.0063402e-01
   1.1639669e-01
   1.1292282e-01
   1.0843995e-01
   9.4028101e-02
   1.0267527e-01
   1.1094557e-01
   1.1715304e-01
   9.8719381e-02
   1.0205061e-01
   9.5758447e-02
   1.0986003e-01
   1.0594695e-01
   9.8358268e-02
   9.9788248e-02
   9.5093477e-02
   9.6152779e-02
   1.0116267e-01
   1.0471697e-01
   1.0284500e-01
   9.8419475e-02
   1.1528895e-01
   9.9821233e-02
   1.0182327e-01
