   1.7312036e-01
   1.9743320e-01
   2.1517278e-01
   1.6640452e-01
   1.7669483e-01
   1.7378966e-01
   1.9037649e-01
   1.6269090e-01
   1.6586124e-01
   1.6396970e-01
   1.6866458e-01
   2.1427605e-01
   1.6615663e-01
   1.8989413e-01
   1.9507925e-01
   1.6807755e-01
   1.9079398e-01
   1.9147458e-01
   1.9155386e-01
   1.7719469e-01
   1.7187391e-01
   1.7663522e-01
   1.9211051e-01
   1.7490628e-01
   1.9994348e-01
   1.6976213e-01
   1.6907627e-01
   1.8466235e-01
   1.7243951e-01
   1.9431380e-01
   1.7344913e-01
   1.8040585e-01
   1.7815409e-01
   2.1231903e-01
   1.9295379e-01
   1.8940828e-01
   2.0039389e-01
   1.9020054e-01
   1.7597503e-01
   1.8641633e-01
   1.9212592e-01
   1.7107004e-01
   1.9533442e-01
   1.6835335e-01
   1.8893329e-01
   1.9186974e-01
   1.6895653e-01
   1.9495493e-01
   1.8222723e-01
   1.6477970e-01
   1.8037493e-01
   1.8881407e-01
   2.1144347e-01
   1.7832089e-01
   1.8654362e-01
   1.7054099e-01
   1.8069360e-01
   1.6724485e-01
   1.9164930e-01
   1.9049721e-01
   1.6968072e-01
   1.6739263e-01
   1.7365451e-01
   1.8866602e-01
   1.6597262e-01
   1.7148704e-01
   2.1536941e-01
   1.7930740e-01
   1.7859070e-01
   1.8985321e-01
   1.7949590e-01
   1.9333663e-01
   1.8182120e-01
   1.7256431e-01
   1.7496237e-01
   1.7987564e-01
   1.8448230e-01
   1.8966062e-01
   1.8533549e-01
   1.8026428e-01
   1.9170239e-01
   1.7157511e-01
   1.6843495e-01
   1.9166101e-01
   1.7727575e-01
   1.6703353e-01
   1.8628493e-01
   1.9214152e-01
   1.6803727e-01
   1.9000625e-01
   1.7165195e-01
   1.7968245e-01
   1.9100672e-01
   1.7385651e-01
   1.8687668e-01
   1.7567596e-01
   1.9470795e-01
   1.6779273e-01
   1.8394520e-01
   1.6687425e-01
   1.9726020e-01
   1.8957277e-01
   1.6527332e-01
   1.8694672e-01
   1.6427905e-01
   2.0390835e-01
   1.9194726e-01
   1.7338114e-01
   1.6825404e-01
   1.9296927e-01
   1.6655026e-01
   2.0732286e-01
   1.7513682e-01
   1.7127139e-01
   1.6337221e-01
   1.6377379e-01
   1.6609467e-01
   1.7436192e-01
   1.9129894e-01
   1.8510874e-01
   2.1189867e-01
   1.9025847e-01
   1.7575248e-01
   1.9098936e-01
   1.8225331e-01
   1.8776622e-01
   2.1004496e-01
   1.9009176e-01
   1.6847310e-01
   1.9274013e-01
   1.7334806e-01
   2.0084995e-01
   1.9342395e-01
   1.7227493e-01
   1.7770680e-01
   1.7663628e-01
   1.8901796e-01
   1.6855546e-01
   1.7455352e-01
   1.8727899e-01
   1.7128629e-01
   1.9340494e-01
   2.1027182e-01
   1.9522702e-01
   1.9901401e-01
   1.7454987e-01
   1.7588327e-01
   2.1419769e-01
   1.6903392e-01
   1.8689408e-01
   1.7966028e-01
   1.9093666e-01
   1.8396953e-01
   1.9254688e-01
   1.9300067e-01
   1.7631254e-01
   1.8045939e-01
   1.6635609e-01
   1.8748941e-01
   1.7998252e-01
   1.6751445e-01
   1.8802688e-01
   1.7111309e-01
   1.9664849e-01
   1.6863162e-01
   1.9844795e-01
   1.8414456e-01
   1.7391638e-01
   1.9166391e-01
   1.6984357e-01
   1.9683282e-01
   1.7937907e-01
   1.7380247e-01
   1.6965344e-01
   1.8327614e-01
   1.9056853e-01
   1.6968516e-01
   1.9801141e-01
   1.9020417e-01
   1.8704537e-01
   1.7351784e-01
   1.6785534e-01
   1.9205940e-01
   1.6795552e-01
   1.7009365e-01
   1.9794916e-01
   1.9445056e-01
   1.6926486e-01
   1.7361176e-01
   1.9339205e-01
   1.7205360e-01
   1.9034038e-01
   1.6832545e-01
   1.7181447e-01
   1.7024590e-01
   1.6978564e-01
   1.9364334e-01
   1.9418488e-01
   1.9382271e-01
   1.8751038e-01
   1.6520484e-01
   1.7753598e-01
   1.7170052e-01
   1.9090913e-01
   1.8577883e-01
   1.7546531e-01
   1.8434621e-01
   1.9249029e-01
   1.7481837e-01
   1.7284910e-01
   1.9253057e-01
   1.8425439e-01
   1.9518389e-01
   1.7348778e-01
   1.6817357e-01
   1.7198349e-01
   1.7839245e-01
   1.6551713e-01
   1.6897799e-01
   1.7591423e-01
   1.8553209e-01
   1.8242159e-01
   1.6738977e-01
   1.7358835e-01
   1.7972479e-01
   1.9442912e-01
   1.8048113e-01
   1.7479371e-01
   1.7200619e-01
   1.7983208e-01
   1.9960786e-01
   1.6885856e-01
   1.7688411e-01
   1.9475178e-01
   1.9015271e-01
   1.9444428e-01
   1.7903924e-01
   1.7244821e-01
   1.7215517e-01
   1.8554436e-01
   1.6829896e-01
   1.8368716e-01
   1.8206156e-01
   1.9719647e-01
   1.7990015e-01
   1.8556093e-01
   2.1495388e-01
   1.8998544e-01
   1.9278798e-01
   1.6777358e-01
   1.6794013e-01
   1.7833792e-01
   1.7910061e-01
   1.7912707e-01
   1.7291135e-01
   1.9357821e-01
   1.8181515e-01
   1.9499914e-01
   1.7682402e-01
   2.1059650e-01
   1.7650277e-01
   1.9453434e-01
   2.0015224e-01
   1.6782540e-01
   1.9225635e-01
   1.9103799e-01
   1.7093835e-01
   1.9295499e-01
   1.7829787e-01
   1.7414934e-01
   1.7583488e-01
   1.9394206e-01
   1.7276575e-01
   1.8180650e-01
   1.8274140e-01
   1.9674277e-01
   1.9408327e-01
   1.9091109e-01
   2.0567526e-01
   1.8632128e-01
   1.7540734e-01
   1.6940760e-01
   1.9436030e-01
   2.1534413e-01
   1.8328875e-01
   1.7991147e-01
   1.8468831e-01
   1.9563467e-01
   1.9944860e-01
   1.8777452e-01
   1.8365731e-01
   1.9438642e-01
   1.7032499e-01
   1.8776605e-01
   1.8260808e-01
   1.8810707e-01
   1.8709920e-01
   1.8660455e-01
   1.8186349e-01
   1.9420967e-01
