   2.0455454e-02
   1.9616682e-02
   1.9140855e-02
   1.9942115e-02
   2.0193176e-02
   2.0944693e-02
   2.0295626e-02
   1.8957175e-02
   1.9811982e-02
   2.1126508e-02
   2.0006854e-02
   1.9905809e-02
   2.0960614e-02
   2.1348732e-02
   1.9838976e-02
   2.0804115e-02
   1.8783488e-02
   2.0388115e-02
   1.9203893e-02
   2.1554882e-02
   1.9198771e-02
   1.9991128e-02
   2.0309790e-02
   2.0070808e-02
   1.9495559e-02
   2.1227749e-02
   1.9181507e-02
   2.0395758e-02
   2.1164279e-02
   2.0078835e-02
   1.8996183e-02
   2.0376923e-02
   1.8952833e-02
   1.9428409e-02
   1.9266849e-02
   2.0901019e-02
   2.0037936e-02
   1.9549569e-02
   2.1121401e-02
   2.0561995e-02
   1.9522325e-02
   1.8802739e-02
   1.9791250e-02
   1.9896789e-02
   2.0953629e-02
   2.0374168e-02
   1.9118426e-02
   2.0778363e-02
   1.9050959e-02
   1.9371560e-02
   1.9975708e-02
   1.8725959e-02
   2.0380283e-02
   1.9034757e-02
   2.0231633e-02
   2.0385460e-02
   2.0870026e-02
   1.9978940e-02
   1.9199333e-02
   2.0669723e-02
   2.0175942e-02
   2.1295132e-02
   1.9145256e-02
   1.8873541e-02
   2.1035819e-02
   1.8932707e-02
   2.0212309e-02
   1.9061591e-02
   2.0247334e-02
   2.1118582e-02
   1.8788937e-02
   1.9900461e-02
   2.0066092e-02
   1.8997425e-02
   2.0456623e-02
   1.9746299e-02
   1.9609141e-02
   1.9703611e-02
   1.9368153e-02
   2.0224631e-02
   1.8879124e-02
   2.0278754e-02
   2.0292509e-02
   2.0380370e-02
   2.0283526e-02
   2.0327276e-02
   2.0426460e-02
   2.1511178e-02
   2.0773333e-02
   2.0546715e-02
   1.9860039e-02
   1.9631894e-02
   2.1197523e-02
   2.1091164e-02
   1.9169858e-02
   1.9463683e-02
   2.0256300e-02
   1.9385498e-02
   2.1336924e-02
   2.0653658e-02
   2.0408861e-02
   2.0047943e-02
   2.0300338e-02
   1.9746674e-02
   2.0986601e-02
   2.0393843e-02
   1.9027388e-02
   1.9137806e-02
   2.0832900e-02
   2.1459724e-02
   2.0625658e-02
   2.0048657e-02
   1.9563134e-02
   2.0953248e-02
   1.9552293e-02
   2.0523335e-02
   2.0931848e-02
   2.0372507e-02
   1.8754640e-02
   2.0223384e-02
   2.0293578e-02
   1.9281225e-02
   2.1045939e-02
   2.1609784e-02
   1.9001231e-02
   2.0001221e-02
   1.9622468e-02
   2.0288819e-02
   2.0022957e-02
   2.1377175e-02
   2.0056138e-02
   1.9842529e-02
   2.0860852e-02
   1.9887848e-02
   2.0289905e-02
   1.9261613e-02
   2.0598138e-02
   1.9356076e-02
   1.9844954e-02
   1.8964784e-02
   2.1301427e-02
   2.0102173e-02
   1.9513094e-02
   2.0993725e-02
   2.0394928e-02
   1.8770009e-02
   2.1421616e-02
   1.9078245e-02
   2.1082676e-02
   2.0337587e-02
   2.0033275e-02
   2.0048186e-02
   2.1098742e-02
   2.0828233e-02
   2.1177494e-02
   1.9505172e-02
   2.0740703e-02
   2.0013118e-02
   2.0452582e-02
   1.9732656e-02
   2.0258363e-02
   2.1031461e-02
   2.0254199e-02
   2.1150085e-02
   2.1008800e-02
   2.0172214e-02
   2.0191583e-02
   2.0171621e-02
   1.9422630e-02
   1.9116807e-02
   2.1251674e-02
   2.0873624e-02
   2.0202512e-02
   1.8877698e-02
   2.0878601e-02
   1.9667633e-02
   1.8753834e-02
   1.9000933e-02
   2.1112012e-02
   1.9966162e-02
   1.9529576e-02
   2.0752969e-02
   2.0121217e-02
   2.1248710e-02
   1.9380358e-02
   2.0973045e-02
   2.0902089e-02
   1.8776841e-02
   1.9285740e-02
   1.8688397e-02
   2.1900769e-02
   2.0755798e-02
   1.9434468e-02
   2.0772622e-02
   2.0609248e-02
   2.1363479e-02
   2.0853212e-02
   1.9324101e-02
   2.1417246e-02
   2.0356598e-02
   2.0283133e-02
   1.9551481e-02
   2.0976710e-02
   2.0437325e-02
   1.9785575e-02
   2.0779261e-02
   2.0606084e-02
   1.9358452e-02
   2.0424009e-02
   2.1104855e-02
   2.0773860e-02
   2.0442417e-02
   1.9186035e-02
   1.9355564e-02
   2.0377621e-02
   1.9699681e-02
   2.1464642e-02
   2.0160263e-02
   1.9849517e-02
   2.0035339e-02
   2.0690051e-02
   1.9478983e-02
   2.1664767e-02
   2.0831123e-02
   1.9313727e-02
   2.0283892e-02
   2.0058959e-02
   1.9445994e-02
   2.0144820e-02
   1.9158525e-02
   2.0597532e-02
   1.9319547e-02
   1.9082340e-02
   2.0520216e-02
   2.0540313e-02
   2.0702801e-02
   2.0560784e-02
   1.8782966e-02
   2.1358180e-02
   1.9582132e-02
   2.1165384e-02
   1.9396437e-02
   2.0202489e-02
   2.0382582e-02
   2.1120722e-02
   2.0569999e-02
   2.0225439e-02
   1.9947004e-02
   1.9374878e-02
   2.0135701e-02
   1.9490695e-02
   2.0118041e-02
   2.1185371e-02
   1.9801799e-02
   2.1620261e-02
   2.0917690e-02
   2.1174837e-02
   2.0584978e-02
   1.8951629e-02
   2.1531149e-02
   1.9741844e-02
   1.9738419e-02
   2.0148753e-02
   2.1254538e-02
   2.0364223e-02
   1.9684614e-02
   1.8693893e-02
   2.1067850e-02
   2.1351753e-02
   2.0320249e-02
   1.9854499e-02
   1.9464440e-02
   1.9339927e-02
   2.0536341e-02
   1.9477402e-02
   1.9920264e-02
   2.0621472e-02
   2.0346680e-02
   2.0431821e-02
   1.9913100e-02
   1.8859834e-02
   2.1136235e-02
   2.1041427e-02
   2.1403350e-02
   1.9791962e-02
   1.9778149e-02
   1.9696691e-02
   2.0625549e-02
   2.0812371e-02
   1.8883166e-02
   2.0948248e-02
   1.9458416e-02
   2.0510206e-02
   1.9544762e-02
   1.9396729e-02
   2.0572397e-02
   2.0162461e-02
   2.0274357e-02
   2.0129740e-02
   2.0855268e-02
