   4.7842203e-02
   5.0144003e-02
   4.9756243e-02
   4.3848767e-02
   4.9968265e-02
   4.8937984e-02
   4.7317774e-02
   4.8156916e-02
   4.9323906e-02
   4.9926386e-02
   4.9247437e-02
   4.5177532e-02
   4.5746942e-02
   4.6026636e-02
   4.9151607e-02
   5.0070850e-02
   4.7739429e-02
   5.0046214e-02
   5.0048191e-02
   4.6420281e-02
   4.9723331e-02
   4.9875500e-02
   4.9497533e-02
   4.8222428e-02
   4.6223241e-02
   4.5136983e-02
   4.5393932e-02
   4.7383950e-02
   4.9953257e-02
   4.8962703e-02
   4.8764287e-02
   5.0264387e-02
   4.9094689e-02
   4.9145502e-02
   4.9002272e-02
   5.0064487e-02
   4.9022182e-02
   4.9463861e-02
   4.7362549e-02
   4.9828330e-02
   4.4074060e-02
   4.9859542e-02
   4.9981280e-02
   4.8700194e-02
   4.9186888e-02
   4.9484238e-02
   4.5544346e-02
   4.5015384e-02
   4.9319452e-02
   5.0165919e-02
   5.0047793e-02
   5.0086002e-02
   5.0091909e-02
   4.8132690e-02
   4.5305009e-02
   4.8559699e-02
   4.7013240e-02
   4.8960002e-02
   4.7856646e-02
   5.0560212e-02
   4.9217938e-02
   4.9124465e-02
   4.3759585e-02
   4.7995282e-02
   4.8847815e-02
   4.9455254e-02
   4.8676974e-02
   4.9469880e-02
   4.9166442e-02
   4.4566720e-02
   5.0158114e-02
   4.8948253e-02
   4.8851133e-02
   4.9482898e-02
   4.8146714e-02
   4.9443098e-02
   4.5318416e-02
   4.8949924e-02
   4.9012798e-02
   4.6672404e-02
   4.9039027e-02
   4.9248822e-02
   5.0069447e-02
   4.9774847e-02
   4.8650469e-02
   4.9017951e-02
   4.7818207e-02
   4.9012663e-02
   4.5730079e-02
   4.9706064e-02
   5.0485116e-02
   5.0136335e-02
   4.9263324e-02
   4.6397452e-02
   4.9153379e-02
   4.3778130e-02
   4.9042066e-02
   4.5297905e-02
   4.7640490e-02
   4.9714877e-02
   4.9384662e-02
   4.6534738e-02
   5.0249968e-02
   4.5590503e-02
   4.5714171e-02
   4.7784166e-02
   4.9824565e-02
   4.8458315e-02
   4.9906547e-02
   5.0001672e-02
   4.5848820e-02
   4.3727506e-02
   5.0066565e-02
   4.6266278e-02
   4.7274320e-02
   4.9079978e-02
   4.8873028e-02
   4.9142068e-02
   4.9736425e-02
   5.0071049e-02
   4.5028956e-02
   4.5514407e-02
   4.9026354e-02
   4.6672246e-02
   4.8027876e-02
   4.9080573e-02
   4.5136270e-02
   5.0483504e-02
   5.0154998e-02
   5.0360015e-02
   4.5365131e-02
   5.0555305e-02
   4.8910641e-02
   4.9361681e-02
   4.8943998e-02
   5.0021762e-02
   4.9212871e-02
   4.8538216e-02
   4.8140219e-02
   4.9852950e-02
   4.9745262e-02
   4.9686139e-02
   4.9628962e-02
   4.5028752e-02
   4.8952340e-02
   4.9747924e-02
   4.3886591e-02
   4.9974880e-02
   4.7265581e-02
   4.9032756e-02
   4.9921560e-02
   4.7917920e-02
   5.0219956e-02
   4.6178466e-02
   4.8428813e-02
   4.6872862e-02
   5.0073930e-02
   4.8718884e-02
   4.8700858e-02
   4.8649142e-02
   4.9286415e-02
   5.0672510e-02
   4.9131376e-02
   4.5743443e-02
   4.8463513e-02
   4.7352531e-02
   4.5718549e-02
   4.6476328e-02
   4.9161425e-02
   4.8884764e-02
   4.4382177e-02
   4.8485409e-02
   4.9436969e-02
   4.8544992e-02
   4.8731528e-02
   4.9380086e-02
   4.9125756e-02
   4.5947929e-02
   4.9896127e-02
   5.0210492e-02
   5.0063490e-02
   4.7952860e-02
   4.5483428e-02
   4.9152066e-02
   4.8199192e-02
   4.7019738e-02
   4.9076988e-02
   4.9163505e-02
   4.9009384e-02
   4.8140727e-02
   4.9190648e-02
   4.7040850e-02
   4.7028962e-02
   4.6404851e-02
   5.0081496e-02
   4.9787246e-02
   4.8743136e-02
   4.6418755e-02
   4.9325587e-02
   4.8790694e-02
   5.0081527e-02
   4.8997349e-02
   4.8643223e-02
   4.5728753e-02
   4.9079525e-02
   4.9878045e-02
   4.9527222e-02
   4.5741450e-02
   4.8281913e-02
   4.8123670e-02
   4.9131383e-02
   4.5599379e-02
   4.9107630e-02
   4.9183130e-02
   4.7876032e-02
   4.7093374e-02
   4.8112997e-02
   5.0068672e-02
   4.8171890e-02
   4.7655591e-02
   4.9368058e-02
   4.8970691e-02
   4.6650297e-02
   4.9048751e-02
   5.0024417e-02
   4.7309338e-02
   4.6386593e-02
   4.5547408e-02
   4.9087587e-02
   4.6870306e-02
   5.0021069e-02
   4.8972554e-02
   4.9104859e-02
   4.9281551e-02
   4.4524643e-02
   4.9940757e-02
   4.8899139e-02
   4.6461806e-02
   4.9530876e-02
   4.5674908e-02
   4.6510935e-02
   4.6457524e-02
   5.0025608e-02
   4.5153667e-02
   4.8431740e-02
   4.8957034e-02
   4.8395937e-02
   4.3901009e-02
   4.8004684e-02
   4.9117339e-02
   4.8782238e-02
   4.7310731e-02
   4.9755552e-02
   5.0023280e-02
   4.9031605e-02
   4.4128774e-02
   4.7014913e-02
   4.9325353e-02
   4.7760899e-02
   4.7884951e-02
   4.8785878e-02
   4.9509913e-02
   4.8909479e-02
   4.9637252e-02
   4.9328807e-02
   4.4035784e-02
   4.6148719e-02
   4.6159217e-02
   4.6029586e-02
   5.0249387e-02
   4.8192921e-02
   4.7771929e-02
   4.9728819e-02
   4.8814129e-02
   5.0080073e-02
   4.5368619e-02
   5.0072023e-02
   4.6940236e-02
   4.4486572e-02
   4.9384838e-02
   4.8746127e-02
   4.9964065e-02
   4.8212838e-02
   4.5749447e-02
   4.9015241e-02
   4.6799429e-02
   4.4910789e-02
   4.9867236e-02
   4.5426789e-02
   4.9533576e-02
   4.4357830e-02
   4.6048771e-02
   4.6344079e-02
   4.9326857e-02
   4.7982584e-02
   4.8944431e-02
   4.9091418e-02
   4.7684810e-02
   4.9962534e-02
   4.9296450e-02
