   2.2732898e-02
   2.2281615e-02
   2.2745444e-02
   2.1942398e-02
   2.3000292e-02
   2.2510794e-02
   2.2699473e-02
   2.1451094e-02
   2.1931042e-02
   2.2732088e-02
   2.2280525e-02
   2.2262725e-02
   2.2640453e-02
   2.2719943e-02
   2.1573338e-02
   2.2275076e-02
   2.2793006e-02
   2.2032470e-02
   2.2348172e-02
   2.2783325e-02
   2.2856794e-02
   2.3913940e-02
   2.3046359e-02
   2.2405661e-02
   2.3515318e-02
   2.2673338e-02
   2.2424806e-02
   2.1678186e-02
   2.2821499e-02
   2.2489967e-02
   2.2556603e-02
   2.2141923e-02
   2.2356517e-02
   2.1359061e-02
   2.2556730e-02
   2.1626085e-02
   2.3812193e-02
   2.1828271e-02
   2.3011341e-02
   2.3316834e-02
   2.1539209e-02
   2.2294250e-02
   2.2865491e-02
   2.2340191e-02
   2.2258945e-02
   2.2758117e-02
   2.3364864e-02
   2.2721473e-02
   2.1986584e-02
   2.2251593e-02
   2.2553533e-02
   2.1722278e-02
   2.2661131e-02
   2.2505529e-02
   2.1783061e-02
   2.2978799e-02
   2.2342144e-02
   2.2198661e-02
   2.3039794e-02
   2.2652655e-02
   2.2797827e-02
   2.2980269e-02
   2.2268772e-02
   2.2767249e-02
   2.1819093e-02
   2.2499639e-02
   2.3208550e-02
   2.2536416e-02
   2.2652820e-02
   2.1261751e-02
   2.2729193e-02
   2.2401943e-02
   2.2415439e-02
   2.3112893e-02
   2.2306481e-02
   2.2390408e-02
   2.3117591e-02
   2.2484477e-02
   2.2469571e-02
   2.1526679e-02
   2.1388658e-02
   2.2626908e-02
   2.3210373e-02
   2.2035559e-02
   2.3038918e-02
   2.3286552e-02
   2.1235331e-02
   2.1848801e-02
   2.2180954e-02
   2.1330582e-02
   2.2377775e-02
   2.2720981e-02
   2.3002566e-02
   2.2308887e-02
   2.3958522e-02
   2.2246764e-02
   2.2207855e-02
   2.2726881e-02
   2.3828283e-02
   2.1638557e-02
   2.3906094e-02
   2.2258302e-02
   2.1991766e-02
   2.2484469e-02
   2.1382696e-02
   2.2955742e-02
   2.1878678e-02
   2.3447407e-02
   2.2229455e-02
   2.2459385e-02
   2.2770375e-02
   2.1983227e-02
   2.3024282e-02
   2.2248450e-02
   2.2576519e-02
   2.2613707e-02
   2.1430031e-02
   2.1532158e-02
   2.1909941e-02
   2.2019438e-02
   2.2795451e-02
   2.2843579e-02
   2.1987201e-02
   2.1814904e-02
   2.2336856e-02
   2.1660098e-02
   2.1946131e-02
   2.1924794e-02
   2.2012592e-02
   2.1988825e-02
   2.2473917e-02
   2.2819006e-02
   2.3013668e-02
   2.2574694e-02
   2.3405963e-02
   2.2659778e-02
   2.2391383e-02
   2.1790685e-02
   2.2851858e-02
   2.2200447e-02
   2.3313487e-02
   2.1639524e-02
   2.2704280e-02
   2.3304672e-02
   2.1773466e-02
   2.3384666e-02
   2.2437226e-02
   2.2850362e-02
   2.1251055e-02
   2.1209950e-02
   2.1999633e-02
   2.2767448e-02
   2.2701757e-02
   2.2676985e-02
   2.3344960e-02
   2.1832071e-02
   2.2796672e-02
   2.2163110e-02
   2.1688121e-02
   2.3188197e-02
   2.3156300e-02
   2.1958959e-02
   2.2624425e-02
   2.2615515e-02
   2.2466300e-02
   2.3771680e-02
   2.2017582e-02
   2.1439344e-02
   2.2352171e-02
   2.2444959e-02
   2.3072576e-02
   2.2614607e-02
   2.2662298e-02
   2.1959919e-02
   2.2896684e-02
   2.2600843e-02
   2.2205268e-02
   2.2144048e-02
   2.2107973e-02
   2.2583051e-02
   2.2935973e-02
   2.1629836e-02
   2.2624686e-02
   2.1720061e-02
   2.3226312e-02
   2.2462168e-02
   2.2684343e-02
   2.2757155e-02
   2.1565638e-02
   2.2933948e-02
   2.2087625e-02
   2.2708236e-02
   2.2359630e-02
   2.2275015e-02
   2.2500072e-02
   2.2201929e-02
   2.2942551e-02
   2.3425378e-02
   2.3907484e-02
   2.1915689e-02
   2.1955519e-02
   2.2890665e-02
   2.1837750e-02
   2.1621972e-02
   2.2369242e-02
   2.1414382e-02
   2.2592883e-02
   2.2485546e-02
   2.1929683e-02
   2.1481545e-02
   2.2095352e-02
   2.3846516e-02
   2.2419167e-02
   2.3167709e-02
   2.2869611e-02
   2.2398570e-02
   2.1941576e-02
   2.3206042e-02
   2.1454977e-02
   2.3100785e-02
   2.2642437e-02
   2.2377545e-02
   2.3419062e-02
   2.3085023e-02
   2.2307121e-02
   2.3436688e-02
   2.3104769e-02
   2.1283396e-02
   2.2835319e-02
   2.2582276e-02
   2.2693060e-02
   2.2449283e-02
   2.1506476e-02
   2.2917211e-02
   2.3021997e-02
   2.2905416e-02
   2.2752063e-02
   2.2066509e-02
   2.2758439e-02
   2.2708649e-02
   2.1708718e-02
   2.3106127e-02
   2.2516973e-02
   2.2822983e-02
   2.1634655e-02
   2.2632207e-02
   2.1609216e-02
   2.3691542e-02
   2.1801000e-02
   2.2747355e-02
   2.2129984e-02
   2.2667039e-02
   2.3460352e-02
   2.1259094e-02
   2.2424542e-02
   2.2851571e-02
   2.2524629e-02
   2.2619478e-02
   2.2071024e-02
   2.2890801e-02
   2.2561651e-02
   2.3051066e-02
   2.2532913e-02
   2.2386918e-02
   2.2113242e-02
   2.1164935e-02
   2.3960519e-02
   2.1562520e-02
   2.1553690e-02
   2.2649000e-02
   2.1942329e-02
   2.2218098e-02
   2.3609042e-02
   2.2108246e-02
   2.3313037e-02
   2.2680030e-02
   2.2857008e-02
   2.2574512e-02
   2.3085718e-02
   2.2921579e-02
   2.3282977e-02
   2.2944969e-02
   2.2048106e-02
   2.2281886e-02
   2.1554304e-02
   2.3046151e-02
   2.1982746e-02
   2.2795011e-02
   2.2034067e-02
   2.2965110e-02
   2.2871361e-02
   2.3381487e-02
   2.2516986e-02
   2.2550626e-02
   2.2595010e-02
   2.2853180e-02
   2.2578403e-02
   2.2026445e-02
   2.2200639e-02
   2.2690403e-02
