   3.2460672e-02
   3.6901136e-02
   3.6079414e-02
   3.5170158e-02
   3.5794853e-02
   3.6144398e-02
   3.5066372e-02
   3.5762875e-02
   3.8041199e-02
   3.8566722e-02
   3.6044968e-02
   3.8618124e-02
   3.6075294e-02
   3.9935743e-02
   3.8997569e-02
   3.4134531e-02
   3.7629232e-02
   3.5006538e-02
   3.4131636e-02
   3.8380791e-02
   3.4662390e-02
   3.3717796e-02
   3.7805193e-02
   3.8093315e-02
   3.4883722e-02
   3.3727160e-02
   3.6207567e-02
   3.7617086e-02
   3.6679559e-02
   3.2902927e-02
   3.7106192e-02
   3.7200274e-02
   3.7994281e-02
   3.7184939e-02
   3.8395182e-02
   3.6367619e-02
   3.8350771e-02
   3.5685807e-02
   3.4302657e-02
   3.4111631e-02
   3.5904960e-02
   3.5327337e-02
   3.5625306e-02
   3.5893272e-02
   3.3396434e-02
   3.4744086e-02
   3.4809963e-02
   3.4224189e-02
   3.7533446e-02
   3.8458975e-02
   3.4956669e-02
   3.6553516e-02
   3.7743147e-02
   3.7443835e-02
   3.7122658e-02
   3.5430313e-02
   3.9764825e-02
   3.7633178e-02
   3.5479546e-02
   3.6271019e-02
   3.6829274e-02
   3.3089237e-02
   3.8412182e-02
   3.5089579e-02
   3.5856687e-02
   3.6938018e-02
   3.6399393e-02
   3.5287821e-02
   3.7503204e-02
   3.4489416e-02
   3.5313453e-02
   3.5259563e-02
   3.5595791e-02
   3.6775859e-02
   3.3639048e-02
   3.6060503e-02
   3.4755760e-02
   3.6201693e-02
   3.7048078e-02
   3.5937485e-02
   3.8347061e-02
   3.8305459e-02
   3.8628906e-02
   3.7787077e-02
   3.5719342e-02
   3.4389546e-02
   3.9425629e-02
   3.5308880e-02
   3.6115846e-02
   3.5646368e-02
   3.5818284e-02
   3.7667805e-02
   3.6910206e-02
   3.7601048e-02
   3.3281518e-02
   3.4060924e-02
   3.7789907e-02
   3.7632517e-02
   3.6245288e-02
   3.5699922e-02
   3.5926759e-02
   3.7027349e-02
   3.8614852e-02
   3.5214933e-02
   3.6314416e-02
   3.8354768e-02
   3.5888918e-02
   3.6095029e-02
   3.7219653e-02
   3.6537395e-02
   3.5950390e-02
   3.4999445e-02
   3.6677841e-02
   3.4851469e-02
   3.7033024e-02
   3.7378994e-02
   3.7226304e-02
   3.8180609e-02
   3.5772008e-02
   3.4736013e-02
   3.5574620e-02
   3.7410671e-02
   3.8409956e-02
   3.4266796e-02
   3.7326342e-02
   3.4617713e-02
   3.6422075e-02
   3.9774217e-02
   3.6358670e-02
   3.3671937e-02
   3.8134380e-02
   3.9173599e-02
   3.8086495e-02
   3.9259954e-02
   3.6116443e-02
   3.6850834e-02
   3.3719081e-02
   3.3442380e-02
   3.6511251e-02
   3.5125140e-02
   3.7818962e-02
   3.7090964e-02
   3.7423850e-02
   3.5948653e-02
   3.5026088e-02
   3.4979954e-02
   3.4605666e-02
   3.2945367e-02
   3.7470001e-02
   3.5671878e-02
   3.5668552e-02
   3.4973263e-02
   3.6634411e-02
   3.6750588e-02
   3.4452741e-02
   3.8354012e-02
   3.7346092e-02
   3.6482477e-02
   3.4645385e-02
   3.8807950e-02
   3.6995461e-02
   3.7693981e-02
   3.5937829e-02
   3.3875469e-02
   3.4885186e-02
   3.6537940e-02
   3.5102989e-02
   3.6960960e-02
   3.6226002e-02
   3.9829067e-02
   3.4256054e-02
   3.8493030e-02
   3.6227705e-02
   3.4819305e-02
   3.5694655e-02
   3.8271673e-02
   3.6534353e-02
   3.7369251e-02
   3.4313862e-02
   3.6311395e-02
   3.8719296e-02
   3.6832313e-02
   3.4665986e-02
   3.4476317e-02
   3.5001191e-02
   3.8003671e-02
   3.6510023e-02
   3.7268605e-02
   3.5281618e-02
   3.6236022e-02
   3.3648370e-02
   3.8626293e-02
   3.3944138e-02
   3.7442609e-02
   3.7359531e-02
   3.4815935e-02
   3.7247964e-02
   3.7390369e-02
   3.8212407e-02
   3.3610548e-02
   3.5945666e-02
   3.5566400e-02
   3.7241975e-02
   3.4687278e-02
   3.5562861e-02
   3.3596016e-02
   3.7309336e-02
   3.4804787e-02
   3.6187848e-02
   3.3930718e-02
   3.7006228e-02
   3.9607980e-02
   3.5120460e-02
   3.5542784e-02
   3.7548742e-02
   3.6965508e-02
   3.8361478e-02
   3.8677183e-02
   3.6239892e-02
   3.7956128e-02
   3.5233813e-02
   3.6457378e-02
   3.7679291e-02
   3.5695738e-02
   3.6535038e-02
   3.6388270e-02
   3.6253020e-02
   3.7107554e-02
   3.5753114e-02
   3.9265813e-02
   3.6620084e-02
   3.9207165e-02
   3.4326571e-02
   3.5286602e-02
   3.8244152e-02
   3.4667844e-02
   3.8115567e-02
   3.3283194e-02
   3.7336189e-02
   3.7110618e-02
   3.7597879e-02
   3.8142591e-02
   3.6275154e-02
   3.7535690e-02
   3.6753492e-02
   3.4729653e-02
   3.6341934e-02
   3.8296370e-02
   3.7522009e-02
   3.6272272e-02
   3.5336872e-02
   3.7565507e-02
   3.7483882e-02
   3.8594780e-02
   3.3528499e-02
   3.6605353e-02
   3.5908492e-02
   3.4989408e-02
   3.4830524e-02
   3.6148204e-02
   3.7489244e-02
   3.7765880e-02
   3.4472303e-02
   3.8249956e-02
   3.5175753e-02
   3.6121429e-02
   3.3475819e-02
   3.4295513e-02
   3.3350817e-02
   3.4393127e-02
   3.2877882e-02
   3.7512763e-02
   3.7641088e-02
   3.6479901e-02
   3.4211805e-02
   3.7143570e-02
   3.2449569e-02
   3.5734857e-02
   3.7818856e-02
   3.6527126e-02
   3.7068817e-02
   3.6003207e-02
   3.3431438e-02
   3.3005624e-02
   3.6518552e-02
   3.7299286e-02
   3.7704139e-02
   3.6234288e-02
   3.5351669e-02
   3.5274890e-02
   3.4770227e-02
   3.7524318e-02
   3.8254252e-02
   3.6118715e-02
   3.5538490e-02
   4.0196375e-02
   3.8328377e-02
   3.3465012e-02
   3.4188646e-02
   3.3329489e-02
