   1.5156068e-01
   1.5194605e-01
   1.6037296e-01
   1.4661265e-01
   1.4724988e-01
   1.4269865e-01
   1.7059169e-01
   1.6943876e-01
   1.4964529e-01
   1.5460792e-01
   1.7100460e-01
   1.5288905e-01
   1.5524960e-01
   1.5413473e-01
   1.5080913e-01
   1.7496910e-01
   1.5700759e-01
   1.5088081e-01
   1.6653234e-01
   1.7454103e-01
   1.6124809e-01
   1.5513885e-01
   1.6364288e-01
   1.7136129e-01
   1.7342110e-01
   1.4666840e-01
   1.6485909e-01
   1.6413532e-01
   1.4965909e-01
   1.7094321e-01
   1.5963672e-01
   1.6933369e-01
   1.5385134e-01
   1.6720730e-01
   1.5026222e-01
   1.7034580e-01
   1.5893460e-01
   1.4285905e-01
   1.4676745e-01
   1.5434599e-01
   1.6239130e-01
   1.4405110e-01
   1.7061816e-01
   1.6342430e-01
   1.6545928e-01
   1.7035696e-01
   1.4283997e-01
   1.5593775e-01
   1.4695644e-01
   1.4368553e-01
   1.6803198e-01
   1.5295656e-01
   1.6782574e-01
   1.5623992e-01
   1.5201712e-01
   1.5630443e-01
   1.6381500e-01
   1.6644382e-01
   1.6508844e-01
   1.5629937e-01
   1.5265273e-01
   1.5950752e-01
   1.5168095e-01
   1.6016729e-01
   1.6159903e-01
   1.6490021e-01
   1.4347158e-01
   1.5670039e-01
   1.6798965e-01
   1.7168140e-01
   1.7321400e-01
   1.5270097e-01
   1.5462644e-01
   1.6771892e-01
   1.7186823e-01
   1.7035180e-01
   1.5445062e-01
   1.5583984e-01
   1.6199547e-01
   1.6885601e-01
   1.5779296e-01
   1.7313324e-01
   1.5912511e-01
   1.7163594e-01
   1.5110919e-01
   1.5736441e-01
   1.4475460e-01
   1.7114956e-01
   1.5511122e-01
   1.5362476e-01
   1.5101413e-01
   1.5116186e-01
   1.5534877e-01
   1.5698254e-01
   1.6784383e-01
   1.6908455e-01
   1.5699879e-01
   1.5403281e-01
   1.5710565e-01
   1.5356020e-01
   1.5690186e-01
   1.4206219e-01
   1.6130731e-01
   1.6762965e-01
   1.6558861e-01
   1.6566525e-01
   1.6535737e-01
   1.6869967e-01
   1.5665624e-01
   1.7098172e-01
   1.6079727e-01
   1.6919480e-01
   1.5343166e-01
   1.6564313e-01
   1.4677794e-01
   1.5445300e-01
   1.6711549e-01
   1.5314828e-01
   1.6732545e-01
   1.5217444e-01
   1.5388891e-01
   1.5273098e-01
   1.5958454e-01
   1.7159176e-01
   1.7221033e-01
   1.5284238e-01
   1.6503182e-01
   1.7219296e-01
   1.4940814e-01
   1.4316521e-01
   1.6056097e-01
   1.6435834e-01
   1.6219947e-01
   1.5068408e-01
   1.7172797e-01
   1.4982840e-01
   1.4219969e-01
   1.5955002e-01
   1.4948560e-01
   1.4640211e-01
   1.6753208e-01
   1.5772741e-01
   1.7505694e-01
   1.6969942e-01
   1.5757375e-01
   1.4921627e-01
   1.7460259e-01
   1.5618120e-01
   1.4872080e-01
   1.6196606e-01
   1.4398117e-01
   1.5341763e-01
   1.5173821e-01
   1.5417028e-01
   1.5448884e-01
   1.6279495e-01
   1.6128763e-01
   1.4527528e-01
   1.6870886e-01
   1.5005221e-01
   1.6417652e-01
   1.5891709e-01
   1.5312738e-01
   1.4372759e-01
   1.6519443e-01
   1.7123530e-01
   1.5388986e-01
   1.4721569e-01
   1.5628522e-01
   1.5371036e-01
   1.6970604e-01
   1.5617811e-01
   1.6454154e-01
   1.5004104e-01
   1.5705216e-01
   1.6212622e-01
   1.6734306e-01
   1.7530024e-01
   1.6961639e-01
   1.5899828e-01
   1.5774172e-01
   1.5526866e-01
   1.6649893e-01
   1.5841034e-01
   1.5817317e-01
   1.5679965e-01
   1.4856769e-01
   1.5694196e-01
   1.5106405e-01
   1.6641691e-01
   1.7443120e-01
   1.7008268e-01
   1.4679745e-01
   1.4238593e-01
   1.6991463e-01
   1.6206997e-01
   1.4481214e-01
   1.5641312e-01
   1.6355696e-01
   1.5297145e-01
   1.6044140e-01
   1.4457633e-01
   1.5991319e-01
   1.5714871e-01
   1.5334620e-01
   1.7302391e-01
   1.5649263e-01
   1.7476026e-01
   1.4816390e-01
   1.5942249e-01
   1.6926041e-01
   1.7334871e-01
   1.5548761e-01
   1.5309089e-01
   1.7103445e-01
   1.7311168e-01
   1.6395028e-01
   1.5178161e-01
   1.5722339e-01
   1.6680555e-01
   1.4698028e-01
   1.7354923e-01
   1.6439525e-01
   1.7263579e-01
   1.6993192e-01
   1.6911267e-01
   1.7252177e-01
   1.5702753e-01
   1.5586361e-01
   1.5508656e-01
   1.7297281e-01
   1.5308614e-01
   1.5321303e-01
   1.7140497e-01
   1.5643977e-01
   1.4871369e-01
   1.5979113e-01
   1.6537749e-01
   1.6977784e-01
   1.4728202e-01
   1.5338278e-01
   1.6284596e-01
   1.4205025e-01
   1.6429401e-01
   1.6733506e-01
   1.6223920e-01
   1.5339137e-01
   1.4786473e-01
   1.5742016e-01
   1.5391035e-01
   1.7380153e-01
   1.6488936e-01
   1.5882968e-01
   1.4881663e-01
   1.5647965e-01
   1.5991967e-01
   1.5496162e-01
   1.5395921e-01
   1.5386080e-01
   1.7120509e-01
   1.6563605e-01
   1.5489340e-01
   1.5594086e-01
   1.6018602e-01
   1.4157668e-01
   1.7189430e-01
   1.4946634e-01
   1.5468038e-01
   1.4893051e-01
   1.5647596e-01
   1.4569331e-01
   1.5593733e-01
   1.7055521e-01
   1.5782370e-01
   1.4423560e-01
   1.6675733e-01
   1.5640911e-01
   1.6213131e-01
   1.5812389e-01
   1.5657081e-01
   1.5913382e-01
   1.6569672e-01
   1.5768147e-01
   1.5183956e-01
   1.5729419e-01
   1.5283667e-01
   1.4388733e-01
   1.5081832e-01
   1.5722851e-01
   1.7133426e-01
   1.6190811e-01
   1.6148833e-01
   1.6405003e-01
   1.6796799e-01
   1.5626993e-01
   1.5363302e-01
   1.5732834e-01
   1.5474408e-01
   1.6478649e-01
   1.5304563e-01
