   1.0916478e-01
   1.0942914e-01
   1.0949275e-01
   1.0940894e-01
   1.0930378e-01
   1.0927023e-01
   1.0915927e-01
   1.1043038e-01
   1.0958363e-01
   1.0969152e-01
   1.0926784e-01
   1.0921880e-01
   1.1000106e-01
   1.0934369e-01
   1.0964396e-01
   1.0931875e-01
   1.1087038e-01
   1.0942449e-01
   1.0968872e-01
   1.0998829e-01
   1.0930953e-01
   1.1024744e-01
   1.0958574e-01
   1.1116336e-01
   1.0960436e-01
   1.0930183e-01
   1.1011286e-01
   1.0956414e-01
   1.0994866e-01
   1.0956436e-01
   1.0960368e-01
   1.0948257e-01
   1.0933236e-01
   1.0950396e-01
   1.0977469e-01
   1.0927165e-01
   1.0943420e-01
   1.1105247e-01
   1.0951060e-01
   1.0924059e-01
   1.0958692e-01
   1.0930054e-01
   1.0970985e-01
   1.0958738e-01
   1.0975663e-01
   1.0941887e-01
   1.0942863e-01
   1.0967927e-01
   1.1108505e-01
   1.0935995e-01
   1.0914939e-01
   1.0990407e-01
   1.0941145e-01
   1.0957610e-01
   1.0960319e-01
   1.0967864e-01
   1.0989816e-01
   1.0939972e-01
   1.0950047e-01
   1.1116992e-01
   1.0946211e-01
   1.0958946e-01
   1.0973252e-01
   1.0958018e-01
   1.0940934e-01
   1.0915042e-01
   1.0942896e-01
   1.0926849e-01
   1.1019974e-01
   1.1109704e-01
   1.0965940e-01
   1.0931816e-01
   1.0946664e-01
   1.0978243e-01
   1.1036522e-01
   1.0999610e-01
   1.1030953e-01
   1.0928144e-01
   1.1000107e-01
   1.0972309e-01
   1.0926206e-01
   1.0937836e-01
   1.0994716e-01
   1.0926864e-01
   1.0918684e-01
   1.0943239e-01
   1.0942143e-01
   1.1116640e-01
   1.0990752e-01
   1.0932989e-01
   1.0997835e-01
   1.0939100e-01
   1.0999884e-01
   1.0950333e-01
   1.0931615e-01
   1.0930211e-01
   1.0978800e-01
   1.0926696e-01
   1.0941352e-01
   1.1097894e-01
   1.0928769e-01
   1.0919363e-01
   1.0962776e-01
   1.0958245e-01
   1.0948352e-01
   1.1119257e-01
   1.0933946e-01
   1.0998290e-01
   1.0931865e-01
   1.1059008e-01
   1.0955929e-01
   1.0991461e-01
   1.0915304e-01
   1.0921050e-01
   1.1012660e-01
   1.0953512e-01
   1.1106493e-01
   1.0940160e-01
   1.0927136e-01
   1.0959131e-01
   1.0963403e-01
   1.0975638e-01
   1.0979893e-01
   1.0967575e-01
   1.0931668e-01
   1.0988031e-01
   1.0963518e-01
   1.0951232e-01
   1.0998115e-01
   1.0939155e-01
   1.0958191e-01
   1.0930741e-01
   1.1113286e-01
   1.1118019e-01
   1.1104174e-01
   1.0936707e-01
   1.1008800e-01
   1.0983213e-01
   1.1103389e-01
   1.0931238e-01
   1.0959193e-01
   1.0956013e-01
   1.0971104e-01
   1.0963667e-01
   1.0991181e-01
   1.0938855e-01
   1.0916895e-01
   1.0958690e-01
   1.0934347e-01
   1.0939561e-01
   1.0941350e-01
   1.0960090e-01
   1.0944825e-01
   1.1021204e-01
   1.0958740e-01
   1.0979677e-01
   1.0991682e-01
   1.0944013e-01
   1.0960660e-01
   1.0942188e-01
   1.1019070e-01
   1.0954001e-01
   1.0926969e-01
   1.0983153e-01
   1.0961365e-01
   1.0926244e-01
   1.0940854e-01
   1.0943593e-01
   1.0958150e-01
   1.0916215e-01
   1.0922151e-01
   1.1115805e-01
   1.0933542e-01
   1.1033817e-01
   1.0946885e-01
   1.0928579e-01
   1.1115998e-01
   1.0951761e-01
   1.0936842e-01
   1.1055069e-01
   1.0924582e-01
   1.0927296e-01
   1.0989101e-01
   1.0944179e-01
   1.0989410e-01
   1.1107536e-01
   1.0954881e-01
   1.0914942e-01
   1.0927757e-01
   1.0945763e-01
   1.0918895e-01
   1.1083598e-01
   1.0920841e-01
   1.0958991e-01
   1.1015790e-01
   1.0971999e-01
   1.1060898e-01
   1.1105836e-01
   1.1116012e-01
   1.0925733e-01
   1.0922641e-01
   1.1109674e-01
   1.0934663e-01
   1.0954039e-01
   1.0956720e-01
   1.0916175e-01
   1.0994344e-01
   1.0948721e-01
   1.1109357e-01
   1.1012317e-01
   1.1060835e-01
   1.0998216e-01
   1.0972394e-01
   1.1116093e-01
   1.0927452e-01
   1.0934051e-01
   1.0962959e-01
   1.1118031e-01
   1.0939556e-01
   1.0931763e-01
   1.1115914e-01
   1.0958885e-01
   1.0943444e-01
   1.0932957e-01
   1.0998167e-01
   1.1097883e-01
   1.1119484e-01
   1.0938508e-01
   1.1001052e-01
   1.0941361e-01
   1.1114997e-01
   1.0973848e-01
   1.0995444e-01
   1.0954443e-01
   1.1025093e-01
   1.1098003e-01
   1.1093445e-01
   1.0950825e-01
   1.0966365e-01
   1.0931643e-01
   1.0937841e-01
   1.1101520e-01
   1.0994705e-01
   1.0939501e-01
   1.1119582e-01
   1.1002056e-01
   1.0961107e-01
   1.1118492e-01
   1.0957729e-01
   1.0950681e-01
   1.0957775e-01
   1.0935383e-01
   1.0932153e-01
   1.0967027e-01
   1.1041426e-01
   1.0972617e-01
   1.0933307e-01
   1.0937516e-01
   1.0933032e-01
   1.0953411e-01
   1.0988874e-01
   1.0989490e-01
   1.0954681e-01
   1.0960084e-01
   1.0958907e-01
   1.0957356e-01
   1.0938852e-01
   1.0939502e-01
   1.0954666e-01
   1.0932332e-01
   1.0989231e-01
   1.0988420e-01
   1.1067202e-01
   1.0943368e-01
   1.0960766e-01
   1.1118349e-01
   1.0937836e-01
   1.0940197e-01
   1.1119355e-01
   1.0964965e-01
   1.0960721e-01
   1.0954984e-01
   1.1106935e-01
   1.1117021e-01
   1.1017072e-01
   1.1103620e-01
   1.1010926e-01
   1.0997217e-01
   1.0933318e-01
   1.0944031e-01
   1.0951490e-01
   1.0933308e-01
   1.1046653e-01
   1.0933306e-01
   1.0953144e-01
   1.0964172e-01
   1.0984906e-01
   1.0950949e-01
   1.0997337e-01
   1.0926920e-01
