   5.6255759e-02
   5.6704101e-02
   5.5738876e-02
   5.5656277e-02
   5.7713605e-02
   5.6318910e-02
   5.8362784e-02
   5.6306654e-02
   5.6697899e-02
   5.6251127e-02
   5.6886098e-02
   5.6312775e-02
   5.6308679e-02
   5.7330438e-02
   5.6222355e-02
   5.6169121e-02
   5.7101769e-02
   5.5746273e-02
   5.6333838e-02
   5.5392896e-02
   5.6347372e-02
   5.6244967e-02
   5.5620857e-02
   5.5904730e-02
   5.6345306e-02
   5.7294723e-02
   5.6401060e-02
   5.6205212e-02
   5.6182224e-02
   5.6342468e-02
   5.6379562e-02
   5.6318523e-02
   5.6329486e-02
   5.6327660e-02
   5.6274684e-02
   5.5460543e-02
   5.7323900e-02
   5.6336055e-02
   5.6333473e-02
   5.6010927e-02
   5.6383041e-02
   5.8174241e-02
   5.5565636e-02
   5.6456280e-02
   5.6339011e-02
   5.5508613e-02
   5.7315630e-02
   5.6471898e-02
   5.6241562e-02
   5.5472615e-02
   5.6227382e-02
   5.6339044e-02
   5.5632648e-02
   5.6211241e-02
   5.6321209e-02
   5.6209182e-02
   5.5398076e-02
   5.6272742e-02
   5.6083288e-02
   5.7369885e-02
   5.7337419e-02
   5.5417624e-02
   5.6329504e-02
   5.6308679e-02
   5.5625808e-02
   5.5578273e-02
   5.8167977e-02
   5.6145374e-02
   5.6333898e-02
   5.6330648e-02
   5.5725086e-02
   5.5583977e-02
   5.8200063e-02
   5.7054171e-02
   5.7452671e-02
   5.5515964e-02
   5.6227378e-02
   5.5455740e-02
   5.6346988e-02
   5.7451018e-02
   5.5846647e-02
   5.5448111e-02
   5.6876542e-02
   5.6254249e-02
   5.6637342e-02
   5.5578249e-02
   5.5761028e-02
   5.5408393e-02
   5.8375741e-02
   5.7900525e-02
   5.6328369e-02
   5.6290056e-02
   5.6332267e-02
   5.5664367e-02
   5.7069232e-02
   5.5686445e-02
   5.6172655e-02
   5.6199470e-02
   5.6720032e-02
   5.5599058e-02
   5.6254948e-02
   5.6331743e-02
   5.6334628e-02
   5.5529930e-02
   5.5397075e-02
   5.6292129e-02
   5.6348123e-02
   5.5810606e-02
   5.5475994e-02
   5.5430882e-02
   5.6174796e-02
   5.6260108e-02
   5.5660607e-02
   5.5797813e-02
   5.5467418e-02
   5.6214716e-02
   5.5475407e-02
   5.6338510e-02
   5.6429699e-02
   5.5964979e-02
   5.6330080e-02
   5.8128500e-02
   5.5966055e-02
   5.6119054e-02
   5.6236385e-02
   5.6214553e-02
   5.7615617e-02
   5.6353132e-02
   5.7950820e-02
   5.5882737e-02
   5.6303147e-02
   5.5448257e-02
   5.6584279e-02
   5.6979917e-02
   5.5765603e-02
   5.6646591e-02
   5.6240021e-02
   5.6283285e-02
   5.7555399e-02
   5.5859770e-02
   5.5943040e-02
   5.5946460e-02
   5.5716196e-02
   5.6446581e-02
   5.6212004e-02
   5.5590043e-02
   5.5849690e-02
   5.6335414e-02
   5.7215973e-02
   5.6318700e-02
   5.6331261e-02
   5.6321438e-02
   5.5397498e-02
   5.6258556e-02
   5.6223493e-02
   5.6339978e-02
   5.6350015e-02
   5.5682018e-02
   5.6415698e-02
   5.8236848e-02
   5.7263779e-02
   5.8282215e-02
   5.6273755e-02
   5.6213971e-02
   5.6549371e-02
   5.6305982e-02
   5.6298773e-02
   5.6286300e-02
   5.6217182e-02
   5.6509051e-02
   5.6406783e-02
   5.5661081e-02
   5.6570166e-02
   5.6247816e-02
   5.6389286e-02
   5.6251570e-02
   5.5429021e-02
   5.7460952e-02
   5.6329542e-02
   5.5957994e-02
   5.5414552e-02
   5.5572103e-02
   5.5522615e-02
   5.6392879e-02
   5.6215933e-02
   5.6244104e-02
   5.5916696e-02
   5.6209552e-02
   5.8353455e-02
   5.6212308e-02
   5.6198569e-02
   5.5802216e-02
   5.6292306e-02
   5.6286168e-02
   5.5529587e-02
   5.6584419e-02
   5.7283251e-02
   5.5455145e-02
   5.7496614e-02
   5.7571233e-02
   5.6234353e-02
   5.6307361e-02
   5.6220862e-02
   5.5522828e-02
   5.6321152e-02
   5.7837142e-02
   5.5442792e-02
   5.6116953e-02
   5.6457021e-02
   5.6290811e-02
   5.6227380e-02
   5.7005921e-02
   5.7451357e-02
   5.6269435e-02
   5.6199223e-02
   5.6223882e-02
   5.6249409e-02
   5.5943821e-02
   5.6090581e-02
   5.6211174e-02
   5.6302900e-02
   5.5548380e-02
   5.6343070e-02
   5.6356641e-02
   5.6017074e-02
   5.5883751e-02
   5.6364202e-02
   5.6505884e-02
   5.5569127e-02
   5.5394885e-02
   5.5552060e-02
   5.6119223e-02
   5.6330370e-02
   5.6660110e-02
   5.5414916e-02
   5.8390026e-02
   5.6328616e-02
   5.6847606e-02
   5.6339970e-02
   5.7726767e-02
   5.6677643e-02
   5.6157920e-02
   5.8043250e-02
   5.6787294e-02
   5.7145179e-02
   5.6315886e-02
   5.5494393e-02
   5.6292916e-02
   5.5391369e-02
   5.7774008e-02
   5.6330204e-02
   5.5686550e-02
   5.6339178e-02
   5.5682617e-02
   5.5467612e-02
   5.5390812e-02
   5.6227367e-02
   5.5601683e-02
   5.5410379e-02
   5.6217243e-02
   5.6349764e-02
   5.8007469e-02
   5.6329884e-02
   5.5409341e-02
   5.6223764e-02
   5.6328846e-02
   5.6991971e-02
   5.5589353e-02
   5.6334303e-02
   5.5776322e-02
   5.7267666e-02
   5.6320607e-02
   5.5892642e-02
   5.6563085e-02
   5.6213294e-02
   5.6339098e-02
   5.6220865e-02
   5.6332326e-02
   5.6350853e-02
   5.6304735e-02
   5.5683709e-02
   5.6078197e-02
   5.6328735e-02
   5.5913872e-02
   5.6238319e-02
   5.7907299e-02
   5.7538066e-02
   5.5515980e-02
   5.5924408e-02
   5.5544645e-02
   5.6310786e-02
   5.5423354e-02
   5.6355356e-02
   5.6334440e-02
   5.8352158e-02
   5.8321462e-02
   5.6062559e-02
   5.6241567e-02
   5.7111453e-02
   5.6051353e-02
