   6.2710531e-02
   6.4944265e-02
   6.3909140e-02
   6.4488387e-02
   6.4101657e-02
   6.5986574e-02
   6.5703196e-02
   6.2224408e-02
   6.2173451e-02
   6.3579038e-02
   6.3720891e-02
   6.4018133e-02
   6.1299488e-02
   6.4530675e-02
   6.1408066e-02
   6.5475258e-02
   6.2865191e-02
   6.4297818e-02
   6.1869751e-02
   6.1467627e-02
   6.3959686e-02
   6.1113547e-02
   6.3230715e-02
   6.3615817e-02
   6.3401042e-02
   6.3794577e-02
   6.3120454e-02
   6.4055639e-02
   6.5615052e-02
   6.2262578e-02
   6.2305634e-02
   6.1818912e-02
   6.3868312e-02
   6.1083096e-02
   6.2361464e-02
   6.3311902e-02
   6.2525437e-02
   6.2696637e-02
   6.2735359e-02
   6.1581804e-02
   6.3555932e-02
   6.4799781e-02
   6.1753229e-02
   6.2382311e-02
   6.2434697e-02
   6.3494928e-02
   6.2406634e-02
   6.3963208e-02
   6.3997326e-02
   6.1859159e-02
   6.3533069e-02
   6.4245871e-02
   6.2222175e-02
   6.2724621e-02
   6.7291805e-02
   6.3863109e-02
   6.3030342e-02
   6.1534493e-02
   6.3123723e-02
   6.3550503e-02
   6.2069164e-02
   6.3973411e-02
   6.2923990e-02
   6.3353804e-02
   6.3972775e-02
   6.2134320e-02
   6.1943004e-02
   6.3096553e-02
   6.3617573e-02
   6.3532195e-02
   6.1490138e-02
   6.5005846e-02
   6.3311317e-02
   6.3330404e-02
   6.6266836e-02
   6.3866806e-02
   6.2782588e-02
   6.4644457e-02
   6.2666662e-02
   6.1708173e-02
   6.6579352e-02
   6.1219674e-02
   6.3563268e-02
   6.3956926e-02
   6.2927072e-02
   6.5065564e-02
   6.3806083e-02
   6.4502076e-02
   6.7218869e-02
   6.3119759e-02
   6.2671269e-02
   6.2742054e-02
   6.3252041e-02
   6.3241886e-02
   6.2607291e-02
   6.2898956e-02
   6.3237219e-02
   6.4153277e-02
   6.2108109e-02
   6.3201531e-02
   6.2338398e-02
   6.1383959e-02
   6.3792632e-02
   6.1361865e-02
   6.2483792e-02
   6.4132695e-02
   6.0882067e-02
   6.4914106e-02
   6.3548301e-02
   6.2011156e-02
   6.3747127e-02
   6.3884448e-02
   6.2955066e-02
   6.7043104e-02
   6.3750766e-02
   6.3273844e-02
   6.7128905e-02
   6.3058447e-02
   6.3509905e-02
   6.3150936e-02
   6.4403844e-02
   6.2604608e-02
   6.3830833e-02
   6.3602147e-02
   6.3695325e-02
   6.5306986e-02
   6.3271782e-02
   6.2938329e-02
   6.1397961e-02
   6.1269541e-02
   6.3205253e-02
   6.3453410e-02
   6.3098099e-02
   6.3126189e-02
   6.3725992e-02
   6.2750016e-02
   6.3746806e-02
   6.1851658e-02
   6.3264571e-02
   6.2768828e-02
   6.2587395e-02
   6.2627132e-02
   6.1563216e-02
   6.2446865e-02
   6.5793365e-02
   6.4187789e-02
   6.2572084e-02
   6.5063159e-02
   6.5645715e-02
   6.3657392e-02
   6.3960210e-02
   6.3906523e-02
   6.2738694e-02
   6.4190577e-02
   6.3883051e-02
   6.3070088e-02
   6.4184857e-02
   6.6486182e-02
   6.2830184e-02
   6.2128970e-02
   6.6527309e-02
   6.3519334e-02
   6.2507521e-02
   6.3248243e-02
   6.3477134e-02
   6.3966016e-02
   6.2089676e-02
   6.4309940e-02
   6.5310088e-02
   6.2294803e-02
   6.3466535e-02
   6.2591030e-02
   6.3570734e-02
   6.2469399e-02
   6.3898216e-02
   6.2824107e-02
   6.4441499e-02
   6.1535249e-02
   6.6731787e-02
   6.4577193e-02
   6.4152454e-02
   6.2285803e-02
   6.2573718e-02
   6.5025462e-02
   6.2568227e-02
   6.5351469e-02
   6.2907193e-02
   6.3408023e-02
   6.4219252e-02
   6.4712449e-02
   6.2964986e-02
   6.3479853e-02
   6.3073472e-02
   6.5538809e-02
   6.5722607e-02
   6.3413675e-02
   6.3600160e-02
   6.2378648e-02
   6.1865943e-02
   6.3777469e-02
   6.3078187e-02
   6.3693022e-02
   6.3952260e-02
   6.6181351e-02
   6.4193270e-02
   6.5028174e-02
   6.4007854e-02
   6.4103383e-02
   6.2025179e-02
   6.3054883e-02
   6.1872557e-02
   6.2896367e-02
   6.4913835e-02
   6.2910749e-02
   6.2111394e-02
   6.2078519e-02
   6.3718904e-02
   6.5475890e-02
   6.5107412e-02
   6.3906817e-02
   6.4187431e-02
   6.5056398e-02
   6.1952866e-02
   6.2481817e-02
   6.2396785e-02
   6.6482552e-02
   6.4399645e-02
   6.0860275e-02
   6.1765350e-02
   6.2292193e-02
   6.4647792e-02
   6.4391557e-02
   6.4425118e-02
   6.2684465e-02
   6.3717302e-02
   6.3058321e-02
   6.1680172e-02
   6.5862216e-02
   6.3651713e-02
   6.2566786e-02
   6.3234153e-02
   6.2425642e-02
   6.3917528e-02
   6.1766374e-02
   6.6510717e-02
   6.1584776e-02
   6.0937334e-02
   6.3132242e-02
   6.5820615e-02
   6.4775394e-02
   6.3534634e-02
   6.3853900e-02
   6.4395306e-02
   6.1368942e-02
   6.4414868e-02
   6.2176153e-02
   6.2313200e-02
   6.1843021e-02
   6.3199916e-02
   6.3455064e-02
   6.4254976e-02
   6.4248951e-02
   6.2844846e-02
   6.3091197e-02
   6.4150863e-02
   6.2463135e-02
   6.3201737e-02
   6.4286526e-02
   6.1665851e-02
   6.3887864e-02
   6.3288664e-02
   6.2924436e-02
   6.5446219e-02
   6.3847261e-02
   6.6391196e-02
   6.2517173e-02
   6.3879809e-02
   6.3913106e-02
   6.3756465e-02
   6.2021318e-02
   6.4250681e-02
   6.3031744e-02
   6.2153565e-02
   6.2263434e-02
   6.1872644e-02
   6.5039474e-02
   6.3271517e-02
   6.4041400e-02
   6.3186041e-02
   6.4429894e-02
   6.3624116e-02
   6.4266934e-02
   6.4339823e-02
   6.3187462e-02
   6.3227084e-02
   6.3550847e-02
   6.3045633e-02
   6.4476666e-02
   6.3147413e-02
   6.2243445e-02
