   1.0239351e-02
   1.0438938e-02
   9.3130851e-03
   9.6011009e-03
   9.9688652e-03
   9.9347213e-03
   1.0311496e-02
   1.0422488e-02
   9.5973800e-03
   1.0186455e-02
   1.0390180e-02
   1.0489405e-02
   9.9895937e-03
   1.0432642e-02
   9.6604841e-03
   1.0241214e-02
   1.0544797e-02
   9.7332705e-03
   9.7672314e-03
   1.0009958e-02
   1.0144673e-02
   1.0062358e-02
   9.7867974e-03
   1.0202180e-02
   9.5449404e-03
   1.0055533e-02
   9.8996284e-03
   9.3361271e-03
   9.6390334e-03
   1.0322059e-02
   1.0435787e-02
   9.8486165e-03
   1.0345727e-02
   1.0105435e-02
   9.4890737e-03
   1.0392630e-02
   9.9190824e-03
   1.0486946e-02
   9.5102843e-03
   1.0397218e-02
   1.0381012e-02
   1.0506773e-02
   9.6497431e-03
   1.0378391e-02
   1.0179211e-02
   1.0522754e-02
   9.8028923e-03
   1.0174582e-02
   9.9657338e-03
   1.0371900e-02
   9.5699276e-03
   9.4757846e-03
   9.7990151e-03
   9.9486611e-03
   9.4114785e-03
   9.6461233e-03
   1.0496129e-02
   1.0061612e-02
   9.9933139e-03
   9.7044616e-03
   1.0205273e-02
   9.4557081e-03
   9.6685883e-03
   9.7010720e-03
   9.4240615e-03
   9.7807285e-03
   9.9381265e-03
   9.7208554e-03
   9.6834416e-03
   9.3289929e-03
   1.0282405e-02
   1.0234153e-02
   9.8275955e-03
   1.0257761e-02
   1.0553232e-02
   9.8015237e-03
   9.9566891e-03
   9.9596275e-03
   1.0430280e-02
   9.6006412e-03
   1.0305426e-02
   1.0559193e-02
   9.8573504e-03
   9.6302151e-03
   9.7575868e-03
   9.8674362e-03
   1.0146114e-02
   9.7458775e-03
   9.6749844e-03
   1.0348181e-02
   1.0446061e-02
   1.0330220e-02
   1.0196408e-02
   9.9998978e-03
   1.0097386e-02
   9.4125182e-03
   9.8264165e-03
   9.4129548e-03
   1.0293547e-02
   9.6956816e-03
   1.0298055e-02
   1.0086197e-02
   9.7801394e-03
   1.0527044e-02
   1.0472454e-02
   1.0095523e-02
   9.7275990e-03
   1.0134903e-02
   9.7382617e-03
   9.7052419e-03
   9.3784606e-03
   9.5833331e-03
   1.0248659e-02
   9.3001484e-03
   9.6105164e-03
   9.7382355e-03
   9.5934287e-03
   9.7049921e-03
   1.0645320e-02
   1.0005776e-02
   1.0016276e-02
   9.5759131e-03
   1.0185427e-02
   9.5822047e-03
   1.0222275e-02
   9.9896158e-03
   1.0243837e-02
   1.0012887e-02
   1.0412679e-02
   9.7315479e-03
   1.0196598e-02
   9.7521971e-03
   1.0571269e-02
   1.0158836e-02
   9.9553358e-03
   9.7014020e-03
   9.5864986e-03
   9.8002402e-03
   9.9214674e-03
   1.0105422e-02
   9.6503165e-03
   9.8526471e-03
   1.0440838e-02
   1.0605429e-02
   9.5966796e-03
   1.0147973e-02
   9.8383773e-03
   9.6229983e-03
   1.0206301e-02
   9.7351157e-03
   1.0292425e-02
   9.3325993e-03
   1.0555860e-02
   1.0223693e-02
   9.7994303e-03
   1.0504027e-02
   9.9092438e-03
   9.3596291e-03
   9.8139013e-03
   1.0589161e-02
   9.9761218e-03
   9.5036900e-03
   1.0125569e-02
   9.4651772e-03
   9.8545381e-03
   9.3707618e-03
   9.5251006e-03
   1.0345388e-02
   1.0060016e-02
   1.0015671e-02
   9.9871418e-03
   9.4679027e-03
   9.9562911e-03
   1.0361935e-02
   1.0318719e-02
   1.0100343e-02
   9.4395693e-03
   9.7297257e-03
   1.0481834e-02
   9.6418313e-03
   1.0170219e-02
   9.9870189e-03
   9.8309134e-03
   9.8804717e-03
   1.0574080e-02
   9.8402658e-03
   9.4117919e-03
   9.4429347e-03
   9.6782521e-03
   9.8527426e-03
   1.0105338e-02
   9.8650029e-03
   1.0390901e-02
   1.0601620e-02
   9.6549198e-03
   1.0291954e-02
   9.8089889e-03
   1.0038172e-02
   9.9626044e-03
   1.0025611e-02
   9.4761466e-03
   1.0546166e-02
   9.8114767e-03
   1.0596128e-02
   9.7120143e-03
   9.5249352e-03
   9.5013482e-03
   9.5546753e-03
   9.5152528e-03
   9.6793445e-03
   1.0068514e-02
   9.7663718e-03
   1.0480212e-02
   1.0076947e-02
   1.0433764e-02
   9.5254135e-03
   9.4886331e-03
   9.6620691e-03
   1.0677201e-02
   1.0381548e-02
   9.2994683e-03
   1.0390691e-02
   1.0195039e-02
   1.0315612e-02
   9.8740155e-03
   1.0406435e-02
   9.8347942e-03
   1.0150048e-02
   1.0320842e-02
   1.0393360e-02
   1.0124465e-02
   1.0403907e-02
   1.0308868e-02
   1.0377797e-02
   9.5226168e-03
   9.5136475e-03
   1.0125112e-02
   1.0304375e-02
   9.3597286e-03
   1.0088252e-02
   9.7988420e-03
   1.0409143e-02
   9.7784420e-03
   9.4545249e-03
   9.6336513e-03
   9.7759495e-03
   1.0504457e-02
   9.9439271e-03
   1.0380462e-02
   9.8489010e-03
   1.0231731e-02
   9.5461091e-03
   9.5701541e-03
   9.8610196e-03
   1.0223471e-02
   1.0341516e-02
   9.4199459e-03
   1.0581247e-02
   1.0242850e-02
   1.0556556e-02
   9.9656487e-03
   9.4553332e-03
   1.0018379e-02
   9.4753925e-03
   9.8886647e-03
   1.0202368e-02
   1.0450659e-02
   9.5352433e-03
   9.9496697e-03
   9.4477213e-03
   1.0449298e-02
   9.8359563e-03
   9.9357323e-03
   9.9259989e-03
   1.0434609e-02
   1.0093789e-02
   1.0081511e-02
   1.0377018e-02
   9.8160581e-03
   1.0397651e-02
   1.0042253e-02
   1.0235949e-02
   9.9490900e-03
   1.0478792e-02
   9.8986183e-03
   9.5974606e-03
   9.6068709e-03
   1.0218755e-02
   9.8298563e-03
   9.3024667e-03
   1.0011233e-02
   9.4592192e-03
   1.0304984e-02
   9.5590043e-03
   1.0220714e-02
   1.0012286e-02
   9.3374406e-03
   9.9029819e-03
   1.0420226e-02
   9.8500161e-03
