   3.9470940e-02
   4.1866626e-02
   3.8823071e-02
   3.8328170e-02
   3.8616924e-02
   3.7599694e-02
   4.0345887e-02
   4.1432178e-02
   3.9672519e-02
   3.9828253e-02
   3.6278650e-02
   3.9673797e-02
   4.1462145e-02
   4.1091676e-02
   3.9545118e-02
   4.1831612e-02
   4.0347829e-02
   3.9958393e-02
   3.6306907e-02
   3.9420062e-02
   4.1273179e-02
   4.0335780e-02
   3.7246564e-02
   3.7874342e-02
   3.9367185e-02
   4.0074637e-02
   3.9588584e-02
   3.6298038e-02
   3.6955665e-02
   3.8192781e-02
   3.6896990e-02
   3.6880679e-02
   4.0463727e-02
   4.0288426e-02
   3.8275001e-02
   3.9973347e-02
   3.9501585e-02
   4.0105761e-02
   3.9672172e-02
   3.8319044e-02
   4.1401662e-02
   3.8494378e-02
   3.7368967e-02
   3.9521990e-02
   3.6988928e-02
   3.6184784e-02
   3.9535864e-02
   3.6844847e-02
   4.0045676e-02
   4.0530466e-02
   3.7658723e-02
   4.1784940e-02
   4.0313858e-02
   3.8925295e-02
   3.7549377e-02
   3.7199090e-02
   4.1492398e-02
   4.0580926e-02
   3.6460515e-02
   3.9232196e-02
   4.0201978e-02
   3.8028336e-02
   3.8945163e-02
   3.8383875e-02
   4.1606224e-02
   3.9636973e-02
   3.7271283e-02
   4.0020596e-02
   3.6614549e-02
   4.2884734e-02
   3.8134447e-02
   3.9748683e-02
   3.7049237e-02
   3.9531001e-02
   3.9710550e-02
   3.9501183e-02
   3.6833806e-02
   4.1124780e-02
   4.0887060e-02
   3.9407461e-02
   3.8278932e-02
   3.9430325e-02
   4.0939004e-02
   3.8972568e-02
   4.1581025e-02
   4.1580252e-02
   3.9303194e-02
   4.2157177e-02
   4.0569647e-02
   4.0005827e-02
   3.8783281e-02
   3.9112823e-02
   4.0556990e-02
   3.8006921e-02
   3.8093761e-02
   3.9622395e-02
   3.9874154e-02
   3.8620342e-02
   4.0151524e-02
   4.0933383e-02
   4.2270192e-02
   3.9820387e-02
   3.8902827e-02
   4.1393524e-02
   4.0173659e-02
   4.0088214e-02
   3.8265350e-02
   3.7522204e-02
   4.2406301e-02
   4.0038774e-02
   3.9161209e-02
   3.5994925e-02
   3.9173556e-02
   4.1321160e-02
   4.0325639e-02
   3.9502329e-02
   3.9433674e-02
   3.9729104e-02
   3.9598582e-02
   4.1473461e-02
   3.8937971e-02
   3.8420037e-02
   3.8846741e-02
   4.1935403e-02
   3.8879523e-02
   3.6918549e-02
   3.9479475e-02
   3.9326878e-02
   4.2137923e-02
   3.9379866e-02
   3.5718805e-02
   4.0269650e-02
   4.1955541e-02
   3.6823724e-02
   3.9536025e-02
   4.1240651e-02
   3.7135862e-02
   3.9765474e-02
   3.7009545e-02
   4.1051318e-02
   3.8695237e-02
   3.9361540e-02
   3.8762212e-02
   3.8079540e-02
   3.9888565e-02
   4.0806144e-02
   3.8365324e-02
   3.7607305e-02
   4.0852965e-02
   3.9678045e-02
   4.1441476e-02
   4.0644293e-02
   3.9650703e-02
   3.9446798e-02
   3.7056503e-02
   4.0844989e-02
   3.7052950e-02
   3.8491377e-02
   4.1101906e-02
   3.7993858e-02
   3.9732846e-02
   3.9200728e-02
   3.9506969e-02
   3.8036099e-02
   3.8512871e-02
   3.7391061e-02
   3.9019803e-02
   4.2105660e-02
   3.9772846e-02
   3.8156849e-02
   3.8307153e-02
   3.6538076e-02
   3.7757394e-02
   4.0952995e-02
   3.8772071e-02
   3.9121708e-02
   3.6289510e-02
   3.8223912e-02
   3.7518071e-02
   3.8228691e-02
   3.8994252e-02
   4.0294489e-02
   4.0864808e-02
   4.2020484e-02
   3.8896375e-02
   4.1669659e-02
   3.7066332e-02
   3.7595251e-02
   3.7277395e-02
   4.0102517e-02
   3.8707689e-02
   4.1744214e-02
   4.2123749e-02
   4.0246280e-02
   3.9255173e-02
   4.0705603e-02
   3.6233989e-02
   3.6895005e-02
   4.0050274e-02
   3.8231517e-02
   4.0831104e-02
   3.8724248e-02
   3.8496906e-02
   3.9144676e-02
   4.1984013e-02
   4.2411594e-02
   3.8592421e-02
   4.1210329e-02
   3.8171883e-02
   3.5797379e-02
   3.8622788e-02
   3.9143892e-02
   3.7019017e-02
   3.8610084e-02
   3.9403394e-02
   3.6935376e-02
   4.0711073e-02
   3.8930210e-02
   4.1890653e-02
   3.9816944e-02
   4.0314867e-02
   4.0908223e-02
   4.0200054e-02
   3.9468590e-02
   4.0552317e-02
   3.5736257e-02
   4.0437872e-02
   3.7167032e-02
   3.7689454e-02
   3.8671377e-02
   3.9392129e-02
   4.1822385e-02
   3.9398267e-02
   4.0912762e-02
   3.8579387e-02
   4.0826288e-02
   3.8471309e-02
   3.8420615e-02
   3.9808534e-02
   4.1547618e-02
   3.8635663e-02
   3.6989650e-02
   3.6537088e-02
   3.8900604e-02
   3.6373300e-02
   4.0526566e-02
   4.2954405e-02
   3.7857848e-02
   4.0292525e-02
   4.1560477e-02
   3.9147138e-02
   3.9739516e-02
   3.8066467e-02
   3.9944126e-02
   4.1302768e-02
   4.1905094e-02
   4.1254153e-02
   3.9288226e-02
   3.9117857e-02
   4.0583176e-02
   4.0418929e-02
   3.8907429e-02
   3.6880690e-02
   3.9882771e-02
   4.1826493e-02
   3.9317969e-02
   3.8069917e-02
   3.9213531e-02
   3.7422487e-02
   3.7511715e-02
   3.8229064e-02
   3.9241157e-02
   3.9896548e-02
   3.9612306e-02
   3.7342274e-02
   3.7753221e-02
   3.7139363e-02
   3.6784281e-02
   3.9471278e-02
   4.0630313e-02
   3.5983896e-02
   3.8154761e-02
   3.7817390e-02
   3.6864866e-02
   3.6083803e-02
   3.8530836e-02
   3.7278471e-02
   3.8490437e-02
   3.9799432e-02
   3.6362372e-02
   3.8438085e-02
   3.9069723e-02
   3.9627041e-02
   4.1013389e-02
   3.9445528e-02
   4.2664626e-02
   4.2324532e-02
   3.8564060e-02
   3.9000325e-02
   4.0946298e-02
