   1.8602552e-02
   1.9208161e-02
   2.1157940e-02
   1.7917500e-02
   1.8209901e-02
   1.9949447e-02
   2.0486813e-02
   1.8184414e-02
   2.1009545e-02
   2.0242044e-02
   1.7813943e-02
   1.7678464e-02
   2.0673210e-02
   2.1020076e-02
   1.8753482e-02
   1.9923257e-02
   1.8842455e-02
   1.9587889e-02
   2.0113660e-02
   1.8557975e-02
   1.9290372e-02
   2.0035921e-02
   1.9538694e-02
   1.8145978e-02
   2.0124903e-02
   1.8955513e-02
   1.7927635e-02
   1.9576145e-02
   2.0695890e-02
   2.1114220e-02
   1.8692151e-02
   1.8527847e-02
   1.9664921e-02
   1.8418655e-02
   2.0133038e-02
   2.0384854e-02
   2.1264764e-02
   1.9647971e-02
   2.1313840e-02
   1.9291668e-02
   1.7920649e-02
   1.8301530e-02
   1.9239042e-02
   1.8205177e-02
   1.9332375e-02
   1.9302773e-02
   1.8763742e-02
   1.8333517e-02
   1.8261669e-02
   1.8469312e-02
   1.8450532e-02
   1.9558920e-02
   1.9047285e-02
   2.0528028e-02
   2.0885255e-02
   1.8890226e-02
   1.8666799e-02
   1.9965124e-02
   1.8094055e-02
   2.0024130e-02
   1.7958615e-02
   1.9825786e-02
   1.9998601e-02
   2.0619880e-02
   1.8493779e-02
   1.9985647e-02
   1.7871108e-02
   2.1178983e-02
   1.7938396e-02
   1.9893233e-02
   1.8657104e-02
   1.7672555e-02
   2.0212287e-02
   1.9170407e-02
   1.7889931e-02
   1.8186334e-02
   1.7815817e-02
   2.0668241e-02
   1.8584876e-02
   2.0330117e-02
   1.8937936e-02
   1.8160758e-02
   1.9340096e-02
   2.0070369e-02
   1.8308609e-02
   1.8372626e-02
   2.0844456e-02
   2.0432720e-02
   2.0690380e-02
   1.8140620e-02
   1.9840816e-02
   1.9129542e-02
   1.9671568e-02
   1.9460368e-02
   1.7550067e-02
   2.1019212e-02
   1.8595086e-02
   1.8823188e-02
   1.9364078e-02
   1.9738563e-02
   1.7495128e-02
   1.9804989e-02
   1.8021404e-02
   1.8788039e-02
   1.8027510e-02
   2.0587420e-02
   1.9593422e-02
   2.0456764e-02
   1.9551475e-02
   1.9557078e-02
   1.9123424e-02
   2.0657021e-02
   1.9904802e-02
   1.9516155e-02
   1.8674738e-02
   2.0570640e-02
   1.8848244e-02
   1.8785565e-02
   1.8633014e-02
   1.8686861e-02
   1.8105899e-02
   2.0452433e-02
   1.7927811e-02
   1.8955628e-02
   2.0600780e-02
   2.0605916e-02
   1.9250221e-02
   1.9157451e-02
   1.9956651e-02
   1.9049193e-02
   1.9865645e-02
   2.0599190e-02
   2.0765489e-02
   1.8590019e-02
   1.8885351e-02
   1.8054371e-02
   1.8881423e-02
   1.8301428e-02
   1.9737054e-02
   1.9974112e-02
   2.0939198e-02
   1.8605508e-02
   1.9057352e-02
   1.9020429e-02
   2.1244485e-02
   2.0058744e-02
   1.9013733e-02
   2.0724855e-02
   1.9126882e-02
   2.1149545e-02
   2.0036119e-02
   1.8461796e-02
   2.0151037e-02
   1.8373793e-02
   1.9188484e-02
   1.8129218e-02
   1.9494980e-02
   1.7628792e-02
   1.8698460e-02
   2.0648511e-02
   2.0138122e-02
   1.8347803e-02
   1.8343824e-02
   1.8624281e-02
   2.0702437e-02
   1.8101979e-02
   2.0884824e-02
   2.0552060e-02
   1.8550798e-02
   2.0902017e-02
   2.0463914e-02
   1.9063461e-02
   1.8390764e-02
   2.0237406e-02
   1.7317699e-02
   1.7856797e-02
   1.8945354e-02
   2.0918747e-02
   1.9326136e-02
   2.0749741e-02
   1.8454702e-02
   1.8428171e-02
   1.7771829e-02
   1.9040927e-02
   1.8289610e-02
   2.0822639e-02
   1.9652152e-02
   1.9188549e-02
   1.8746122e-02
   1.9302550e-02
   1.9357159e-02
   1.7304204e-02
   1.8894782e-02
   1.8802737e-02
   1.9343115e-02
   1.9759338e-02
   2.0523283e-02
   1.8813416e-02
   1.9916338e-02
   2.0224532e-02
   2.0718608e-02
   1.8425997e-02
   1.7403575e-02
   1.8365306e-02
   1.8085336e-02
   2.1017477e-02
   2.0100220e-02
   2.0265372e-02
   1.8521562e-02
   1.9620453e-02
   1.8339072e-02
   2.0653299e-02
   1.7603719e-02
   1.8613760e-02
   1.7974813e-02
   2.1183706e-02
   1.9816331e-02
   1.9066035e-02
   1.7826664e-02
   1.9394788e-02
   2.0019498e-02
   2.0908134e-02
   1.7621456e-02
   2.0138873e-02
   1.9972519e-02
   1.9562199e-02
   1.7966733e-02
   2.0305704e-02
   1.9225181e-02
   1.7629250e-02
   1.9841039e-02
   1.7776519e-02
   1.9905410e-02
   1.7564780e-02
   1.9643167e-02
   1.9553191e-02
   1.7696482e-02
   1.9948710e-02
   1.9566172e-02
   1.7606873e-02
   1.9746764e-02
   1.8560549e-02
   2.0133586e-02
   1.9258699e-02
   1.9619367e-02
   1.9013875e-02
   1.9837324e-02
   1.9060715e-02
   2.0024568e-02
   2.0661581e-02
   2.0327191e-02
   2.0088633e-02
   1.9883215e-02
   1.7847036e-02
   2.0519155e-02
   1.9468052e-02
   1.8259182e-02
   1.7968253e-02
   1.8213885e-02
   1.8689425e-02
   1.7636484e-02
   1.9002000e-02
   1.9096413e-02
   1.8084812e-02
   1.8477266e-02
   2.0051826e-02
   1.9979647e-02
   1.9931337e-02
   1.9830720e-02
   1.9606878e-02
   1.9838197e-02
   1.8660128e-02
   1.9990343e-02
   1.9980560e-02
   2.0597282e-02
   1.7800267e-02
   2.0093959e-02
   2.0960544e-02
   1.8953029e-02
   1.8592955e-02
   1.8236026e-02
   1.9263821e-02
   1.8814277e-02
   2.0424233e-02
   1.9782917e-02
   1.7855794e-02
   1.9893876e-02
   1.8890196e-02
   1.8673055e-02
   1.8532316e-02
   1.9484701e-02
   1.9002234e-02
   1.8331767e-02
   1.9198818e-02
   2.0712437e-02
   1.8314121e-02
   1.7883941e-02
   1.8259417e-02
   2.0859431e-02
   1.9813440e-02
