   2.0939560e-01
   1.9831448e-01
   2.2083202e-01
   2.1283656e-01
   2.0570444e-01
   1.9129211e-01
   2.0187630e-01
   2.1983560e-01
   2.1998905e-01
   1.9379063e-01
   2.0364168e-01
   1.9349250e-01
   2.0233714e-01
   1.9331216e-01
   2.1124359e-01
   2.0871371e-01
   1.9590386e-01
   1.9672484e-01
   1.9298649e-01
   1.9213856e-01
   2.1485645e-01
   2.0222195e-01
   2.0088275e-01
   2.0569189e-01
   2.0370653e-01
   2.0541844e-01
   2.0517581e-01
   2.0095560e-01
   2.0479621e-01
   1.9610242e-01
   1.9949170e-01
   2.1598146e-01
   2.0350188e-01
   1.9918217e-01
   1.9780829e-01
   2.0225729e-01
   2.0112063e-01
   2.1591904e-01
   2.2674302e-01
   2.0832263e-01
   2.0272086e-01
   2.0589987e-01
   2.2040430e-01
   1.9766318e-01
   1.9665620e-01
   2.0568434e-01
   2.0231497e-01
   2.0580098e-01
   2.0605390e-01
   1.9188278e-01
   1.9354615e-01
   2.0844556e-01
   2.0966393e-01
   2.0977385e-01
   1.9786144e-01
   1.9201031e-01
   2.0619946e-01
   2.0151748e-01
   2.0617371e-01
   1.9848054e-01
   2.0372411e-01
   1.9383794e-01
   2.2506472e-01
   1.9549032e-01
   2.0265486e-01
   2.0302211e-01
   2.0883567e-01
   2.1460098e-01
   2.0923486e-01
   1.9285349e-01
   2.1255811e-01
   2.0969314e-01
   1.9866688e-01
   1.9610093e-01
   2.0123263e-01
   2.0197568e-01
   2.1759362e-01
   2.1471423e-01
   1.9652876e-01
   2.1534827e-01
   1.9519121e-01
   2.1171760e-01
   2.0114245e-01
   1.9896235e-01
   1.9969496e-01
   1.9935505e-01
   2.0262290e-01
   2.0861192e-01
   2.0338807e-01
   1.9182001e-01
   2.0686588e-01
   2.1285397e-01
   1.9873804e-01
   2.2389192e-01
   2.0559464e-01
   2.0854032e-01
   2.0498391e-01
   2.0367524e-01
   2.0539049e-01
   2.1090051e-01
   2.0197029e-01
   2.0332466e-01
   2.0028813e-01
   1.9811135e-01
   2.1506038e-01
   1.9496208e-01
   2.1049543e-01
   2.1508782e-01
   1.9904990e-01
   2.0666352e-01
   2.0269696e-01
   2.1077612e-01
   2.0335097e-01
   1.9530151e-01
   1.9869018e-01
   1.9610326e-01
   2.0532950e-01
   2.1187110e-01
   2.0023401e-01
   2.0578236e-01
   1.9812722e-01
   1.8927896e-01
   2.2453272e-01
   2.0837378e-01
   2.1503849e-01
   2.0194707e-01
   2.1009278e-01
   2.2228785e-01
   1.9836288e-01
   2.0191051e-01
   2.2575230e-01
   2.2599486e-01
   2.2410328e-01
   1.9635036e-01
   2.0650355e-01
   1.9734163e-01
   2.0558991e-01
   2.1129372e-01
   2.2069318e-01
   2.0092896e-01
   2.1035013e-01
   1.9436779e-01
   1.9864370e-01
   1.9743652e-01
   2.0276635e-01
   2.0174340e-01
   2.0586143e-01
   2.0240798e-01
   1.9996099e-01
   2.1223488e-01
   2.0565950e-01
   2.0344010e-01
   2.1346789e-01
   2.1881783e-01
   2.1320223e-01
   2.1907621e-01
   1.8972755e-01
   2.0197812e-01
   2.0737953e-01
   2.1435472e-01
   1.9508903e-01
   1.9196089e-01
   1.9017272e-01
   2.1924184e-01
   2.1832241e-01
   1.8902515e-01
   2.0222292e-01
   2.0560576e-01
   1.9061909e-01
   1.9557552e-01
   2.1642119e-01
   2.1086940e-01
   2.0021186e-01
   2.0528852e-01
   1.9231951e-01
   2.0873219e-01
   2.2005709e-01
   2.0404527e-01
   2.2090576e-01
   2.0500491e-01
   2.1369910e-01
   2.1083521e-01
   2.1077117e-01
   2.1333489e-01
   1.9190188e-01
   2.0962801e-01
   2.1598227e-01
   1.9638473e-01
   2.0365798e-01
   2.0023313e-01
   2.0903255e-01
   2.0628202e-01
   2.0403327e-01
   1.9038516e-01
   1.9761008e-01
   1.9365317e-01
   2.0217022e-01
   2.0925584e-01
   2.0111867e-01
   1.9264345e-01
   2.1055481e-01
   2.0273088e-01
   1.9721802e-01
   2.0630681e-01
   2.0665646e-01
   2.0109657e-01
   2.2015849e-01
   1.9044892e-01
   1.9909304e-01
   2.1577243e-01
   2.1572289e-01
   2.0213517e-01
   2.0896337e-01
   1.9723008e-01
   2.0094397e-01
   2.0258607e-01
   1.9368236e-01
   2.0301857e-01
   2.0473134e-01
   2.0610281e-01
   2.0431387e-01
   1.9954896e-01
   2.2388831e-01
   1.9637037e-01
   2.0398717e-01
   2.0212261e-01
   2.0537095e-01
   1.9373877e-01
   2.2104748e-01
   2.0570704e-01
   2.2571238e-01
   2.0078560e-01
   2.1058625e-01
   2.1828567e-01
   2.1327884e-01
   2.1700376e-01
   1.9174207e-01
   2.0416914e-01
   2.0535474e-01
   2.0585177e-01
   2.0375830e-01
   1.9938696e-01
   1.9774495e-01
   1.9952000e-01
   2.1092700e-01
   1.9611921e-01
   2.0201564e-01
   1.9706192e-01
   2.1345672e-01
   1.9672762e-01
   1.9915717e-01
   2.0424194e-01
   2.0645743e-01
   2.0414798e-01
   1.9590938e-01
   2.1792321e-01
   2.2597391e-01
   2.0347434e-01
   1.9569657e-01
   2.0264013e-01
   2.0022166e-01
   1.9116879e-01
   2.0567896e-01
   2.1101767e-01
   2.0288884e-01
   1.9763070e-01
   2.2521420e-01
   2.0756952e-01
   2.0081245e-01
   2.2632632e-01
   2.0258679e-01
   2.1568642e-01
   2.1425033e-01
   1.9755407e-01
   2.2273028e-01
   2.2112267e-01
   2.0213827e-01
   1.9711878e-01
   2.0602533e-01
   1.9078465e-01
   1.9901052e-01
   2.0259204e-01
   1.9342350e-01
   2.0770341e-01
   2.2499826e-01
   1.9572801e-01
   1.9870569e-01
   2.2280663e-01
   2.0854251e-01
   2.0245237e-01
   1.9049565e-01
   1.9076408e-01
   2.0310872e-01
   2.2202518e-01
   1.9371106e-01
   2.1399568e-01
   2.1789903e-01
   2.1399020e-01
   2.0382903e-01
   2.0077442e-01
