   2.7545930e-02
   2.9941473e-02
   2.9008355e-02
   2.8653054e-02
   2.8596005e-02
   2.7645414e-02
   2.9490414e-02
   2.4814710e-02
   2.8178842e-02
   2.8939519e-02
   2.8432970e-02
   3.0391214e-02
   3.1098448e-02
   3.0407655e-02
   2.6842974e-02
   2.8232264e-02
   2.8840691e-02
   2.9739834e-02
   3.1076405e-02
   2.8369953e-02
   3.1734039e-02
   2.7294222e-02
   3.0035723e-02
   2.5671478e-02
   3.0755278e-02
   2.7795356e-02
   3.0059850e-02
   2.8520816e-02
   2.9550663e-02
   3.1995030e-02
   2.7777322e-02
   2.9434655e-02
   3.1374996e-02
   2.9267576e-02
   3.0386262e-02
   2.9128346e-02
   3.3226239e-02
   2.7255365e-02
   2.6773324e-02
   3.0614358e-02
   3.0986767e-02
   2.4930861e-02
   2.8169151e-02
   3.0813489e-02
   3.1407143e-02
   3.0666782e-02
   2.7153854e-02
   3.0652931e-02
   2.8946126e-02
   2.5692699e-02
   3.0208062e-02
   3.0293284e-02
   2.9132632e-02
   2.7995748e-02
   3.1926461e-02
   3.1146414e-02
   2.7936022e-02
   2.9804359e-02
   2.8034911e-02
   3.0649019e-02
   2.7395866e-02
   2.8794214e-02
   3.0322435e-02
   3.1683186e-02
   3.1658767e-02
   2.9650218e-02
   2.5851792e-02
   2.8963526e-02
   2.9029296e-02
   2.6261819e-02
   3.1209720e-02
   3.0612380e-02
   3.0217051e-02
   2.8152239e-02
   2.9835998e-02
   3.1146684e-02
   2.8725027e-02
   3.1325058e-02
   2.9812614e-02
   2.5620684e-02
   2.8340459e-02
   2.8202684e-02
   2.8112278e-02
   3.0101350e-02
   2.6942514e-02
   2.9235797e-02
   3.2053837e-02
   3.1689506e-02
   2.9833959e-02
   2.8689034e-02
   2.9553562e-02
   2.6949995e-02
   2.6498305e-02
   2.8991994e-02
   2.7547770e-02
   3.1909202e-02
   2.8016236e-02
   2.8532407e-02
   2.9320844e-02
   2.6931951e-02
   2.7593332e-02
   2.9216698e-02
   3.0442563e-02
   2.8818787e-02
   2.6241161e-02
   2.8805234e-02
   2.8039170e-02
   2.9437561e-02
   2.9588378e-02
   2.7746924e-02
   3.0956383e-02
   3.0576543e-02
   3.0835030e-02
   3.0166117e-02
   2.8882967e-02
   3.1100467e-02
   2.9085639e-02
   2.9854818e-02
   2.9129371e-02
   3.0431366e-02
   3.0517935e-02
   3.0608845e-02
   2.9914434e-02
   2.6857505e-02
   2.8320698e-02
   2.4925771e-02
   2.8988280e-02
   3.0217867e-02
   2.7922406e-02
   2.8663626e-02
   2.8212335e-02
   3.1254257e-02
   3.0452374e-02
   2.9674003e-02
   2.7784063e-02
   3.1996909e-02
   2.9537039e-02
   3.1053564e-02
   3.0330381e-02
   3.0041118e-02
   2.9848241e-02
   2.5281498e-02
   3.1386049e-02
   2.9138298e-02
   3.1095171e-02
   2.8564950e-02
   2.9495351e-02
   2.7923613e-02
   2.8555755e-02
   2.9174268e-02
   2.8150122e-02
   2.9512973e-02
   2.7291050e-02
   2.8390374e-02
   2.9215318e-02
   2.8718355e-02
   2.8844689e-02
   3.0512950e-02
   2.7852422e-02
   2.7688076e-02
   2.8140349e-02
   2.8327433e-02
   2.9024286e-02
   2.5551208e-02
   2.7810385e-02
   2.9663468e-02
   2.9180940e-02
   2.9354800e-02
   3.1335492e-02
   2.7848908e-02
   2.7154954e-02
   3.0714308e-02
   2.8697397e-02
   2.9508534e-02
   2.7022020e-02
   3.1305443e-02
   3.0398360e-02
   2.5145106e-02
   3.0671393e-02
   3.1433194e-02
   2.7533010e-02
   2.6536610e-02
   2.9015579e-02
   3.0677904e-02
   2.5144479e-02
   3.1427666e-02
   2.8567161e-02
   3.0822938e-02
   3.0058744e-02
   2.8662656e-02
   2.7889571e-02
   3.0883247e-02
   3.2125704e-02
   3.2105381e-02
   2.8219774e-02
   3.1552557e-02
   2.7542105e-02
   2.6327970e-02
   2.9228827e-02
   3.1332120e-02
   2.9717198e-02
   2.8212918e-02
   3.0573392e-02
   2.6266119e-02
   2.9703601e-02
   2.5789201e-02
   3.2672958e-02
   2.8778275e-02
   2.5621613e-02
   3.0387553e-02
   2.6871001e-02
   3.1002933e-02
   3.1668707e-02
   3.0856380e-02
   2.8568441e-02
   2.7382856e-02
   2.8061236e-02
   2.5518227e-02
   3.2492960e-02
   2.7209472e-02
   2.7528804e-02
   2.9676334e-02
   3.3231293e-02
   2.8899090e-02
   3.0577187e-02
   2.7776524e-02
   3.0739856e-02
   3.1024790e-02
   3.1984205e-02
   2.6443759e-02
   2.9362193e-02
   3.0037643e-02
   3.0625314e-02
   2.7878836e-02
   2.8050711e-02
   3.1863759e-02
   2.9280476e-02
   2.8528309e-02
   2.5978746e-02
   3.0491327e-02
   3.0072038e-02
   2.9177157e-02
   2.9227566e-02
   3.0858301e-02
   2.8402759e-02
   3.0008485e-02
   2.8045286e-02
   3.0886933e-02
   2.7909093e-02
   2.8060703e-02
   3.0118447e-02
   2.8149771e-02
   3.2129225e-02
   2.6246573e-02
   2.7450705e-02
   3.1080343e-02
   2.8809648e-02
   2.9809225e-02
   2.9836523e-02
   2.7388238e-02
   2.9388361e-02
   2.9498289e-02
   2.9141752e-02
   2.9672451e-02
   3.1100538e-02
   2.7788852e-02
   2.7189599e-02
   2.9815096e-02
   3.1091903e-02
   2.8146151e-02
   3.0667209e-02
   2.9238043e-02
   3.1497171e-02
   3.2469295e-02
   2.9907446e-02
   2.6728724e-02
   2.8718077e-02
   2.7535870e-02
   2.9664843e-02
   2.8990047e-02
   2.8926517e-02
   2.9010676e-02
   3.2341619e-02
   2.9637526e-02
   2.9154519e-02
   2.9108671e-02
   2.9350861e-02
   2.7782103e-02
   2.9856869e-02
   2.7850887e-02
   2.9246836e-02
   2.9230332e-02
   2.8318811e-02
   2.8982844e-02
   2.8528948e-02
   3.0106080e-02
   2.8267076e-02
   2.9814395e-02
   2.9982064e-02
   2.9071993e-02
