   2.1699547e-02
   1.9630832e-02
   1.9952582e-02
   1.9759394e-02
   2.1438443e-02
   2.0972356e-02
   2.0383414e-02
   2.0735120e-02
   2.0237697e-02
   2.1885661e-02
   1.9377292e-02
   1.9009638e-02
   2.0206191e-02
   2.0813257e-02
   2.0396163e-02
   1.9301204e-02
   2.1309272e-02
   1.9740545e-02
   2.1848703e-02
   2.1481521e-02
   2.0780681e-02
   2.1321317e-02
   1.9794063e-02
   1.9425210e-02
   1.9454617e-02
   2.1976306e-02
   1.9333761e-02
   2.0891101e-02
   1.9934031e-02
   2.0880682e-02
   2.0891560e-02
   2.0054207e-02
   2.0762575e-02
   2.1562266e-02
   2.0124361e-02
   2.1695479e-02
   2.1341023e-02
   2.0367415e-02
   2.0380582e-02
   2.2127163e-02
   2.1774185e-02
   1.9766029e-02
   2.1176535e-02
   1.9715124e-02
   1.9673959e-02
   2.1251911e-02
   1.9487852e-02
   2.0853740e-02
   1.9882370e-02
   1.9865158e-02
   2.0287839e-02
   2.0353991e-02
   2.2098051e-02
   2.1064909e-02
   2.0187183e-02
   2.0500271e-02
   2.1647240e-02
   1.9967123e-02
   2.2293307e-02
   2.1200301e-02
   2.0894216e-02
   1.9654339e-02
   1.9960108e-02
   2.0254364e-02
   2.0282073e-02
   2.0667306e-02
   2.0550232e-02
   2.2045750e-02
   1.9101906e-02
   1.9075658e-02
   1.9180654e-02
   2.0890332e-02
   2.1346065e-02
   1.9209228e-02
   1.9331466e-02
   1.9402596e-02
   2.0392813e-02
   2.1399563e-02
   2.0247787e-02
   2.1727489e-02
   2.2435343e-02
   2.0638882e-02
   2.0303367e-02
   2.1941138e-02
   2.1451671e-02
   2.0480638e-02
   1.9996948e-02
   1.9457272e-02
   2.1338709e-02
   2.0590122e-02
   2.1574773e-02
   1.9693444e-02
   1.8826971e-02
   1.9615103e-02
   2.1058287e-02
   2.1675909e-02
   2.1139610e-02
   2.0947219e-02
   2.2013256e-02
   2.1897932e-02
   2.0082932e-02
   1.8952543e-02
   1.9596194e-02
   1.9890509e-02
   2.1600203e-02
   1.9847636e-02
   2.0921623e-02
   1.8885050e-02
   2.0864232e-02
   1.9312623e-02
   2.1320701e-02
   2.1138100e-02
   1.9911514e-02
   1.9864419e-02
   2.0320638e-02
   1.9061632e-02
   2.1468365e-02
   1.9277716e-02
   2.1079256e-02
   2.1881731e-02
   2.1731695e-02
   1.9553597e-02
   2.1632460e-02
   2.0367021e-02
   2.1605268e-02
   2.2006089e-02
   1.9548556e-02
   1.9244213e-02
   1.9465049e-02
   2.2194437e-02
   2.1489738e-02
   2.1773994e-02
   2.0637809e-02
   2.0359480e-02
   2.1047336e-02
   1.9761828e-02
   2.0016604e-02
   2.1321195e-02
   1.9201697e-02
   1.9862913e-02
   2.2347256e-02
   2.1803495e-02
   2.1229182e-02
   1.9230819e-02
   2.0156260e-02
   1.8733318e-02
   1.9943652e-02
   1.9906218e-02
   1.9855005e-02
   2.1767749e-02
   2.1309788e-02
   1.9691955e-02
   1.9429133e-02
   1.9066434e-02
   1.9016726e-02
   2.1784563e-02
   1.8827136e-02
   1.9842344e-02
   2.0971795e-02
   2.0989561e-02
   1.9778910e-02
   2.1237189e-02
   1.8652289e-02
   2.0190388e-02
   1.9434992e-02
   2.1205203e-02
   2.1997085e-02
   2.0134340e-02
   2.1424011e-02
   2.0913325e-02
   2.1256994e-02
   1.9717830e-02
   1.8588160e-02
   1.9882279e-02
   2.0969559e-02
   2.1624641e-02
   2.1692550e-02
   1.9817998e-02
   2.0906903e-02
   1.9028901e-02
   2.0716187e-02
   2.1479763e-02
   1.9201504e-02
   2.0171670e-02
   1.9229412e-02
   2.1523085e-02
   2.1434396e-02
   2.1265551e-02
   2.0444741e-02
   2.1203812e-02
   1.9159258e-02
   2.1775716e-02
   2.0268671e-02
   1.9524119e-02
   2.2229775e-02
   2.0556542e-02
   2.1371403e-02
   1.9999707e-02
   2.1303232e-02
   2.1389034e-02
   2.1214829e-02
   2.1797804e-02
   2.1086487e-02
   1.8636813e-02
   2.0962781e-02
   2.0288632e-02
   2.0213677e-02
   2.2254194e-02
   1.9497827e-02
   2.2318985e-02
   1.9038818e-02
   2.1811698e-02
   2.0297286e-02
   2.0554123e-02
   2.0985649e-02
   2.1101001e-02
   2.0333369e-02
   1.9503442e-02
   1.9952016e-02
   2.0533383e-02
   2.0624664e-02
   1.8904250e-02
   2.0138258e-02
   2.1651637e-02
   2.0516740e-02
   2.0667097e-02
   1.8942091e-02
   1.8944653e-02
   2.0072941e-02
   2.0996584e-02
   2.0124308e-02
   2.1449396e-02
   1.9559937e-02
   2.2358828e-02
   2.2059805e-02
   1.9947570e-02
   1.9072131e-02
   2.0355448e-02
   2.0799560e-02
   2.2207914e-02
   2.1936585e-02
   2.0957783e-02
   1.9521744e-02
   1.8868262e-02
   2.1423482e-02
   2.0391905e-02
   2.0054733e-02
   1.9556002e-02
   1.9024758e-02
   2.0456592e-02
   2.1288769e-02
   2.0753815e-02
   2.0688547e-02
   2.1056287e-02
   2.1307870e-02
   2.0757156e-02
   2.0183703e-02
   2.1532391e-02
   1.9268853e-02
   2.0680651e-02
   2.1249987e-02
   1.9176725e-02
   2.0068356e-02
   2.2469762e-02
   2.0337608e-02
   2.1317591e-02
   2.1685511e-02
   2.0767155e-02
   1.9932726e-02
   2.0737523e-02
   1.9309242e-02
   2.0589777e-02
   2.1097456e-02
   2.0150667e-02
   2.1261468e-02
   1.9665669e-02
   1.8723703e-02
   2.0502412e-02
   2.0252370e-02
   2.0298701e-02
   2.1011144e-02
   2.1492112e-02
   2.1165695e-02
   2.0277738e-02
   2.0464902e-02
   2.1774419e-02
   2.0007716e-02
   1.9360802e-02
   2.0989452e-02
   1.9999130e-02
   1.8933575e-02
   2.0233790e-02
   2.1940943e-02
   1.9782464e-02
   1.9302901e-02
   1.9593584e-02
   2.1107989e-02
   2.0388125e-02
   2.1470826e-02
   1.9353193e-02
