   2.8356390e-02
   2.5657742e-02
   2.8167150e-02
   2.8120581e-02
   2.6876941e-02
   2.5562719e-02
   2.4042702e-02
   2.8113929e-02
   2.4542385e-02
   2.7394509e-02
   2.5178374e-02
   2.6890049e-02
   2.7371042e-02
   2.8058344e-02
   2.5060646e-02
   2.8030806e-02
   2.8789939e-02
   2.4433038e-02
   2.4931491e-02
   2.7892428e-02
   2.6556138e-02
   2.5952639e-02
   2.8345828e-02
   2.6821716e-02
   2.4549047e-02
   2.3678414e-02
   2.5249254e-02
   2.7598350e-02
   2.5188564e-02
   2.5867536e-02
   2.4897638e-02
   2.5813506e-02
   2.7512126e-02
   2.5132594e-02
   2.7529241e-02
   2.7937037e-02
   2.5130326e-02
   2.5818768e-02
   2.5844616e-02
   2.5135018e-02
   2.6242920e-02
   2.5566681e-02
   2.6308636e-02
   2.5750197e-02
   2.5943651e-02
   2.5721269e-02
   2.6775728e-02
   2.4510477e-02
   2.7259728e-02
   2.5958368e-02
   2.7559821e-02
   2.5220001e-02
   2.4781304e-02
   2.5592478e-02
   2.5091566e-02
   2.3340415e-02
   2.7914029e-02
   2.4492770e-02
   2.4948898e-02
   2.7570051e-02
   2.7484279e-02
   2.3145788e-02
   2.5944852e-02
   2.4573165e-02
   2.8542119e-02
   2.6553104e-02
   2.5421694e-02
   2.4600778e-02
   2.3583780e-02
   2.5770375e-02
   2.7982590e-02
   2.5568848e-02
   2.6073933e-02
   2.5647638e-02
   2.8079563e-02
   2.3428029e-02
   2.4993849e-02
   2.5004472e-02
   2.7618266e-02
   2.7207720e-02
   2.6171610e-02
   2.6682256e-02
   2.6793957e-02
   2.6518951e-02
   2.5312697e-02
   2.4820281e-02
   2.5139411e-02
   2.6471746e-02
   2.3784336e-02
   2.5853111e-02
   2.5683022e-02
   2.5714579e-02
   2.8887415e-02
   2.4477179e-02
   2.4324358e-02
   2.7691690e-02
   2.3786436e-02
   2.6659136e-02
   2.8141235e-02
   2.7855145e-02
   2.5045367e-02
   2.7288665e-02
   2.4690903e-02
   2.6657810e-02
   2.5995186e-02
   2.4421236e-02
   2.6410809e-02
   2.6462134e-02
   2.4522737e-02
   2.5721680e-02
   2.4330675e-02
   2.7092658e-02
   2.5057167e-02
   2.6395393e-02
   2.4602402e-02
   2.6962367e-02
   2.6680656e-02
   2.6960257e-02
   2.7116589e-02
   2.7869682e-02
   2.5839754e-02
   2.7492076e-02
   2.5758535e-02
   2.7947868e-02
   2.8055763e-02
   2.6738085e-02
   2.6371832e-02
   2.8104689e-02
   2.4294053e-02
   2.5894908e-02
   2.6952080e-02
   2.7102126e-02
   2.6386360e-02
   2.8210006e-02
   2.6845021e-02
   2.5416457e-02
   2.7187465e-02
   2.5939358e-02
   2.6251572e-02
   2.4012810e-02
   2.4187742e-02
   2.4640290e-02
   2.4317141e-02
   2.7544707e-02
   2.6939026e-02
   2.4954462e-02
   2.5130476e-02
   2.4965883e-02
   2.7825031e-02
   2.7849096e-02
   2.5006043e-02
   2.6470226e-02
   2.5825034e-02
   2.8290902e-02
   2.6951372e-02
   2.5375722e-02
   2.5537691e-02
   2.7630508e-02
   2.5414428e-02
   2.6976570e-02
   2.5769830e-02
   2.5702993e-02
   2.6262227e-02
   2.4990777e-02
   2.7568856e-02
   2.3977315e-02
   2.4635725e-02
   2.6847267e-02
   2.4113255e-02
   2.6310880e-02
   2.5567907e-02
   2.4969051e-02
   2.5472306e-02
   2.8666826e-02
   2.7138091e-02
   2.7928565e-02
   2.6388020e-02
   2.5218432e-02
   2.4978469e-02
   2.5760537e-02
   2.7843902e-02
   2.6078999e-02
   2.6024482e-02
   2.6987474e-02
   2.6738062e-02
   2.4757154e-02
   2.4285632e-02
   2.6452265e-02
   2.6888751e-02
   2.6516924e-02
   2.5875666e-02
   2.6763075e-02
   2.4905681e-02
   2.4816176e-02
   2.7038364e-02
   2.7481154e-02
   2.7075228e-02
   2.6044072e-02
   2.4158225e-02
   2.4527840e-02
   2.6589655e-02
   2.8197453e-02
   2.6303505e-02
   2.7436566e-02
   2.4588080e-02
   2.6451777e-02
   2.4637966e-02
   2.5766206e-02
   2.7090667e-02
   2.4790552e-02
   2.3953798e-02
   2.3619460e-02
   2.6734233e-02
   2.5307046e-02
   2.4256712e-02
   2.7177918e-02
   2.7749424e-02
   2.4548144e-02
   2.6739851e-02
   2.3808840e-02
   2.3066716e-02
   2.7800133e-02
   2.7891335e-02
   2.6731723e-02
   2.5381066e-02
   2.3673753e-02
   2.6124167e-02
   2.5742935e-02
   2.4411793e-02
   2.6034640e-02
   2.6952647e-02
   2.4756726e-02
   2.4847130e-02
   2.4196612e-02
   2.4195128e-02
   2.6282958e-02
   2.8164619e-02
   2.5716312e-02
   2.8507724e-02
   2.4451648e-02
   2.7558907e-02
   2.7329990e-02
   2.5480960e-02
   2.4582390e-02
   2.7005817e-02
   2.5297987e-02
   2.6160421e-02
   2.3662522e-02
   2.7977052e-02
   2.5111042e-02
   2.5951571e-02
   2.8360314e-02
   2.4037983e-02
   2.6560847e-02
   2.7872902e-02
   2.6667776e-02
   2.6468549e-02
   2.8157474e-02
   2.6914109e-02
   2.3886997e-02
   2.5658503e-02
   2.6714450e-02
   2.5336998e-02
   2.4873645e-02
   2.7300739e-02
   2.3907780e-02
   2.4391513e-02
   2.8897394e-02
   2.4927410e-02
   2.4802974e-02
   2.7412195e-02
   2.7398372e-02
   2.8030656e-02
   2.5159290e-02
   2.7310226e-02
   2.7042643e-02
   2.5583597e-02
   2.7658419e-02
   2.4922472e-02
   2.7122268e-02
   2.3361712e-02
   2.7525916e-02
   2.7104119e-02
   2.6802625e-02
   2.5755025e-02
   2.3634319e-02
   2.4774084e-02
   2.4283743e-02
   2.6864620e-02
   2.7701769e-02
   2.6306900e-02
   2.4582828e-02
   2.8043514e-02
   2.6937032e-02
   2.5263327e-02
   2.6147037e-02
   2.4625661e-02
   2.6440088e-02
   2.7478945e-02
   2.5161556e-02
