   2.0294085e-01
   2.2982520e-01
   2.0275177e-01
   2.0609951e-01
   2.1275572e-01
   2.2759284e-01
   2.1474921e-01
   2.0584196e-01
   2.0371430e-01
   2.0332499e-01
   2.0851959e-01
   2.0684606e-01
   2.0757375e-01
   2.2554634e-01
   2.2427787e-01
   2.3128796e-01
   2.1368998e-01
   2.2349154e-01
   2.2917955e-01
   2.1386031e-01
   2.2466891e-01
   2.2488987e-01
   2.0559225e-01
   2.2357744e-01
   2.1981788e-01
   2.2162193e-01
   2.1594035e-01
   2.2417242e-01
   2.2186030e-01
   2.1845198e-01
   2.1844793e-01
   2.2420209e-01
   2.1701453e-01
   2.1968540e-01
   2.0598726e-01
   2.0362793e-01
   2.2854182e-01
   2.2137914e-01
   2.1724444e-01
   2.0999337e-01
   2.3053483e-01
   2.1656749e-01
   2.2353680e-01
   2.2852912e-01
   2.2375761e-01
   2.2786292e-01
   2.0595283e-01
   2.0503635e-01
   2.0854951e-01
   2.2381240e-01
   2.2348514e-01
   2.1551083e-01
   2.2235254e-01
   2.2868988e-01
   2.0760690e-01
   2.0996533e-01
   2.2141477e-01
   2.2939260e-01
   2.2201365e-01
   2.2449418e-01
   2.0715278e-01
   2.2489262e-01
   2.2844331e-01
   2.2801482e-01
   2.1820147e-01
   2.2916276e-01
   2.1126246e-01
   2.1970544e-01
   2.2147134e-01
   2.0683295e-01
   2.0292081e-01
   2.1980248e-01
   2.0737314e-01
   2.0258307e-01
   2.0257447e-01
   2.2791632e-01
   2.0604801e-01
   2.1718907e-01
   2.2290240e-01
   2.2734636e-01
   2.0324858e-01
   2.2892414e-01
   2.0746453e-01
   2.0932240e-01
   2.1358465e-01
   2.1168101e-01
   2.2126506e-01
   2.2296473e-01
   2.2669573e-01
   2.0484184e-01
   2.0306359e-01
   2.3077727e-01
   2.2918874e-01
   2.1846343e-01
   2.1868492e-01
   2.0392343e-01
   2.1320617e-01
   2.1999003e-01
   2.0221330e-01
   2.3111320e-01
   2.2729783e-01
   2.1600861e-01
   2.0508174e-01
   2.1333366e-01
   2.0547614e-01
   2.2304571e-01
   2.2898004e-01
   2.2696622e-01
   2.2898792e-01
   2.0679139e-01
   2.0569493e-01
   2.2064037e-01
   2.2505087e-01
   2.2861929e-01
   2.0972558e-01
   2.0459363e-01
   2.2320326e-01
   2.0758513e-01
   2.0463100e-01
   2.2927064e-01
   2.2373838e-01
   2.0687887e-01
   2.2721923e-01
   2.2918200e-01
   2.0232985e-01
   2.2006798e-01
   2.2386957e-01
   2.2312662e-01
   2.0352537e-01
   2.2402398e-01
   2.2862159e-01
   2.2057468e-01
   2.0621064e-01
   2.2353150e-01
   2.2767186e-01
   2.0231658e-01
   2.2307520e-01
   2.0581418e-01
   2.2238531e-01
   2.1579519e-01
   2.2339304e-01
   2.2527100e-01
   2.0621409e-01
   2.0564135e-01
   2.2440143e-01
   2.0287945e-01
   2.2415877e-01
   2.0307861e-01
   2.0511713e-01
   2.2886965e-01
   2.2409052e-01
   2.2362408e-01
   2.0674671e-01
   2.2854569e-01
   2.0743822e-01
   2.0927779e-01
   2.0565421e-01
   2.2355415e-01
   2.1165673e-01
   2.1111610e-01
   2.1144449e-01
   2.2072377e-01
   2.1249592e-01
   2.2407129e-01
   2.2418452e-01
   2.0866437e-01
   2.2857984e-01
   2.0674195e-01
   2.2850706e-01
   2.2419362e-01
   2.1317401e-01
   2.2264051e-01
   2.2098505e-01
   2.2219247e-01
   2.1993449e-01
   2.2721877e-01
   2.0333515e-01
   2.0638262e-01
   2.1943824e-01
   2.1109099e-01
   2.1653394e-01
   2.1461385e-01
   2.1648709e-01
   2.0512428e-01
   2.1857079e-01
   2.1996258e-01
   2.1910832e-01
   2.0828036e-01
   2.0854668e-01
   2.1345118e-01
   2.2451777e-01
   2.1921893e-01
   2.0883187e-01
   2.2448898e-01
   2.1320228e-01
   2.2272280e-01
   2.0680165e-01
   2.1604926e-01
   2.2038140e-01
   2.2454654e-01
   2.2896203e-01
   2.1609664e-01
   2.1564189e-01
   2.1280357e-01
   2.0551331e-01
   2.2544067e-01
   2.2472423e-01
   2.2702257e-01
   2.1530749e-01
   2.2035403e-01
   2.1451893e-01
   2.0264359e-01
   2.2440236e-01
   2.0554590e-01
   2.1677839e-01
   2.0627476e-01
   2.0833791e-01
   2.2054450e-01
   2.0686014e-01
   2.2349843e-01
   2.2826993e-01
   2.0806117e-01
   2.0614067e-01
   2.2052906e-01
   2.2863669e-01
   2.3102714e-01
   2.0580868e-01
   2.0791467e-01
   2.2225688e-01
   2.2336282e-01
   2.2344106e-01
   2.0721588e-01
   2.2754810e-01
   2.2005282e-01
   2.0462322e-01
   2.1134336e-01
   2.2526581e-01
   2.2383077e-01
   2.0566384e-01
   2.0168426e-01
   2.0243566e-01
   2.1482821e-01
   2.1950801e-01
   2.0958201e-01
   2.1740436e-01
   2.2085303e-01
   2.0951751e-01
   2.2429089e-01
   2.2490529e-01
   2.2130915e-01
   2.2414095e-01
   2.2439060e-01
   2.0656793e-01
   2.1054142e-01
   2.0302681e-01
   2.2289771e-01
   2.2735515e-01
   2.0271672e-01
   2.2384897e-01
   2.2711010e-01
   2.2084270e-01
   2.2453773e-01
   2.0552909e-01
   2.0616182e-01
   2.1455142e-01
   2.2373790e-01
   2.1940087e-01
   2.2496048e-01
   2.0288834e-01
   2.2447495e-01
   2.2945402e-01
   2.0713358e-01
   2.2337107e-01
   2.0566023e-01
   2.1066304e-01
   2.2450297e-01
   2.0571367e-01
   2.2006336e-01
   2.1418249e-01
   2.2804033e-01
   2.0201767e-01
   2.0610092e-01
   2.0381042e-01
   2.1213630e-01
   2.3045737e-01
   2.0501226e-01
   2.2943926e-01
   2.1822382e-01
   2.2425373e-01
   2.2482197e-01
   2.0663339e-01
   2.1209887e-01
   2.1163776e-01
   2.1876699e-01
   2.0326258e-01
   2.2051030e-01
   2.0305479e-01
   2.0438886e-01
   2.1569670e-01
   2.0495078e-01
