   2.8371210e-02
   2.8369473e-02
   2.8894847e-02
   2.8999059e-02
   2.8495963e-02
   2.8995573e-02
   2.9394095e-02
   2.9364682e-02
   2.8711169e-02
   2.9335399e-02
   2.8788919e-02
   2.9086483e-02
   2.9253869e-02
   2.8541529e-02
   2.8850955e-02
   2.9007407e-02
   2.8549767e-02
   2.9227922e-02
   2.8550027e-02
   2.8918499e-02
   2.8973692e-02
   2.8941658e-02
   2.8928873e-02
   2.8302251e-02
   2.9139549e-02
   2.9005629e-02
   2.9090000e-02
   2.8893521e-02
   2.8977581e-02
   2.9248249e-02
   2.9370590e-02
   2.9444778e-02
   2.8937893e-02
   2.8708681e-02
   2.8495711e-02
   2.9154578e-02
   2.8872937e-02
   2.9744388e-02
   2.8223150e-02
   2.8971842e-02
   2.9041944e-02
   2.9315919e-02
   2.9447146e-02
   2.8618708e-02
   2.9026280e-02
   2.8500024e-02
   2.8490029e-02
   2.9649084e-02
   2.9104730e-02
   2.9096875e-02
   2.9289707e-02
   2.8612105e-02
   2.9095826e-02
   2.9699712e-02
   2.8603395e-02
   2.8977024e-02
   2.8920320e-02
   2.9649232e-02
   2.9193752e-02
   2.8782226e-02
   2.8841010e-02
   2.8830514e-02
   2.8804103e-02
   2.8859894e-02
   2.8820697e-02
   2.8895694e-02
   2.8483961e-02
   2.8205434e-02
   2.9792126e-02
   2.9140390e-02
   2.9059269e-02
   2.8576495e-02
   2.9154360e-02
   2.8945302e-02
   2.9656486e-02
   2.9022541e-02
   2.8988309e-02
   2.9404569e-02
   2.9518046e-02
   2.8876082e-02
   2.8567533e-02
   2.8461119e-02
   2.8257759e-02
   2.9003443e-02
   2.8892198e-02
   2.8949989e-02
   2.8520655e-02
   2.9048527e-02
   2.8953852e-02
   2.9025772e-02
   2.8480138e-02
   2.8548577e-02
   2.8765275e-02
   2.8783993e-02
   2.8523385e-02
   2.9742830e-02
   2.8990699e-02
   2.9030294e-02
   2.8852181e-02
   2.8653885e-02
   2.8549491e-02
   2.8572853e-02
   2.9689535e-02
   2.9454442e-02
   2.8948686e-02
   2.9275991e-02
   2.9732419e-02
   2.8963945e-02
   2.9445232e-02
   2.9102661e-02
   2.9654159e-02
   2.9419445e-02
   2.9534676e-02
   2.8858727e-02
   2.8887611e-02
   2.9612469e-02
   2.8722800e-02
   2.8332567e-02
   2.9025421e-02
   2.8862042e-02
   2.8707925e-02
   2.9601964e-02
   2.8980355e-02
   2.8361072e-02
   2.8973606e-02
   2.9083542e-02
   2.8444362e-02
   2.9059323e-02
   2.8851105e-02
   2.9678285e-02
   2.8823055e-02
   2.8959184e-02
   2.8264782e-02
   2.9071915e-02
   2.9238116e-02
   2.8666562e-02
   2.8900262e-02
   2.8823331e-02
   2.9264442e-02
   2.9109389e-02
   2.9220317e-02
   2.8807785e-02
   2.8546648e-02
   2.8966027e-02
   2.9539903e-02
   2.8473465e-02
   2.9597205e-02
   2.8964433e-02
   2.8972455e-02
   2.8586406e-02
   2.9815536e-02
   2.8945065e-02
   2.8255692e-02
   2.8698392e-02
   2.9602019e-02
   2.8099826e-02
   2.8738522e-02
   2.9110715e-02
   2.9546138e-02
   2.9454599e-02
   2.8447876e-02
   2.8827495e-02
   2.8972718e-02
   2.8858679e-02
   2.8796681e-02
   2.8551544e-02
   2.8268755e-02
   2.8742738e-02
   2.8383572e-02
   2.8735995e-02
   2.9002444e-02
   2.9141048e-02
   2.8439996e-02
   2.9802169e-02
   2.9511798e-02
   2.8668074e-02
   2.8695486e-02
   2.8801934e-02
   2.9368571e-02
   2.8968838e-02
   2.8966639e-02
   2.8622610e-02
   2.8906490e-02
   2.9208510e-02
   2.9596792e-02
   2.8930514e-02
   2.9804972e-02
   2.8985556e-02
   2.8999373e-02
   2.8534656e-02
   2.8957135e-02
   2.9133430e-02
   2.8862841e-02
   2.8763208e-02
   2.8944255e-02
   2.9156939e-02
   2.8891245e-02
   2.8993684e-02
   2.9161210e-02
   2.8494203e-02
   2.8924458e-02
   2.8905631e-02
   2.9215296e-02
   2.9776072e-02
   2.8904177e-02
   2.8473296e-02
   2.8808255e-02
   2.9003292e-02
   2.9647805e-02
   2.8922130e-02
   2.8925721e-02
   2.8319351e-02
   2.8162113e-02
   2.8527488e-02
   2.8991470e-02
   2.8277908e-02
   2.8065111e-02
   2.8650672e-02
   2.9080616e-02
   2.8849762e-02
   2.9526839e-02
   2.9273868e-02
   2.8937437e-02
   2.8854111e-02
   2.9298384e-02
   2.9056487e-02
   2.8846549e-02
   2.9387643e-02
   2.9187517e-02
   2.9386511e-02
   2.8545372e-02
   2.9267704e-02
   2.9073264e-02
   2.8737086e-02
   2.8971263e-02
   2.8973132e-02
   2.9695936e-02
   2.9330059e-02
   2.8742580e-02
   2.8426189e-02
   2.8372120e-02
   2.8925400e-02
   2.9455201e-02
   2.8839853e-02
   2.8986023e-02
   2.8580565e-02
   2.8667571e-02
   2.9043999e-02
   2.9179024e-02
   2.8204477e-02
   2.9435002e-02
   2.8960341e-02
   2.8841939e-02
   2.9549385e-02
   2.8914712e-02
   2.9181538e-02
   2.8944873e-02
   2.8695076e-02
   2.9173977e-02
   2.9223340e-02
   2.9010773e-02
   2.8636021e-02
   2.9198233e-02
   2.8094553e-02
   2.9131280e-02
   2.8984170e-02
   2.9104052e-02
   2.9147838e-02
   2.9666031e-02
   2.8686439e-02
   2.8697016e-02
   2.8631258e-02
   2.9009937e-02
   2.9000173e-02
   2.9642053e-02
   2.9044924e-02
   2.8990799e-02
   2.8844059e-02
   2.8275144e-02
   2.9566052e-02
   2.8814903e-02
   2.9279027e-02
   2.9532363e-02
   2.8352569e-02
   2.8496259e-02
   2.8263751e-02
   2.8756786e-02
   2.9077998e-02
   2.9085414e-02
   2.8440207e-02
   2.8584996e-02
   2.8726426e-02
   2.8555986e-02
   2.9216310e-02
   2.8972001e-02
   2.9365988e-02
   2.9777698e-02
   2.8965393e-02
   2.8091728e-02
   2.8970984e-02
