   1.7199124e-02
   1.7375851e-02
   1.6636441e-02
   1.6139771e-02
   1.6665395e-02
   1.6531013e-02
   1.7237190e-02
   1.6899012e-02
   1.7827395e-02
   1.6909345e-02
   1.6240348e-02
   1.6501703e-02
   1.6766176e-02
   1.6079003e-02
   1.6032383e-02
   1.7542693e-02
   1.6426988e-02
   1.6307535e-02
   1.7264370e-02
   1.6685542e-02
   1.7449249e-02
   1.6610164e-02
   1.6815802e-02
   1.6262921e-02
   1.7576973e-02
   1.6996370e-02
   1.6605642e-02
   1.6223184e-02
   1.7161169e-02
   1.6297598e-02
   1.7261534e-02
   1.6736816e-02
   1.6208193e-02
   1.7731904e-02
   1.7057682e-02
   1.6785991e-02
   1.7489055e-02
   1.7259317e-02
   1.6241425e-02
   1.6641558e-02
   1.7601016e-02
   1.6644227e-02
   1.6955862e-02
   1.6443557e-02
   1.7169727e-02
   1.6862363e-02
   1.7375383e-02
   1.7482121e-02
   1.7296040e-02
   1.6194056e-02
   1.7366647e-02
   1.6869669e-02
   1.6839038e-02
   1.6795141e-02
   1.7071234e-02
   1.7328970e-02
   1.6635295e-02
   1.6157032e-02
   1.6388963e-02
   1.6313455e-02
   1.7417470e-02
   1.6175678e-02
   1.6620992e-02
   1.6599534e-02
   1.6406670e-02
   1.6304755e-02
   1.7390390e-02
   1.6624459e-02
   1.6324356e-02
   1.6758407e-02
   1.6605161e-02
   1.7283633e-02
   1.7030648e-02
   1.6855424e-02
   1.7228638e-02
   1.7188037e-02
   1.6618389e-02
   1.6041709e-02
   1.6258638e-02
   1.7042011e-02
   1.6134141e-02
   1.6160953e-02
   1.6858748e-02
   1.6665853e-02
   1.7552442e-02
   1.6310801e-02
   1.7256988e-02
   1.6485322e-02
   1.6132946e-02
   1.6537146e-02
   1.7324974e-02
   1.6681782e-02
   1.6137811e-02
   1.7090703e-02
   1.7159915e-02
   1.7436387e-02
   1.6901034e-02
   1.7264737e-02
   1.7095366e-02
   1.7058919e-02
   1.7017994e-02
   1.6173737e-02
   1.6162629e-02
   1.7299265e-02
   1.7585864e-02
   1.6149228e-02
   1.6446737e-02
   1.7478266e-02
   1.7316136e-02
   1.7882859e-02
   1.7321611e-02
   1.7647731e-02
   1.6422124e-02
   1.6630067e-02
   1.7285381e-02
   1.7054668e-02
   1.7073576e-02
   1.6862315e-02
   1.7270782e-02
   1.6762132e-02
   1.7275358e-02
   1.7474463e-02
   1.7408817e-02
   1.6998538e-02
   1.7213884e-02
   1.7116956e-02
   1.6352575e-02
   1.6001879e-02
   1.6911827e-02
   1.6805944e-02
   1.7532805e-02
   1.6750979e-02
   1.7217746e-02
   1.6238206e-02
   1.7292436e-02
   1.6814384e-02
   1.6691692e-02
   1.6385505e-02
   1.6997220e-02
   1.6378360e-02
   1.6550374e-02
   1.6218690e-02
   1.6647364e-02
   1.6609057e-02
   1.6548488e-02
   1.7460698e-02
   1.6141211e-02
   1.6194746e-02
   1.6747277e-02
   1.6052429e-02
   1.6209160e-02
   1.7352535e-02
   1.6761225e-02
   1.7033467e-02
   1.6632670e-02
   1.6041179e-02
   1.7481619e-02
   1.7331426e-02
   1.5996991e-02
   1.7125957e-02
   1.6919009e-02
   1.6479993e-02
   1.7302954e-02
   1.6346361e-02
   1.6204186e-02
   1.6670332e-02
   1.6567298e-02
   1.7298194e-02
   1.7814996e-02
   1.6349302e-02
   1.7275901e-02
   1.6608249e-02
   1.6261924e-02
   1.7475798e-02
   1.6670593e-02
   1.6443121e-02
   1.6639606e-02
   1.7068771e-02
   1.6816564e-02
   1.7399866e-02
   1.7015341e-02
   1.6607226e-02
   1.7662877e-02
   1.7460699e-02
   1.7161527e-02
   1.7296991e-02
   1.6593193e-02
   1.7644887e-02
   1.6890303e-02
   1.6983353e-02
   1.6828794e-02
   1.7068490e-02
   1.6458836e-02
   1.6564442e-02
   1.7260405e-02
   1.6670568e-02
   1.7626116e-02
   1.6305336e-02
   1.6303684e-02
   1.6205709e-02
   1.7293482e-02
   1.7251395e-02
   1.7443883e-02
   1.6969509e-02
   1.6643784e-02
   1.7419933e-02
   1.6488121e-02
   1.7098100e-02
   1.7065308e-02
   1.6427599e-02
   1.6286171e-02
   1.7058220e-02
   1.7679314e-02
   1.6641977e-02
   1.7502769e-02
   1.6930856e-02
   1.7097335e-02
   1.6267044e-02
   1.6427918e-02
   1.6539067e-02
   1.7278716e-02
   1.6307634e-02
   1.7595513e-02
   1.7426317e-02
   1.6605417e-02
   1.6152087e-02
   1.7005488e-02
   1.6787299e-02
   1.6970851e-02
   1.6708537e-02
   1.6802509e-02
   1.6708282e-02
   1.6139446e-02
   1.6146545e-02
   1.7138264e-02
   1.7808840e-02
   1.7281119e-02
   1.6223876e-02
   1.6629286e-02
   1.6364752e-02
   1.6683525e-02
   1.6528915e-02
   1.6319397e-02
   1.6820166e-02
   1.6902154e-02
   1.6572700e-02
   1.6526820e-02
   1.7488727e-02
   1.5950923e-02
   1.7248630e-02
   1.6611914e-02
   1.6253618e-02
   1.7039018e-02
   1.7068855e-02
   1.7404832e-02
   1.6114222e-02
   1.6710414e-02
   1.7221867e-02
   1.7565650e-02
   1.6452896e-02
   1.7283605e-02
   1.6569711e-02
   1.7293973e-02
   1.7273368e-02
   1.6166089e-02
   1.7479724e-02
   1.6583553e-02
   1.6682135e-02
   1.6630111e-02
   1.7417064e-02
   1.6268864e-02
   1.7616929e-02
   1.6279025e-02
   1.7295853e-02
   1.6461733e-02
   1.7327525e-02
   1.7553699e-02
   1.6407724e-02
   1.6701475e-02
   1.7277697e-02
   1.7751711e-02
   1.6312400e-02
   1.7208858e-02
   1.6169984e-02
   1.6845864e-02
   1.7008904e-02
   1.6410925e-02
   1.6196396e-02
   1.7341523e-02
   1.7735588e-02
   1.6546200e-02
   1.6880848e-02
   1.7306909e-02
   1.6515105e-02
   1.5988910e-02
   1.6228982e-02
   1.6633474e-02
   1.6391699e-02
   1.6818254e-02
   1.7250729e-02
