   1.7379573e-01
   1.7996322e-01
   1.8694019e-01
   1.6783519e-01
   1.8130524e-01
   1.8254214e-01
   1.7075528e-01
   1.6835628e-01
   1.8076815e-01
   1.7966008e-01
   1.8097760e-01
   1.7155856e-01
   1.8097460e-01
   1.8636524e-01
   1.7029935e-01
   1.8420516e-01
   1.7915211e-01
   1.7195243e-01
   1.8297385e-01
   1.7213044e-01
   1.7157272e-01
   1.8311588e-01
   1.8445838e-01
   1.7871794e-01
   1.8663185e-01
   1.7119198e-01
   1.7884035e-01
   1.8033232e-01
   1.8054987e-01
   1.8493837e-01
   1.6915048e-01
   1.7100423e-01
   1.7183712e-01
   1.6790017e-01
   1.8592200e-01
   1.7260745e-01
   1.7071193e-01
   1.7677202e-01
   1.6999069e-01
   1.8095990e-01
   1.8314961e-01
   1.7808874e-01
   1.8344429e-01
   1.8631389e-01
   1.7679174e-01
   1.8390154e-01
   1.7576888e-01
   1.7232796e-01
   1.6850684e-01
   1.7126070e-01
   1.7563723e-01
   1.8424168e-01
   1.6777592e-01
   1.7719521e-01
   1.8297696e-01
   1.7160851e-01
   1.7731797e-01
   1.8025518e-01
   1.7960571e-01
   1.7268259e-01
   1.7443409e-01
   1.7846036e-01
   1.7990584e-01
   1.8098121e-01
   1.8379146e-01
   1.6976298e-01
   1.7473656e-01
   1.8703890e-01
   1.7764398e-01
   1.8090457e-01
   1.6794587e-01
   1.6929454e-01
   1.7798430e-01
   1.7942047e-01
   1.7433539e-01
   1.6672129e-01
   1.8588743e-01
   1.7978254e-01
   1.8741768e-01
   1.7786493e-01
   1.6819574e-01
   1.7282714e-01
   1.8411426e-01
   1.6849221e-01
   1.7370437e-01
   1.7612764e-01
   1.8316209e-01
   1.7108546e-01
   1.7466625e-01
   1.7786590e-01
   1.7388805e-01
   1.7501480e-01
   1.7085965e-01
   1.8300924e-01
   1.6832900e-01
   1.7691019e-01
   1.8663829e-01
   1.7792571e-01
   1.7568937e-01
   1.7327527e-01
   1.8104867e-01
   1.7497707e-01
   1.8176618e-01
   1.8557859e-01
   1.8373649e-01
   1.8233882e-01
   1.8016359e-01
   1.8005764e-01
   1.6828336e-01
   1.7099974e-01
   1.7381407e-01
   1.8736946e-01
   1.7521541e-01
   1.7744907e-01
   1.6697419e-01
   1.8264452e-01
   1.7006420e-01
   1.7972278e-01
   1.7912050e-01
   1.7584099e-01
   1.7078624e-01
   1.7692147e-01
   1.7871362e-01
   1.7561110e-01
   1.7808023e-01
   1.7047077e-01
   1.6759458e-01
   1.8525446e-01
   1.7684763e-01
   1.7928014e-01
   1.8547949e-01
   1.6862507e-01
   1.6984075e-01
   1.7697288e-01
   1.8516489e-01
   1.7238770e-01
   1.7171168e-01
   1.7154489e-01
   1.7496777e-01
   1.7356164e-01
   1.7057106e-01
   1.8175277e-01
   1.7812856e-01
   1.8040521e-01
   1.6804612e-01
   1.8387582e-01
   1.8089712e-01
   1.7808151e-01
   1.7968505e-01
   1.6963940e-01
   1.6604122e-01
   1.6839985e-01
   1.7900102e-01
   1.6880847e-01
   1.7924306e-01
   1.7549894e-01
   1.7369307e-01
   1.7911444e-01
   1.6853147e-01
   1.7955006e-01
   1.7474928e-01
   1.7285095e-01
   1.7714434e-01
   1.6972379e-01
   1.8002019e-01
   1.7899465e-01
   1.6876694e-01
   1.7011412e-01
   1.8385993e-01
   1.7525628e-01
   1.7852972e-01
   1.6802958e-01
   1.7107710e-01
   1.7502714e-01
   1.7765037e-01
   1.8065354e-01
   1.7882879e-01
   1.7644096e-01
   1.7888003e-01
   1.7431547e-01
   1.8648391e-01
   1.7728338e-01
   1.6876909e-01
   1.7217936e-01
   1.7766621e-01
   1.7448522e-01
   1.7405240e-01
   1.8049294e-01
   1.6767560e-01
   1.8247337e-01
   1.7095760e-01
   1.7790250e-01
   1.7621349e-01
   1.7755970e-01
   1.7852463e-01
   1.8054802e-01
   1.7023362e-01
   1.7885950e-01
   1.7362864e-01
   1.7807709e-01
   1.6605657e-01
   1.7880207e-01
   1.7063966e-01
   1.6751829e-01
   1.8080286e-01
   1.8317052e-01
   1.7926966e-01
   1.6853956e-01
   1.7104622e-01
   1.7562123e-01
   1.8084134e-01
   1.8282487e-01
   1.7035063e-01
   1.7251217e-01
   1.7811933e-01
   1.7961003e-01
   1.8710442e-01
   1.6987971e-01
   1.6792898e-01
   1.7818063e-01
   1.7824501e-01
   1.7090496e-01
   1.8004935e-01
   1.7909144e-01
   1.8068138e-01
   1.7558516e-01
   1.7805498e-01
   1.8050957e-01
   1.7083436e-01
   1.8125621e-01
   1.7344222e-01
   1.8035707e-01
   1.8345560e-01
   1.8226387e-01
   1.8510348e-01
   1.7424335e-01
   1.6683437e-01
   1.7712397e-01
   1.8059792e-01
   1.7967019e-01
   1.7615431e-01
   1.6731570e-01
   1.8195029e-01
   1.7467354e-01
   1.8303262e-01
   1.7356977e-01
   1.7666216e-01
   1.7795474e-01
   1.8846338e-01
   1.7304743e-01
   1.7454788e-01
   1.6886597e-01
   1.8088691e-01
   1.8398875e-01
   1.8326781e-01
   1.7760612e-01
   1.8320718e-01
   1.7649005e-01
   1.8382852e-01
   1.8851743e-01
   1.7473891e-01
   1.8024522e-01
   1.6633194e-01
   1.8399945e-01
   1.7803256e-01
   1.8240072e-01
   1.7833278e-01
   1.7101545e-01
   1.8005831e-01
   1.8017684e-01
   1.7097619e-01
   1.8037067e-01
   1.7508692e-01
   1.8785353e-01
   1.7093442e-01
   1.7679225e-01
   1.7082699e-01
   1.8043629e-01
   1.7219663e-01
   1.7293903e-01
   1.7037895e-01
   1.7182759e-01
   1.8082010e-01
   1.8114473e-01
   1.7638960e-01
   1.7319510e-01
   1.8346105e-01
   1.8189554e-01
   1.7701276e-01
   1.7172553e-01
   1.7943461e-01
   1.7914596e-01
   1.7242531e-01
   1.7017455e-01
   1.7550147e-01
   1.8243664e-01
   1.8679230e-01
   1.7600382e-01
   1.8875313e-01
   1.7524490e-01
