   4.7752777e-02
   4.7576239e-02
   4.6192789e-02
   4.7650660e-02
   4.7637252e-02
   4.6204354e-02
   4.8533084e-02
   4.6810803e-02
   4.6565426e-02
   4.6434425e-02
   4.7588391e-02
   4.8926173e-02
   4.7262275e-02
   4.7386467e-02
   4.7142732e-02
   4.7411601e-02
   4.7850166e-02
   4.8210058e-02
   4.7070994e-02
   4.6310216e-02
   4.6615262e-02
   4.8193842e-02
   4.6868535e-02
   4.8026237e-02
   4.7355065e-02
   4.6546040e-02
   4.5699889e-02
   4.6861034e-02
   4.5938132e-02
   4.6736213e-02
   4.7495968e-02
   4.6932734e-02
   4.7139168e-02
   4.6409401e-02
   4.7627789e-02
   4.7043487e-02
   4.6971331e-02
   4.8344946e-02
   4.7865880e-02
   4.7226220e-02
   4.6706442e-02
   4.7146013e-02
   4.5794022e-02
   4.7889775e-02
   4.7687303e-02
   4.7268972e-02
   4.6095725e-02
   4.7649311e-02
   4.7623452e-02
   4.7379172e-02
   4.7899238e-02
   4.7040772e-02
   4.6892046e-02
   4.7450930e-02
   4.6793383e-02
   4.6825709e-02
   4.8983714e-02
   4.6683685e-02
   4.7609757e-02
   4.7695955e-02
   4.6987378e-02
   4.7318943e-02
   4.6075263e-02
   4.5798011e-02
   4.7720034e-02
   4.7697225e-02
   4.5787758e-02
   4.6587488e-02
   4.7498512e-02
   4.5871029e-02
   4.8279967e-02
   4.5724329e-02
   4.5672632e-02
   4.6305582e-02
   4.7482315e-02
   4.6895537e-02
   4.6559716e-02
   4.7439603e-02
   4.6492247e-02
   4.7337010e-02
   4.6929669e-02
   4.7534717e-02
   4.7272824e-02
   4.7463530e-02
   4.7994520e-02
   4.6596833e-02
   4.7003395e-02
   4.7836964e-02
   4.6275339e-02
   4.7899081e-02
   4.7019102e-02
   4.8106402e-02
   4.7164127e-02
   4.5718018e-02
   4.6712212e-02
   4.7619482e-02
   4.6646471e-02
   4.7155737e-02
   4.6693722e-02
   4.7330340e-02
   4.7246515e-02
   4.7770865e-02
   4.6783491e-02
   4.7514411e-02
   4.7528057e-02
   4.6239887e-02
   4.7044341e-02
   4.7433237e-02
   4.7985585e-02
   4.7785483e-02
   4.7237149e-02
   4.7890160e-02
   4.6311050e-02
   4.6670443e-02
   4.7234452e-02
   4.7961413e-02
   4.8265819e-02
   4.6799876e-02
   4.7522611e-02
   4.6717175e-02
   4.8789044e-02
   4.7122087e-02
   4.8847925e-02
   4.7220143e-02
   4.6674983e-02
   4.6344821e-02
   4.6466288e-02
   4.6312672e-02
   4.6347542e-02
   4.7119341e-02
   4.7674945e-02
   4.7711662e-02
   4.8016152e-02
   4.7735117e-02
   4.5828479e-02
   4.5963251e-02
   4.6604389e-02
   4.7037204e-02
   4.7406288e-02
   4.5869317e-02
   4.7642826e-02
   4.6851611e-02
   4.5735493e-02
   4.6259848e-02
   4.7334728e-02
   4.6133382e-02
   4.7762730e-02
   4.7522042e-02
   4.7467466e-02
   4.6749984e-02
   4.5926296e-02
   4.7867760e-02
   4.6773540e-02
   4.7295911e-02
   4.5987562e-02
   4.6917505e-02
   4.6282276e-02
   4.8145092e-02
   4.6747980e-02
   4.7796322e-02
   4.8277432e-02
   4.5713810e-02
   4.6822546e-02
   4.6714023e-02
   4.7683927e-02
   4.7772513e-02
   4.7290036e-02
   4.6287864e-02
   4.7303745e-02
   4.6075951e-02
   4.6798447e-02
   4.5870769e-02
   4.6658093e-02
   4.6885156e-02
   4.7563862e-02
   4.7371488e-02
   4.7890535e-02
   4.7701773e-02
   4.7705806e-02
   4.7706721e-02
   4.7034587e-02
   4.6451886e-02
   4.7451377e-02
   4.7823908e-02
   4.6507078e-02
   4.6385252e-02
   4.7512887e-02
   4.7349528e-02
   4.6012688e-02
   4.7598558e-02
   4.6138186e-02
   4.6072561e-02
   4.6926817e-02
   4.8810654e-02
   4.6573976e-02
   4.6665838e-02
   4.6228132e-02
   4.7114383e-02
   4.6810637e-02
   4.7262494e-02
   4.5739889e-02
   4.8139396e-02
   4.7563061e-02
   4.7655079e-02
   4.7855882e-02
   4.8162210e-02
   4.7976055e-02
   4.8283478e-02
   4.8011571e-02
   4.6789445e-02
   4.8508892e-02
   4.7046777e-02
   4.7004200e-02
   4.7366372e-02
   4.6131084e-02
   4.6146517e-02
   4.5574162e-02
   4.7082965e-02
   4.7576246e-02
   4.8595010e-02
   4.7424487e-02
   4.7304920e-02
   4.5569189e-02
   4.8080857e-02
   4.8264935e-02
   4.6347850e-02
   4.6285777e-02
   4.6590201e-02
   4.7084509e-02
   4.9015555e-02
   4.6427807e-02
   4.6471229e-02
   4.8914976e-02
   4.6599406e-02
   4.7473338e-02
   4.7739027e-02
   4.6993005e-02
   4.8204092e-02
   4.8258345e-02
   4.5809911e-02
   4.8039358e-02
   4.7172565e-02
   4.6101925e-02
   4.6805834e-02
   4.7512292e-02
   4.8430986e-02
   4.7069116e-02
   4.6712153e-02
   4.7889125e-02
   4.7841947e-02
   4.6888698e-02
   4.8075791e-02
   4.8645637e-02
   4.8909846e-02
   4.7534143e-02
   4.6969255e-02
   4.7473409e-02
   4.7430316e-02
   4.6996206e-02
   4.6536464e-02
   4.5960197e-02
   4.6298992e-02
   4.7163210e-02
   4.5835824e-02
   4.7452271e-02
   4.6502157e-02
   4.6514501e-02
   4.5907391e-02
   4.6147258e-02
   4.6064816e-02
   4.6311654e-02
   4.6669826e-02
   4.7621652e-02
   4.6592385e-02
   4.7442642e-02
   4.8350687e-02
   4.6433335e-02
   4.6832037e-02
   4.7447241e-02
   4.7662925e-02
   4.7979006e-02
   4.6897689e-02
   4.6526013e-02
   4.8617337e-02
   4.7021413e-02
   4.7126832e-02
   4.6793331e-02
   4.6756560e-02
   4.7916460e-02
   4.8757396e-02
   4.8045306e-02
   4.6796014e-02
   4.6681352e-02
   4.6671083e-02
   4.6954476e-02
   4.7470346e-02
   4.8518005e-02
   4.6842610e-02
   4.7288858e-02
   4.7549585e-02
