   4.2190094e-02
   3.8371880e-02
   4.3440334e-02
   3.8589478e-02
   3.8724314e-02
   3.9208977e-02
   4.1182038e-02
   4.1246211e-02
   3.8397959e-02
   4.2148221e-02
   3.8761313e-02
   4.2593463e-02
   4.2543631e-02
   3.8528023e-02
   4.1223458e-02
   4.3205020e-02
   3.8017109e-02
   3.8512068e-02
   3.9068535e-02
   3.9375677e-02
   3.9407042e-02
   3.9218030e-02
   3.8150839e-02
   3.8427795e-02
   3.7838102e-02
   4.3937200e-02
   3.7962820e-02
   3.8474479e-02
   4.0131395e-02
   4.1937896e-02
   3.9809066e-02
   3.8350415e-02
   4.2264883e-02
   3.9750159e-02
   3.8918827e-02
   3.9456935e-02
   4.2939103e-02
   4.1867188e-02
   3.9464072e-02
   4.2133674e-02
   3.8261458e-02
   3.9506333e-02
   3.8849506e-02
   3.9774564e-02
   3.8591193e-02
   4.3987051e-02
   3.8973047e-02
   4.3536816e-02
   4.1691947e-02
   3.8532144e-02
   4.2658026e-02
   3.9211828e-02
   3.8554476e-02
   3.8445167e-02
   3.9579634e-02
   4.0912415e-02
   4.0335910e-02
   4.0117119e-02
   4.0234184e-02
   3.8641968e-02
   3.8620072e-02
   4.1744144e-02
   4.3615382e-02
   4.0006958e-02
   3.8623318e-02
   4.4534839e-02
   3.8350100e-02
   4.2813015e-02
   3.7805750e-02
   4.1201193e-02
   3.9868749e-02
   3.8157380e-02
   3.8952081e-02
   4.4184059e-02
   3.9150940e-02
   4.1266191e-02
   4.2107389e-02
   3.8775754e-02
   4.0123944e-02
   4.1932326e-02
   3.8679392e-02
   4.2833763e-02
   4.3410286e-02
   4.4615000e-02
   3.8310559e-02
   4.2352458e-02
   3.9102722e-02
   4.0349065e-02
   4.3225420e-02
   4.1105333e-02
   4.0370921e-02
   4.0107444e-02
   4.1117180e-02
   4.2240982e-02
   3.9639850e-02
   4.3307045e-02
   3.8578093e-02
   4.2995079e-02
   3.9098571e-02
   4.2660424e-02
   4.2899958e-02
   3.9376146e-02
   3.8517608e-02
   3.9541290e-02
   4.1206056e-02
   3.8974891e-02
   4.1763952e-02
   3.8711826e-02
   3.8832147e-02
   4.3358576e-02
   4.1484365e-02
   4.3345976e-02
   4.3889868e-02
   3.9939299e-02
   4.0316525e-02
   3.8618508e-02
   4.3182667e-02
   3.9081192e-02
   3.9307037e-02
   4.2918408e-02
   4.5002359e-02
   3.8648165e-02
   4.3977895e-02
   4.3042569e-02
   3.9164562e-02
   4.2803650e-02
   4.1187635e-02
   4.1810041e-02
   4.0567031e-02
   3.9145277e-02
   4.2894654e-02
   3.9197263e-02
   3.8431501e-02
   4.0216282e-02
   3.8841088e-02
   3.8724751e-02
   4.5052755e-02
   4.3815734e-02
   3.9764467e-02
   4.3466020e-02
   4.5117435e-02
   4.3006184e-02
   3.8318851e-02
   3.8718463e-02
   3.8948000e-02
   4.1720477e-02
   4.1023205e-02
   4.3162053e-02
   3.8898694e-02
   4.1857719e-02
   4.2931817e-02
   4.3856740e-02
   4.0528680e-02
   4.2404671e-02
   3.8932281e-02
   4.1827128e-02
   4.0847311e-02
   3.9046431e-02
   4.2099421e-02
   4.2398844e-02
   3.9092049e-02
   3.8097757e-02
   4.0842599e-02
   3.8439454e-02
   3.8981005e-02
   4.3933658e-02
   3.9421441e-02
   4.0211469e-02
   4.2324064e-02
   4.1991531e-02
   3.9519650e-02
   4.3643295e-02
   4.2215806e-02
   4.1755214e-02
   4.2408434e-02
   4.2654118e-02
   3.9854856e-02
   3.7728790e-02
   4.2237517e-02
   3.9447575e-02
   4.0427532e-02
   3.8722541e-02
   3.8977777e-02
   3.9291716e-02
   4.2689165e-02
   4.1827692e-02
   3.8931869e-02
   3.8937421e-02
   4.0129523e-02
   4.2167620e-02
   3.9551173e-02
   4.1615878e-02
   4.1749754e-02
   4.4222504e-02
   3.8989797e-02
   4.3108004e-02
   3.8767378e-02
   4.4757263e-02
   4.1381783e-02
   3.9358445e-02
   4.0403486e-02
   4.2690360e-02
   3.8733110e-02
   3.9813758e-02
   4.2501406e-02
   3.7995873e-02
   3.8458925e-02
   4.3180570e-02
   4.3675322e-02
   4.0277192e-02
   3.8904880e-02
   4.2747339e-02
   4.0520158e-02
   4.0932426e-02
   3.9081706e-02
   3.8637531e-02
   4.0394050e-02
   4.1895943e-02
   3.7784543e-02
   3.8744326e-02
   4.2306338e-02
   4.3794735e-02
   3.8846235e-02
   3.8492341e-02
   3.9871361e-02
   3.9756530e-02
   3.9479211e-02
   3.8074580e-02
   3.8731315e-02
   3.9789676e-02
   4.2005763e-02
   3.9329365e-02
   3.8788996e-02
   4.2572791e-02
   4.1931507e-02
   3.7708974e-02
   3.9156105e-02
   3.9719823e-02
   4.2327480e-02
   3.9096902e-02
   3.8646592e-02
   4.1970250e-02
   3.8397696e-02
   3.8982093e-02
   3.9567480e-02
   3.8666796e-02
   4.3415696e-02
   4.2919754e-02
   4.0670590e-02
   3.9575550e-02
   3.8810348e-02
   3.8816871e-02
   4.3481888e-02
   4.1297858e-02
   4.2339590e-02
   4.4876599e-02
   4.0482011e-02
   3.8487154e-02
   3.8894612e-02
   3.8599377e-02
   4.2491939e-02
   4.0851522e-02
   3.8674978e-02
   4.0457905e-02
   4.2394264e-02
   4.0068367e-02
   4.4364910e-02
   4.4332938e-02
   3.8430675e-02
   4.1261790e-02
   4.1276221e-02
   3.9776706e-02
   4.1946373e-02
   3.9268143e-02
   4.2753595e-02
   4.3191878e-02
   3.8150864e-02
   4.2719756e-02
   3.9651008e-02
   3.9132350e-02
   3.8484041e-02
   3.8618930e-02
   4.0358352e-02
   4.3133112e-02
   3.7985602e-02
   3.9575043e-02
   3.9005765e-02
   3.8915772e-02
   4.1681777e-02
   3.8193962e-02
   4.3144658e-02
   4.0925935e-02
   3.9600105e-02
   4.1060280e-02
   3.9780121e-02
   4.0445559e-02
   4.2417042e-02
   3.9897338e-02
   3.8814156e-02
   3.8969704e-02
