   1.4923225e-01
   1.3730861e-01
   1.5511128e-01
   1.4149368e-01
   1.3831349e-01
   1.4693616e-01
   1.3816027e-01
   1.4843495e-01
   1.3142568e-01
   1.3241267e-01
   1.4182390e-01
   1.3458221e-01
   1.3686261e-01
   1.3441699e-01
   1.3467966e-01
   1.4004459e-01
   1.2872671e-01
   1.4477677e-01
   1.5209952e-01
   1.4980981e-01
   1.4374651e-01
   1.3702284e-01
   1.3579577e-01
   1.3794535e-01
   1.4226365e-01
   1.4535077e-01
   1.3536582e-01
   1.4351673e-01
   1.3102797e-01
   1.2983406e-01
   1.2893296e-01
   1.4986820e-01
   1.2922171e-01
   1.3820675e-01
   1.3244810e-01
   1.3185360e-01
   1.5210903e-01
   1.3529255e-01
   1.2929996e-01
   1.2932703e-01
   1.3895160e-01
   1.3506697e-01
   1.4230022e-01
   1.3917750e-01
   1.5006512e-01
   1.5505609e-01
   1.4480072e-01
   1.3186613e-01
   1.5130335e-01
   1.5437574e-01
   1.4611386e-01
   1.4610214e-01
   1.6048780e-01
   1.6150608e-01
   1.5635542e-01
   1.3493838e-01
   1.3666762e-01
   1.3242263e-01
   1.3567461e-01
   1.4029128e-01
   1.3887484e-01
   1.5539731e-01
   1.2886127e-01
   1.3215910e-01
   1.4259667e-01
   1.5247549e-01
   1.3418241e-01
   1.3279462e-01
   1.3541102e-01
   1.3949638e-01
   1.3160826e-01
   1.4202313e-01
   1.3437155e-01
   1.5934613e-01
   1.4927855e-01
   1.3461590e-01
   1.6231307e-01
   1.3323200e-01
   1.4107881e-01
   1.6096313e-01
   1.2982178e-01
   1.3520795e-01
   1.3973781e-01
   1.3809017e-01
   1.4102875e-01
   1.3192394e-01
   1.3600441e-01
   1.5746913e-01
   1.3339516e-01
   1.5254143e-01
   1.3333810e-01
   1.3896577e-01
   1.4630369e-01
   1.4387660e-01
   1.4928455e-01
   1.3348148e-01
   1.4780534e-01
   1.3724764e-01
   1.6090818e-01
   1.5419260e-01
   1.6041611e-01
   1.5553674e-01
   1.3613676e-01
   1.3379914e-01
   1.3675289e-01
   1.3636540e-01
   1.5611662e-01
   1.4974152e-01
   1.4234554e-01
   1.3842539e-01
   1.3414429e-01
   1.3347459e-01
   1.4455499e-01
   1.3647557e-01
   1.3124951e-01
   1.3907595e-01
   1.4952473e-01
   1.3175421e-01
   1.5124671e-01
   1.5994131e-01
   1.3655084e-01
   1.3103791e-01
   1.3233288e-01
   1.4153356e-01
   1.5872960e-01
   1.5113211e-01
   1.3885022e-01
   1.2934713e-01
   1.3963224e-01
   1.4629468e-01
   1.3498905e-01
   1.3379515e-01
   1.3228324e-01
   1.6403864e-01
   1.4335936e-01
   1.5817259e-01
   1.5232651e-01
   1.5162295e-01
   1.3838033e-01
   1.3286644e-01
   1.2979331e-01
   1.3927174e-01
   1.6619525e-01
   1.2969829e-01
   1.3232926e-01
   1.3004986e-01
   1.3323551e-01
   1.4396382e-01
   1.6899295e-01
   1.2891996e-01
   1.3626640e-01
   1.4391074e-01
   1.3700547e-01
   1.3995670e-01
   1.3344179e-01
   1.5323685e-01
   1.3281534e-01
   1.3417712e-01
   1.3127543e-01
   1.3322006e-01
   1.5760483e-01
   1.4290182e-01
   1.4121281e-01
   1.4953361e-01
   1.2898587e-01
   1.4008958e-01
   1.2881688e-01
   1.4772316e-01
   1.6683208e-01
   1.4765578e-01
   1.5403219e-01
   1.5412169e-01
   1.4185532e-01
   1.4881253e-01
   1.3226214e-01
   1.4669258e-01
   1.5205609e-01
   1.3807531e-01
   1.4810896e-01
   1.3670031e-01
   1.3118698e-01
   1.4809110e-01
   1.2851340e-01
   1.3818817e-01
   1.3231718e-01
   1.2941381e-01
   1.3290538e-01
   1.3516964e-01
   1.3230001e-01
   1.5409290e-01
   1.5130642e-01
   1.3289678e-01
   1.4107479e-01
   1.4206540e-01
   1.3750971e-01
   1.3472798e-01
   1.5405191e-01
   1.4950043e-01
   1.5971368e-01
   1.3358771e-01
   1.6506576e-01
   1.4772931e-01
   1.3466236e-01
   1.5894090e-01
   1.3516966e-01
   1.5430974e-01
   1.3278887e-01
   1.3593491e-01
   1.4804367e-01
   1.3501695e-01
   1.3939248e-01
   1.4908698e-01
   1.3132188e-01
   1.6124904e-01
   1.3384755e-01
   1.3915063e-01
   1.5467053e-01
   1.2990808e-01
   1.5732267e-01
   1.5949645e-01
   1.5450813e-01
   1.3383081e-01
   1.3903594e-01
   1.2937794e-01
   1.3410305e-01
   1.3393995e-01
   1.3176221e-01
   1.3461776e-01
   1.5087090e-01
   1.2897257e-01
   1.5635483e-01
   1.3989576e-01
   1.3230001e-01
   1.4315361e-01
   1.5886174e-01
   1.3961787e-01
   1.5081665e-01
   1.3190053e-01
   1.3455602e-01
   1.3526857e-01
   1.4256947e-01
   1.4446707e-01
   1.5351020e-01
   1.6372849e-01
   1.3492931e-01
   1.2967164e-01
   1.3090340e-01
   1.3088180e-01
   1.3708434e-01
   1.3415500e-01
   1.3496234e-01
   1.3749415e-01
   1.3739589e-01
   1.3338773e-01
   1.4326559e-01
   1.3775290e-01
   1.4731315e-01
   1.3580323e-01
   1.5596677e-01
   1.4621276e-01
   1.4497568e-01
   1.3500542e-01
   1.3468382e-01
   1.3305684e-01
   1.4866636e-01
   1.3334588e-01
   1.4989551e-01
   1.3412207e-01
   1.3709677e-01
   1.5014486e-01
   1.3089738e-01
   1.6111262e-01
   1.2989794e-01
   1.4618909e-01
   1.4375541e-01
   1.5173802e-01
   1.3661777e-01
   1.2999069e-01
   1.6063804e-01
   1.3712455e-01
   1.4599122e-01
   1.2930239e-01
   1.5765601e-01
   1.4569202e-01
   1.3368396e-01
   1.3856254e-01
   1.3276245e-01
   1.3081343e-01
   1.5906408e-01
   1.3949875e-01
   1.4637628e-01
   1.4036675e-01
   1.3672915e-01
   1.3748956e-01
   1.3084308e-01
   1.3354834e-01
   1.3312335e-01
   1.3108566e-01
   1.3819667e-01
   1.5086203e-01
