   1.8600973e-01
   1.8059271e-01
   1.8591355e-01
   1.8659790e-01
   1.8874504e-01
   1.9091463e-01
   1.7974295e-01
   1.8548769e-01
   1.9365460e-01
   1.7776812e-01
   1.7431164e-01
   1.8578007e-01
   1.8698357e-01
   1.8884211e-01
   1.8621971e-01
   1.7858501e-01
   1.8516681e-01
   1.8609907e-01
   1.8164470e-01
   1.8282104e-01
   1.8895638e-01
   1.7716203e-01
   1.7718382e-01
   1.9441107e-01
   1.8130961e-01
   1.8635957e-01
   1.8652598e-01
   1.8687828e-01
   1.7661706e-01
   1.7531111e-01
   1.8949781e-01
   1.8584361e-01
   1.7436180e-01
   1.8519455e-01
   1.8064994e-01
   1.8532056e-01
   1.8483492e-01
   1.8670863e-01
   1.8594865e-01
   1.8569756e-01
   1.8639745e-01
   1.7824066e-01
   1.7958101e-01
   1.8683849e-01
   1.8338182e-01
   1.9024789e-01
   1.7801944e-01
   1.8317750e-01
   1.8775053e-01
   1.7528740e-01
   1.7494770e-01
   1.8626725e-01
   1.7464534e-01
   1.7523732e-01
   1.8641997e-01
   1.8417646e-01
   1.8662521e-01
   1.8743466e-01
   1.8213562e-01
   1.7867884e-01
   1.8544926e-01
   1.8343375e-01
   1.7898716e-01
   1.8421034e-01
   1.8666945e-01
   1.8216741e-01
   1.8606993e-01
   1.7515021e-01
   1.8671551e-01
   1.8627175e-01
   1.7939609e-01
   1.7642164e-01
   1.7751930e-01
   1.8426273e-01
   1.8332286e-01
   1.7731050e-01
   1.8653747e-01
   1.7985370e-01
   1.7625350e-01
   1.8797175e-01
   1.7790898e-01
   1.7936486e-01
   1.8751924e-01
   1.8279298e-01
   1.8623560e-01
   1.9440174e-01
   1.9058181e-01
   1.7972038e-01
   1.7496244e-01
   1.7986752e-01
   1.8860546e-01
   1.8736786e-01
   1.7839312e-01
   1.8597705e-01
   1.8011233e-01
   1.7753097e-01
   1.8650241e-01
   1.8451394e-01
   1.7575076e-01
   1.8012766e-01
   1.7500722e-01
   1.8604281e-01
   1.8438428e-01
   1.8524672e-01
   1.7600147e-01
   1.8820626e-01
   1.7916331e-01
   1.8025343e-01
   1.9337509e-01
   1.7563231e-01
   1.7816705e-01
   1.8454931e-01
   1.8277307e-01
   1.7752597e-01
   1.8681862e-01
   1.7689610e-01
   1.7991248e-01
   1.7833163e-01
   1.7832643e-01
   1.7947192e-01
   1.8931184e-01
   1.8611781e-01
   1.8823210e-01
   1.9193213e-01
   1.8628786e-01
   1.7423621e-01
   1.7794322e-01
   1.8044324e-01
   1.8469302e-01
   1.8605243e-01
   1.8425745e-01
   1.7750614e-01
   1.9123935e-01
   1.8752393e-01
   1.8132291e-01
   1.8102654e-01
   1.7890504e-01
   1.8846687e-01
   1.7911856e-01
   1.9307054e-01
   1.8713510e-01
   1.7954089e-01
   1.7815661e-01
   1.8775878e-01
   1.8793216e-01
   1.8210206e-01
   1.7681204e-01
   1.8809824e-01
   1.8072311e-01
   1.7798212e-01
   1.8777416e-01
   1.9531156e-01
   1.7766858e-01
   1.8107556e-01
   1.8049648e-01
   1.8831267e-01
   1.7893191e-01
   1.8685979e-01
   1.7592186e-01
   1.8882985e-01
   1.8084040e-01
   1.8686067e-01
   1.7672108e-01
   1.7755221e-01
   1.7467095e-01
   1.8918224e-01
   1.9344097e-01
   1.8869873e-01
   1.8377506e-01
   1.7546882e-01
   1.8564301e-01
   1.7877571e-01
   1.7811760e-01
   1.8643253e-01
   1.8737457e-01
   1.8177124e-01
   1.9247918e-01
   1.8075679e-01
   1.9088867e-01
   1.8490999e-01
   1.8629565e-01
   1.7754803e-01
   1.8440375e-01
   1.8597845e-01
   1.8585620e-01
   1.8681946e-01
   1.8396548e-01
   1.7782085e-01
   1.7775930e-01
   1.8686115e-01
   1.7666156e-01
   1.8134100e-01
   1.9263067e-01
   1.8633723e-01
   1.8665135e-01
   1.8612887e-01
   1.8578288e-01
   1.7899043e-01
   1.7535209e-01
   1.8494353e-01
   1.7810540e-01
   1.8758383e-01
   1.9526864e-01
   1.7556818e-01
   1.8595067e-01
   1.7987483e-01
   1.8739012e-01
   1.8048159e-01
   1.8659673e-01
   1.8060252e-01
   1.8568960e-01
   1.7756084e-01
   1.8253681e-01
   1.7542036e-01
   1.9246688e-01
   1.8514878e-01
   1.8407884e-01
   1.7835299e-01
   1.7419128e-01
   1.7467876e-01
   1.8637893e-01
   1.7917648e-01
   1.7395519e-01
   1.8629304e-01
   1.7783810e-01
   1.8865086e-01
   1.9167014e-01
   1.7993843e-01
   1.8480133e-01
   1.7935117e-01
   1.8643340e-01
   1.8809998e-01
   1.9378828e-01
   1.8613787e-01
   1.8429684e-01
   1.8148513e-01
   1.7436317e-01
   1.8323822e-01
   1.7868490e-01
   1.9212384e-01
   1.8949356e-01
   1.7687815e-01
   1.9080636e-01
   1.7811488e-01
   1.7508317e-01
   1.7443314e-01
   1.7619853e-01
   1.8885900e-01
   1.8485467e-01
   1.7974952e-01
   1.8855012e-01
   1.9456984e-01
   1.8667058e-01
   1.7673297e-01
   1.7576174e-01
   1.8593495e-01
   1.7501050e-01
   1.8565642e-01
   1.8630206e-01
   1.8349743e-01
   1.8626307e-01
   1.8660236e-01
   1.7713440e-01
   1.8670732e-01
   1.8703892e-01
   1.8708102e-01
   1.8207255e-01
   1.8017475e-01
   1.8581525e-01
   1.8245485e-01
   1.7735620e-01
   1.8230352e-01
   1.7531487e-01
   1.8484736e-01
   1.8602159e-01
   1.8111449e-01
   1.7973933e-01
   1.8039575e-01
   1.8577349e-01
   1.7979354e-01
   1.7996950e-01
   1.8695797e-01
   1.9480552e-01
   1.8623662e-01
   1.8698791e-01
   1.8629517e-01
   1.8737171e-01
   1.7473630e-01
   1.8050860e-01
   1.8365128e-01
   1.7994010e-01
   1.7669652e-01
   1.7990785e-01
   1.8431066e-01
   1.7628575e-01
   1.8108348e-01
   1.7813523e-01
   1.8410465e-01
   1.9034325e-01
   1.8568144e-01
