   3.4708906e-02
   3.3446120e-02
   3.4333433e-02
   3.3725413e-02
   3.4979188e-02
   3.4099745e-02
   3.5667145e-02
   3.4953957e-02
   3.4123445e-02
   3.4877076e-02
   3.3325473e-02
   3.3570843e-02
   3.3940017e-02
   3.3746034e-02
   3.4500148e-02
   3.4343655e-02
   3.4294755e-02
   3.3318735e-02
   3.3477983e-02
   3.3358433e-02
   3.5085506e-02
   3.4561542e-02
   3.3711103e-02
   3.5172584e-02
   3.4868857e-02
   3.3283745e-02
   3.4671624e-02
   3.4795420e-02
   3.3468607e-02
   3.3282490e-02
   3.4480412e-02
   3.4725580e-02
   3.4549167e-02
   3.4683221e-02
   3.4055425e-02
   3.4701398e-02
   3.4542369e-02
   3.3511237e-02
   3.4242600e-02
   3.4915647e-02
   3.4597527e-02
   3.4085856e-02
   3.4639420e-02
   3.4819215e-02
   3.4138410e-02
   3.5494996e-02
   3.4741030e-02
   3.4305881e-02
   3.3175370e-02
   3.4695609e-02
   3.4435926e-02
   3.4139487e-02
   3.3182654e-02
   3.4121147e-02
   3.3394410e-02
   3.4184588e-02
   3.4375114e-02
   3.4858089e-02
   3.4813575e-02
   3.4323525e-02
   3.3550758e-02
   3.4496153e-02
   3.5402581e-02
   3.3894526e-02
   3.3868616e-02
   3.4847863e-02
   3.4863340e-02
   3.4159902e-02
   3.4363987e-02
   3.4797559e-02
   3.4880802e-02
   3.3420948e-02
   3.5725656e-02
   3.3538616e-02
   3.4756342e-02
   3.4964034e-02
   3.3813201e-02
   3.4920173e-02
   3.5378116e-02
   3.4603575e-02
   3.4854687e-02
   3.4007208e-02
   3.3251578e-02
   3.3570964e-02
   3.4019038e-02
   3.4043467e-02
   3.3636041e-02
   3.4885721e-02
   3.3794422e-02
   3.3949825e-02
   3.3149089e-02
   3.5054372e-02
   3.3686911e-02
   3.3554557e-02
   3.4650676e-02
   3.3845846e-02
   3.5150034e-02
   3.3271055e-02
   3.4872105e-02
   3.3778486e-02
   3.3761983e-02
   3.4312615e-02
   3.5657515e-02
   3.4411074e-02
   3.3203041e-02
   3.5248061e-02
   3.4601553e-02
   3.4491421e-02
   3.4005873e-02
   3.4149119e-02
   3.4177314e-02
   3.4264209e-02
   3.4975790e-02
   3.4881623e-02
   3.4615101e-02
   3.3830749e-02
   3.4771141e-02
   3.5251177e-02
   3.4444769e-02
   3.4712401e-02
   3.4306432e-02
   3.5628256e-02
   3.4218079e-02
   3.3690251e-02
   3.4384056e-02
   3.5170068e-02
   3.4652636e-02
   3.3622460e-02
   3.5672666e-02
   3.4055994e-02
   3.5316488e-02
   3.4458688e-02
   3.4716470e-02
   3.4890338e-02
   3.4519478e-02
   3.4293987e-02
   3.4822734e-02
   3.4784038e-02
   3.3681512e-02
   3.4304398e-02
   3.3534118e-02
   3.3564527e-02
   3.3647162e-02
   3.5134725e-02
   3.4809959e-02
   3.4369052e-02
   3.4700675e-02
   3.3670508e-02
   3.3261274e-02
   3.3964974e-02
   3.5032833e-02
   3.4362439e-02
   3.3112898e-02
   3.3665420e-02
   3.4351852e-02
   3.4671391e-02
   3.3603628e-02
   3.4199362e-02
   3.5297536e-02
   3.3240825e-02
   3.4945645e-02
   3.4592542e-02
   3.3088200e-02
   3.4707839e-02
   3.4610183e-02
   3.3522778e-02
   3.4786850e-02
   3.5433754e-02
   3.3309366e-02
   3.4494630e-02
   3.3508416e-02
   3.4362736e-02
   3.3938492e-02
   3.4511082e-02
   3.4504510e-02
   3.5080480e-02
   3.4979301e-02
   3.3396900e-02
   3.3662086e-02
   3.3712065e-02
   3.3721804e-02
   3.4294820e-02
   3.3492572e-02
   3.4870028e-02
   3.4501236e-02
   3.4699520e-02
   3.4738521e-02
   3.4860960e-02
   3.3409907e-02
   3.5481719e-02
   3.3303578e-02
   3.4826541e-02
   3.3715808e-02
   3.4870356e-02
   3.5229976e-02
   3.4521582e-02
   3.3551441e-02
   3.3753895e-02
   3.5833591e-02
   3.3549130e-02
   3.4883458e-02
   3.3593688e-02
   3.4958277e-02
   3.4623277e-02
   3.4681786e-02
   3.3969769e-02
   3.4686573e-02
   3.4387454e-02
   3.4899605e-02
   3.3603249e-02
   3.3548978e-02
   3.3521788e-02
   3.4649438e-02
   3.4677137e-02
   3.3661699e-02
   3.3610078e-02
   3.3320081e-02
   3.5737485e-02
   3.4458174e-02
   3.3446048e-02
   3.4456949e-02
   3.5104453e-02
   3.3290914e-02
   3.3984096e-02
   3.4284904e-02
   3.3620918e-02
   3.3713803e-02
   3.3729180e-02
   3.4406099e-02
   3.4779962e-02
   3.4665053e-02
   3.5209745e-02
   3.4727383e-02
   3.4816895e-02
   3.3385785e-02
   3.4725055e-02
   3.5238646e-02
   3.3678038e-02
   3.5034142e-02
   3.4186964e-02
   3.4087471e-02
   3.4322530e-02
   3.4935514e-02
   3.5073441e-02
   3.4716711e-02
   3.4953598e-02
   3.4167812e-02
   3.3685360e-02
   3.3843216e-02
   3.4511546e-02
   3.3513151e-02
   3.4219231e-02
   3.3564783e-02
   3.5634584e-02
   3.4488756e-02
   3.4199401e-02
   3.4142321e-02
   3.5846517e-02
   3.4192380e-02
   3.3295428e-02
   3.3715915e-02
   3.4230626e-02
   3.3258820e-02
   3.5178611e-02
   3.3554346e-02
   3.3430202e-02
   3.5250232e-02
   3.3983039e-02
   3.4444043e-02
   3.3145532e-02
   3.4954747e-02
   3.4486389e-02
   3.3860898e-02
   3.3494014e-02
   3.3325204e-02
   3.5247495e-02
   3.4930639e-02
   3.3666105e-02
   3.4196863e-02
   3.5010079e-02
   3.3103949e-02
   3.4773471e-02
   3.4656771e-02
   3.3783522e-02
   3.5133123e-02
   3.3505503e-02
   3.5429111e-02
   3.3486345e-02
   3.4815841e-02
   3.4418466e-02
   3.4014307e-02
   3.3932596e-02
   3.3762512e-02
   3.5465500e-02
   3.4414546e-02
   3.3247832e-02
   3.5020415e-02
   3.5081801e-02
   3.4084809e-02
   3.4095850e-02
