   4.1558485e-02
   4.2753371e-02
   4.2339306e-02
   4.2727231e-02
   4.1229818e-02
   4.2049771e-02
   4.3638990e-02
   4.3809343e-02
   4.0194535e-02
   4.1436636e-02
   4.1136174e-02
   4.1868550e-02
   4.1840387e-02
   4.2677414e-02
   4.2760411e-02
   4.2911757e-02
   4.2888839e-02
   4.0014718e-02
   4.0067659e-02
   4.1571448e-02
   4.2686003e-02
   4.1224591e-02
   4.3023524e-02
   4.0528859e-02
   4.1538320e-02
   4.0513451e-02
   4.3824171e-02
   4.2122081e-02
   4.1234077e-02
   4.1868271e-02
   4.0389380e-02
   4.2084099e-02
   4.1449970e-02
   4.1733484e-02
   4.1413608e-02
   4.0309552e-02
   4.3954833e-02
   4.3292079e-02
   4.1542386e-02
   4.2843800e-02
   4.3282075e-02
   4.2318684e-02
   4.1520293e-02
   4.4111286e-02
   4.1642709e-02
   4.1275109e-02
   4.1851347e-02
   4.0569982e-02
   4.0976600e-02
   4.1586505e-02
   4.2988416e-02
   4.0480771e-02
   4.2969624e-02
   4.1612889e-02
   4.3360786e-02
   4.1759653e-02
   4.1541564e-02
   4.1029215e-02
   4.2560265e-02
   4.2928816e-02
   4.1469583e-02
   4.1242456e-02
   4.1678934e-02
   4.1992574e-02
   4.2495766e-02
   4.1527786e-02
   4.1439896e-02
   4.1699607e-02
   4.1330875e-02
   4.1004068e-02
   4.2055431e-02
   4.1717949e-02
   4.2366434e-02
   4.1584414e-02
   4.2716101e-02
   4.2164587e-02
   4.1948634e-02
   4.3293783e-02
   4.2370578e-02
   4.2261204e-02
   4.2920362e-02
   4.0846357e-02
   4.1774247e-02
   4.1645055e-02
   4.1132231e-02
   4.2934281e-02
   4.0981456e-02
   4.2124227e-02
   4.0596067e-02
   4.1705753e-02
   4.1827440e-02
   4.1609160e-02
   4.1468818e-02
   4.2747980e-02
   4.1954492e-02
   4.3122122e-02
   4.1186539e-02
   4.1773006e-02
   4.1830357e-02
   4.1471112e-02
   4.1869928e-02
   4.1474467e-02
   4.2298913e-02
   4.1708646e-02
   4.1943359e-02
   4.2253034e-02
   4.1625355e-02
   4.1522608e-02
   4.1999449e-02
   4.2105934e-02
   4.3565062e-02
   4.0757539e-02
   4.1590942e-02
   4.1453417e-02
   4.1853208e-02
   4.1406168e-02
   4.1065358e-02
   4.1088211e-02
   4.0574871e-02
   4.2802853e-02
   4.1162579e-02
   4.1710259e-02
   4.1139299e-02
   4.3067712e-02
   4.2712092e-02
   4.0813563e-02
   4.3330620e-02
   4.2127776e-02
   4.2117787e-02
   4.3154975e-02
   4.2335891e-02
   4.1450366e-02
   4.3242895e-02
   4.1416313e-02
   4.2016702e-02
   4.1934674e-02
   4.1750037e-02
   4.2045816e-02
   4.2608341e-02
   4.1775076e-02
   4.2653588e-02
   4.1199840e-02
   4.3740091e-02
   4.1887512e-02
   4.0748694e-02
   4.1807678e-02
   4.2839478e-02
   4.1253943e-02
   4.1513593e-02
   4.2048363e-02
   4.1769359e-02
   4.1138547e-02
   4.2241645e-02
   4.1415203e-02
   4.1806331e-02
   4.3323582e-02
   4.2512705e-02
   4.2504490e-02
   4.2076873e-02
   4.1549744e-02
   4.1543510e-02
   4.1652744e-02
   4.2375074e-02
   4.2043633e-02
   4.0272703e-02
   4.1501384e-02
   4.2458689e-02
   4.0073149e-02
   4.4199837e-02
   4.0098013e-02
   4.2625901e-02
   4.3838486e-02
   4.1540333e-02
   4.1468736e-02
   4.0996769e-02
   4.1298279e-02
   4.1209308e-02
   4.2119150e-02
   4.4007045e-02
   4.1476352e-02
   4.2975061e-02
   4.1886314e-02
   4.1854069e-02
   4.1853017e-02
   4.1352201e-02
   4.1521428e-02
   4.3704314e-02
   4.2870747e-02
   4.2485402e-02
   4.2016489e-02
   4.2006189e-02
   4.2182691e-02
   4.2741983e-02
   4.2085689e-02
   4.1244176e-02
   4.2567908e-02
   4.1542322e-02
   4.2979184e-02
   4.1455076e-02
   4.2212136e-02
   4.2605978e-02
   4.1273260e-02
   4.1517548e-02
   4.1574157e-02
   4.1791258e-02
   4.3890574e-02
   4.0887042e-02
   4.1837747e-02
   4.2286503e-02
   4.1615789e-02
   4.1321768e-02
   4.2520576e-02
   4.0932885e-02
   4.1304339e-02
   4.1808506e-02
   4.0410082e-02
   4.2663066e-02
   4.1637768e-02
   4.0912815e-02
   4.1780449e-02
   4.2192138e-02
   4.1136649e-02
   4.1063055e-02
   4.1094569e-02
   4.3019821e-02
   4.2626008e-02
   4.1708524e-02
   4.2202635e-02
   4.1394397e-02
   4.0001677e-02
   4.2383362e-02
   4.0208336e-02
   4.2476149e-02
   4.1601271e-02
   4.0649724e-02
   4.2283112e-02
   4.0150032e-02
   4.2950245e-02
   4.2411496e-02
   4.4188206e-02
   4.1455384e-02
   4.2275951e-02
   4.3211379e-02
   4.1804513e-02
   4.3320679e-02
   4.2602897e-02
   4.2220991e-02
   4.1750417e-02
   4.2070263e-02
   4.2233483e-02
   4.1364339e-02
   4.0994259e-02
   4.3763870e-02
   4.3128912e-02
   4.2212031e-02
   4.2486921e-02
   4.2285158e-02
   4.3652367e-02
   4.3542209e-02
   4.0320075e-02
   4.0710259e-02
   4.0933890e-02
   4.1030180e-02
   4.2009368e-02
   4.1250661e-02
   4.0534497e-02
   4.3819360e-02
   4.1183393e-02
   4.1873195e-02
   4.2150961e-02
   4.2611410e-02
   4.2969615e-02
   4.0715672e-02
   4.1761502e-02
   4.1918747e-02
   4.2206377e-02
   4.2252004e-02
   4.2348100e-02
   4.0781665e-02
   4.3060179e-02
   4.2468839e-02
   4.2798256e-02
   4.1636741e-02
   4.2658691e-02
   4.1030794e-02
   4.2615219e-02
   4.1817454e-02
   4.2293319e-02
   4.1275071e-02
   4.1748957e-02
   4.1186874e-02
   4.1801310e-02
   4.3842335e-02
   4.1539337e-02
   4.2113682e-02
   4.2443814e-02
   4.2306284e-02
   4.1427482e-02
   4.1738816e-02
   4.1804327e-02
