   3.0416424e-02
   3.0616219e-02
   3.0691311e-02
   3.1113866e-02
   3.1584057e-02
   3.1275575e-02
   2.9351808e-02
   3.0410280e-02
   3.1869829e-02
   3.0612598e-02
   3.1999846e-02
   3.0304074e-02
   3.1915635e-02
   3.0222214e-02
   2.9220735e-02
   2.9468334e-02
   2.9549366e-02
   3.0923838e-02
   2.9863107e-02
   3.1757145e-02
   3.2295473e-02
   3.1469836e-02
   3.0942338e-02
   3.0704654e-02
   3.0664813e-02
   2.9591903e-02
   3.0929111e-02
   3.1517589e-02
   2.9183435e-02
   3.1882067e-02
   2.9595869e-02
   3.1801786e-02
   3.0515105e-02
   3.1111411e-02
   2.9644517e-02
   3.0770671e-02
   3.0530031e-02
   3.2320880e-02
   2.9776489e-02
   2.9797706e-02
   3.1147566e-02
   3.1091391e-02
   3.3013399e-02
   3.0120339e-02
   3.1330976e-02
   3.1032319e-02
   2.9620134e-02
   3.1853073e-02
   3.0872574e-02
   3.1253667e-02
   2.9938030e-02
   3.0003527e-02
   3.0081001e-02
   3.0989773e-02
   2.9267672e-02
   3.1761253e-02
   2.9875394e-02
   3.0520468e-02
   3.0382962e-02
   3.1247973e-02
   3.0524485e-02
   2.9721634e-02
   3.0432718e-02
   3.1070518e-02
   2.9879439e-02
   3.1592775e-02
   3.1543012e-02
   3.0741935e-02
   3.1753407e-02
   3.1366348e-02
   3.1697939e-02
   2.9102640e-02
   3.1429286e-02
   3.1850458e-02
   3.1439039e-02
   2.9335901e-02
   3.0891647e-02
   3.1267454e-02
   3.1930985e-02
   3.2410667e-02
   3.0746399e-02
   3.0435234e-02
   3.1819195e-02
   2.9795831e-02
   3.0043742e-02
   3.2394853e-02
   3.0625048e-02
   3.1599760e-02
   2.9429005e-02
   3.1236872e-02
   3.1130013e-02
   3.1245083e-02
   2.9017929e-02
   3.1394393e-02
   2.9609276e-02
   3.0827487e-02
   3.1226847e-02
   2.9392790e-02
   3.0203514e-02
   3.1018238e-02
   3.1058814e-02
   2.9599564e-02
   3.3302467e-02
   2.9446755e-02
   3.1727333e-02
   3.2198714e-02
   3.2910053e-02
   2.9540969e-02
   3.0293606e-02
   3.0859085e-02
   3.0908412e-02
   3.0717151e-02
   2.9581957e-02
   3.0964539e-02
   3.1433905e-02
   3.1999988e-02
   2.9666364e-02
   3.2179041e-02
   3.0221970e-02
   2.9822077e-02
   3.1490285e-02
   3.1196748e-02
   2.9631811e-02
   2.9373513e-02
   3.1992813e-02
   3.1056572e-02
   3.0580349e-02
   2.9369780e-02
   2.9157711e-02
   3.0543305e-02
   3.1307449e-02
   3.1565128e-02
   3.0937627e-02
   3.0004563e-02
   3.0031121e-02
   2.9512274e-02
   3.2482516e-02
   3.1254191e-02
   2.9148667e-02
   2.9893791e-02
   3.0752690e-02
   3.1774684e-02
   3.0972219e-02
   3.1195787e-02
   3.2141663e-02
   3.2382866e-02
   3.0933020e-02
   2.9944458e-02
   3.3006570e-02
   2.9389609e-02
   3.1682832e-02
   3.1369304e-02
   3.1777060e-02
   3.1337395e-02
   3.1108495e-02
   3.1108108e-02
   3.1742740e-02
   3.1158658e-02
   3.2877642e-02
   3.1259415e-02
   3.2224296e-02
   3.0428752e-02
   3.0596077e-02
   3.0361455e-02
   2.9906574e-02
   3.0188876e-02
   3.1983324e-02
   3.0531222e-02
   2.9962686e-02
   3.0901970e-02
   2.9634185e-02
   3.0121331e-02
   3.2995627e-02
   3.1386251e-02
   3.0838985e-02
   3.0781966e-02
   3.1911365e-02
   3.2155962e-02
   3.0972979e-02
   3.0774563e-02
   3.1001747e-02
   3.1103377e-02
   3.0550203e-02
   2.8935894e-02
   3.1444224e-02
   3.2056822e-02
   3.0184937e-02
   3.0901095e-02
   3.1085222e-02
   3.0914369e-02
   3.1781130e-02
   3.1396453e-02
   3.0474234e-02
   2.9632393e-02
   2.9392221e-02
   3.1120874e-02
   2.9374432e-02
   2.9165360e-02
   2.9495484e-02
   3.0287404e-02
   3.2588289e-02
   3.2113722e-02
   3.0232673e-02
   3.1082298e-02
   3.0858417e-02
   3.1638604e-02
   2.9390250e-02
   2.9306462e-02
   3.0287511e-02
   3.1919094e-02
   2.9626170e-02
   3.0602695e-02
   3.1679431e-02
   3.0740997e-02
   3.2091241e-02
   3.0823897e-02
   2.8999136e-02
   3.2162586e-02
   3.0901234e-02
   3.1080105e-02
   2.9472673e-02
   3.1928852e-02
   3.1787085e-02
   2.9871002e-02
   3.2069709e-02
   3.1223673e-02
   3.1081898e-02
   3.1053184e-02
   3.1853308e-02
   3.0136407e-02
   3.1856511e-02
   3.1420694e-02
   3.1502707e-02
   2.9291712e-02
   3.0059477e-02
   3.0965002e-02
   3.1120023e-02
   3.0107330e-02
   2.9382850e-02
   2.9671529e-02
   3.0610006e-02
   3.1783675e-02
   3.0531544e-02
   2.9745298e-02
   2.9954773e-02
   3.2098774e-02
   2.9140806e-02
   3.1518749e-02
   3.1537792e-02
   3.1055905e-02
   3.1980802e-02
   3.2299228e-02
   3.1995340e-02
   3.1886410e-02
   3.1254251e-02
   3.1123061e-02
   3.1101498e-02
   3.1278870e-02
   3.1246813e-02
   3.0076286e-02
   3.0844707e-02
   3.0239377e-02
   3.1403399e-02
   2.9826202e-02
   3.1984795e-02
   3.2311198e-02
   3.1516329e-02
   3.3079619e-02
   3.2167288e-02
   3.1521503e-02
   3.2049812e-02
   3.1987757e-02
   3.0772429e-02
   2.9823034e-02
   3.1129729e-02
   3.1165922e-02
   3.0091480e-02
   2.9108496e-02
   3.1691439e-02
   3.2019638e-02
   3.1214924e-02
   2.9854066e-02
   3.0655213e-02
   2.9405164e-02
   2.9780052e-02
   2.9330820e-02
   3.1342027e-02
   2.9874739e-02
   3.1286273e-02
   3.0929322e-02
   3.2042455e-02
   3.1317105e-02
   3.0524326e-02
   2.9772804e-02
   3.0751860e-02
   3.0872764e-02
   3.1272104e-02
   2.9350542e-02
   2.9538918e-02
   3.1252596e-02
