   2.5179261e-02
   2.5289165e-02
   2.5287109e-02
   2.6025985e-02
   2.5575400e-02
   2.5964903e-02
   2.5264339e-02
   2.6032153e-02
   2.5934344e-02
   2.5201609e-02
   2.5175787e-02
   2.5203487e-02
   2.6001520e-02
   2.5274331e-02
   2.5262270e-02
   2.5997711e-02
   2.5271947e-02
   2.5601132e-02
   2.5747820e-02
   2.5391367e-02
   2.5776437e-02
   2.6044134e-02
   2.5223832e-02
   2.5284254e-02
   2.5155045e-02
   2.5751427e-02
   2.5640924e-02
   2.5273637e-02
   2.6002227e-02
   2.5196016e-02
   2.5754017e-02
   2.5985552e-02
   2.5270321e-02
   2.5227853e-02
   2.5269865e-02
   2.5233443e-02
   2.5196815e-02
   2.5899418e-02
   2.5464916e-02
   2.5197372e-02
   2.5999593e-02
   2.5274406e-02
   2.5310335e-02
   2.5283399e-02
   2.6015962e-02
   2.5505159e-02
   2.5282005e-02
   2.5234640e-02
   2.6044003e-02
   2.5199746e-02
   2.6016082e-02
   2.5995704e-02
   2.5422811e-02
   2.5278501e-02
   2.5905511e-02
   2.5178202e-02
   2.5189128e-02
   2.5648075e-02
   2.6025500e-02
   2.5288982e-02
   2.5534555e-02
   2.5413863e-02
   2.5224254e-02
   2.5282421e-02
   2.5195425e-02
   2.5960561e-02
   2.6026906e-02
   2.5275061e-02
   2.5230074e-02
   2.5950501e-02
   2.5593302e-02
   2.5397658e-02
   2.5275414e-02
   2.5156923e-02
   2.5201465e-02
   2.5885726e-02
   2.5952227e-02
   2.5285882e-02
   2.5954754e-02
   2.5619607e-02
   2.5372279e-02
   2.5187340e-02
   2.5693135e-02
   2.5197556e-02
   2.5197698e-02
   2.5962544e-02
   2.5640559e-02
   2.5203254e-02
   2.5262116e-02
   2.5267652e-02
   2.6009815e-02
   2.5189471e-02
   2.5217294e-02
   2.5202582e-02
   2.5688068e-02
   2.5896761e-02
   2.5279666e-02
   2.5182897e-02
   2.5209268e-02
   2.5277585e-02
   2.5400930e-02
   2.5780863e-02
   2.5347279e-02
   2.5664339e-02
   2.5187990e-02
   2.5286227e-02
   2.5282531e-02
   2.5220882e-02
   2.6029663e-02
   2.5236166e-02
   2.5271872e-02
   2.5268149e-02
   2.5183719e-02
   2.5868262e-02
   2.5193087e-02
   2.5930309e-02
   2.5870021e-02
   2.5282418e-02
   2.5997618e-02
   2.5630935e-02
   2.5200175e-02
   2.6040884e-02
   2.5277621e-02
   2.5266932e-02
   2.5764014e-02
   2.5986421e-02
   2.5195384e-02
   2.5202318e-02
   2.5186108e-02
   2.5284653e-02
   2.5713212e-02
   2.5271293e-02
   2.5278233e-02
   2.5975271e-02
   2.5769319e-02
   2.5269855e-02
   2.6045675e-02
   2.5264702e-02
   2.5701023e-02
   2.5191092e-02
   2.6000204e-02
   2.5871819e-02
   2.5438273e-02
   2.5710658e-02
   2.5187557e-02
   2.5267018e-02
   2.5935890e-02
   2.5267480e-02
   2.5200713e-02
   2.6034902e-02
   2.6031726e-02
   2.5824929e-02
   2.5189653e-02
   2.5910968e-02
   2.5747077e-02
   2.5175289e-02
   2.5847715e-02
   2.5429490e-02
   2.5184983e-02
   2.5278580e-02
   2.5195728e-02
   2.5285571e-02
   2.6018261e-02
   2.5269419e-02
   2.5182954e-02
   2.5213705e-02
   2.5262183e-02
   2.5286029e-02
   2.5614583e-02
   2.5626004e-02
   2.6008809e-02
   2.5900473e-02
   2.5245089e-02
   2.5198176e-02
   2.6035755e-02
   2.5198719e-02
   2.5295097e-02
   2.6009808e-02
   2.5175015e-02
   2.5185767e-02
   2.5875331e-02
   2.5158785e-02
   2.5175249e-02
   2.5201163e-02
   2.5195412e-02
   2.6046217e-02
   2.5341097e-02
   2.5179828e-02
   2.5189199e-02
   2.5811882e-02
   2.5272136e-02
   2.5175277e-02
   2.6033997e-02
   2.5193234e-02
   2.5757108e-02
   2.5154640e-02
   2.5201782e-02
   2.5280336e-02
   2.6041114e-02
   2.6042155e-02
   2.5174490e-02
   2.5930898e-02
   2.5710914e-02
   2.5562058e-02
   2.5301164e-02
   2.5284434e-02
   2.6008595e-02
   2.5263659e-02
   2.5881932e-02
   2.5281050e-02
   2.5615037e-02
   2.5853521e-02
   2.5822687e-02
   2.5855597e-02
   2.5996815e-02
   2.5702908e-02
   2.6037899e-02
   2.5183642e-02
   2.5285305e-02
   2.5280708e-02
   2.5993229e-02
   2.5763296e-02
   2.5978031e-02
   2.5176621e-02
   2.5397839e-02
   2.5195730e-02
   2.5415857e-02
   2.5161599e-02
   2.5639187e-02
   2.5611681e-02
   2.5282328e-02
   2.5887382e-02
   2.5285951e-02
   2.5997840e-02
   2.5244128e-02
   2.5294663e-02
   2.5270877e-02
   2.5235319e-02
   2.5268586e-02
   2.5998729e-02
   2.5395412e-02
   2.5262631e-02
   2.5239928e-02
   2.5273376e-02
   2.5388627e-02
   2.5600246e-02
   2.5191987e-02
   2.5276425e-02
   2.5195871e-02
   2.5284373e-02
   2.5285299e-02
   2.5158767e-02
   2.5262322e-02
   2.6045941e-02
   2.5553504e-02
   2.5832551e-02
   2.5490364e-02
   2.5179709e-02
   2.5192147e-02
   2.5668143e-02
   2.5946796e-02
   2.5195954e-02
   2.5735061e-02
   2.5263805e-02
   2.5190097e-02
   2.5307611e-02
   2.5234331e-02
   2.5187411e-02
   2.5187367e-02
   2.6023943e-02
   2.5195483e-02
   2.5825469e-02
   2.5188706e-02
   2.6025529e-02
   2.5269653e-02
   2.6040461e-02
   2.5251161e-02
   2.5278607e-02
   2.5508679e-02
   2.5276663e-02
   2.5267463e-02
   2.5627805e-02
   2.6044216e-02
   2.5997866e-02
   2.5548736e-02
   2.5850208e-02
   2.5188719e-02
   2.5286065e-02
   2.5762122e-02
   2.5285367e-02
   2.5200962e-02
   2.5252768e-02
   2.5290225e-02
   2.5601004e-02
   2.6019329e-02
   2.5940129e-02
   2.5633933e-02
   2.5174910e-02
   2.5202934e-02
   2.5708439e-02
