   1.6041482e-01
   1.6716044e-01
   1.5687135e-01
   1.5441697e-01
   1.5577537e-01
   1.6201758e-01
   1.5496989e-01
   1.5444220e-01
   1.7709599e-01
   1.6607277e-01
   1.5589523e-01
   1.6114316e-01
   1.6265623e-01
   1.5927767e-01
   1.6362412e-01
   1.5814526e-01
   1.5152125e-01
   1.6340479e-01
   1.5122490e-01
   1.5578846e-01
   1.6165655e-01
   1.6852881e-01
   1.5421517e-01
   1.5442928e-01
   1.5494855e-01
   1.5939458e-01
   1.5535507e-01
   1.5359815e-01
   1.5562718e-01
   1.6080808e-01
   1.5530349e-01
   1.5339923e-01
   1.5288715e-01
   1.7160020e-01
   1.6020152e-01
   1.5507741e-01
   1.5416502e-01
   1.6878158e-01
   1.5584524e-01
   1.5761742e-01
   1.5393528e-01
   1.5761958e-01
   1.5578723e-01
   1.6473888e-01
   1.5761327e-01
   1.5606925e-01
   1.6125694e-01
   1.5152465e-01
   1.5622550e-01
   1.6278737e-01
   1.5870682e-01
   1.5826506e-01
   1.6329316e-01
   1.5648234e-01
   1.6674336e-01
   1.5164576e-01
   1.6548014e-01
   1.6006118e-01
   1.6474508e-01
   1.6466790e-01
   1.5917034e-01
   1.5854610e-01
   1.6382378e-01
   1.6268858e-01
   1.5346363e-01
   1.5421000e-01
   1.5448703e-01
   1.6709855e-01
   1.6534174e-01
   1.6733806e-01
   1.5240248e-01
   1.6382216e-01
   1.5391140e-01
   1.5673896e-01
   1.6726270e-01
   1.5927425e-01
   1.6454988e-01
   1.6463056e-01
   1.5323585e-01
   1.6935207e-01
   1.6526646e-01
   1.5962736e-01
   1.5741592e-01
   1.5679178e-01
   1.6349481e-01
   1.6528394e-01
   1.5559646e-01
   1.5509327e-01
   1.5800641e-01
   1.5850179e-01
   1.5594894e-01
   1.6021546e-01
   1.5977376e-01
   1.5622438e-01
   1.5003089e-01
   1.6027805e-01
   1.6105012e-01
   1.5339818e-01
   1.5808544e-01
   1.5582885e-01
   1.6279149e-01
   1.5245418e-01
   1.5873866e-01
   1.5213895e-01
   1.5573519e-01
   1.6684921e-01
   1.5514602e-01
   1.5262887e-01
   1.5107696e-01
   1.5366673e-01
   1.5068876e-01
   1.5993292e-01
   1.5337844e-01
   1.6106868e-01
   1.5563412e-01
   1.5735119e-01
   1.5586566e-01
   1.6198556e-01
   1.6069065e-01
   1.6511502e-01
   1.7603730e-01
   1.5971971e-01
   1.5742153e-01
   1.6022924e-01
   1.7055777e-01
   1.5431491e-01
   1.6413207e-01
   1.6181080e-01
   1.5295449e-01
   1.5647096e-01
   1.5914239e-01
   1.6027827e-01
   1.5295596e-01
   1.5986817e-01
   1.6040100e-01
   1.5696169e-01
   1.5631406e-01
   1.5844172e-01
   1.6175982e-01
   1.5332377e-01
   1.5789518e-01
   1.6373863e-01
   1.6336180e-01
   1.6747209e-01
   1.6896291e-01
   1.5759166e-01
   1.5543571e-01
   1.5778299e-01
   1.5561019e-01
   1.5532088e-01
   1.5349605e-01
   1.5557095e-01
   1.5877678e-01
   1.5596987e-01
   1.5150961e-01
   1.6905883e-01
   1.6050609e-01
   1.5101760e-01
   1.5694536e-01
   1.6636425e-01
   1.5306120e-01
   1.5264838e-01
   1.5599677e-01
   1.5874513e-01
   1.6233130e-01
   1.6528544e-01
   1.5882001e-01
   1.6749780e-01
   1.6115631e-01
   1.5998052e-01
   1.6085691e-01
   1.5859559e-01
   1.6163668e-01
   1.6749568e-01
   1.7274570e-01
   1.6157490e-01
   1.5536620e-01
   1.6262009e-01
   1.5291665e-01
   1.6673958e-01
   1.5639236e-01
   1.5168703e-01
   1.5273673e-01
   1.6514072e-01
   1.6516809e-01
   1.5208251e-01
   1.5745506e-01
   1.6445356e-01
   1.5505093e-01
   1.7069507e-01
   1.6935168e-01
   1.5987546e-01
   1.6263597e-01
   1.5879255e-01
   1.5492063e-01
   1.6607936e-01
   1.5463086e-01
   1.5759373e-01
   1.5196928e-01
   1.5296614e-01
   1.6574228e-01
   1.5683545e-01
   1.5900208e-01
   1.5402571e-01
   1.6374772e-01
   1.5335484e-01
   1.5332710e-01
   1.6013530e-01
   1.5535258e-01
   1.5955311e-01
   1.6101651e-01
   1.5763220e-01
   1.5116092e-01
   1.5672401e-01
   1.5807059e-01
   1.7116273e-01
   1.5805096e-01
   1.5244368e-01
   1.5531641e-01
   1.6578373e-01
   1.5164852e-01
   1.6735324e-01
   1.6620453e-01
   1.5162395e-01
   1.5583874e-01
   1.5234867e-01
   1.5761646e-01
   1.5872220e-01
   1.5485979e-01
   1.6500822e-01
   1.6468932e-01
   1.5436478e-01
   1.4982919e-01
   1.6130294e-01
   1.6681525e-01
   1.5385219e-01
   1.5683396e-01
   1.5378570e-01
   1.5787460e-01
   1.7327789e-01
   1.5029159e-01
   1.5818002e-01
   1.5964943e-01
   1.6162197e-01
   1.6457442e-01
   1.5605491e-01
   1.5833189e-01
   1.6005543e-01
   1.5864568e-01
   1.7531967e-01
   1.6059686e-01
   1.6010704e-01
   1.7224646e-01
   1.5577865e-01
   1.5881771e-01
   1.5059641e-01
   1.6173637e-01
   1.5274328e-01
   1.5804963e-01
   1.6202254e-01
   1.5598740e-01
   1.5323740e-01
   1.5128574e-01
   1.6239676e-01
   1.6110603e-01
   1.6564793e-01
   1.6000294e-01
   1.5698373e-01
   1.6133612e-01
   1.5513651e-01
   1.6051081e-01
   1.5438740e-01
   1.5594214e-01
   1.5450409e-01
   1.6258177e-01
   1.5191518e-01
   1.6103833e-01
   1.6394215e-01
   1.6156805e-01
   1.6770488e-01
   1.5676522e-01
   1.6159684e-01
   1.5172680e-01
   1.5242576e-01
   1.6062710e-01
   1.5737201e-01
   1.5730991e-01
   1.5327525e-01
   1.5869844e-01
   1.5333989e-01
   1.5908241e-01
   1.5931093e-01
   1.7092270e-01
   1.6379556e-01
   1.6459458e-01
   1.6657290e-01
   1.6063386e-01
   1.5081399e-01
   1.6119579e-01
   1.5438210e-01
