   1.3316738e-01
   1.3489884e-01
   1.3598096e-01
   1.3505725e-01
   1.3315500e-01
   1.3486891e-01
   1.3391317e-01
   1.2514256e-01
   1.3225172e-01
   1.2538365e-01
   1.3500971e-01
   1.3143248e-01
   1.3028958e-01
   1.3561014e-01
   1.3220025e-01
   1.3099639e-01
   1.3578578e-01
   1.3090281e-01
   1.3509209e-01
   1.3313148e-01
   1.3614510e-01
   1.2871367e-01
   1.3156586e-01
   1.3444619e-01
   1.3240280e-01
   1.3043268e-01
   1.3096379e-01
   1.3501817e-01
   1.3047505e-01
   1.3517198e-01
   1.3610213e-01
   1.3397755e-01
   1.2941305e-01
   1.3460332e-01
   1.3355027e-01
   1.3367586e-01
   1.3365799e-01
   1.3022646e-01
   1.3046280e-01
   1.3228067e-01
   1.2493042e-01
   1.2946005e-01
   1.3709258e-01
   1.2212900e-01
   1.3768556e-01
   1.2423761e-01
   1.3508743e-01
   1.3065707e-01
   1.3653205e-01
   1.3587701e-01
   1.2780252e-01
   1.2227625e-01
   1.2551807e-01
   1.2337384e-01
   1.2299237e-01
   1.2445842e-01
   1.3162975e-01
   1.3015056e-01
   1.3864981e-01
   1.3281631e-01
   1.3686123e-01
   1.3543555e-01
   1.3300419e-01
   1.3247103e-01
   1.3796841e-01
   1.3710423e-01
   1.2762466e-01
   1.3158292e-01
   1.3662315e-01
   1.2631258e-01
   1.3007620e-01
   1.2464029e-01
   1.3408473e-01
   1.3097682e-01
   1.3684170e-01
   1.2457561e-01
   1.2883190e-01
   1.3327911e-01
   1.2342109e-01
   1.3704471e-01
   1.3100171e-01
   1.2495454e-01
   1.3440933e-01
   1.3271883e-01
   1.3312734e-01
   1.3744349e-01
   1.3674619e-01
   1.3302971e-01
   1.2225035e-01
   1.3865562e-01
   1.3324486e-01
   1.3104958e-01
   1.3635473e-01
   1.2228878e-01
   1.3454822e-01
   1.3410120e-01
   1.3684927e-01
   1.3626326e-01
   1.2827503e-01
   1.3289439e-01
   1.3006333e-01
   1.3548718e-01
   1.3468921e-01
   1.3274138e-01
   1.2782138e-01
   1.3518989e-01
   1.3093715e-01
   1.2141849e-01
   1.3509072e-01
   1.3143811e-01
   1.3170529e-01
   1.3715487e-01
   1.3493942e-01
   1.3270114e-01
   1.2259911e-01
   1.2342704e-01
   1.3315188e-01
   1.2965686e-01
   1.3132395e-01
   1.3194186e-01
   1.3302147e-01
   1.2839378e-01
   1.3288992e-01
   1.2271458e-01
   1.2308985e-01
   1.2713167e-01
   1.3485087e-01
   1.3246761e-01
   1.3744301e-01
   1.2855385e-01
   1.3293904e-01
   1.3398845e-01
   1.3614222e-01
   1.2347927e-01
   1.3292271e-01
   1.3295694e-01
   1.3396761e-01
   1.3516625e-01
   1.2374234e-01
   1.3719368e-01
   1.2709486e-01
   1.3641688e-01
   1.3742711e-01
   1.2549182e-01
   1.3028812e-01
   1.3448564e-01
   1.2716545e-01
   1.3802547e-01
   1.2843533e-01
   1.3297886e-01
   1.3689180e-01
   1.3110093e-01
   1.2355860e-01
   1.2306646e-01
   1.3349266e-01
   1.3396828e-01
   1.3431868e-01
   1.2796953e-01
   1.3698636e-01
   1.3853660e-01
   1.3750848e-01
   1.2494105e-01
   1.3402661e-01
   1.3345425e-01
   1.3663445e-01
   1.2568852e-01
   1.3678445e-01
   1.3611883e-01
   1.2859263e-01
   1.3697535e-01
   1.2336121e-01
   1.2933875e-01
   1.3213026e-01
   1.3695020e-01
   1.3291392e-01
   1.2579256e-01
   1.3277571e-01
   1.3160840e-01
   1.2655102e-01
   1.3098512e-01
   1.2375308e-01
   1.3532730e-01
   1.2496915e-01
   1.3456280e-01
   1.2198700e-01
   1.3502118e-01
   1.3690890e-01
   1.3032173e-01
   1.3420969e-01
   1.3463164e-01
   1.2653781e-01
   1.2476340e-01
   1.3173632e-01
   1.3694447e-01
   1.3234758e-01
   1.3390186e-01
   1.3418237e-01
   1.3174160e-01
   1.3066907e-01
   1.3086458e-01
   1.2596666e-01
   1.3601426e-01
   1.3697004e-01
   1.3214332e-01
   1.3287464e-01
   1.2195344e-01
   1.2262458e-01
   1.2346319e-01
   1.3477872e-01
   1.3704736e-01
   1.2760931e-01
   1.3664395e-01
   1.3108983e-01
   1.3433818e-01
   1.3006580e-01
   1.2881238e-01
   1.3352300e-01
   1.3129139e-01
   1.3135895e-01
   1.3375993e-01
   1.3558253e-01
   1.3684750e-01
   1.2649575e-01
   1.3664301e-01
   1.3126381e-01
   1.3530805e-01
   1.3478874e-01
   1.3219236e-01
   1.2237075e-01
   1.3430931e-01
   1.3352638e-01
   1.3432193e-01
   1.3770174e-01
   1.3002209e-01
   1.3154451e-01
   1.3000303e-01
   1.3458540e-01
   1.2310059e-01
   1.3072235e-01
   1.3137754e-01
   1.3728052e-01
   1.2305393e-01
   1.3401056e-01
   1.3246555e-01
   1.3284180e-01
   1.3468918e-01
   1.3724302e-01
   1.3183369e-01
   1.3537653e-01
   1.3102795e-01
   1.2641195e-01
   1.3313010e-01
   1.2942839e-01
   1.3326751e-01
   1.3178654e-01
   1.3168805e-01
   1.2998795e-01
   1.3516881e-01
   1.2559532e-01
   1.2595176e-01
   1.2823703e-01
   1.2717182e-01
   1.3379179e-01
   1.3595927e-01
   1.3545185e-01
   1.3455145e-01
   1.3049465e-01
   1.3662988e-01
   1.3675844e-01
   1.2253779e-01
   1.3359969e-01
   1.3355403e-01
   1.3277169e-01
   1.3065002e-01
   1.3139868e-01
   1.3530602e-01
   1.3116792e-01
   1.3220424e-01
   1.2721634e-01
   1.3554507e-01
   1.2276175e-01
   1.3692832e-01
   1.3314488e-01
   1.3322834e-01
   1.3058246e-01
   1.3068211e-01
   1.3670171e-01
   1.2862146e-01
   1.2296021e-01
   1.3221327e-01
   1.3670653e-01
   1.3614898e-01
   1.2365301e-01
   1.3738592e-01
   1.3529425e-01
   1.2241704e-01
   1.3023564e-01
   1.3408773e-01
   1.2636902e-01
   1.3507038e-01
