   1.3947608e-02
   1.3560342e-02
   1.3654031e-02
   1.4356550e-02
   1.4475398e-02
   1.3587512e-02
   1.3820497e-02
   1.3604662e-02
   1.3777673e-02
   1.3548720e-02
   1.4258958e-02
   1.3898622e-02
   1.3734473e-02
   1.3747433e-02
   1.3834600e-02
   1.3788949e-02
   1.3594522e-02
   1.4066082e-02
   1.3846890e-02
   1.3580908e-02
   1.4220295e-02
   1.4279734e-02
   1.4252392e-02
   1.4089275e-02
   1.3969870e-02
   1.4037390e-02
   1.3768790e-02
   1.4240020e-02
   1.4000404e-02
   1.4278014e-02
   1.3532719e-02
   1.4274380e-02
   1.4553672e-02
   1.3414600e-02
   1.3806011e-02
   1.3932450e-02
   1.3413021e-02
   1.4157648e-02
   1.4170685e-02
   1.3743675e-02
   1.4010724e-02
   1.3544889e-02
   1.3661872e-02
   1.4308685e-02
   1.3724919e-02
   1.3360887e-02
   1.3550311e-02
   1.3463433e-02
   1.4259096e-02
   1.4098856e-02
   1.3739854e-02
   1.4324947e-02
   1.3416704e-02
   1.3727436e-02
   1.3724028e-02
   1.3496022e-02
   1.3822146e-02
   1.3852566e-02
   1.3515610e-02
   1.3678930e-02
   1.4304457e-02
   1.3737507e-02
   1.3377976e-02
   1.4151904e-02
   1.4240065e-02
   1.4331833e-02
   1.4084515e-02
   1.3868351e-02
   1.4017685e-02
   1.3643293e-02
   1.3724334e-02
   1.3530248e-02
   1.4205913e-02
   1.3512209e-02
   1.3695521e-02
   1.4062689e-02
   1.3600014e-02
   1.3813069e-02
   1.3434774e-02
   1.3917041e-02
   1.4488045e-02
   1.4103634e-02
   1.3813562e-02
   1.3740934e-02
   1.4204275e-02
   1.3862860e-02
   1.3785611e-02
   1.3901906e-02
   1.3693721e-02
   1.3833668e-02
   1.4462993e-02
   1.3927541e-02
   1.3781546e-02
   1.3823422e-02
   1.4003497e-02
   1.3741514e-02
   1.3583462e-02
   1.4158600e-02
   1.3949451e-02
   1.3686393e-02
   1.4060890e-02
   1.3503178e-02
   1.4088261e-02
   1.4278295e-02
   1.4050263e-02
   1.3887535e-02
   1.4109468e-02
   1.4088406e-02
   1.4106721e-02
   1.3403215e-02
   1.4133801e-02
   1.3640058e-02
   1.4056785e-02
   1.3813599e-02
   1.3501510e-02
   1.3476697e-02
   1.3516396e-02
   1.3969915e-02
   1.3590740e-02
   1.3832737e-02
   1.4141778e-02
   1.3602744e-02
   1.3391504e-02
   1.4223425e-02
   1.4316307e-02
   1.3797799e-02
   1.3869127e-02
   1.4059294e-02
   1.3971912e-02
   1.4520075e-02
   1.4240402e-02
   1.3724131e-02
   1.4206346e-02
   1.3942643e-02
   1.4498663e-02
   1.3684966e-02
   1.4669767e-02
   1.3632228e-02
   1.3897312e-02
   1.3662875e-02
   1.3351573e-02
   1.4214910e-02
   1.3776620e-02
   1.4377541e-02
   1.3919883e-02
   1.3673028e-02
   1.4064279e-02
   1.3519091e-02
   1.3639373e-02
   1.3822377e-02
   1.3689723e-02
   1.3991913e-02
   1.3490710e-02
   1.4125815e-02
   1.3893875e-02
   1.3934300e-02
   1.3651348e-02
   1.3679979e-02
   1.3543735e-02
   1.3829859e-02
   1.3610410e-02
   1.3618352e-02
   1.3599673e-02
   1.3563050e-02
   1.3430341e-02
   1.3848648e-02
   1.4175062e-02
   1.4288302e-02
   1.3739400e-02
   1.3824258e-02
   1.4410573e-02
   1.3511262e-02
   1.3688060e-02
   1.3540967e-02
   1.4149975e-02
   1.3716897e-02
   1.3605530e-02
   1.4077526e-02
   1.3567479e-02
   1.3996994e-02
   1.3705768e-02
   1.3517544e-02
   1.3862645e-02
   1.3769125e-02
   1.4027269e-02
   1.4491655e-02
   1.4128158e-02
   1.3593808e-02
   1.4071860e-02
   1.3938577e-02
   1.4480413e-02
   1.3880911e-02
   1.3608760e-02
   1.4427342e-02
   1.3487279e-02
   1.3624908e-02
   1.4149194e-02
   1.4272142e-02
   1.3672487e-02
   1.3587071e-02
   1.4102870e-02
   1.4375705e-02
   1.3720239e-02
   1.3903861e-02
   1.4058716e-02
   1.3854663e-02
   1.3420376e-02
   1.4059129e-02
   1.3747635e-02
   1.4058036e-02
   1.3888581e-02
   1.3369981e-02
   1.3563024e-02
   1.4047619e-02
   1.3574730e-02
   1.4392904e-02
   1.4041517e-02
   1.3711042e-02
   1.3371210e-02
   1.3682037e-02
   1.4232229e-02
   1.3348341e-02
   1.3567556e-02
   1.4057457e-02
   1.3623324e-02
   1.3670187e-02
   1.3852036e-02
   1.3428675e-02
   1.3792171e-02
   1.4094602e-02
   1.4047633e-02
   1.4030715e-02
   1.4253527e-02
   1.4242781e-02
   1.3596033e-02
   1.3825598e-02
   1.3413570e-02
   1.3576879e-02
   1.4166954e-02
   1.4210309e-02
   1.3971276e-02
   1.3797978e-02
   1.3428950e-02
   1.3911683e-02
   1.4154393e-02
   1.3597102e-02
   1.4027791e-02
   1.3784190e-02
   1.3528938e-02
   1.3905986e-02
   1.4019632e-02
   1.3724063e-02
   1.4235198e-02
   1.3838663e-02
   1.3554084e-02
   1.4045136e-02
   1.3576435e-02
   1.4011923e-02
   1.3383282e-02
   1.3455144e-02
   1.3608282e-02
   1.3557143e-02
   1.3546370e-02
   1.3823368e-02
   1.4131897e-02
   1.3688137e-02
   1.4349447e-02
   1.4052542e-02
   1.3746095e-02
   1.3522487e-02
   1.3933272e-02
   1.4047751e-02
   1.4443181e-02
   1.4033265e-02
   1.3484742e-02
   1.3759127e-02
   1.3645539e-02
   1.3916504e-02
   1.3597677e-02
   1.4144652e-02
   1.3471755e-02
   1.3590643e-02
   1.3783240e-02
   1.3611478e-02
   1.3788203e-02
   1.3725908e-02
   1.4275700e-02
   1.3701568e-02
   1.3795838e-02
   1.3601302e-02
   1.3702732e-02
   1.3905005e-02
   1.4055542e-02
   1.4047281e-02
   1.4162067e-02
   1.4170320e-02
   1.3581541e-02
   1.3780752e-02
   1.3997549e-02
   1.4167069e-02
