   2.1522193e-02
   2.1802336e-02
   2.0037132e-02
   2.0828390e-02
   2.1630241e-02
   2.0877925e-02
   2.2286353e-02
   2.3754365e-02
   2.1734540e-02
   1.9993683e-02
   2.1998326e-02
   2.2724766e-02
   2.2325752e-02
   1.9660337e-02
   2.2386533e-02
   2.1157911e-02
   2.4239405e-02
   2.2833280e-02
   2.1138573e-02
   2.0001386e-02
   2.2720802e-02
   2.0416347e-02
   2.1347289e-02
   2.0437506e-02
   2.1085350e-02
   2.1965391e-02
   1.9972006e-02
   2.3188296e-02
   2.2006856e-02
   2.3723968e-02
   2.3848172e-02
   2.3932434e-02
   2.0316742e-02
   2.3476749e-02
   1.9377399e-02
   2.2341557e-02
   1.9715635e-02
   2.3740169e-02
   1.9410038e-02
   2.0682630e-02
   2.3536501e-02
   2.0933575e-02
   2.3270867e-02
   2.0929889e-02
   2.3308184e-02
   2.2443771e-02
   2.0872429e-02
   2.2890673e-02
   2.2386832e-02
   2.1924887e-02
   1.9544002e-02
   2.2441008e-02
   2.1187907e-02
   1.9671415e-02
   2.3614451e-02
   2.0483209e-02
   2.3596097e-02
   1.9825931e-02
   2.1590514e-02
   2.3640539e-02
   1.9953403e-02
   2.0713168e-02
   2.0239009e-02
   2.3195900e-02
   2.4240997e-02
   1.9442762e-02
   2.3117042e-02
   2.3106349e-02
   2.1267475e-02
   2.0537679e-02
   2.1704620e-02
   2.2468368e-02
   2.0860363e-02
   2.2492984e-02
   2.1702808e-02
   2.3489764e-02
   2.2498918e-02
   1.9574878e-02
   2.2750357e-02
   2.1999708e-02
   2.2284243e-02
   2.1464379e-02
   2.0934826e-02
   2.0308753e-02
   1.9632823e-02
   2.2683357e-02
   2.1539423e-02
   2.0701020e-02
   2.2255114e-02
   2.2622180e-02
   2.2899343e-02
   2.2079725e-02
   2.0040750e-02
   2.0702160e-02
   2.0517619e-02
   2.3558760e-02
   1.9900703e-02
   2.2150029e-02
   2.2845128e-02
   2.2541446e-02
   2.1313994e-02
   2.2565602e-02
   2.0186278e-02
   2.1676170e-02
   2.1846433e-02
   2.0466338e-02
   2.1879901e-02
   2.2780447e-02
   1.9591686e-02
   2.1610742e-02
   1.9568745e-02
   2.0885295e-02
   2.1975442e-02
   2.2210858e-02
   2.2279616e-02
   1.9488997e-02
   2.1272769e-02
   2.1558511e-02
   2.2255649e-02
   2.0911998e-02
   2.0578932e-02
   2.1830980e-02
   2.1753018e-02
   2.2506034e-02
   2.1112183e-02
   2.3078807e-02
   2.2792509e-02
   2.3108690e-02
   2.1845561e-02
   2.1135623e-02
   2.1330717e-02
   2.1195576e-02
   2.3762194e-02
   2.0265552e-02
   2.2073296e-02
   2.1792321e-02
   2.1466590e-02
   1.9606675e-02
   2.3283886e-02
   2.3073420e-02
   2.0023711e-02
   2.2384994e-02
   2.4086027e-02
   2.0020539e-02
   2.1156300e-02
   2.2022742e-02
   2.0242574e-02
   2.1009759e-02
   2.2044635e-02
   2.4147481e-02
   1.9801404e-02
   2.1863859e-02
   2.2260744e-02
   2.3178470e-02
   1.9441752e-02
   2.4080452e-02
   2.0403358e-02
   2.2571152e-02
   2.2319617e-02
   2.0703787e-02
   2.1075270e-02
   2.0626888e-02
   2.3291295e-02
   1.9488591e-02
   2.2022987e-02
   2.0092143e-02
   2.0842185e-02
   2.1637003e-02
   2.1419356e-02
   1.9632511e-02
   2.1254660e-02
   2.3529964e-02
   2.0560465e-02
   2.3166427e-02
   2.0886745e-02
   2.1538720e-02
   1.9954888e-02
   2.2038096e-02
   2.3382494e-02
   2.0272621e-02
   2.2028653e-02
   2.3618682e-02
   2.3667675e-02
   2.2143646e-02
   1.9614335e-02
   1.9402868e-02
   2.1092833e-02
   1.9472375e-02
   2.1088959e-02
   2.0409610e-02
   2.1892491e-02
   1.9546710e-02
   2.1091070e-02
   2.1067732e-02
   2.0997796e-02
   2.0359236e-02
   2.1805200e-02
   2.0206296e-02
   2.3864429e-02
   2.3829159e-02
   2.2865748e-02
   2.1503645e-02
   2.1192966e-02
   2.2643540e-02
   2.0159111e-02
   2.3280793e-02
   2.1587169e-02
   2.3365176e-02
   2.1693600e-02
   2.1625722e-02
   2.2678324e-02
   2.0545848e-02
   2.1037840e-02
   2.0709338e-02
   2.1147149e-02
   2.2774567e-02
   2.1521781e-02
   1.9352385e-02
   2.2666894e-02
   2.1404124e-02
   2.1635878e-02
   2.2015199e-02
   1.9638213e-02
   2.0393211e-02
   2.3078923e-02
   2.2283806e-02
   2.0307081e-02
   2.0618232e-02
   1.9981305e-02
   2.0703408e-02
   2.1583033e-02
   1.9931631e-02
   2.3260227e-02
   2.2859646e-02
   2.1621717e-02
   2.3220831e-02
   2.0507754e-02
   1.9783054e-02
   2.3639976e-02
   1.9195799e-02
   2.1492840e-02
   2.3802338e-02
   2.0020876e-02
   2.0515970e-02
   2.1507723e-02
   2.3700359e-02
   2.3094525e-02
   2.1667111e-02
   2.3329568e-02
   2.2419663e-02
   2.2393193e-02
   2.1616490e-02
   1.9642311e-02
   2.0154570e-02
   2.2965054e-02
   2.2559374e-02
   2.2509049e-02
   2.2410427e-02
   2.3629599e-02
   2.1756922e-02
   2.3640542e-02
   2.1210821e-02
   2.2273383e-02
   2.2958060e-02
   1.9727087e-02
   2.4260563e-02
   2.0648059e-02
   2.2717893e-02
   2.1049584e-02
   2.0759332e-02
   2.3288840e-02
   2.0771861e-02
   2.0962130e-02
   2.2967942e-02
   2.1512337e-02
   2.2936246e-02
   2.1571306e-02
   2.1619172e-02
   2.2924578e-02
   2.4294675e-02
   2.1492965e-02
   2.1601976e-02
   2.2254998e-02
   1.9400106e-02
   2.0929895e-02
   2.0506895e-02
   1.9396906e-02
   2.2608436e-02
   1.9930627e-02
   2.2869431e-02
   1.9962955e-02
   2.0549248e-02
   2.1039661e-02
   1.9774352e-02
   2.0818888e-02
   2.0386734e-02
   1.9590988e-02
   2.0191724e-02
   2.1329171e-02
   2.1966442e-02
