   1.6435559e-02
   1.6313080e-02
   1.6358200e-02
   1.5431835e-02
   1.6119785e-02
   1.6317193e-02
   1.6138512e-02
   1.4968514e-02
   1.5595371e-02
   1.6307230e-02
   1.4811649e-02
   1.6029376e-02
   1.5919319e-02
   1.6585073e-02
   1.4858905e-02
   1.4824962e-02
   1.5558853e-02
   1.5861119e-02
   1.5270781e-02
   1.6288182e-02
   1.5299774e-02
   1.6314090e-02
   1.5491206e-02
   1.5827640e-02
   1.5342774e-02
   1.5363055e-02
   1.4836493e-02
   1.6344026e-02
   1.6490756e-02
   1.6047901e-02
   1.5502017e-02
   1.5600461e-02
   1.6344749e-02
   1.5968766e-02
   1.5867894e-02
   1.6241720e-02
   1.5234302e-02
   1.5384651e-02
   1.5692851e-02
   1.5988134e-02
   1.5305833e-02
   1.5116243e-02
   1.5312171e-02
   1.6064156e-02
   1.6443510e-02
   1.5147446e-02
   1.6141486e-02
   1.5430307e-02
   1.5425059e-02
   1.5621537e-02
   1.5848002e-02
   1.5964771e-02
   1.6074326e-02
   1.6135369e-02
   1.4835928e-02
   1.6419813e-02
   1.6192761e-02
   1.5069451e-02
   1.5960650e-02
   1.5350712e-02
   1.6284266e-02
   1.4876993e-02
   1.5959315e-02
   1.5035420e-02
   1.5688431e-02
   1.6082259e-02
   1.6511095e-02
   1.5872276e-02
   1.5733499e-02
   1.6440908e-02
   1.6189453e-02
   1.6507963e-02
   1.6005037e-02
   1.5930844e-02
   1.4796273e-02
   1.6565464e-02
   1.5055955e-02
   1.6124721e-02
   1.5175604e-02
   1.6568882e-02
   1.5517752e-02
   1.6417065e-02
   1.5662769e-02
   1.5938048e-02
   1.5898974e-02
   1.6038502e-02
   1.6381714e-02
   1.5245370e-02
   1.5256919e-02
   1.6466201e-02
   1.6593022e-02
   1.6507907e-02
   1.6225497e-02
   1.4817853e-02
   1.5159266e-02
   1.6134093e-02
   1.6152728e-02
   1.6423548e-02
   1.6236134e-02
   1.6444471e-02
   1.5904984e-02
   1.4563308e-02
   1.5500718e-02
   1.5443704e-02
   1.6042863e-02
   1.6515008e-02
   1.5930784e-02
   1.5598143e-02
   1.4780224e-02
   1.5377239e-02
   1.5881324e-02
   1.6150207e-02
   1.5019316e-02
   1.6025349e-02
   1.6037673e-02
   1.5732933e-02
   1.5400201e-02
   1.5594879e-02
   1.5800844e-02
   1.5998998e-02
   1.5825743e-02
   1.5502168e-02
   1.5542872e-02
   1.4640143e-02
   1.5119519e-02
   1.6344158e-02
   1.6160192e-02
   1.6061646e-02
   1.5350589e-02
   1.6580791e-02
   1.6354223e-02
   1.5396806e-02
   1.6168339e-02
   1.5882455e-02
   1.6153176e-02
   1.6064217e-02
   1.5958058e-02
   1.6363631e-02
   1.5976699e-02
   1.5386815e-02
   1.5390694e-02
   1.6441420e-02
   1.4904563e-02
   1.6439884e-02
   1.5405326e-02
   1.6289712e-02
   1.5705558e-02
   1.6025632e-02
   1.5722474e-02
   1.6128669e-02
   1.5018056e-02
   1.5662192e-02
   1.6028196e-02
   1.5768622e-02
   1.6638330e-02
   1.6091618e-02
   1.6414774e-02
   1.5503899e-02
   1.6068352e-02
   1.4620228e-02
   1.6139288e-02
   1.6007887e-02
   1.5520678e-02
   1.6068224e-02
   1.5963193e-02
   1.5684956e-02
   1.4874260e-02
   1.6209946e-02
   1.5239976e-02
   1.5566009e-02
   1.6338640e-02
   1.6497200e-02
   1.5587668e-02
   1.5019944e-02
   1.4837063e-02
   1.5406068e-02
   1.6443060e-02
   1.6817910e-02
   1.5916477e-02
   1.6096455e-02
   1.5232664e-02
   1.6132695e-02
   1.6135128e-02
   1.6197613e-02
   1.6096867e-02
   1.6131910e-02
   1.5839476e-02
   1.6737115e-02
   1.5842316e-02
   1.5946153e-02
   1.5972695e-02
   1.5738145e-02
   1.6366669e-02
   1.5213655e-02
   1.5560031e-02
   1.6633087e-02
   1.5203375e-02
   1.6297252e-02
   1.5794794e-02
   1.6342928e-02
   1.5412116e-02
   1.5733247e-02
   1.5121123e-02
   1.5294110e-02
   1.5907793e-02
   1.4772858e-02
   1.6247497e-02
   1.5154761e-02
   1.5883401e-02
   1.5813281e-02
   1.5864186e-02
   1.6440889e-02
   1.6270162e-02
   1.6400051e-02
   1.5490652e-02
   1.5985727e-02
   1.5821748e-02
   1.5761808e-02
   1.5902739e-02
   1.5707629e-02
   1.6851172e-02
   1.6187421e-02
   1.5954696e-02
   1.4632181e-02
   1.5917531e-02
   1.5627712e-02
   1.6023565e-02
   1.5950065e-02
   1.5379320e-02
   1.5613896e-02
   1.5910897e-02
   1.5541069e-02
   1.5955555e-02
   1.5652600e-02
   1.5697208e-02
   1.5728227e-02
   1.4918672e-02
   1.5646612e-02
   1.5204791e-02
   1.4934250e-02
   1.5634972e-02
   1.5413017e-02
   1.4921214e-02
   1.6193197e-02
   1.6359750e-02
   1.5473499e-02
   1.5634208e-02
   1.5416423e-02
   1.6504917e-02
   1.5690735e-02
   1.5606395e-02
   1.5216787e-02
   1.6425716e-02
   1.6326952e-02
   1.6047387e-02
   1.5308223e-02
   1.5302798e-02
   1.5430586e-02
   1.6196058e-02
   1.4929986e-02
   1.4710413e-02
   1.6046395e-02
   1.5748046e-02
   1.5582141e-02
   1.4738969e-02
   1.6336036e-02
   1.5106684e-02
   1.6084701e-02
   1.5439880e-02
   1.5720684e-02
   1.6400614e-02
   1.4424842e-02
   1.5954037e-02
   1.4885254e-02
   1.4787168e-02
   1.6364350e-02
   1.6251797e-02
   1.6335287e-02
   1.6286908e-02
   1.5413763e-02
   1.6078964e-02
   1.5806423e-02
   1.6176109e-02
   1.5968092e-02
   1.5823862e-02
   1.6208547e-02
   1.5494486e-02
   1.5684558e-02
   1.5884460e-02
   1.6421035e-02
   1.4709740e-02
   1.5892880e-02
   1.4743054e-02
   1.6326467e-02
   1.5207134e-02
   1.5001774e-02
   1.5948453e-02
   1.6208834e-02
   1.5990645e-02
   1.6305913e-02
