   1.9586076e-01
   1.8731438e-01
   1.8728343e-01
   1.8012632e-01
   1.8075798e-01
   1.7819365e-01
   2.0487475e-01
   1.9149708e-01
   1.9981841e-01
   1.7855526e-01
   1.8053256e-01
   1.9032686e-01
   1.8986317e-01
   1.8880600e-01
   1.7942045e-01
   1.9802697e-01
   2.0037944e-01
   1.8549908e-01
   1.7732451e-01
   1.7825861e-01
   1.8210593e-01
   1.9412348e-01
   1.8587812e-01
   1.8327858e-01
   2.0424318e-01
   2.0424698e-01
   1.9561241e-01
   1.8885661e-01
   1.8392756e-01
   1.8949410e-01
   1.7992229e-01
   1.8388845e-01
   1.9316972e-01
   1.9816982e-01
   1.8102970e-01
   1.7849548e-01
   1.9079168e-01
   1.7890504e-01
   1.9009894e-01
   1.7950133e-01
   1.9397199e-01
   1.8802804e-01
   1.8454586e-01
   1.9667031e-01
   1.8901063e-01
   1.9415265e-01
   1.7769649e-01
   1.8497405e-01
   1.8321366e-01
   1.7956508e-01
   1.9943361e-01
   1.8046331e-01
   1.8244946e-01
   1.9855143e-01
   1.8152725e-01
   1.8962320e-01
   1.7935731e-01
   1.7722841e-01
   1.8225976e-01
   1.8558994e-01
   1.7817532e-01
   1.8026329e-01
   1.8649278e-01
   2.0134288e-01
   1.8224452e-01
   1.9303040e-01
   1.7696763e-01
   1.7798754e-01
   1.8882129e-01
   1.8446784e-01
   1.7921773e-01
   1.8418678e-01
   1.8752005e-01
   1.8247516e-01
   1.9363714e-01
   1.7979822e-01
   1.8336990e-01
   1.8161078e-01
   1.7871599e-01
   1.7730885e-01
   1.9648098e-01
   1.7916651e-01
   1.8258489e-01
   1.8237230e-01
   1.8922595e-01
   1.8267362e-01
   1.8819065e-01
   1.8951106e-01
   1.8764747e-01
   1.7857964e-01
   1.8053278e-01
   2.0099827e-01
   1.7753643e-01
   1.8312267e-01
   1.8054048e-01
   1.9081724e-01
   1.9053330e-01
   1.7822155e-01
   1.7755844e-01
   1.8212316e-01
   1.8236303e-01
   1.8167667e-01
   1.9982690e-01
   1.8739391e-01
   1.7811736e-01
   1.7764034e-01
   1.8639761e-01
   1.8009909e-01
   1.8120830e-01
   1.8173244e-01
   1.7936255e-01
   1.8024983e-01
   1.9053770e-01
   1.9657418e-01
   1.9050657e-01
   1.9842329e-01
   1.8044869e-01
   1.7975431e-01
   1.8601289e-01
   1.8135388e-01
   1.8161686e-01
   1.7888954e-01
   2.0367042e-01
   1.8647409e-01
   1.8219807e-01
   1.8105466e-01
   1.9598221e-01
   1.8277825e-01
   1.7577050e-01
   1.8428614e-01
   1.8544885e-01
   1.8262433e-01
   1.7814856e-01
   1.9859947e-01
   1.8405240e-01
   1.8433955e-01
   1.8954512e-01
   1.8437372e-01
   1.7883811e-01
   1.8392944e-01
   1.7629627e-01
   1.9342422e-01
   1.9105643e-01
   1.8215455e-01
   1.9985464e-01
   1.8149789e-01
   2.0363589e-01
   1.8495384e-01
   1.7725626e-01
   1.8956944e-01
   1.8719348e-01
   2.0318892e-01
   1.7897057e-01
   2.0035401e-01
   1.7963080e-01
   1.8022660e-01
   1.9360342e-01
   1.8962053e-01
   1.8046539e-01
   1.8933297e-01
   1.8102943e-01
   1.8965945e-01
   1.9023244e-01
   1.8865627e-01
   1.9694087e-01
   1.8442022e-01
   1.8701152e-01
   1.7609119e-01
   1.8908744e-01
   1.8865330e-01
   1.8175437e-01
   1.7781819e-01
   1.8301635e-01
   1.8726266e-01
   2.0427552e-01
   1.7864213e-01
   1.7851879e-01
   1.8719788e-01
   1.8164980e-01
   2.0100120e-01
   1.8378556e-01
   1.9090717e-01
   1.8967223e-01
   1.7938168e-01
   1.8371245e-01
   1.8179994e-01
   1.9318636e-01
   1.7558314e-01
   1.9712092e-01
   1.7831016e-01
   1.7698963e-01
   2.0057052e-01
   2.0333825e-01
   1.7847260e-01
   2.0177293e-01
   1.9558380e-01
   1.8596552e-01
   1.8648935e-01
   1.8951614e-01
   1.8663765e-01
   1.9289870e-01
   1.9493140e-01
   1.8919078e-01
   1.8501553e-01
   1.7898498e-01
   1.9563602e-01
   1.9018443e-01
   1.9064791e-01
   1.9699789e-01
   2.0028130e-01
   1.8775971e-01
   1.8897335e-01
   1.8328597e-01
   1.8259014e-01
   1.8347160e-01
   1.8212423e-01
   1.8232504e-01
   1.9505084e-01
   1.9233976e-01
   1.8221356e-01
   1.9171929e-01
   1.8364598e-01
   1.8968340e-01
   2.0420699e-01
   2.0055113e-01
   1.8635895e-01
   1.7771938e-01
   1.7874467e-01
   1.8344683e-01
   1.8768399e-01
   2.0383711e-01
   1.7967900e-01
   1.8148267e-01
   1.7857271e-01
   2.0104187e-01
   1.8578156e-01
   1.8205784e-01
   1.9406352e-01
   1.8168266e-01
   1.8081899e-01
   1.9216218e-01
   1.8340072e-01
   1.8443952e-01
   1.8505958e-01
   1.8610766e-01
   1.9506883e-01
   1.8162069e-01
   1.9295968e-01
   1.9070623e-01
   1.8687267e-01
   1.8859197e-01
   1.9191360e-01
   1.7626670e-01
   1.7921682e-01
   1.9807908e-01
   1.7802934e-01
   1.9719387e-01
   1.9455077e-01
   1.9678362e-01
   1.9100904e-01
   1.7698006e-01
   2.0420542e-01
   1.8901975e-01
   1.9653668e-01
   1.7916977e-01
   1.8898683e-01
   1.8892995e-01
   1.8022281e-01
   1.8141018e-01
   1.9097660e-01
   1.8573481e-01
   1.8241285e-01
   1.9568925e-01
   2.0490157e-01
   1.8789854e-01
   1.8191552e-01
   1.9058414e-01
   1.8329697e-01
   1.8071254e-01
   1.8240557e-01
   1.8669712e-01
   1.9465504e-01
   1.8346385e-01
   1.8446037e-01
   2.0493904e-01
   1.8193585e-01
   2.0010599e-01
   1.7669221e-01
   1.9861813e-01
   1.8108465e-01
   1.7794488e-01
   1.8925300e-01
   1.9569215e-01
   1.8518804e-01
   1.7700549e-01
   1.7686649e-01
   1.8031865e-01
   1.8863947e-01
   1.9040635e-01
   1.8188498e-01
