   1.8105122e-01
   1.8287248e-01
   1.7802533e-01
   1.9100168e-01
   1.7662835e-01
   1.8374658e-01
   1.9368260e-01
   1.7386417e-01
   1.8294624e-01
   1.7304068e-01
   1.7535760e-01
   1.8611603e-01
   1.8495431e-01
   1.8319413e-01
   1.8495437e-01
   1.8299530e-01
   1.8407153e-01
   1.8404159e-01
   1.7459246e-01
   1.7727287e-01
   1.7332241e-01
   1.9047283e-01
   1.8173118e-01
   1.7878710e-01
   1.7618808e-01
   1.8317537e-01
   1.8941686e-01
   1.7783127e-01
   1.7413663e-01
   1.7765229e-01
   1.8786032e-01
   1.8064722e-01
   1.7999128e-01
   1.7681152e-01
   1.7444786e-01
   1.7291341e-01
   1.7834267e-01
   1.7911653e-01
   1.8777793e-01
   1.8032867e-01
   1.7998582e-01
   1.8348720e-01
   1.7488236e-01
   1.8166850e-01
   1.8100414e-01
   1.8390901e-01
   1.9121097e-01
   1.7839262e-01
   1.7381262e-01
   1.8115893e-01
   1.7217445e-01
   1.9158932e-01
   1.7693926e-01
   1.8304386e-01
   1.7826256e-01
   1.7440643e-01
   1.7914856e-01
   1.7952865e-01
   1.7985080e-01
   1.7739569e-01
   1.7619801e-01
   1.8065991e-01
   1.8239362e-01
   1.7992873e-01
   1.7856481e-01
   1.7631969e-01
   1.7345719e-01
   1.8109925e-01
   1.7696659e-01
   1.7490212e-01
   1.7843153e-01
   1.8371329e-01
   1.8233255e-01
   1.8894539e-01
   1.9443441e-01
   1.7481414e-01
   1.8440792e-01
   1.7679358e-01
   1.8170152e-01
   1.9118628e-01
   1.7925227e-01
   1.8533529e-01
   1.9283405e-01
   1.7646149e-01
   1.8248240e-01
   1.8059908e-01
   1.7719517e-01
   1.7845429e-01
   1.7609742e-01
   1.7994579e-01
   1.8470683e-01
   1.7532557e-01
   1.9201364e-01
   1.7366699e-01
   1.7515767e-01
   1.7859238e-01
   1.8524411e-01
   1.7277124e-01
   1.7946381e-01
   1.7808994e-01
   1.7742441e-01
   1.8328951e-01
   1.8021641e-01
   1.7668492e-01
   1.7852027e-01
   1.8182992e-01
   1.7887237e-01
   1.8098469e-01
   1.7434839e-01
   1.7614055e-01
   1.7496949e-01
   1.7531224e-01
   1.7794925e-01
   1.7469221e-01
   1.7687667e-01
   1.8191158e-01
   1.7651581e-01
   1.9118465e-01
   1.7654464e-01
   1.7816773e-01
   1.7355666e-01
   1.8215538e-01
   1.8422973e-01
   1.9088816e-01
   1.8363480e-01
   1.7584906e-01
   1.9334534e-01
   1.7556562e-01
   1.8390824e-01
   1.8179338e-01
   1.9355638e-01
   1.8365342e-01
   1.7984458e-01
   1.7782122e-01
   1.8000185e-01
   1.8756644e-01
   1.7703362e-01
   1.7626917e-01
   1.8319445e-01
   1.8215828e-01
   1.7265508e-01
   1.9052841e-01
   1.7806104e-01
   1.7576082e-01
   1.7652014e-01
   1.7774414e-01
   1.7494537e-01
   1.8411986e-01
   1.8020369e-01
   1.7284946e-01
   1.8121269e-01
   1.8034469e-01
   1.8259149e-01
   1.8855446e-01
   1.8501079e-01
   1.8399917e-01
   1.8200997e-01
   1.8055608e-01
   1.7797968e-01
   1.8700963e-01
   1.7510314e-01
   1.7446284e-01
   1.7881189e-01
   1.7847133e-01
   1.7364174e-01
   1.8654858e-01
   1.7531278e-01
   1.8379419e-01
   1.7570431e-01
   1.7952514e-01
   1.8484195e-01
   1.8566835e-01
   1.8696088e-01
   1.8568476e-01
   1.8759946e-01
   1.8281434e-01
   1.7574924e-01
   1.8099286e-01
   1.8010515e-01
   1.7714456e-01
   1.8254678e-01
   1.8035175e-01
   1.8156497e-01
   1.8243825e-01
   1.8463843e-01
   1.7858884e-01
   1.8074173e-01
   1.7749626e-01
   1.7531268e-01
   1.7932277e-01
   1.9117622e-01
   1.8227951e-01
   1.8223243e-01
   1.8283491e-01
   1.7888048e-01
   1.7863999e-01
   1.7654368e-01
   1.8202291e-01
   1.9287992e-01
   1.8722885e-01
   1.7886577e-01
   1.8235799e-01
   1.7352761e-01
   1.8449318e-01
   1.8362667e-01
   1.7866367e-01
   1.7908462e-01
   1.7566262e-01
   1.7918843e-01
   1.7646038e-01
   1.8447719e-01
   1.8370833e-01
   1.8306779e-01
   1.8994559e-01
   1.8228495e-01
   1.9253285e-01
   1.7353571e-01
   1.7395140e-01
   1.8113464e-01
   1.7821763e-01
   1.7517343e-01
   1.8157449e-01
   1.7622116e-01
   1.7311313e-01
   1.7941998e-01
   1.8849165e-01
   1.7883807e-01
   1.7981862e-01
   1.7786242e-01
   1.9191272e-01
   1.7581404e-01
   1.8224288e-01
   1.8851355e-01
   1.8404048e-01
   1.7727323e-01
   1.7850672e-01
   1.7719864e-01
   1.8641410e-01
   1.9429861e-01
   1.8419539e-01
   1.7792670e-01
   1.7686647e-01
   1.7527772e-01
   1.7192968e-01
   1.8273522e-01
   1.9189736e-01
   1.7781254e-01
   1.8143094e-01
   1.8079082e-01
   1.8404536e-01
   1.7432961e-01
   1.8189446e-01
   1.8185039e-01
   1.7855510e-01
   1.8039937e-01
   1.7394312e-01
   1.7619059e-01
   1.7820981e-01
   1.8927992e-01
   1.8048621e-01
   1.7906736e-01
   1.8621448e-01
   1.7600257e-01
   1.8686338e-01
   1.8344615e-01
   1.7825675e-01
   1.7835442e-01
   1.7851717e-01
   1.8379609e-01
   1.8559311e-01
   1.8879435e-01
   1.8922986e-01
   1.8642463e-01
   1.7537338e-01
   1.7934030e-01
   1.8986647e-01
   1.8744775e-01
   1.7977873e-01
   1.7758323e-01
   1.8230959e-01
   1.7256236e-01
   1.7892993e-01
   1.8008115e-01
   1.8039651e-01
   1.8236321e-01
   1.7881934e-01
   1.7884874e-01
   1.9037189e-01
   1.8376815e-01
   1.7496119e-01
   1.9344216e-01
   1.7730404e-01
   1.7716245e-01
   1.8274614e-01
   1.7372317e-01
   1.8292416e-01
   1.7995978e-01
   1.7813835e-01
   1.8311872e-01
   1.8057886e-01
