   1.4917186e-01
   1.5782170e-01
   1.5344135e-01
   1.5583145e-01
   1.4361245e-01
   1.6339754e-01
   1.5079945e-01
   1.5817088e-01
   1.4601956e-01
   1.5170426e-01
   1.6387802e-01
   1.6029413e-01
   1.5788516e-01
   1.4114707e-01
   1.5867073e-01
   1.4931811e-01
   1.5316497e-01
   1.4040696e-01
   1.5998955e-01
   1.6363312e-01
   1.5044436e-01
   1.5788900e-01
   1.4337233e-01
   1.6478212e-01
   1.4712432e-01
   1.6114699e-01
   1.4932486e-01
   1.4998520e-01
   1.4607497e-01
   1.6045165e-01
   1.5799268e-01
   1.6187213e-01
   1.5425062e-01
   1.5866476e-01
   1.4679182e-01
   1.4912813e-01
   1.5229462e-01
   1.5106178e-01
   1.6484024e-01
   1.5247032e-01
   1.5088998e-01
   1.5478630e-01
   1.5673691e-01
   1.4614019e-01
   1.4805172e-01
   1.5470249e-01
   1.4076326e-01
   1.5815776e-01
   1.4809204e-01
   1.4951973e-01
   1.5768732e-01
   1.4898020e-01
   1.6225966e-01
   1.5752545e-01
   1.3964443e-01
   1.5674887e-01
   1.4135941e-01
   1.5841565e-01
   1.5038365e-01
   1.4069888e-01
   1.4756151e-01
   1.5400172e-01
   1.5047601e-01
   1.6348175e-01
   1.5561895e-01
   1.6293922e-01
   1.4761121e-01
   1.5659157e-01
   1.4870249e-01
   1.5761140e-01
   1.4897211e-01
   1.5284113e-01
   1.5331759e-01
   1.5342217e-01
   1.4030766e-01
   1.4229763e-01
   1.6658641e-01
   1.5477059e-01
   1.4635676e-01
   1.5861421e-01
   1.4413393e-01
   1.6567433e-01
   1.4411435e-01
   1.5652672e-01
   1.4313251e-01
   1.4935130e-01
   1.6369809e-01
   1.5685357e-01
   1.5149251e-01
   1.4998740e-01
   1.6572673e-01
   1.6625151e-01
   1.6372668e-01
   1.6495465e-01
   1.4497398e-01
   1.6161724e-01
   1.4781706e-01
   1.4196566e-01
   1.5502774e-01
   1.4620621e-01
   1.5998131e-01
   1.6142772e-01
   1.4921565e-01
   1.5788046e-01
   1.5755069e-01
   1.4254108e-01
   1.5045336e-01
   1.5625708e-01
   1.6111852e-01
   1.6453386e-01
   1.4497094e-01
   1.6212718e-01
   1.5012390e-01
   1.5769818e-01
   1.5001987e-01
   1.5410014e-01
   1.5467669e-01
   1.5376044e-01
   1.4979293e-01
   1.5935909e-01
   1.5571746e-01
   1.4912385e-01
   1.5538485e-01
   1.5052116e-01
   1.5882450e-01
   1.5495642e-01
   1.4810228e-01
   1.5054787e-01
   1.4304387e-01
   1.4993930e-01
   1.5828864e-01
   1.6621659e-01
   1.6157108e-01
   1.5622385e-01
   1.6013750e-01
   1.3895296e-01
   1.6690393e-01
   1.4200018e-01
   1.4944436e-01
   1.5176776e-01
   1.6651510e-01
   1.6273104e-01
   1.4937634e-01
   1.5745382e-01
   1.4716815e-01
   1.5652069e-01
   1.5685344e-01
   1.4326061e-01
   1.5883807e-01
   1.4930586e-01
   1.5741684e-01
   1.5267248e-01
   1.4082525e-01
   1.5569813e-01
   1.6673442e-01
   1.5317274e-01
   1.5732405e-01
   1.4143644e-01
   1.4096378e-01
   1.6629651e-01
   1.5233785e-01
   1.4325991e-01
   1.5888965e-01
   1.5952833e-01
   1.5823929e-01
   1.5809628e-01
   1.4640532e-01
   1.5834992e-01
   1.4208292e-01
   1.6546533e-01
   1.4563239e-01
   1.6005536e-01
   1.4313175e-01
   1.5474985e-01
   1.4227728e-01
   1.6678490e-01
   1.3951103e-01
   1.5260464e-01
   1.6386521e-01
   1.4257038e-01
   1.4925476e-01
   1.5148134e-01
   1.5710511e-01
   1.5267296e-01
   1.5666341e-01
   1.6452678e-01
   1.5815259e-01
   1.5098876e-01
   1.4126197e-01
   1.5165821e-01
   1.5584801e-01
   1.5861031e-01
   1.5126819e-01
   1.4919047e-01
   1.6318182e-01
   1.6093869e-01
   1.5678291e-01
   1.5370821e-01
   1.5860181e-01
   1.5410808e-01
   1.4926856e-01
   1.3933206e-01
   1.4961243e-01
   1.5117015e-01
   1.5488491e-01
   1.5011257e-01
   1.5197991e-01
   1.5816563e-01
   1.4315211e-01
   1.4558238e-01
   1.4100396e-01
   1.5345766e-01
   1.5616922e-01
   1.4577189e-01
   1.5023976e-01
   1.5553996e-01
   1.6348713e-01
   1.4934627e-01
   1.4851552e-01
   1.4996770e-01
   1.5865427e-01
   1.5840276e-01
   1.6564161e-01
   1.5235630e-01
   1.5850128e-01
   1.6483367e-01
   1.6613852e-01
   1.5618229e-01
   1.6619401e-01
   1.5319317e-01
   1.4927251e-01
   1.6076674e-01
   1.6322982e-01
   1.5290179e-01
   1.6546387e-01
   1.5381790e-01
   1.5358001e-01
   1.5732734e-01
   1.5694186e-01
   1.4673405e-01
   1.6554614e-01
   1.4507112e-01
   1.5506795e-01
   1.5751908e-01
   1.5714783e-01
   1.4097384e-01
   1.4734838e-01
   1.5121385e-01
   1.4669272e-01
   1.5923216e-01
   1.5688264e-01
   1.4341228e-01
   1.5599676e-01
   1.4800522e-01
   1.5295842e-01
   1.6559826e-01
   1.5338320e-01
   1.5473486e-01
   1.5918354e-01
   1.4898842e-01
   1.5881586e-01
   1.5759989e-01
   1.5185610e-01
   1.5228136e-01
   1.4574047e-01
   1.6612572e-01
   1.5676127e-01
   1.4867760e-01
   1.5620792e-01
   1.6081367e-01
   1.6032472e-01
   1.4815321e-01
   1.4928393e-01
   1.5260352e-01
   1.5851198e-01
   1.5651378e-01
   1.5421074e-01
   1.6365497e-01
   1.4793803e-01
   1.5395450e-01
   1.5111340e-01
   1.5900229e-01
   1.5093005e-01
   1.4664164e-01
   1.3998955e-01
   1.5155968e-01
   1.6157450e-01
   1.5374982e-01
   1.5242094e-01
   1.5139560e-01
   1.5895385e-01
   1.5129972e-01
   1.4454333e-01
   1.5301488e-01
   1.5467883e-01
   1.4111877e-01
   1.4126116e-01
   1.6171196e-01
   1.6584918e-01
   1.5007156e-01
