   1.8273888e-02
   1.8231149e-02
   1.8315227e-02
   1.8343352e-02
   1.8225341e-02
   1.8396596e-02
   1.8232114e-02
   1.8231558e-02
   1.8236080e-02
   1.8232965e-02
   1.8264574e-02
   1.8222496e-02
   1.8228025e-02
   1.8329142e-02
   1.8366289e-02
   1.8452738e-02
   1.8206214e-02
   1.8438968e-02
   1.8226384e-02
   1.8224166e-02
   1.8378167e-02
   1.8236453e-02
   1.8192436e-02
   1.8287877e-02
   1.8227322e-02
   1.8186643e-02
   1.8222925e-02
   1.8362604e-02
   1.8456344e-02
   1.8230355e-02
   1.8312211e-02
   1.8200986e-02
   1.8236516e-02
   1.8224419e-02
   1.8232855e-02
   1.8228574e-02
   1.8229016e-02
   1.8236110e-02
   1.8222888e-02
   1.8435972e-02
   1.8348858e-02
   1.8405364e-02
   1.8435967e-02
   1.8360635e-02
   1.8285071e-02
   1.8231621e-02
   1.8278947e-02
   1.8354583e-02
   1.8458190e-02
   1.8469076e-02
   1.8275248e-02
   1.8189301e-02
   1.8306762e-02
   1.8226978e-02
   1.8301712e-02
   1.8229125e-02
   1.8235238e-02
   1.8215711e-02
   1.8224197e-02
   1.8229840e-02
   1.8407491e-02
   1.8478136e-02
   1.8204699e-02
   1.8399674e-02
   1.8234639e-02
   1.8227048e-02
   1.8286391e-02
   1.8435476e-02
   1.8224266e-02
   1.8413560e-02
   1.8240165e-02
   1.8429350e-02
   1.8318845e-02
   1.8309441e-02
   1.8189227e-02
   1.8234779e-02
   1.8481904e-02
   1.8283815e-02
   1.8327969e-02
   1.8229852e-02
   1.8388469e-02
   1.8189350e-02
   1.8358063e-02
   1.8222825e-02
   1.8237300e-02
   1.8340763e-02
   1.8306563e-02
   1.8458123e-02
   1.8300052e-02
   1.8214216e-02
   1.8477762e-02
   1.8483321e-02
   1.8222564e-02
   1.8450879e-02
   1.8212211e-02
   1.8423287e-02
   1.8234073e-02
   1.8482240e-02
   1.8219256e-02
   1.8196016e-02
   1.8323112e-02
   1.8244610e-02
   1.8482518e-02
   1.8259580e-02
   1.8236457e-02
   1.8230947e-02
   1.8329209e-02
   1.8380793e-02
   1.8244243e-02
   1.8273253e-02
   1.8245266e-02
   1.8229892e-02
   1.8304155e-02
   1.8225519e-02
   1.8281574e-02
   1.8305996e-02
   1.8236937e-02
   1.8218598e-02
   1.8192830e-02
   1.8224092e-02
   1.8413653e-02
   1.8286973e-02
   1.8233440e-02
   1.8436198e-02
   1.8229620e-02
   1.8480809e-02
   1.8411081e-02
   1.8211095e-02
   1.8223391e-02
   1.8210549e-02
   1.8188456e-02
   1.8483159e-02
   1.8482557e-02
   1.8339975e-02
   1.8224111e-02
   1.8384534e-02
   1.8218520e-02
   1.8223035e-02
   1.8218005e-02
   1.8233402e-02
   1.8469098e-02
   1.8204089e-02
   1.8224932e-02
   1.8224164e-02
   1.8284821e-02
   1.8234655e-02
   1.8223964e-02
   1.8230596e-02
   1.8269721e-02
   1.8222925e-02
   1.8232485e-02
   1.8191564e-02
   1.8222855e-02
   1.8190228e-02
   1.8471586e-02
   1.8258918e-02
   1.8482298e-02
   1.8267612e-02
   1.8298914e-02
   1.8230694e-02
   1.8217035e-02
   1.8223320e-02
   1.8221466e-02
   1.8240904e-02
   1.8456217e-02
   1.8193695e-02
   1.8229023e-02
   1.8222644e-02
   1.8338303e-02
   1.8225898e-02
   1.8222938e-02
   1.8228994e-02
   1.8227213e-02
   1.8192351e-02
   1.8340384e-02
   1.8204754e-02
   1.8385340e-02
   1.8234051e-02
   1.8263552e-02
   1.8215055e-02
   1.8188530e-02
   1.8222114e-02
   1.8224954e-02
   1.8189239e-02
   1.8222695e-02
   1.8206886e-02
   1.8224935e-02
   1.8225947e-02
   1.8223802e-02
   1.8228573e-02
   1.8258494e-02
   1.8258439e-02
   1.8254611e-02
   1.8317251e-02
   1.8345726e-02
   1.8202653e-02
   1.8282990e-02
   1.8349667e-02
   1.8481781e-02
   1.8288694e-02
   1.8418400e-02
   1.8314981e-02
   1.8223264e-02
   1.8371336e-02
   1.8303550e-02
   1.8229378e-02
   1.8223162e-02
   1.8340090e-02
   1.8483141e-02
   1.8225713e-02
   1.8195097e-02
   1.8297943e-02
   1.8263174e-02
   1.8229587e-02
   1.8301789e-02
   1.8236476e-02
   1.8189347e-02
   1.8461124e-02
   1.8249076e-02
   1.8476967e-02
   1.8444679e-02
   1.8480125e-02
   1.8204158e-02
   1.8449910e-02
   1.8378329e-02
   1.8437634e-02
   1.8268765e-02
   1.8227046e-02
   1.8243673e-02
   1.8482450e-02
   1.8389340e-02
   1.8186752e-02
   1.8187981e-02
   1.8207782e-02
   1.8217599e-02
   1.8226289e-02
   1.8300748e-02
   1.8371524e-02
   1.8193617e-02
   1.8361995e-02
   1.8310470e-02
   1.8202780e-02
   1.8224813e-02
   1.8375051e-02
   1.8200088e-02
   1.8480815e-02
   1.8471683e-02
   1.8235750e-02
   1.8224932e-02
   1.8223140e-02
   1.8252857e-02
   1.8440425e-02
   1.8219234e-02
   1.8186628e-02
   1.8291283e-02
   1.8323784e-02
   1.8255194e-02
   1.8282949e-02
   1.8323299e-02
   1.8194524e-02
   1.8197652e-02
   1.8357917e-02
   1.8228295e-02
   1.8243762e-02
   1.8242502e-02
   1.8394674e-02
   1.8437824e-02
   1.8225274e-02
   1.8215605e-02
   1.8225478e-02
   1.8474908e-02
   1.8482627e-02
   1.8310012e-02
   1.8225184e-02
   1.8466894e-02
   1.8228385e-02
   1.8222936e-02
   1.8206236e-02
   1.8220757e-02
   1.8368409e-02
   1.8448028e-02
   1.8193298e-02
   1.8223133e-02
   1.8432968e-02
   1.8232794e-02
   1.8445998e-02
   1.8296036e-02
   1.8227311e-02
   1.8477458e-02
   1.8226337e-02
   1.8203974e-02
   1.8392232e-02
   1.8444473e-02
   1.8345326e-02
   1.8228531e-02
   1.8225162e-02
   1.8350789e-02
   1.8205160e-02
   1.8225182e-02
   1.8244514e-02
