   3.7344805e-02
   3.6544918e-02
   3.7314443e-02
   3.7478641e-02
   3.6718341e-02
   3.6243454e-02
   3.8925393e-02
   3.7757564e-02
   3.7187203e-02
   3.8648577e-02
   3.6265638e-02
   3.9773825e-02
   3.6633143e-02
   3.7140325e-02
   3.6801695e-02
   3.7181700e-02
   3.6928097e-02
   3.7421461e-02
   3.6150213e-02
   3.6274590e-02
   3.7082307e-02
   3.9314616e-02
   3.6248673e-02
   3.6584806e-02
   3.8780646e-02
   3.7334190e-02
   3.6628171e-02
   3.7363248e-02
   3.7019343e-02
   3.8713173e-02
   3.8488883e-02
   3.7473910e-02
   3.6528299e-02
   3.7893458e-02
   3.7687912e-02
   3.6779714e-02
   3.7473548e-02
   3.6413461e-02
   3.6784457e-02
   3.7321833e-02
   3.7616538e-02
   3.6357431e-02
   3.8079539e-02
   3.6716370e-02
   3.7208015e-02
   3.6784496e-02
   3.7017499e-02
   3.6410160e-02
   3.7259692e-02
   3.6504667e-02
   3.8194611e-02
   3.9201477e-02
   3.8053568e-02
   3.8298174e-02
   3.6544796e-02
   3.6634477e-02
   3.7039707e-02
   3.7024880e-02
   3.9305826e-02
   3.7419721e-02
   3.6252518e-02
   3.8095069e-02
   3.9240666e-02
   3.8594730e-02
   3.6250266e-02
   3.7155026e-02
   3.6467579e-02
   3.6960653e-02
   3.6189531e-02
   3.9501283e-02
   3.7267834e-02
   3.6478677e-02
   3.6726502e-02
   3.6637453e-02
   3.6431987e-02
   3.9035020e-02
   3.6310139e-02
   3.6730452e-02
   3.6656536e-02
   3.9837242e-02
   3.6988884e-02
   3.8969098e-02
   3.6988111e-02
   3.7034517e-02
   3.7013438e-02
   3.7521866e-02
   3.7340955e-02
   3.7208260e-02
   3.6153040e-02
   3.6826311e-02
   3.6279559e-02
   3.7259568e-02
   3.8444711e-02
   3.7809919e-02
   3.7112057e-02
   3.6506412e-02
   3.6473405e-02
   3.7843508e-02
   3.6454317e-02
   3.8131767e-02
   3.6306208e-02
   3.7928235e-02
   3.6531718e-02
   3.7265064e-02
   3.8683735e-02
   3.8430219e-02
   3.7140242e-02
   3.7313001e-02
   3.6906890e-02
   3.6522518e-02
   3.7731254e-02
   3.7001470e-02
   3.9219150e-02
   3.7004554e-02
   3.6801091e-02
   3.6237258e-02
   3.6548476e-02
   3.9180143e-02
   3.6311693e-02
   3.7762273e-02
   3.8090218e-02
   3.6416698e-02
   3.6852639e-02
   3.8481673e-02
   3.7171840e-02
   3.6540839e-02
   3.6244746e-02
   3.6216506e-02
   3.6454984e-02
   3.6575428e-02
   3.6139834e-02
   3.6328574e-02
   3.6794349e-02
   3.9078837e-02
   3.6874251e-02
   3.7252755e-02
   3.6752438e-02
   3.6596574e-02
   3.9354186e-02
   3.6660491e-02
   3.7110643e-02
   3.6626696e-02
   3.6480891e-02
   3.6981364e-02
   3.7836807e-02
   3.8385772e-02
   3.6343223e-02
   3.8576732e-02
   3.9428835e-02
   3.7135982e-02
   3.6356305e-02
   3.9265097e-02
   3.7917789e-02
   3.6158644e-02
   3.7344968e-02
   3.6663302e-02
   3.9216256e-02
   3.6557960e-02
   3.8982697e-02
   3.6156766e-02
   3.6284362e-02
   3.7403799e-02
   3.8501813e-02
   3.6314345e-02
   3.6764685e-02
   3.6291211e-02
   3.6750847e-02
   3.9043672e-02
   3.6836999e-02
   3.7546098e-02
   3.8151101e-02
   3.7538794e-02
   3.7743840e-02
   3.6812010e-02
   3.8913033e-02
   3.7357293e-02
   3.6725780e-02
   3.6687693e-02
   3.8929931e-02
   3.8281090e-02
   3.7054700e-02
   3.7132973e-02
   3.6751080e-02
   3.6863630e-02
   3.7392507e-02
   3.6631497e-02
   3.9493397e-02
   3.8124310e-02
   3.8284026e-02
   3.8324221e-02
   3.6503249e-02
   3.7372758e-02
   3.6721782e-02
   4.0011303e-02
   3.8913271e-02
   3.8696990e-02
   3.7406452e-02
   3.9626106e-02
   3.6984535e-02
   3.8236908e-02
   3.8482477e-02
   3.9079356e-02
   3.6698974e-02
   3.6865328e-02
   3.6721592e-02
   3.6720264e-02
   3.6388005e-02
   3.7022183e-02
   3.8326893e-02
   3.6464896e-02
   3.7661455e-02
   3.6952284e-02
   3.6816828e-02
   3.8660148e-02
   3.7197674e-02
   3.6243361e-02
   3.6590813e-02
   3.7777281e-02
   3.7009026e-02
   3.7818763e-02
   3.7578616e-02
   3.9105004e-02
   3.7043501e-02
   3.7580719e-02
   3.6836981e-02
   3.8547624e-02
   3.6625022e-02
   3.8656183e-02
   3.6166270e-02
   3.8079179e-02
   3.7468727e-02
   3.8529489e-02
   4.0050188e-02
   3.6315603e-02
   3.7728773e-02
   3.6480409e-02
   3.7464715e-02
   3.7673207e-02
   3.7785381e-02
   3.6614940e-02
   3.7329582e-02
   3.7806801e-02
   3.9225097e-02
   3.7416156e-02
   3.9565322e-02
   3.6246404e-02
   3.6767063e-02
   3.7104842e-02
   3.9581166e-02
   3.7379498e-02
   3.9114215e-02
   3.7675581e-02
   3.6163251e-02
   3.8982744e-02
   3.6277273e-02
   3.9685598e-02
   3.6392839e-02
   3.6970184e-02
   3.7594922e-02
   3.7744728e-02
   3.7559817e-02
   3.6556213e-02
   3.9474802e-02
   3.6786799e-02
   3.8857982e-02
   3.8326955e-02
   3.7206962e-02
   3.6946964e-02
   3.9160138e-02
   3.8776275e-02
   3.8806338e-02
   3.7464084e-02
   3.6562174e-02
   3.6600841e-02
   3.7672207e-02
   3.7703283e-02
   3.7517828e-02
   3.6806061e-02
   3.9227276e-02
   3.7445013e-02
   3.6527199e-02
   3.7686801e-02
   3.6293229e-02
   3.7215133e-02
   3.6247988e-02
   3.7814026e-02
   3.9258728e-02
   3.7816655e-02
   3.8181882e-02
   3.7356255e-02
   3.8210888e-02
   3.8351192e-02
   3.6385922e-02
   3.7873268e-02
   3.8178076e-02
   3.6163570e-02
   3.6777724e-02
   3.9124257e-02
   3.6846617e-02
   3.7960772e-02
