   2.1790623e-02
   2.1803126e-02
   2.2301526e-02
   2.2544278e-02
   2.1804591e-02
   2.2584184e-02
   2.1858396e-02
   2.2787020e-02
   2.2243376e-02
   2.2240639e-02
   2.2010602e-02
   2.1793745e-02
   2.2029566e-02
   2.2640089e-02
   2.1942591e-02
   2.1863645e-02
   2.2350672e-02
   2.1915492e-02
   2.1804629e-02
   2.1981651e-02
   2.1759031e-02
   2.2021526e-02
   2.1805660e-02
   2.1962033e-02
   2.2556368e-02
   2.2535166e-02
   2.1801351e-02
   2.1806154e-02
   2.2254761e-02
   2.2012262e-02
   2.1691944e-02
   2.1848314e-02
   2.1816711e-02
   2.1760982e-02
   2.1865902e-02
   2.1889569e-02
   2.1821506e-02
   2.1813162e-02
   2.1845976e-02
   2.2439099e-02
   2.1799990e-02
   2.1834435e-02
   2.1792950e-02
   2.1829767e-02
   2.2076484e-02
   2.1822287e-02
   2.2061425e-02
   2.2838119e-02
   2.2305062e-02
   2.2418415e-02
   2.2786637e-02
   2.1828668e-02
   2.1806841e-02
   2.2358273e-02
   2.2268765e-02
   2.2162446e-02
   2.2403096e-02
   2.1804767e-02
   2.1715883e-02
   2.2687177e-02
   2.1765763e-02
   2.2279964e-02
   2.2821682e-02
   2.2669749e-02
   2.2165230e-02
   2.2711006e-02
   2.1787696e-02
   2.1794454e-02
   2.2654579e-02
   2.1856506e-02
   2.1869158e-02
   2.1803261e-02
   2.1791980e-02
   2.2729324e-02
   2.2180050e-02
   2.1820342e-02
   2.2137642e-02
   2.2094107e-02
   2.1882997e-02
   2.1838681e-02
   2.1671310e-02
   2.1804362e-02
   2.1873781e-02
   2.2509655e-02
   2.1678281e-02
   2.1703908e-02
   2.1815302e-02
   2.1803837e-02
   2.2831896e-02
   2.1744831e-02
   2.2310405e-02
   2.2775039e-02
   2.2700955e-02
   2.2658429e-02
   2.1783160e-02
   2.1709232e-02
   2.1699372e-02
   2.1778817e-02
   2.1932884e-02
   2.1857760e-02
   2.1889639e-02
   2.2243667e-02
   2.1776507e-02
   2.1817559e-02
   2.2151507e-02
   2.2790520e-02
   2.2887692e-02
   2.2734893e-02
   2.2916456e-02
   2.1699982e-02
   2.2486537e-02
   2.1812148e-02
   2.1835710e-02
   2.1804759e-02
   2.1801780e-02
   2.1812435e-02
   2.1804577e-02
   2.1804293e-02
   2.2320124e-02
   2.2162790e-02
   2.2851380e-02
   2.2697576e-02
   2.2158677e-02
   2.2850234e-02
   2.1818913e-02
   2.1824757e-02
   2.2043381e-02
   2.1783415e-02
   2.2558862e-02
   2.1818723e-02
   2.2599123e-02
   2.1817989e-02
   2.2780600e-02
   2.1817673e-02
   2.1936727e-02
   2.2031341e-02
   2.2376314e-02
   2.2150519e-02
   2.1803213e-02
   2.1950918e-02
   2.2080765e-02
   2.2044569e-02
   2.2426378e-02
   2.1807001e-02
   2.1772198e-02
   2.2026347e-02
   2.1818920e-02
   2.2472467e-02
   2.2813313e-02
   2.2255173e-02
   2.2857111e-02
   2.2835083e-02
   2.1829554e-02
   2.2103175e-02
   2.1938315e-02
   2.2604912e-02
   2.2342960e-02
   2.1861079e-02
   2.1900465e-02
   2.1751595e-02
   2.1819227e-02
   2.1817561e-02
   2.1800311e-02
   2.2243284e-02
   2.1841821e-02
   2.1804758e-02
   2.1818928e-02
   2.1945568e-02
   2.1907260e-02
   2.2569956e-02
   2.1884588e-02
   2.1938581e-02
   2.2443295e-02
   2.1736836e-02
   2.2905029e-02
   2.2840499e-02
   2.1805111e-02
   2.2860598e-02
   2.2397863e-02
   2.1666826e-02
   2.1670410e-02
   2.1804621e-02
   2.1787837e-02
   2.2123237e-02
   2.1808960e-02
   2.2398870e-02
   2.2482034e-02
   2.1814629e-02
   2.1830205e-02
   2.1673200e-02
   2.2108006e-02
   2.2133940e-02
   2.1817390e-02
   2.1804632e-02
   2.2518280e-02
   2.2478886e-02
   2.2731386e-02
   2.1819321e-02
   2.2629978e-02
   2.2847646e-02
   2.1818296e-02
   2.1805007e-02
   2.1819250e-02
   2.2202908e-02
   2.1834881e-02
   2.1744635e-02
   2.1770338e-02
   2.2734460e-02
   2.2629817e-02
   2.1816719e-02
   2.1887601e-02
   2.1819501e-02
   2.2020448e-02
   2.2371961e-02
   2.2434806e-02
   2.2181651e-02
   2.1737049e-02
   2.1806009e-02
   2.1812803e-02
   2.1703712e-02
   2.1817297e-02
   2.2707966e-02
   2.1716275e-02
   2.2746203e-02
   2.1800499e-02
   2.1818928e-02
   2.1818574e-02
   2.1691141e-02
   2.2067320e-02
   2.1818286e-02
   2.1745582e-02
   2.2105448e-02
   2.2607341e-02
   2.2835058e-02
   2.1804953e-02
   2.1805214e-02
   2.1977098e-02
   2.1817724e-02
   2.1951442e-02
   2.2240909e-02
   2.1935759e-02
   2.2694670e-02
   2.1819531e-02
   2.1817780e-02
   2.2344576e-02
   2.1808060e-02
   2.2583122e-02
   2.1833759e-02
   2.1804435e-02
   2.1804954e-02
   2.2213817e-02
   2.2141258e-02
   2.1827773e-02
   2.2709005e-02
   2.2782772e-02
   2.2778797e-02
   2.1819578e-02
   2.1805188e-02
   2.1818534e-02
   2.2435736e-02
   2.2341373e-02
   2.2628105e-02
   2.2568769e-02
   2.1804341e-02
   2.1894691e-02
   2.1739305e-02
   2.2731963e-02
   2.1819531e-02
   2.2031068e-02
   2.2437260e-02
   2.1818269e-02
   2.1827407e-02
   2.1903909e-02
   2.1960644e-02
   2.1884685e-02
   2.1952917e-02
   2.1856536e-02
   2.2913132e-02
   2.2639606e-02
   2.1923515e-02
   2.2316570e-02
   2.1847337e-02
   2.1701461e-02
   2.1947031e-02
   2.1925022e-02
   2.1801373e-02
   2.1816321e-02
   2.2216338e-02
   2.1798158e-02
   2.1840660e-02
   2.1818026e-02
   2.1765855e-02
   2.1739856e-02
   2.1880090e-02
   2.1845010e-02
   2.1807133e-02
   2.2326581e-02
   2.2845903e-02
   2.2298155e-02
   2.2685722e-02
