   2.4024679e-02
   2.4215694e-02
   2.3983738e-02
   2.4254562e-02
   2.3923118e-02
   2.4228343e-02
   2.3999119e-02
   2.4055161e-02
   2.4143694e-02
   2.3994133e-02
   2.4007672e-02
   2.3971988e-02
   2.4001733e-02
   2.3995569e-02
   2.4006093e-02
   2.4112737e-02
   2.4058099e-02
   2.4090811e-02
   2.3988059e-02
   2.4609212e-02
   2.4046621e-02
   2.4004036e-02
   2.4012710e-02
   2.4086657e-02
   2.3918711e-02
   2.4205831e-02
   2.4001369e-02
   2.4061677e-02
   2.3998790e-02
   2.3994834e-02
   2.4394719e-02
   2.4033711e-02
   2.3963164e-02
   2.4233425e-02
   2.4142817e-02
   2.3976289e-02
   2.3948063e-02
   2.4225289e-02
   2.4175604e-02
   2.4055352e-02
   2.4007444e-02
   2.3932406e-02
   2.3981591e-02
   2.4150374e-02
   2.4008285e-02
   2.4009936e-02
   2.3999110e-02
   2.4051754e-02
   2.3991324e-02
   2.4238732e-02
   2.3967472e-02
   2.4145817e-02
   2.3990906e-02
   2.4171641e-02
   2.4036794e-02
   2.3992801e-02
   2.4102434e-02
   2.3953986e-02
   2.4101796e-02
   2.3946903e-02
   2.4105739e-02
   2.4483564e-02
   2.3857683e-02
   2.4178959e-02
   2.3942699e-02
   2.3990003e-02
   2.4147695e-02
   2.3957479e-02
   2.4043233e-02
   2.4005068e-02
   2.4160968e-02
   2.3995341e-02
   2.4018192e-02
   2.4065720e-02
   2.3955260e-02
   2.3928541e-02
   2.4045915e-02
   2.3981903e-02
   2.4042081e-02
   2.3972833e-02
   2.3994912e-02
   2.3891008e-02
   2.3932117e-02
   2.4292478e-02
   2.4483018e-02
   2.3985760e-02
   2.4122757e-02
   2.3964866e-02
   2.4484144e-02
   2.4024668e-02
   2.4261674e-02
   2.4120384e-02
   2.4026206e-02
   2.4270662e-02
   2.4276223e-02
   2.4065499e-02
   2.3980034e-02
   2.4071471e-02
   2.3979452e-02
   2.3957402e-02
   2.4507348e-02
   2.4256232e-02
   2.3985896e-02
   2.4037433e-02
   2.4059525e-02
   2.4045848e-02
   2.3997197e-02
   2.4387840e-02
   2.4028501e-02
   2.3991310e-02
   2.4071776e-02
   2.4634435e-02
   2.4049123e-02
   2.4404418e-02
   2.4111257e-02
   2.4058553e-02
   2.3986088e-02
   2.4048017e-02
   2.4021806e-02
   2.3920057e-02
   2.3966207e-02
   2.4080904e-02
   2.4211715e-02
   2.3987601e-02
   2.4079502e-02
   2.4340307e-02
   2.4388641e-02
   2.4414883e-02
   2.3978536e-02
   2.4033980e-02
   2.3944676e-02
   2.4014129e-02
   2.4008234e-02
   2.4008995e-02
   2.4256262e-02
   2.4144015e-02
   2.4004955e-02
   2.3978912e-02
   2.4635583e-02
   2.3998400e-02
   2.4005302e-02
   2.3957670e-02
   2.4351182e-02
   2.4064503e-02
   2.4101114e-02
   2.4121941e-02
   2.4001962e-02
   2.3989792e-02
   2.3992636e-02
   2.3986891e-02
   2.4051291e-02
   2.3977893e-02
   2.3986348e-02
   2.4448535e-02
   2.4108082e-02
   2.3991638e-02
   2.3985478e-02
   2.3994515e-02
   2.4326519e-02
   2.3982228e-02
   2.4034537e-02
   2.4018665e-02
   2.4380100e-02
   2.4654424e-02
   2.4015021e-02
   2.3986119e-02
   2.4229047e-02
   2.3955526e-02
   2.4005721e-02
   2.3994724e-02
   2.3953615e-02
   2.4022320e-02
   2.3994815e-02
   2.4010786e-02
   2.4421707e-02
   2.4003501e-02
   2.4138967e-02
   2.3999995e-02
   2.4025665e-02
   2.3985918e-02
   2.3974364e-02
   2.4002699e-02
   2.4047076e-02
   2.4555061e-02
   2.4099129e-02
   2.4099957e-02
   2.3886326e-02
   2.4021960e-02
   2.4129330e-02
   2.4459863e-02
   2.4153571e-02
   2.4012299e-02
   2.4040319e-02
   2.4002060e-02
   2.4007587e-02
   2.4008698e-02
   2.4063107e-02
   2.4033114e-02
   2.3965354e-02
   2.4056652e-02
   2.4602414e-02
   2.3982510e-02
   2.4026895e-02
   2.4000956e-02
   2.3956567e-02
   2.4003796e-02
   2.3982666e-02
   2.4087321e-02
   2.3976627e-02
   2.4447038e-02
   2.4001247e-02
   2.4098266e-02
   2.4257059e-02
   2.4031264e-02
   2.4027709e-02
   2.3965274e-02
   2.4000316e-02
   2.4025322e-02
   2.4014826e-02
   2.3990657e-02
   2.4002029e-02
   2.3980578e-02
   2.4006592e-02
   2.3920082e-02
   2.4028176e-02
   2.4010775e-02
   2.4026465e-02
   2.4114598e-02
   2.4046517e-02
   2.3931789e-02
   2.4297275e-02
   2.4050617e-02
   2.3985199e-02
   2.3992316e-02
   2.4018875e-02
   2.4309770e-02
   2.3985678e-02
   2.4127907e-02
   2.4121426e-02
   2.4024203e-02
   2.4031417e-02
   2.4582697e-02
   2.4060357e-02
   2.4020250e-02
   2.4036521e-02
   2.4021953e-02
   2.4540182e-02
   2.4618170e-02
   2.4100649e-02
   2.3985905e-02
   2.4169381e-02
   2.3976878e-02
   2.4054807e-02
   2.3994798e-02
   2.3992679e-02
   2.4069086e-02
   2.4369501e-02
   2.4096143e-02
   2.4133426e-02
   2.3999072e-02
   2.4080144e-02
   2.4024115e-02
   2.4070292e-02
   2.4453724e-02
   2.3942844e-02
   2.4007675e-02
   2.3987726e-02
   2.4315019e-02
   2.3992657e-02
   2.3983622e-02
   2.4040298e-02
   2.3948859e-02
   2.3938484e-02
   2.3977628e-02
   2.3957157e-02
   2.3888116e-02
   2.3967733e-02
   2.4006182e-02
   2.4025648e-02
   2.3988532e-02
   2.3990631e-02
   2.3975295e-02
   2.4004454e-02
   2.4279276e-02
   2.3989092e-02
   2.4230879e-02
   2.4565344e-02
   2.3986503e-02
   2.3981864e-02
   2.4270261e-02
   2.3988420e-02
   2.3992825e-02
   2.4124441e-02
   2.3989159e-02
   2.3999510e-02
   2.4057564e-02
   2.3940854e-02
   2.4007648e-02
   2.4010155e-02
   2.4112310e-02
