   2.6193218e-02
   2.6622410e-02
   2.7336891e-02
   2.6729055e-02
   2.6711977e-02
   2.7115450e-02
   2.6750584e-02
   2.5992105e-02
   2.6030985e-02
   2.6930483e-02
   2.7232292e-02
   2.6717888e-02
   2.6026647e-02
   2.6335002e-02
   2.6108196e-02
   2.6072887e-02
   2.6285789e-02
   2.6812304e-02
   2.7049456e-02
   2.7191089e-02
   2.6404740e-02
   2.7096062e-02
   2.5982145e-02
   2.6851394e-02
   2.6754567e-02
   2.6424232e-02
   2.7359041e-02
   2.6713086e-02
   2.7396914e-02
   2.6884237e-02
   2.7546004e-02
   2.6058380e-02
   2.7506499e-02
   2.6887283e-02
   2.7526034e-02
   2.6906504e-02
   2.7298073e-02
   2.6718347e-02
   2.6905789e-02
   2.6068935e-02
   2.6709693e-02
   2.6746544e-02
   2.6405596e-02
   2.7125901e-02
   2.6728209e-02
   2.6044227e-02
   2.6621376e-02
   2.7468509e-02
   2.6289559e-02
   2.7078323e-02
   2.7311266e-02
   2.7154412e-02
   2.6422274e-02
   2.6866791e-02
   2.7109934e-02
   2.6345343e-02
   2.6463879e-02
   2.6792401e-02
   2.6897721e-02
   2.6733181e-02
   2.6553167e-02
   2.6677196e-02
   2.6731559e-02
   2.6865409e-02
   2.6727570e-02
   2.7243781e-02
   2.6763602e-02
   2.7144279e-02
   2.6704096e-02
   2.6917325e-02
   2.7373041e-02
   2.6396780e-02
   2.6711048e-02
   2.6964819e-02
   2.6326561e-02
   2.6723681e-02
   2.6733232e-02
   2.6745983e-02
   2.6034069e-02
   2.6680773e-02
   2.6746583e-02
   2.7317471e-02
   2.7273462e-02
   2.6984784e-02
   2.7029119e-02
   2.6202711e-02
   2.6930721e-02
   2.7454598e-02
   2.7278994e-02
   2.7219414e-02
   2.7381541e-02
   2.6732334e-02
   2.6234923e-02
   2.7180385e-02
   2.7317588e-02
   2.6603258e-02
   2.7274693e-02
   2.7250448e-02
   2.6746428e-02
   2.6205695e-02
   2.7495921e-02
   2.7057920e-02
   2.6889901e-02
   2.6710889e-02
   2.7338167e-02
   2.6754107e-02
   2.6686409e-02
   2.6289830e-02
   2.6382885e-02
   2.6749072e-02
   2.6483670e-02
   2.7036985e-02
   2.6219046e-02
   2.6357599e-02
   2.7521580e-02
   2.6845021e-02
   2.7360896e-02
   2.6731103e-02
   2.7371127e-02
   2.6387913e-02
   2.6210264e-02
   2.6727588e-02
   2.7059665e-02
   2.6787355e-02
   2.6028780e-02
   2.6735062e-02
   2.6189979e-02
   2.7177907e-02
   2.7213200e-02
   2.6218453e-02
   2.6532692e-02
   2.6194823e-02
   2.6746076e-02
   2.6573380e-02
   2.6221698e-02
   2.7483746e-02
   2.6667641e-02
   2.6381586e-02
   2.6530168e-02
   2.6704335e-02
   2.6769744e-02
   2.6743038e-02
   2.6750654e-02
   2.6594079e-02
   2.6939691e-02
   2.6754246e-02
   2.5998462e-02
   2.7295068e-02
   2.6761292e-02
   2.7190351e-02
   2.7209703e-02
   2.6752282e-02
   2.7364075e-02
   2.7348770e-02
   2.6868228e-02
   2.7203874e-02
   2.7460459e-02
   2.6730059e-02
   2.7304342e-02
   2.7154682e-02
   2.6758481e-02
   2.7471269e-02
   2.6774198e-02
   2.6000387e-02
   2.6186783e-02
   2.6986135e-02
   2.6503190e-02
   2.6731932e-02
   2.6074885e-02
   2.6030424e-02
   2.6711305e-02
   2.6790959e-02
   2.7299932e-02
   2.7096373e-02
   2.7526054e-02
   2.7060400e-02
   2.7454077e-02
   2.7026318e-02
   2.6433952e-02
   2.6483628e-02
   2.6686831e-02
   2.5990397e-02
   2.7148937e-02
   2.6731120e-02
   2.6727673e-02
   2.6213584e-02
   2.6733198e-02
   2.6964815e-02
   2.7130663e-02
   2.6516702e-02
   2.6793725e-02
   2.6895709e-02
   2.5999284e-02
   2.6903079e-02
   2.6714454e-02
   2.6487729e-02
   2.6755994e-02
   2.6749669e-02
   2.6926005e-02
   2.6748321e-02
   2.6997442e-02
   2.6665371e-02
   2.6770733e-02
   2.7387680e-02
   2.6719169e-02
   2.6341174e-02
   2.6950155e-02
   2.6742298e-02
   2.7177159e-02
   2.7406410e-02
   2.7202431e-02
   2.7531660e-02
   2.6716543e-02
   2.6625569e-02
   2.7319744e-02
   2.6862277e-02
   2.6865749e-02
   2.7502958e-02
   2.6707252e-02
   2.7500045e-02
   2.6683953e-02
   2.7483346e-02
   2.6332334e-02
   2.6697139e-02
   2.6727564e-02
   2.6751520e-02
   2.6846417e-02
   2.6487357e-02
   2.6720335e-02
   2.6139373e-02
   2.7492714e-02
   2.6194377e-02
   2.6652645e-02
   2.6713367e-02
   2.6733232e-02
   2.6155400e-02
   2.7223430e-02
   2.6521390e-02
   2.6799316e-02
   2.6526132e-02
   2.6302342e-02
   2.7381281e-02
   2.7134470e-02
   2.6753171e-02
   2.7121054e-02
   2.6745570e-02
   2.6854781e-02
   2.6886940e-02
   2.6988288e-02
   2.5999930e-02
   2.6730482e-02
   2.6754896e-02
   2.6918907e-02
   2.6704597e-02
   2.7265462e-02
   2.6707555e-02
   2.6048286e-02
   2.6750428e-02
   2.7037369e-02
   2.5990196e-02
   2.7449073e-02
   2.6467266e-02
   2.6922077e-02
   2.6492095e-02
   2.6422237e-02
   2.6724021e-02
   2.7455493e-02
   2.6037812e-02
   2.7453639e-02
   2.5966611e-02
   2.7257720e-02
   2.6288884e-02
   2.6120627e-02
   2.6759418e-02
   2.7122947e-02
   2.7125897e-02
   2.6063919e-02
   2.6751052e-02
   2.6298454e-02
   2.7527244e-02
   2.6513056e-02
   2.7546347e-02
   2.7205248e-02
   2.6977980e-02
   2.7293953e-02
   2.7519060e-02
   2.6730086e-02
   2.6305265e-02
   2.7360977e-02
   2.5988796e-02
   2.7547619e-02
   2.6749241e-02
   2.6100153e-02
   2.6371086e-02
   2.6730513e-02
   2.6770922e-02
   2.7435726e-02
   2.7265337e-02
   2.6693210e-02
   2.7248402e-02
