   1.7536453e-01
   1.8132366e-01
   1.6493872e-01
   1.7063120e-01
   1.6710164e-01
   1.8326221e-01
   1.5191741e-01
   1.8905042e-01
   1.8345066e-01
   1.6255728e-01
   1.8412730e-01
   1.8260129e-01
   1.8823705e-01
   1.7901698e-01
   1.7167122e-01
   1.6714120e-01
   1.5290870e-01
   1.8248624e-01
   1.8061918e-01
   1.6287091e-01
   1.7548859e-01
   1.7656972e-01
   1.6784211e-01
   1.6311978e-01
   1.6744256e-01
   1.6939111e-01
   1.5663096e-01
   1.5764438e-01
   1.5012107e-01
   1.5803579e-01
   1.6899306e-01
   1.7659446e-01
   1.8193655e-01
   1.6495194e-01
   1.8731035e-01
   1.8232717e-01
   1.6459762e-01
   1.8428127e-01
   1.8287905e-01
   1.7147307e-01
   1.7860324e-01
   1.8094677e-01
   1.8763450e-01
   1.4905436e-01
   1.8138126e-01
   1.6397592e-01
   1.6366242e-01
   1.7431338e-01
   1.8233167e-01
   1.6758782e-01
   1.6048469e-01
   1.5798092e-01
   1.8447918e-01
   1.9022720e-01
   1.6726418e-01
   1.8449218e-01
   1.8213785e-01
   1.6170101e-01
   1.7886264e-01
   1.8399983e-01
   1.8098037e-01
   1.5857904e-01
   1.6339732e-01
   1.8354008e-01
   1.8330463e-01
   1.6498109e-01
   1.6387499e-01
   1.6217579e-01
   1.5729011e-01
   1.6377748e-01
   1.8685862e-01
   1.6312296e-01
   1.7898499e-01
   1.6150076e-01
   1.7787250e-01
   1.8361826e-01
   1.6882508e-01
   1.7199132e-01
   1.6449583e-01
   1.8391878e-01
   1.7692293e-01
   1.8150265e-01
   1.7878220e-01
   1.6953022e-01
   1.7885978e-01
   1.6232449e-01
   1.8239132e-01
   1.7766341e-01
   1.8452491e-01
   1.7616557e-01
   1.8008095e-01
   1.5946301e-01
   1.8482891e-01
   1.6182573e-01
   1.8753165e-01
   1.8432978e-01
   1.7442663e-01
   1.6364453e-01
   1.7737097e-01
   1.8494107e-01
   1.5778344e-01
   1.6500685e-01
   1.6475999e-01
   1.7241018e-01
   1.7791302e-01
   1.8181809e-01
   1.6308691e-01
   1.6487731e-01
   1.6804680e-01
   1.6461584e-01
   1.8384007e-01
   1.8307343e-01
   1.6756896e-01
   1.6474140e-01
   1.6429936e-01
   1.5312082e-01
   1.6205381e-01
   1.6585403e-01
   1.6428008e-01
   1.6328359e-01
   1.8035958e-01
   1.8564976e-01
   1.6261239e-01
   1.8207665e-01
   1.7832543e-01
   1.6696756e-01
   1.7274355e-01
   1.7989433e-01
   1.5308047e-01
   1.6367643e-01
   1.6990905e-01
   1.5469247e-01
   1.7984555e-01
   1.6318899e-01
   1.8824946e-01
   1.8015667e-01
   1.7720380e-01
   1.9115398e-01
   1.8576913e-01
   1.6541384e-01
   1.8739179e-01
   1.7675882e-01
   1.7296142e-01
   1.8527872e-01
   1.6000971e-01
   1.8521346e-01
   1.5983986e-01
   1.8563403e-01
   1.8284222e-01
   1.5703912e-01
   1.6098979e-01
   1.5625642e-01
   1.7605710e-01
   1.8331597e-01
   1.7005871e-01
   1.6049102e-01
   1.6524419e-01
   1.7731291e-01
   1.7633510e-01
   1.5518725e-01
   1.7308327e-01
   1.8363915e-01
   1.4976272e-01
   1.8291707e-01
   1.6223557e-01
   1.6304573e-01
   1.5954373e-01
   1.5991155e-01
   1.7887351e-01
   1.8245102e-01
   1.5865431e-01
   1.8831396e-01
   1.9038871e-01
   1.6352453e-01
   1.5277399e-01
   1.6298953e-01
   1.8412198e-01
   1.7693374e-01
   1.6461995e-01
   1.8109816e-01
   1.4831139e-01
   1.7333269e-01
   1.5464133e-01
   1.6700066e-01
   1.7038463e-01
   1.7277868e-01
   1.5090245e-01
   1.5732388e-01
   1.5331444e-01
   1.7800953e-01
   1.6770176e-01
   1.8847767e-01
   1.5858276e-01
   1.8489843e-01
   1.8338752e-01
   1.6775509e-01
   1.6932792e-01
   1.8849176e-01
   1.6339673e-01
   1.8125971e-01
   1.6181599e-01
   1.7298685e-01
   1.5299490e-01
   1.5360551e-01
   1.6121102e-01
   1.8131198e-01
   1.5765879e-01
   1.5976070e-01
   1.5636592e-01
   1.7887747e-01
   1.5705640e-01
   1.8322935e-01
   1.7210155e-01
   1.5507226e-01
   1.7163304e-01
   1.5874739e-01
   1.6223276e-01
   1.6929198e-01
   1.7265794e-01
   1.8086943e-01
   1.8516430e-01
   1.8697952e-01
   1.6713824e-01
   1.5970484e-01
   1.8404337e-01
   1.5353483e-01
   1.8499855e-01
   1.8253291e-01
   1.8265968e-01
   1.7294408e-01
   1.6614788e-01
   1.8227730e-01
   1.7059832e-01
   1.7330798e-01
   1.6433460e-01
   1.6794735e-01
   1.6379684e-01
   1.5533712e-01
   1.8335370e-01
   1.7868611e-01
   1.6489029e-01
   1.7508445e-01
   1.8532585e-01
   1.4993249e-01
   1.7522279e-01
   1.5377725e-01
   1.5872605e-01
   1.6064573e-01
   1.8576368e-01
   1.7036020e-01
   1.5951069e-01
   1.7262373e-01
   1.6464535e-01
   1.5608035e-01
   1.8796275e-01
   1.6720016e-01
   1.5620317e-01
   1.6167765e-01
   1.6083846e-01
   1.5892561e-01
   1.5818002e-01
   1.6523602e-01
   1.7173336e-01
   1.6209861e-01
   1.6312960e-01
   1.5799646e-01
   1.8531534e-01
   1.7974831e-01
   1.6391763e-01
   1.9207824e-01
   1.6232007e-01
   1.8480019e-01
   1.8504435e-01
   1.6837178e-01
   1.5423480e-01
   1.5342303e-01
   1.6583250e-01
   1.7426858e-01
   1.5870792e-01
   1.5948576e-01
   1.7657773e-01
   1.9144319e-01
   1.5337077e-01
   1.6341946e-01
   1.6248555e-01
   1.6300655e-01
   1.8416218e-01
   1.6869824e-01
   1.6078834e-01
   1.7247034e-01
   1.8865874e-01
   1.6304562e-01
   1.6362163e-01
   1.5159176e-01
   1.4957444e-01
   1.6263898e-01
   1.6036453e-01
   1.8305999e-01
   1.8502220e-01
   1.7013762e-01
