   2.1290768e-02
   2.1874926e-02
   2.0970568e-02
   2.0722735e-02
   1.9464123e-02
   2.0364487e-02
   2.0346852e-02
   1.9923739e-02
   2.0276159e-02
   2.0564992e-02
   1.9878583e-02
   2.1405911e-02
   2.0249366e-02
   1.9405882e-02
   2.0027707e-02
   2.0036182e-02
   2.0720725e-02
   1.9627770e-02
   2.1076821e-02
   2.0655503e-02
   1.9953063e-02
   2.0230114e-02
   2.1003538e-02
   2.1290554e-02
   2.0285347e-02
   2.0663453e-02
   2.0754022e-02
   2.0803752e-02
   2.0890520e-02
   1.9559232e-02
   2.0013443e-02
   1.9776772e-02
   1.9939014e-02
   1.9935668e-02
   2.0631979e-02
   2.1026189e-02
   2.0134860e-02
   2.0385034e-02
   2.1790805e-02
   2.0362499e-02
   2.1484295e-02
   2.0490881e-02
   2.0126566e-02
   2.0635909e-02
   2.0621517e-02
   1.9846595e-02
   2.0935989e-02
   2.0429927e-02
   1.9935934e-02
   2.1205394e-02
   2.0403579e-02
   2.0195270e-02
   2.0353419e-02
   1.9838686e-02
   2.1123008e-02
   2.0490273e-02
   2.0133492e-02
   1.9678449e-02
   2.1258507e-02
   1.9707112e-02
   2.0188328e-02
   1.9881878e-02
   2.0097713e-02
   2.0141454e-02
   2.1677911e-02
   2.0311269e-02
   2.0754127e-02
   1.9505853e-02
   2.0581764e-02
   2.0281050e-02
   2.1174266e-02
   2.0852187e-02
   1.9649647e-02
   2.1490378e-02
   2.0356376e-02
   1.9839707e-02
   2.0935216e-02
   2.0651116e-02
   2.1054861e-02
   1.9575383e-02
   2.0959986e-02
   2.0174714e-02
   1.9773431e-02
   2.0948957e-02
   1.9755354e-02
   1.9406181e-02
   2.1754491e-02
   2.0669090e-02
   2.1068964e-02
   1.9901433e-02
   2.0040497e-02
   2.0209533e-02
   2.1097175e-02
   2.0642118e-02
   2.1270631e-02
   2.0648225e-02
   2.0874749e-02
   2.0134696e-02
   1.9620006e-02
   2.0668120e-02
   2.0260658e-02
   2.0550745e-02
   2.0596434e-02
   1.9933911e-02
   1.9364846e-02
   1.9334483e-02
   2.1508056e-02
   2.0185403e-02
   2.0181377e-02
   1.9579996e-02
   2.1108215e-02
   1.9462787e-02
   2.1013712e-02
   1.9643364e-02
   2.1129776e-02
   1.9633097e-02
   2.0106225e-02
   2.0933876e-02
   1.9728159e-02
   2.1223615e-02
   2.0496815e-02
   2.0398561e-02
   2.0361147e-02
   2.1398795e-02
   2.0664710e-02
   2.0594461e-02
   2.0948560e-02
   2.1350227e-02
   2.1618427e-02
   2.0340218e-02
   2.0453189e-02
   1.9301386e-02
   2.1113699e-02
   2.0130521e-02
   2.0963271e-02
   2.0925632e-02
   2.0837635e-02
   2.1249076e-02
   1.9515366e-02
   2.0349353e-02
   2.0620776e-02
   2.0394439e-02
   2.1210951e-02
   2.0423270e-02
   2.0307175e-02
   2.0155592e-02
   2.0979771e-02
   2.1192681e-02
   1.9210071e-02
   1.9986478e-02
   2.1002856e-02
   2.0924079e-02
   2.0261258e-02
   1.9410349e-02
   2.1489266e-02
   2.0822445e-02
   2.1067862e-02
   2.1678916e-02
   2.0482453e-02
   2.0051797e-02
   2.0151145e-02
   2.1461922e-02
   2.0400117e-02
   2.1381240e-02
   2.1317192e-02
   1.9590787e-02
   2.0121234e-02
   2.1063638e-02
   2.0099788e-02
   2.1110943e-02
   1.9902950e-02
   2.0822897e-02
   2.0137775e-02
   2.0703332e-02
   1.9495287e-02
   2.0289606e-02
   2.0802962e-02
   1.9954169e-02
   2.1207680e-02
   2.0479536e-02
   2.1093205e-02
   2.0659094e-02
   2.0597943e-02
   2.1419201e-02
   2.0848702e-02
   1.9487849e-02
   1.9996873e-02
   2.0506423e-02
   2.1096861e-02
   2.0849814e-02
   1.9387164e-02
   2.1058933e-02
   2.1613119e-02
   2.0051149e-02
   2.1768954e-02
   2.0712048e-02
   2.0125689e-02
   2.0101677e-02
   2.0577854e-02
   2.1113839e-02
   2.1267682e-02
   2.1727684e-02
   2.1173272e-02
   2.0555648e-02
   2.1875534e-02
   1.9846930e-02
   2.0040802e-02
   2.1293299e-02
   2.0502330e-02
   1.9917467e-02
   2.0683012e-02
   2.0605217e-02
   2.1076731e-02
   2.0650055e-02
   2.0884395e-02
   2.0280852e-02
   2.0068918e-02
   2.0915507e-02
   2.0792095e-02
   2.0820974e-02
   2.0319125e-02
   1.9942655e-02
   2.0135266e-02
   2.0300615e-02
   2.1401143e-02
   1.9686917e-02
   2.0954435e-02
   2.0478282e-02
   2.1822859e-02
   1.9386412e-02
   2.0405653e-02
   2.0295545e-02
   2.1498152e-02
   2.0147597e-02
   2.1920287e-02
   2.0172872e-02
   2.1747905e-02
   2.0631449e-02
   2.0993259e-02
   2.0975733e-02
   1.9391441e-02
   2.0477409e-02
   1.9291948e-02
   2.1209811e-02
   2.1753619e-02
   1.9726438e-02
   2.0213773e-02
   2.0982210e-02
   2.0206702e-02
   2.0362076e-02
   2.0664063e-02
   2.1284193e-02
   2.0996486e-02
   1.9899439e-02
   1.9700799e-02
   2.0751134e-02
   2.1103600e-02
   2.0865015e-02
   2.0922146e-02
   2.0032601e-02
   1.9911350e-02
   2.0473530e-02
   2.1164501e-02
   1.9412976e-02
   1.9766205e-02
   2.1048983e-02
   2.0881710e-02
   2.0147801e-02
   2.0048817e-02
   1.9472430e-02
   2.0933544e-02
   1.9967184e-02
   2.1005239e-02
   2.0272543e-02
   2.0531188e-02
   2.0187716e-02
   2.0971447e-02
   2.0830496e-02
   1.9212369e-02
   1.9900518e-02
   2.0155605e-02
   1.9706438e-02
   1.9377549e-02
   2.0860624e-02
   2.0003350e-02
   2.1400856e-02
   2.0375325e-02
   2.1040598e-02
   2.1620105e-02
   2.0380155e-02
   2.0709022e-02
   2.0166814e-02
   1.9340778e-02
   1.9727607e-02
   2.0031178e-02
   2.1469354e-02
   2.0617461e-02
   1.9549884e-02
   1.9990371e-02
   2.0987585e-02
