   2.4032798e-01
   2.2625694e-01
   2.3878919e-01
   2.3982447e-01
   2.3697734e-01
   2.2519472e-01
   2.3772353e-01
   2.4020532e-01
   2.2657445e-01
   2.2889756e-01
   2.3680595e-01
   2.2651643e-01
   2.3889965e-01
   2.4591031e-01
   2.3776611e-01
   2.4689498e-01
   2.3892929e-01
   2.3716311e-01
   2.4386198e-01
   2.3997318e-01
   2.5031071e-01
   2.3832964e-01
   2.2260562e-01
   2.4327823e-01
   2.3750969e-01
   2.5176361e-01
   2.3274320e-01
   2.4697747e-01
   2.3982709e-01
   2.3885566e-01
   2.4702742e-01
   2.3784561e-01
   2.3913849e-01
   2.3917834e-01
   2.4310174e-01
   2.2448109e-01
   2.3880368e-01
   2.4503320e-01
   2.3990574e-01
   2.2706759e-01
   2.3939070e-01
   2.4471073e-01
   2.4053275e-01
   2.2558882e-01
   2.4729333e-01
   2.4462631e-01
   2.3127060e-01
   2.3876447e-01
   2.4214482e-01
   2.3775800e-01
   2.4491865e-01
   2.4325791e-01
   2.4043528e-01
   2.4397558e-01
   2.4282308e-01
   2.4810086e-01
   2.2979520e-01
   2.4617103e-01
   2.4223086e-01
   2.2575319e-01
   2.4213309e-01
   2.4106192e-01
   2.2449956e-01
   2.4650660e-01
   2.3826863e-01
   2.4819739e-01
   2.2971562e-01
   2.4752986e-01
   2.3908448e-01
   2.4127558e-01
   2.4224529e-01
   2.4561636e-01
   2.3185153e-01
   2.3761805e-01
   2.3721410e-01
   2.2575833e-01
   2.3047936e-01
   2.3191341e-01
   2.3442691e-01
   2.3534953e-01
   2.4145075e-01
   2.4365262e-01
   2.3907805e-01
   2.4040923e-01
   2.2847126e-01
   2.3544988e-01
   2.3777053e-01
   2.4569560e-01
   2.3901904e-01
   2.3818624e-01
   2.3744009e-01
   2.2662234e-01
   2.2530788e-01
   2.3459508e-01
   2.4655231e-01
   2.3753513e-01
   2.3915820e-01
   2.4332275e-01
   2.2469860e-01
   2.3938467e-01
   2.4584583e-01
   2.4525476e-01
   2.3077148e-01
   2.4935439e-01
   2.4395184e-01
   2.2402454e-01
   2.4013925e-01
   2.4295137e-01
   2.4900316e-01
   2.2837485e-01
   2.2391981e-01
   2.4838576e-01
   2.3964720e-01
   2.4502251e-01
   2.4477681e-01
   2.3728750e-01
   2.2650831e-01
   2.3945640e-01
   2.4893757e-01
   2.3308401e-01
   2.4280475e-01
   2.4509435e-01
   2.2499361e-01
   2.4074040e-01
   2.4301451e-01
   2.4804545e-01
   2.4545426e-01
   2.4019628e-01
   2.2739871e-01
   2.2575113e-01
   2.3722522e-01
   2.3849992e-01
   2.3559072e-01
   2.3831814e-01
   2.3828385e-01
   2.2761657e-01
   2.3981953e-01
   2.5233432e-01
   2.4549621e-01
   2.2560063e-01
   2.2811076e-01
   2.4042567e-01
   2.4175377e-01
   2.2392440e-01
   2.4727257e-01
   2.4279501e-01
   2.4873108e-01
   2.4377626e-01
   2.4050926e-01
   2.4338702e-01
   2.4615906e-01
   2.3762899e-01
   2.3925709e-01
   2.4618991e-01
   2.4585083e-01
   2.3812367e-01
   2.3811269e-01
   2.4278437e-01
   2.5147525e-01
   2.4101020e-01
   2.3052967e-01
   2.4135808e-01
   2.4597804e-01
   2.3435924e-01
   2.3878396e-01
   2.4228655e-01
   2.3915526e-01
   2.3780011e-01
   2.2411764e-01
   2.4323921e-01
   2.3901330e-01
   2.4760570e-01
   2.4295043e-01
   2.4361750e-01
   2.4209073e-01
   2.4157112e-01
   2.3186054e-01
   2.4171933e-01
   2.4632914e-01
   2.4594987e-01
   2.4753687e-01
   2.4142471e-01
   2.3261238e-01
   2.3704575e-01
   2.4635222e-01
   2.4837414e-01
   2.3858627e-01
   2.2641591e-01
   2.3677250e-01
   2.3887560e-01
   2.3952091e-01
   2.3526700e-01
   2.4554941e-01
   2.4314137e-01
   2.4484389e-01
   2.3855575e-01
   2.4685240e-01
   2.2448463e-01
   2.4528153e-01
   2.4172223e-01
   2.5025021e-01
   2.2648546e-01
   2.3909926e-01
   2.5146102e-01
   2.4736269e-01
   2.4824515e-01
   2.3751883e-01
   2.3726320e-01
   2.4687242e-01
   2.4020299e-01
   2.4879595e-01
   2.3046156e-01
   2.3847786e-01
   2.4070154e-01
   2.4845410e-01
   2.3806385e-01
   2.4269792e-01
   2.4075781e-01
   2.5227294e-01
   2.3201632e-01
   2.4417342e-01
   2.3820835e-01
   2.3539796e-01
   2.4257256e-01
   2.2238601e-01
   2.4482175e-01
   2.4341582e-01
   2.3865097e-01
   2.4472304e-01
   2.2632968e-01
   2.2358968e-01
   2.2557014e-01
   2.4896903e-01
   2.4896456e-01
   2.3895707e-01
   2.4294031e-01
   2.4182733e-01
   2.4790458e-01
   2.2548255e-01
   2.3778217e-01
   2.2447942e-01
   2.2733073e-01
   2.5193650e-01
   2.4927514e-01
   2.3785341e-01
   2.4120725e-01
   2.4474377e-01
   2.3704830e-01
   2.4605562e-01
   2.4245951e-01
   2.4097704e-01
   2.2350057e-01
   2.2453821e-01
   2.4468757e-01
   2.3708123e-01
   2.3963900e-01
   2.2948257e-01
   2.4327071e-01
   2.4631681e-01
   2.4004665e-01
   2.4681213e-01
   2.3023037e-01
   2.2685331e-01
   2.3920588e-01
   2.4282816e-01
   2.2803489e-01
   2.3990761e-01
   2.2459740e-01
   2.3961815e-01
   2.2294212e-01
   2.4394604e-01
   2.4056569e-01
   2.4438722e-01
   2.3374448e-01
   2.4387854e-01
   2.3673924e-01
   2.2448252e-01
   2.2479291e-01
   2.2619774e-01
   2.3947863e-01
   2.4348675e-01
   2.3511386e-01
   2.3647226e-01
   2.3925188e-01
   2.4162166e-01
   2.3024809e-01
   2.4123942e-01
   2.4562718e-01
   2.4343105e-01
   2.4684293e-01
   2.5140705e-01
   2.4156160e-01
   2.3827080e-01
   2.2553574e-01
   2.3622928e-01
   2.4798979e-01
   2.4724745e-01
   2.4635814e-01
   2.4459115e-01
   2.4149541e-01
