   2.1892750e-01
   2.4687315e-01
   2.2659347e-01
   2.4029580e-01
   2.2855451e-01
   2.2765530e-01
   2.2197814e-01
   2.2161199e-01
   2.2099456e-01
   2.2820298e-01
   2.4527245e-01
   2.3000437e-01
   2.4072870e-01
   2.2086213e-01
   2.3842141e-01
   2.4588026e-01
   2.4279284e-01
   2.4672360e-01
   2.2849146e-01
   2.5150206e-01
   2.3886803e-01
   2.2667541e-01
   2.2110252e-01
   2.4557321e-01
   2.4535965e-01
   2.3679823e-01
   2.5385177e-01
   2.4331049e-01
   2.4135952e-01
   2.2279233e-01
   2.4563292e-01
   2.1937122e-01
   2.2280364e-01
   2.2846379e-01
   2.4592119e-01
   2.4281414e-01
   2.1906737e-01
   2.3514463e-01
   2.2366545e-01
   2.2441091e-01
   2.2626716e-01
   2.2417897e-01
   2.5453048e-01
   2.5086881e-01
   2.4963332e-01
   2.4772987e-01
   2.4779042e-01
   2.3874976e-01
   2.4105821e-01
   2.5019437e-01
   2.4259206e-01
   2.4199550e-01
   2.4551597e-01
   2.5125081e-01
   2.4209256e-01
   2.4668101e-01
   2.4410821e-01
   2.4319577e-01
   2.2437100e-01
   2.4910786e-01
   2.5318167e-01
   2.2733463e-01
   2.4938455e-01
   2.4705096e-01
   2.3756780e-01
   2.5364704e-01
   2.4142279e-01
   2.3250579e-01
   2.4823000e-01
   2.2274318e-01
   2.5504265e-01
   2.4501357e-01
   2.4076111e-01
   2.1882223e-01
   2.2828690e-01
   2.4556429e-01
   2.4929676e-01
   2.4793429e-01
   2.3827786e-01
   2.3416993e-01
   2.3272747e-01
   2.2815768e-01
   2.4824931e-01
   2.4588471e-01
   2.6284837e-01
   2.3298366e-01
   2.5093246e-01
   2.2461369e-01
   2.3967494e-01
   2.2832964e-01
   2.3546385e-01
   2.3847321e-01
   2.5060024e-01
   2.4147940e-01
   2.5456804e-01
   2.2865459e-01
   2.4158925e-01
   2.5036808e-01
   2.4483789e-01
   2.3354350e-01
   2.3846193e-01
   2.1857652e-01
   2.1891812e-01
   2.6145347e-01
   2.2900198e-01
   2.2778180e-01
   2.3867199e-01
   2.3693128e-01
   2.5166649e-01
   2.4648843e-01
   2.2758757e-01
   2.2759081e-01
   2.2587619e-01
   2.4450492e-01
   2.2550080e-01
   2.2690671e-01
   2.4144205e-01
   2.4934179e-01
   2.5182516e-01
   2.2894726e-01
   2.2249317e-01
   2.5436618e-01
   2.1968176e-01
   2.2256931e-01
   2.4219944e-01
   2.2669181e-01
   2.5076587e-01
   2.4778656e-01
   2.4855782e-01
   2.5632238e-01
   2.4636352e-01
   2.4032971e-01
   2.5215147e-01
   2.3523723e-01
   2.4269343e-01
   2.4153696e-01
   2.1897178e-01
   2.3939342e-01
   2.3532957e-01
   2.4577885e-01
   2.2863756e-01
   2.4431744e-01
   2.4095411e-01
   2.4084335e-01
   2.3726557e-01
   2.5736037e-01
   2.4571342e-01
   2.3874407e-01
   2.2857071e-01
   2.4395778e-01
   2.2520479e-01
   2.4141920e-01
   2.2184806e-01
   2.4597775e-01
   2.3782787e-01
   2.4584044e-01
   2.2214040e-01
   2.2989049e-01
   2.4880918e-01
   2.4506016e-01
   2.5103172e-01
   2.4506078e-01
   2.4999578e-01
   2.5013268e-01
   2.2477183e-01
   2.2783784e-01
   2.1914953e-01
   2.4518926e-01
   2.3480778e-01
   2.2791200e-01
   2.2452741e-01
   2.4318619e-01
   2.2311839e-01
   2.4389236e-01
   2.5533600e-01
   2.4906866e-01
   2.3292013e-01
   2.4471062e-01
   2.2501672e-01
   2.3792582e-01
   2.2819335e-01
   2.2692198e-01
   2.4553585e-01
   2.3885521e-01
   2.2376204e-01
   2.4026123e-01
   2.4913150e-01
   2.4325083e-01
   2.4534273e-01
   2.2488046e-01
   2.4067128e-01
   2.3579052e-01
   2.6323372e-01
   2.5123652e-01
   2.6209434e-01
   2.4471636e-01
   2.5401109e-01
   2.2650676e-01
   2.4192033e-01
   2.4108031e-01
   2.6273106e-01
   2.4436303e-01
   2.4806718e-01
   2.4002646e-01
   2.4871589e-01
   2.3987241e-01
   2.4855323e-01
   2.4656582e-01
   2.4238167e-01
   2.5358570e-01
   2.5086629e-01
   2.4565808e-01
   2.4935469e-01
   2.3195990e-01
   2.3711746e-01
   2.4872520e-01
   2.1996846e-01
   2.3836063e-01
   2.5874558e-01
   2.3860730e-01
   2.4236415e-01
   2.3024249e-01
   2.4977067e-01
   2.3431213e-01
   2.3831915e-01
   2.2896495e-01
   2.4031065e-01
   2.4978932e-01
   2.2669239e-01
   2.5547673e-01
   2.5055328e-01
   2.4207777e-01
   2.2130531e-01
   2.4683829e-01
   2.5237940e-01
   2.4200521e-01
   2.5001207e-01
   2.4706599e-01
   2.4889544e-01
   2.2601148e-01
   2.4702334e-01
   2.4759777e-01
   2.3879483e-01
   2.4358927e-01
   2.2487029e-01
   2.5667959e-01
   2.2513708e-01
   2.5662332e-01
   2.1920188e-01
   2.2551230e-01
   2.3701643e-01
   2.4593602e-01
   2.5117968e-01
   2.2541280e-01
   2.4618967e-01
   2.5547739e-01
   2.5319878e-01
   2.2114253e-01
   2.3544506e-01
   2.4607782e-01
   2.2640366e-01
   2.4442575e-01
   2.2809396e-01
   2.5061045e-01
   2.5212228e-01
   2.5275292e-01
   2.2212728e-01
   2.4480982e-01
   2.4853041e-01
   2.2857397e-01
   2.2199211e-01
   2.4881622e-01
   2.5922851e-01
   2.3009537e-01
   2.6048298e-01
   2.5212951e-01
   2.3715537e-01
   2.5457734e-01
   2.4470922e-01
   2.3324509e-01
   2.4271765e-01
   2.4581011e-01
   2.4957403e-01
   2.4706030e-01
   2.4538332e-01
   2.3266342e-01
   2.4887061e-01
   2.4283673e-01
   2.4506803e-01
   2.2092193e-01
   2.3345359e-01
   2.5025734e-01
   2.2066635e-01
   2.4137174e-01
   2.3403791e-01
   2.4407229e-01
   2.2003844e-01
   2.3659739e-01
   2.3449543e-01
   2.4710629e-01
