   2.6144324e-02
   2.5508549e-02
   2.5465434e-02
   2.5336423e-02
   2.6417925e-02
   2.5667789e-02
   2.5647702e-02
   2.6239448e-02
   2.5790745e-02
   2.5739707e-02
   2.6406118e-02
   2.6054488e-02
   2.6182984e-02
   2.5475542e-02
   2.5437929e-02
   2.5372719e-02
   2.5847062e-02
   2.5440448e-02
   2.5433798e-02
   2.6440373e-02
   2.5791294e-02
   2.5331581e-02
   2.5959941e-02
   2.5351668e-02
   2.6326424e-02
   2.5799428e-02
   2.5562401e-02
   2.5991051e-02
   2.6182871e-02
   2.6143355e-02
   2.6293735e-02
   2.5347975e-02
   2.6100563e-02
   2.5335056e-02
   2.6259835e-02
   2.6063334e-02
   2.5334275e-02
   2.5986713e-02
   2.5954443e-02
   2.6259243e-02
   2.5676181e-02
   2.5337455e-02
   2.5340496e-02
   2.5422088e-02
   2.6170213e-02
   2.6416147e-02
   2.5350532e-02
   2.5418655e-02
   2.5621684e-02
   2.6257515e-02
   2.5491503e-02
   2.6321130e-02
   2.5900436e-02
   2.6262281e-02
   2.5628832e-02
   2.6352026e-02
   2.5439689e-02
   2.6427961e-02
   2.6195454e-02
   2.5381746e-02
   2.5335032e-02
   2.5385088e-02
   2.6368204e-02
   2.6084765e-02
   2.5797914e-02
   2.5843698e-02
   2.5652838e-02
   2.5509864e-02
   2.6338788e-02
   2.5587424e-02
   2.5990931e-02
   2.6251720e-02
   2.6364600e-02
   2.5695703e-02
   2.6224762e-02
   2.6235162e-02
   2.6182551e-02
   2.5416199e-02
   2.6176128e-02
   2.5348059e-02
   2.5530111e-02
   2.5343722e-02
   2.5996196e-02
   2.5332494e-02
   2.6450214e-02
   2.5356444e-02
   2.5546500e-02
   2.5348707e-02
   2.5363814e-02
   2.5354350e-02
   2.5334770e-02
   2.5377812e-02
   2.5339322e-02
   2.6289173e-02
   2.6093792e-02
   2.5749015e-02
   2.6137010e-02
   2.5589306e-02
   2.5413865e-02
   2.6079928e-02
   2.6233376e-02
   2.6172527e-02
   2.5361719e-02
   2.5806145e-02
   2.6457566e-02
   2.5384402e-02
   2.6352735e-02
   2.5550384e-02
   2.6448628e-02
   2.5343685e-02
   2.5712733e-02
   2.5878072e-02
   2.5883584e-02
   2.5793114e-02
   2.6237443e-02
   2.5970733e-02
   2.6167540e-02
   2.5810046e-02
   2.6337949e-02
   2.5385436e-02
   2.5361802e-02
   2.5743746e-02
   2.5638972e-02
   2.5353469e-02
   2.5338561e-02
   2.6405085e-02
   2.5931561e-02
   2.5740082e-02
   2.5402047e-02
   2.5510387e-02
   2.5483556e-02
   2.5339801e-02
   2.6351947e-02
   2.6378974e-02
   2.6102943e-02
   2.5571547e-02
   2.6216653e-02
   2.6199850e-02
   2.6388824e-02
   2.6249754e-02
   2.5429913e-02
   2.5338937e-02
   2.5347222e-02
   2.6069139e-02
   2.6217373e-02
   2.6258818e-02
   2.5385057e-02
   2.5713342e-02
   2.5366327e-02
   2.5900490e-02
   2.6364377e-02
   2.5407799e-02
   2.6182792e-02
   2.5408002e-02
   2.6036397e-02
   2.5459677e-02
   2.6414841e-02
   2.5998513e-02
   2.5883737e-02
   2.5346695e-02
   2.6372288e-02
   2.6374780e-02
   2.6219672e-02
   2.5591625e-02
   2.5410185e-02
   2.6220130e-02
   2.6359065e-02
   2.5668566e-02
   2.6320954e-02
   2.6327341e-02
   2.5590875e-02
   2.6046486e-02
   2.6253897e-02
   2.6363025e-02
   2.5448810e-02
   2.6453185e-02
   2.5497745e-02
   2.5363360e-02
   2.5532127e-02
   2.5418131e-02
   2.6052734e-02
   2.5382677e-02
   2.5858598e-02
   2.5838053e-02
   2.5348946e-02
   2.5412548e-02
   2.5366407e-02
   2.6183372e-02
   2.5831034e-02
   2.5711093e-02
   2.5363285e-02
   2.6299577e-02
   2.5492523e-02
   2.6345605e-02
   2.6453666e-02
   2.5688688e-02
   2.6442938e-02
   2.6141520e-02
   2.5389232e-02
   2.6093778e-02
   2.6070318e-02
   2.5528834e-02
   2.5819233e-02
   2.5426930e-02
   2.6329055e-02
   2.6095906e-02
   2.5935577e-02
   2.5439796e-02
   2.6352650e-02
   2.5751527e-02
   2.5412870e-02
   2.5430599e-02
   2.6151157e-02
   2.6009338e-02
   2.5953014e-02
   2.5550717e-02
   2.6017766e-02
   2.5562831e-02
   2.5598579e-02
   2.6292738e-02
   2.5351930e-02
   2.5352532e-02
   2.5614072e-02
   2.5335626e-02
   2.5721558e-02
   2.5488349e-02
   2.6427991e-02
   2.6416897e-02
   2.5377960e-02
   2.6269413e-02
   2.6236750e-02
   2.6232826e-02
   2.5437329e-02
   2.6074837e-02
   2.6318971e-02
   2.5922694e-02
   2.5691555e-02
   2.5491572e-02
   2.5333863e-02
   2.5432329e-02
   2.6400040e-02
   2.5737571e-02
   2.5612612e-02
   2.5925801e-02
   2.5334341e-02
   2.5914231e-02
   2.5412554e-02
   2.5732005e-02
   2.5518601e-02
   2.5470719e-02
   2.6163386e-02
   2.5431887e-02
   2.6179079e-02
   2.6287728e-02
   2.5331904e-02
   2.5338604e-02
   2.6071779e-02
   2.5497567e-02
   2.5383549e-02
   2.6111160e-02
   2.5753346e-02
   2.5996911e-02
   2.5912122e-02
   2.5382497e-02
   2.6037837e-02
   2.5823976e-02
   2.5345185e-02
   2.5333324e-02
   2.6085037e-02
   2.6371729e-02
   2.6063204e-02
   2.5658491e-02
   2.6339632e-02
   2.5908173e-02
   2.6335501e-02
   2.5874432e-02
   2.5991549e-02
   2.5441236e-02
   2.5332300e-02
   2.6428074e-02
   2.6022279e-02
   2.5477730e-02
   2.6269975e-02
   2.6291828e-02
   2.5632886e-02
   2.6020473e-02
   2.5700339e-02
   2.5556584e-02
   2.5382326e-02
   2.5606590e-02
   2.5548682e-02
   2.6396603e-02
   2.6315654e-02
   2.5950627e-02
   2.5375709e-02
   2.5387352e-02
   2.5347833e-02
   2.6254726e-02
   2.5379223e-02
   2.6368171e-02
