   2.6695529e-02
   2.6255764e-02
   2.6618216e-02
   2.6946037e-02
   2.6840142e-02
   2.7737439e-02
   2.9041772e-02
   2.8508431e-02
   2.5878909e-02
   2.7859534e-02
   2.7238318e-02
   2.6273034e-02
   2.6891744e-02
   2.6908902e-02
   2.7059116e-02
   2.6428353e-02
   2.6647635e-02
   2.5619770e-02
   2.5765036e-02
   2.6518443e-02
   2.9273463e-02
   2.6733410e-02
   2.5855448e-02
   2.6167565e-02
   2.7796257e-02
   2.7622352e-02
   2.7676097e-02
   2.9427475e-02
   2.7330415e-02
   3.1066805e-02
   2.8884455e-02
   2.8140691e-02
   2.6416076e-02
   2.8894280e-02
   2.9583076e-02
   2.7529540e-02
   2.8284110e-02
   2.8202058e-02
   2.9527749e-02
   2.7135616e-02
   2.8929781e-02
   2.8304103e-02
   2.5585453e-02
   2.6619423e-02
   2.5831732e-02
   2.8578033e-02
   2.7209211e-02
   2.7443667e-02
   2.7136473e-02
   3.0667476e-02
   2.8064471e-02
   2.7825174e-02
   2.7735872e-02
   2.7162194e-02
   3.0629276e-02
   3.1055633e-02
   2.6845468e-02
   2.7523148e-02
   2.6214052e-02
   2.7193674e-02
   2.8665018e-02
   2.6927942e-02
   2.8176838e-02
   3.0424608e-02
   3.0363450e-02
   2.8642048e-02
   2.7530948e-02
   2.6194016e-02
   2.9823389e-02
   2.7454922e-02
   2.7215720e-02
   2.9373936e-02
   2.7523434e-02
   3.0131067e-02
   2.6606424e-02
   2.8438319e-02
   2.6451283e-02
   2.5868116e-02
   2.6367708e-02
   3.0541953e-02
   2.8985481e-02
   2.7213863e-02
   2.8283061e-02
   2.6435436e-02
   2.5988740e-02
   2.7943307e-02
   2.7480802e-02
   2.8991959e-02
   2.7081595e-02
   2.8097654e-02
   2.9009400e-02
   2.6738133e-02
   2.8312133e-02
   2.8150466e-02
   2.8910860e-02
   2.8703203e-02
   2.9971839e-02
   2.7032917e-02
   2.9239233e-02
   2.7891568e-02
   3.0094105e-02
   2.7563116e-02
   2.7771673e-02
   2.7001703e-02
   2.7588825e-02
   3.0541902e-02
   2.8151547e-02
   2.6768162e-02
   2.7050378e-02
   3.0300128e-02
   2.6437087e-02
   2.5851541e-02
   2.6564964e-02
   2.6943904e-02
   2.6699947e-02
   3.0534376e-02
   2.7295077e-02
   2.7437248e-02
   2.7102107e-02
   2.6206657e-02
   2.6578723e-02
   2.9938198e-02
   2.6661434e-02
   2.9584125e-02
   2.7108347e-02
   2.9176552e-02
   2.8019153e-02
   2.6719809e-02
   2.7210107e-02
   2.9335551e-02
   2.5682896e-02
   2.8577370e-02
   2.8480565e-02
   2.6135162e-02
   2.6772366e-02
   2.7189800e-02
   2.9051571e-02
   2.6333653e-02
   2.7821697e-02
   2.9613962e-02
   2.9270143e-02
   2.6602647e-02
   2.6955289e-02
   2.8047404e-02
   2.8466212e-02
   2.9319571e-02
   2.7772312e-02
   2.7125918e-02
   2.7632414e-02
   2.7256722e-02
   2.7849177e-02
   2.7239306e-02
   2.5899495e-02
   2.7315778e-02
   2.8973626e-02
   2.8249226e-02
   3.0024303e-02
   3.0275334e-02
   2.9725614e-02
   2.7159158e-02
   2.9510632e-02
   2.5857965e-02
   2.6372518e-02
   2.6434147e-02
   2.6775452e-02
   2.7228912e-02
   2.6098565e-02
   2.6171659e-02
   2.8529466e-02
   2.6769603e-02
   2.7959963e-02
   2.8064056e-02
   3.0305036e-02
   2.9048798e-02
   2.6855398e-02
   2.8769108e-02
   2.6276018e-02
   2.7741202e-02
   2.6497968e-02
   2.7652710e-02
   2.9632076e-02
   2.7595223e-02
   2.7446802e-02
   2.6446721e-02
   2.8775777e-02
   2.5878483e-02
   2.8758126e-02
   2.5551424e-02
   2.7985652e-02
   2.8041329e-02
   2.6912563e-02
   2.6299877e-02
   3.0597192e-02
   2.9017317e-02
   2.7368564e-02
   2.8615914e-02
   2.7191270e-02
   2.8940116e-02
   3.0286085e-02
   2.7237164e-02
   2.6360853e-02
   3.1117141e-02
   2.9131455e-02
   2.6876555e-02
   2.8000850e-02
   2.8625326e-02
   2.7169312e-02
   2.7512370e-02
   2.7866707e-02
   2.7634969e-02
   2.7334520e-02
   2.6999424e-02
   3.0581748e-02
   2.5941546e-02
   2.6778165e-02
   2.6127499e-02
   2.6949251e-02
   2.8368756e-02
   2.6984017e-02
   2.6945231e-02
   2.8565567e-02
   2.7168695e-02
   2.6502226e-02
   2.8758594e-02
   2.7935419e-02
   2.6608357e-02
   2.7402046e-02
   3.0014308e-02
   3.0173373e-02
   2.6899182e-02
   2.5873417e-02
   2.6938349e-02
   2.7209440e-02
   3.0327970e-02
   2.8328869e-02
   3.0999054e-02
   2.7101891e-02
   2.6142070e-02
   2.8724090e-02
   2.8739362e-02
   2.7616653e-02
   2.9386373e-02
   2.6271740e-02
   2.7206480e-02
   2.8319095e-02
   2.9369451e-02
   2.8100858e-02
   3.0672973e-02
   2.6177103e-02
   2.8763826e-02
   2.7600856e-02
   2.7707140e-02
   2.8023316e-02
   2.6227977e-02
   2.9319029e-02
   2.7309942e-02
   3.0187313e-02
   3.0743965e-02
   2.6766861e-02
   2.5506367e-02
   2.5973889e-02
   2.6545412e-02
   3.0285275e-02
   2.8778980e-02
   2.8670119e-02
   2.7232705e-02
   2.5676056e-02
   2.5674778e-02
   2.8799128e-02
   2.5795953e-02
   2.6508085e-02
   2.7388016e-02
   2.8231178e-02
   2.6061917e-02
   2.6790338e-02
   2.6616828e-02
   2.8787922e-02
   2.6787305e-02
   2.8454770e-02
   2.9388892e-02
   2.9872519e-02
   2.8520279e-02
   2.8459251e-02
   3.0245791e-02
   2.6613707e-02
   2.7511963e-02
   2.9367052e-02
   2.8270801e-02
   2.8225074e-02
   3.0197020e-02
   2.7639525e-02
   2.9007112e-02
   2.7838859e-02
   2.7525989e-02
   2.8635640e-02
   2.9778766e-02
   2.8973674e-02
   2.7714401e-02
   2.7509381e-02
   2.6607423e-02
