   2.0541095e-02
   2.0407187e-02
   2.0357977e-02
   2.0370945e-02
   2.0578753e-02
   2.0586491e-02
   2.0375503e-02
   2.0347387e-02
   2.0370605e-02
   2.0598172e-02
   2.0624984e-02
   2.0387969e-02
   2.0420249e-02
   2.0582222e-02
   2.0622373e-02
   2.0585741e-02
   2.0597514e-02
   2.0586343e-02
   2.0561287e-02
   2.0586430e-02
   2.0586236e-02
   2.0509708e-02
   2.0574540e-02
   2.0383397e-02
   2.0473056e-02
   2.0589797e-02
   2.0584872e-02
   2.0370449e-02
   2.0351733e-02
   2.0533493e-02
   2.0588676e-02
   2.0576138e-02
   2.0589014e-02
   2.0356936e-02
   2.0347256e-02
   2.0568704e-02
   2.0348262e-02
   2.0366446e-02
   2.0610003e-02
   2.0613821e-02
   2.0592857e-02
   2.0590681e-02
   2.0378772e-02
   2.0588362e-02
   2.0546518e-02
   2.0407392e-02
   2.0618601e-02
   2.0604667e-02
   2.0346995e-02
   2.0616877e-02
   2.0349285e-02
   2.0406117e-02
   2.0585974e-02
   2.0585794e-02
   2.0349266e-02
   2.0528264e-02
   2.0568691e-02
   2.0609159e-02
   2.0554140e-02
   2.0389868e-02
   2.0582119e-02
   2.0349413e-02
   2.0504602e-02
   2.0581846e-02
   2.0604026e-02
   2.0600737e-02
   2.0580772e-02
   2.0593334e-02
   2.0587128e-02
   2.0350150e-02
   2.0462159e-02
   2.0528000e-02
   2.0363480e-02
   2.0349844e-02
   2.0589648e-02
   2.0366106e-02
   2.0624775e-02
   2.0575485e-02
   2.0348623e-02
   2.0371409e-02
   2.0589159e-02
   2.0366067e-02
   2.0363690e-02
   2.0360595e-02
   2.0587603e-02
   2.0349278e-02
   2.0585161e-02
   2.0406101e-02
   2.0352854e-02
   2.0347406e-02
   2.0585722e-02
   2.0595120e-02
   2.0355377e-02
   2.0620414e-02
   2.0368481e-02
   2.0625303e-02
   2.0429156e-02
   2.0621547e-02
   2.0586910e-02
   2.0585429e-02
   2.0585059e-02
   2.0369200e-02
   2.0597530e-02
   2.0412871e-02
   2.0594403e-02
   2.0612356e-02
   2.0542854e-02
   2.0503364e-02
   2.0383168e-02
   2.0612469e-02
   2.0348606e-02
   2.0613426e-02
   2.0347371e-02
   2.0591530e-02
   2.0610541e-02
   2.0585057e-02
   2.0625332e-02
   2.0488185e-02
   2.0588915e-02
   2.0562629e-02
   2.0347196e-02
   2.0362055e-02
   2.0615714e-02
   2.0599511e-02
   2.0348466e-02
   2.0587139e-02
   2.0594312e-02
   2.0568681e-02
   2.0596806e-02
   2.0361270e-02
   2.0588696e-02
   2.0347682e-02
   2.0608562e-02
   2.0361648e-02
   2.0543332e-02
   2.0597024e-02
   2.0538189e-02
   2.0468743e-02
   2.0356541e-02
   2.0599497e-02
   2.0620565e-02
   2.0457902e-02
   2.0577713e-02
   2.0366757e-02
   2.0366140e-02
   2.0441227e-02
   2.0622647e-02
   2.0588257e-02
   2.0615547e-02
   2.0544063e-02
   2.0594106e-02
   2.0615667e-02
   2.0353182e-02
   2.0597643e-02
   2.0364212e-02
   2.0355780e-02
   2.0518084e-02
   2.0347397e-02
   2.0544625e-02
   2.0590664e-02
   2.0408041e-02
   2.0369516e-02
   2.0613411e-02
   2.0561295e-02
   2.0347737e-02
   2.0384075e-02
   2.0603766e-02
   2.0624676e-02
   2.0484216e-02
   2.0585721e-02
   2.0578415e-02
   2.0570303e-02
   2.0536642e-02
   2.0614087e-02
   2.0595764e-02
   2.0584796e-02
   2.0610667e-02
   2.0607616e-02
   2.0614712e-02
   2.0346671e-02
   2.0414529e-02
   2.0568015e-02
   2.0586070e-02
   2.0519918e-02
   2.0593565e-02
   2.0618727e-02
   2.0503477e-02
   2.0346424e-02
   2.0585588e-02
   2.0617390e-02
   2.0362023e-02
   2.0581814e-02
   2.0599069e-02
   2.0351415e-02
   2.0587324e-02
   2.0552016e-02
   2.0527793e-02
   2.0353749e-02
   2.0490002e-02
   2.0435402e-02
   2.0606824e-02
   2.0467584e-02
   2.0559032e-02
   2.0460749e-02
   2.0585635e-02
   2.0468689e-02
   2.0585788e-02
   2.0594515e-02
   2.0426725e-02
   2.0586492e-02
   2.0358979e-02
   2.0348186e-02
   2.0412412e-02
   2.0597492e-02
   2.0586593e-02
   2.0586436e-02
   2.0346269e-02
   2.0567497e-02
   2.0456341e-02
   2.0585768e-02
   2.0603200e-02
   2.0415965e-02
   2.0613479e-02
   2.0608257e-02
   2.0592682e-02
   2.0622411e-02
   2.0487465e-02
   2.0562758e-02
   2.0463312e-02
   2.0608248e-02
   2.0359935e-02
   2.0442708e-02
   2.0587205e-02
   2.0587922e-02
   2.0365057e-02
   2.0589924e-02
   2.0622792e-02
   2.0519501e-02
   2.0612368e-02
   2.0585901e-02
   2.0362755e-02
   2.0551848e-02
   2.0347164e-02
   2.0576433e-02
   2.0585796e-02
   2.0616877e-02
   2.0533486e-02
   2.0619210e-02
   2.0417392e-02
   2.0624608e-02
   2.0581547e-02
   2.0585586e-02
   2.0356414e-02
   2.0559970e-02
   2.0613268e-02
   2.0587196e-02
   2.0615365e-02
   2.0379325e-02
   2.0593131e-02
   2.0442933e-02
   2.0353361e-02
   2.0441654e-02
   2.0513098e-02
   2.0591630e-02
   2.0359551e-02
   2.0613208e-02
   2.0607037e-02
   2.0588390e-02
   2.0576426e-02
   2.0347326e-02
   2.0623004e-02
   2.0370414e-02
   2.0360159e-02
   2.0599719e-02
   2.0364685e-02
   2.0398231e-02
   2.0592056e-02
   2.0585305e-02
   2.0599010e-02
   2.0602713e-02
   2.0400758e-02
   2.0586211e-02
   2.0574559e-02
   2.0598311e-02
   2.0586109e-02
   2.0625299e-02
   2.0624985e-02
   2.0463656e-02
   2.0591917e-02
   2.0583964e-02
   2.0584090e-02
   2.0460700e-02
   2.0369768e-02
   2.0611475e-02
   2.0608250e-02
   2.0600727e-02
   2.0582555e-02
   2.0594688e-02
   2.0360998e-02
   2.0364509e-02
