   2.2047855e-01
   2.0841331e-01
   2.2591005e-01
   2.1200024e-01
   2.0430647e-01
   2.0185537e-01
   2.1346726e-01
   1.9251252e-01
   2.0928568e-01
   1.9495100e-01
   2.0640047e-01
   2.1252105e-01
   1.9895418e-01
   2.1052081e-01
   2.0453169e-01
   1.8835637e-01
   2.2087494e-01
   2.0224373e-01
   1.9842739e-01
   2.1017935e-01
   2.1170837e-01
   2.0426335e-01
   2.0071293e-01
   1.9252315e-01
   2.0927891e-01
   2.0808341e-01
   2.0235536e-01
   2.0166049e-01
   2.1004898e-01
   2.1230795e-01
   2.0821716e-01
   2.0560032e-01
   2.1188835e-01
   2.1348352e-01
   2.0362398e-01
   2.1013053e-01
   1.9193326e-01
   2.2634548e-01
   1.9998294e-01
   2.0971844e-01
   2.1300056e-01
   2.0178816e-01
   2.0911889e-01
   2.2639920e-01
   2.0844543e-01
   2.0918324e-01
   1.9101821e-01
   1.9012456e-01
   2.0697992e-01
   1.9792342e-01
   1.9218584e-01
   2.0233413e-01
   1.9196511e-01
   2.0901109e-01
   2.1714907e-01
   1.9358837e-01
   1.9706362e-01
   2.1019140e-01
   2.0861319e-01
   2.1475354e-01
   2.0240726e-01
   2.0308817e-01
   2.0950162e-01
   2.1500440e-01
   1.8970349e-01
   1.9157051e-01
   2.1008029e-01
   2.1009340e-01
   1.9088570e-01
   2.0567717e-01
   2.0403949e-01
   2.0379065e-01
   2.1586780e-01
   2.1117769e-01
   2.0913140e-01
   2.1476346e-01
   2.2572578e-01
   1.9486116e-01
   1.9094613e-01
   2.2299304e-01
   2.1199813e-01
   2.0859539e-01
   2.0412392e-01
   1.8938730e-01
   2.1103581e-01
   2.1807238e-01
   2.0580887e-01
   2.0165273e-01
   2.1507408e-01
   2.0875505e-01
   2.0858907e-01
   2.0482380e-01
   2.0617532e-01
   2.1319973e-01
   2.0643282e-01
   2.0975424e-01
   1.9442166e-01
   2.0633934e-01
   2.1478350e-01
   1.9008893e-01
   2.1443199e-01
   2.1642668e-01
   1.9042410e-01
   1.9506055e-01
   2.0180024e-01
   1.9291860e-01
   2.0310259e-01
   2.1206149e-01
   2.1184429e-01
   2.1614023e-01
   1.9241193e-01
   2.1037740e-01
   2.1207122e-01
   2.1236247e-01
   2.1082495e-01
   2.1459451e-01
   1.8662352e-01
   2.1105989e-01
   2.0396739e-01
   2.0748592e-01
   2.0091254e-01
   1.8632495e-01
   1.8599081e-01
   2.1039638e-01
   2.2374815e-01
   1.9425136e-01
   2.1461063e-01
   2.0903558e-01
   1.8848613e-01
   2.1635908e-01
   2.0823046e-01
   2.1329172e-01
   1.9286069e-01
   1.9672653e-01
   1.9430785e-01
   2.0090405e-01
   2.0439954e-01
   2.1332262e-01
   1.9062611e-01
   2.0946315e-01
   1.9571906e-01
   2.0332707e-01
   2.1720457e-01
   1.8970706e-01
   2.1026744e-01
   2.2026827e-01
   1.9772594e-01
   2.1380811e-01
   2.0495904e-01
   1.9000033e-01
   1.9095421e-01
   2.1328501e-01
   2.1251229e-01
   2.0944876e-01
   2.1362144e-01
   2.0664361e-01
   2.0799457e-01
   2.0859729e-01
   2.1227541e-01
   1.9575437e-01
   2.1605684e-01
   2.0671019e-01
   2.0997351e-01
   1.9277396e-01
   2.2534581e-01
   1.8938074e-01
   1.9709477e-01
   2.0821114e-01
   1.8560170e-01
   2.1459113e-01
   1.9256869e-01
   2.0303188e-01
   1.9474716e-01
   2.1604173e-01
   1.9369560e-01
   1.9605710e-01
   2.0272366e-01
   2.1245816e-01
   2.0957882e-01
   2.1476482e-01
   2.1072929e-01
   2.0603509e-01
   2.0076126e-01
   1.9364253e-01
   2.0210977e-01
   2.1386310e-01
   1.8978654e-01
   2.1110146e-01
   1.9408724e-01
   2.1075324e-01
   2.1474527e-01
   1.9945438e-01
   1.9954926e-01
   2.0631875e-01
   1.8979328e-01
   2.1252729e-01
   1.9953650e-01
   1.9868347e-01
   2.0877227e-01
   2.0727618e-01
   1.9211674e-01
   2.1192190e-01
   2.1288694e-01
   2.0268696e-01
   1.9468255e-01
   1.9139703e-01
   2.0889164e-01
   2.1718740e-01
   2.1990468e-01
   2.0603739e-01
   2.0536280e-01
   2.1091043e-01
   1.9988328e-01
   2.0480810e-01
   2.1404893e-01
   1.9183224e-01
   2.1151795e-01
   2.1386095e-01
   1.9407442e-01
   2.1031247e-01
   1.8932127e-01
   1.9404170e-01
   2.0760507e-01
   2.1246211e-01
   2.0992541e-01
   2.0200994e-01
   1.9638447e-01
   2.0953456e-01
   2.1137717e-01
   1.9077465e-01
   2.1021172e-01
   2.0720067e-01
   2.0683936e-01
   1.9389986e-01
   2.1872537e-01
   2.0648324e-01
   2.0940870e-01
   1.9438888e-01
   2.1472874e-01
   2.1182560e-01
   2.0585275e-01
   1.9222671e-01
   2.1159483e-01
   2.0912971e-01
   2.0757332e-01
   2.1035378e-01
   2.1118681e-01
   2.1291516e-01
   1.8847761e-01
   1.9402003e-01
   1.9103402e-01
   2.1006102e-01
   1.9029676e-01
   2.0892506e-01
   2.1301060e-01
   2.1041591e-01
   1.9908225e-01
   2.0225649e-01
   2.0159136e-01
   1.9700255e-01
   2.1130770e-01
   2.0455952e-01
   1.9965081e-01
   2.1421566e-01
   2.1543503e-01
   2.1050205e-01
   2.1140450e-01
   2.2648558e-01
   1.9501615e-01
   2.0073105e-01
   2.1394765e-01
   2.0635463e-01
   2.1193675e-01
   1.8770221e-01
   2.0893213e-01
   2.0143000e-01
   1.9711742e-01
   2.0985569e-01
   2.2523849e-01
   2.0296941e-01
   2.1483469e-01
   2.1249025e-01
   2.1982821e-01
   1.9314666e-01
   2.1205403e-01
   2.2521455e-01
   2.0524767e-01
   1.8905895e-01
   2.0266486e-01
   2.0946426e-01
   2.0718541e-01
   1.9094759e-01
   1.9085666e-01
   2.1035175e-01
   1.9643120e-01
   2.1064122e-01
   2.2199585e-01
   1.8882965e-01
   2.1472952e-01
   1.9049813e-01
