   2.2246960e-01
   2.3689905e-01
   2.1133565e-01
   1.9838614e-01
   1.9389389e-01
   2.0539455e-01
   2.3035357e-01
   2.1395955e-01
   1.9789924e-01
   2.1665030e-01
   1.9859593e-01
   1.9874186e-01
   1.9784123e-01
   2.1478513e-01
   2.2649867e-01
   2.1692079e-01
   2.1341054e-01
   2.1830262e-01
   2.2546883e-01
   2.2997795e-01
   1.9924016e-01
   2.1052409e-01
   2.0370338e-01
   2.2982110e-01
   1.9722356e-01
   2.1226109e-01
   2.1224204e-01
   2.1473500e-01
   2.0405108e-01
   2.0958005e-01
   2.1628802e-01
   2.0077400e-01
   2.0875431e-01
   2.3563752e-01
   2.1496576e-01
   2.2167297e-01
   2.0704279e-01
   2.1344982e-01
   2.2175414e-01
   2.2643936e-01
   2.2062613e-01
   1.9617861e-01
   2.1473963e-01
   1.9810001e-01
   2.0173443e-01
   2.1023302e-01
   2.1981427e-01
   1.9667450e-01
   2.1451772e-01
   2.2789565e-01
   1.9881200e-01
   2.3568159e-01
   1.9356275e-01
   1.9750964e-01
   2.0968663e-01
   2.0082090e-01
   2.3152313e-01
   2.0058720e-01
   2.1378784e-01
   2.2466091e-01
   2.1172990e-01
   2.0198300e-01
   1.9565805e-01
   2.0699050e-01
   2.0002494e-01
   2.0167333e-01
   2.3514898e-01
   2.1663348e-01
   2.1380526e-01
   2.0108627e-01
   2.1836979e-01
   2.1537360e-01
   2.4108823e-01
   2.2468572e-01
   1.9998649e-01
   1.9793700e-01
   2.0638954e-01
   2.3790824e-01
   2.2096920e-01
   2.0189457e-01
   2.0842671e-01
   2.1456442e-01
   2.0027502e-01
   2.1914784e-01
   2.2328428e-01
   2.0216441e-01
   2.1380202e-01
   2.0096731e-01
   1.9324177e-01
   2.0285444e-01
   2.0393979e-01
   2.2030137e-01
   1.9805081e-01
   2.3442747e-01
   2.2848718e-01
   1.9998293e-01
   2.3687963e-01
   2.0581773e-01
   2.1463511e-01
   2.0390283e-01
   2.2406244e-01
   2.1201464e-01
   2.2780948e-01
   2.1594646e-01
   2.1445470e-01
   2.2369153e-01
   2.0710853e-01
   2.0027621e-01
   2.1755162e-01
   2.1145330e-01
   2.3757388e-01
   1.9637270e-01
   2.0833996e-01
   2.0685799e-01
   2.0312632e-01
   2.0692795e-01
   2.1482397e-01
   2.0089638e-01
   1.9414458e-01
   2.3144075e-01
   2.1573799e-01
   2.3468516e-01
   2.0549278e-01
   2.1803344e-01
   2.1259807e-01
   2.1388913e-01
   2.2742988e-01
   1.9531288e-01
   2.1630074e-01
   2.0886277e-01
   2.0580181e-01
   2.0443148e-01
   2.1596546e-01
   2.1882768e-01
   2.1537360e-01
   2.1736465e-01
   2.0888159e-01
   2.0084723e-01
   2.2807150e-01
   2.1048118e-01
   2.0911237e-01
   2.2010018e-01
   2.3634284e-01
   2.2435597e-01
   2.2115538e-01
   2.1167196e-01
   2.3284201e-01
   2.1765688e-01
   2.0926344e-01
   2.2101273e-01
   2.0764902e-01
   2.0309940e-01
   2.0847764e-01
   2.4044500e-01
   2.1996781e-01
   2.2513184e-01
   1.9830738e-01
   2.0918517e-01
   2.0336975e-01
   2.2335884e-01
   1.9953623e-01
   2.0454074e-01
   2.1664220e-01
   1.9258774e-01
   2.0268304e-01
   1.9465107e-01
   2.1581868e-01
   1.9502845e-01
   2.0865182e-01
   2.0123872e-01
   1.9619344e-01
   2.2802553e-01
   2.1664464e-01
   2.1135857e-01
   2.1455811e-01
   2.2488148e-01
   2.1421987e-01
   2.1168306e-01
   2.2619779e-01
   2.1071627e-01
   2.0225875e-01
   2.0988508e-01
   2.1540033e-01
   1.9519060e-01
   2.1620945e-01
   2.0497705e-01
   2.1567129e-01
   1.9333198e-01
   2.0280702e-01
   2.1392460e-01
   1.9392221e-01
   2.2685662e-01
   1.9696796e-01
   1.9847888e-01
   2.3358117e-01
   2.3196242e-01
   2.0706271e-01
   2.1607200e-01
   2.0594456e-01
   2.2764985e-01
   2.3846335e-01
   2.3081513e-01
   2.1157101e-01
   2.2409891e-01
   2.0818434e-01
   2.0609288e-01
   2.2891100e-01
   2.1118065e-01
   1.9546621e-01
   2.0040760e-01
   1.9491352e-01
   2.0774884e-01
   1.9548385e-01
   2.1376721e-01
   1.9619144e-01
   2.1081163e-01
   2.2651199e-01
   2.0829834e-01
   2.1659907e-01
   1.9715883e-01
   1.9258359e-01
   2.0617239e-01
   2.2207063e-01
   2.1140648e-01
   2.2149595e-01
   2.2407926e-01
   2.0888040e-01
   2.4048477e-01
   2.1885403e-01
   2.2747421e-01
   2.1732283e-01
   2.2166297e-01
   2.0397284e-01
   2.0209337e-01
   2.1877320e-01
   2.2204658e-01
   1.9708540e-01
   2.0525231e-01
   2.1275772e-01
   2.0034296e-01
   2.0272735e-01
   2.3054883e-01
   2.4114554e-01
   2.1638424e-01
   2.1704991e-01
   2.1151579e-01
   2.1216322e-01
   2.1689039e-01
   1.9900883e-01
   2.2471111e-01
   1.9956134e-01
   1.9474884e-01
   2.1917009e-01
   2.0926389e-01
   1.9924226e-01
   1.9349521e-01
   2.2119508e-01
   2.3243506e-01
   2.3720756e-01
   2.0090826e-01
   2.1378255e-01
   2.2937793e-01
   2.1607688e-01
   2.0868001e-01
   2.2065434e-01
   2.1619243e-01
   2.1864844e-01
   1.9854383e-01
   2.1383933e-01
   1.9235561e-01
   1.9332900e-01
   1.9454534e-01
   2.2109953e-01
   1.9644993e-01
   1.9615833e-01
   2.1847510e-01
   2.1431696e-01
   2.1626773e-01
   1.9227594e-01
   2.2501043e-01
   1.9808107e-01
   2.0264445e-01
   2.2239215e-01
   2.3069153e-01
   2.3236481e-01
   2.3031947e-01
   2.1409046e-01
   2.2076729e-01
   2.1559652e-01
   2.2663558e-01
   2.2529548e-01
   2.1189867e-01
   1.9771812e-01
   2.2462536e-01
   2.1478102e-01
   1.9891020e-01
   2.0255309e-01
   1.9985637e-01
   2.0557007e-01
   2.2457872e-01
