   2.2592138e-02
   2.2551121e-02
   2.2255927e-02
   2.2016260e-02
   2.2426638e-02
   2.2633512e-02
   2.2618857e-02
   2.2178410e-02
   2.2888724e-02
   2.2601447e-02
   2.2442421e-02
   2.2782382e-02
   2.1910399e-02
   2.2898792e-02
   2.1933540e-02
   2.2659706e-02
   2.2804474e-02
   2.2321575e-02
   2.1781689e-02
   2.2197578e-02
   2.2376710e-02
   2.1837259e-02
   2.2229963e-02
   2.2498078e-02
   2.1782101e-02
   2.2453141e-02
   2.1799674e-02
   2.2641631e-02
   2.2407317e-02
   2.2056367e-02
   2.2239236e-02
   2.2338606e-02
   2.2021011e-02
   2.2521592e-02
   2.2334105e-02
   2.1790482e-02
   2.1959498e-02
   2.2439935e-02
   2.2377542e-02
   2.1872549e-02
   2.2031288e-02
   2.1863888e-02
   2.2069961e-02
   2.2984570e-02
   2.2741280e-02
   2.2167938e-02
   2.2146505e-02
   2.2428686e-02
   2.2420030e-02
   2.2535530e-02
   2.1951072e-02
   2.2527159e-02
   2.2174766e-02
   2.2055365e-02
   2.2653206e-02
   2.1825317e-02
   2.1998149e-02
   2.2586161e-02
   2.2039376e-02
   2.1780232e-02
   2.2288829e-02
   2.2679113e-02
   2.2795493e-02
   2.2711912e-02
   2.2273504e-02
   2.1772621e-02
   2.2407242e-02
   2.2647372e-02
   2.2427570e-02
   2.1808077e-02
   2.2106192e-02
   2.1923630e-02
   2.2006080e-02
   2.2466443e-02
   2.2600511e-02
   2.2209046e-02
   2.2311005e-02
   2.2082804e-02
   2.1980450e-02
   2.2629214e-02
   2.2029511e-02
   2.2578210e-02
   2.1806399e-02
   2.2125063e-02
   2.1836418e-02
   2.2316168e-02
   2.2239390e-02
   2.2173038e-02
   2.2043749e-02
   2.1821361e-02
   2.2226688e-02
   2.1942350e-02
   2.2210355e-02
   2.2264233e-02
   2.1917116e-02
   2.2640316e-02
   2.2222897e-02
   2.2064845e-02
   2.2012063e-02
   2.2700901e-02
   2.2152935e-02
   2.2029672e-02
   2.1922163e-02
   2.2227515e-02
   2.1820348e-02
   2.2287130e-02
   2.2583190e-02
   2.2432468e-02
   2.2099560e-02
   2.2053921e-02
   2.2685681e-02
   2.2663810e-02
   2.2033482e-02
   2.2587672e-02
   2.2154259e-02
   2.2424455e-02
   2.2155859e-02
   2.2747229e-02
   2.1987706e-02
   2.2069492e-02
   2.2638082e-02
   2.2004572e-02
   2.2318187e-02
   2.1978342e-02
   2.2744640e-02
   2.1907786e-02
   2.1843183e-02
   2.1894155e-02
   2.2379525e-02
   2.2632085e-02
   2.2551984e-02
   2.2299358e-02
   2.2740413e-02
   2.2433899e-02
   2.2541132e-02
   2.2785470e-02
   2.2694600e-02
   2.2334995e-02
   2.2232627e-02
   2.2120456e-02
   2.2177642e-02
   2.2645672e-02
   2.1946790e-02
   2.2437889e-02
   2.2605429e-02
   2.2106664e-02
   2.2407877e-02
   2.1893754e-02
   2.2128476e-02
   2.2069120e-02
   2.2139788e-02
   2.2268525e-02
   2.1899112e-02
   2.2233716e-02
   2.2497690e-02
   2.2170426e-02
   2.2713079e-02
   2.2048734e-02
   2.2653128e-02
   2.2497437e-02
   2.1937161e-02
   2.1985200e-02
   2.2508209e-02
   2.2062370e-02
   2.2148620e-02
   2.2221769e-02
   2.2224459e-02
   2.2550204e-02
   2.2167018e-02
   2.1859632e-02
   2.2563850e-02
   2.2046038e-02
   2.2512277e-02
   2.2481493e-02
   2.2164725e-02
   2.2712507e-02
   2.2540984e-02
   2.2098672e-02
   2.2252103e-02
   2.2399778e-02
   2.1859423e-02
   2.2473900e-02
   2.2623218e-02
   2.2766605e-02
   2.1915710e-02
   2.2630379e-02
   2.1885689e-02
   2.2342115e-02
   2.2393442e-02
   2.2094965e-02
   2.1844330e-02
   2.2580053e-02
   2.1850430e-02
   2.1825650e-02
   2.2088340e-02
   2.2263688e-02
   2.2085817e-02
   2.2202608e-02
   2.2207567e-02
   2.2761329e-02
   2.2691294e-02
   2.2803656e-02
   2.2217732e-02
   2.1897575e-02
   2.2679671e-02
   2.2370833e-02
   2.2415021e-02
   2.1892958e-02
   2.2231295e-02
   2.2743406e-02
   2.1976388e-02
   2.1823532e-02
   2.1838375e-02
   2.2392001e-02
   2.2198287e-02
   2.2358581e-02
   2.2544368e-02
   2.2355170e-02
   2.2740285e-02
   2.2038791e-02
   2.2342634e-02
   2.2673411e-02
   2.2454932e-02
   2.2483260e-02
   2.2196535e-02
   2.1849122e-02
   2.2396016e-02
   2.2425411e-02
   2.2699177e-02
   2.2436271e-02
   2.2889794e-02
   2.1799187e-02
   2.2273167e-02
   2.1996309e-02
   2.2273256e-02
   2.2547814e-02
   2.2000372e-02
   2.2074308e-02
   2.2726298e-02
   2.2478361e-02
   2.2147748e-02
   2.2731125e-02
   2.1990577e-02
   2.2493911e-02
   2.2171481e-02
   2.2385861e-02
   2.2557251e-02
   2.2286576e-02
   2.2049237e-02
   2.2591529e-02
   2.2235628e-02
   2.1998538e-02
   2.2300393e-02
   2.1886830e-02
   2.2183119e-02
   2.2036143e-02
   2.2683211e-02
   2.2362850e-02
   2.2378100e-02
   2.2472128e-02
   2.2149834e-02
   2.1810993e-02
   2.1910616e-02
   2.2534516e-02
   2.2682835e-02
   2.2187893e-02
   2.2629852e-02
   2.2234053e-02
   2.2093158e-02
   2.2342496e-02
   2.2436960e-02
   2.1939475e-02
   2.1842636e-02
   2.1981560e-02
   2.1866577e-02
   2.2027492e-02
   2.2353686e-02
   2.2128191e-02
   2.2115747e-02
   2.2171264e-02
   2.1949574e-02
   2.1931562e-02
   2.2094724e-02
   2.2015242e-02
   2.1926746e-02
   2.2518946e-02
   2.2634504e-02
   2.2518782e-02
   2.1852261e-02
   2.2428714e-02
   2.1925170e-02
   2.1870203e-02
   2.2214411e-02
   2.1838452e-02
   2.1883415e-02
   2.1862555e-02
   2.2653560e-02
   2.2787055e-02
   2.2550186e-02
   2.2194982e-02
