   2.7929144e-02
   2.8755902e-02
   2.7681116e-02
   2.7452562e-02
   2.6456624e-02
   2.6892211e-02
   2.9734982e-02
   2.9909046e-02
   2.7568439e-02
   2.8370470e-02
   2.8142643e-02
   2.8317611e-02
   2.7888843e-02
   2.9779147e-02
   2.6503712e-02
   2.8050462e-02
   2.7561284e-02
   2.7531974e-02
   2.9812693e-02
   3.0326536e-02
   3.0547177e-02
   2.8324453e-02
   2.7795734e-02
   2.9710453e-02
   2.9533266e-02
   2.9655773e-02
   2.9587027e-02
   2.9227712e-02
   2.9714019e-02
   2.7211094e-02
   2.7211327e-02
   2.9820265e-02
   2.8376289e-02
   2.7187480e-02
   2.9430498e-02
   2.9138648e-02
   2.7509054e-02
   2.7726200e-02
   2.7299705e-02
   2.6893699e-02
   2.6761904e-02
   2.7929899e-02
   2.6436509e-02
   2.6299992e-02
   2.6383017e-02
   2.9880062e-02
   2.9412141e-02
   2.7100962e-02
   2.6296456e-02
   2.8550476e-02
   2.7189411e-02
   2.9910413e-02
   2.8714669e-02
   3.0052185e-02
   2.7612993e-02
   2.7322682e-02
   2.8963451e-02
   2.7950014e-02
   2.6485196e-02
   2.7335368e-02
   2.6892171e-02
   2.7747830e-02
   2.7267514e-02
   3.0038275e-02
   2.7094165e-02
   2.6388141e-02
   3.0384203e-02
   2.7591838e-02
   2.9352521e-02
   2.8814395e-02
   2.8414179e-02
   2.6341637e-02
   2.7695706e-02
   2.7391464e-02
   2.6281851e-02
   2.7242626e-02
   2.7388219e-02
   2.7029570e-02
   2.8859841e-02
   3.0577894e-02
   2.6709601e-02
   2.7331517e-02
   2.8459145e-02
   2.6767315e-02
   3.0098607e-02
   2.7637790e-02
   2.6559284e-02
   2.7726404e-02
   2.7981239e-02
   2.7204825e-02
   2.7816552e-02
   2.7131172e-02
   2.9691264e-02
   2.6283310e-02
   2.7264858e-02
   2.7893046e-02
   2.8282825e-02
   2.7486415e-02
   2.9569804e-02
   3.0247911e-02
   2.6518678e-02
   2.7022484e-02
   2.7825774e-02
   2.7216552e-02
   2.8691317e-02
   2.7697602e-02
   2.8926598e-02
   3.0299802e-02
   2.9381119e-02
   2.9358378e-02
   2.6485420e-02
   2.7516953e-02
   2.9875334e-02
   2.7816559e-02
   2.8470551e-02
   2.7061775e-02
   2.9639166e-02
   2.8983435e-02
   2.8397439e-02
   2.7954662e-02
   2.7807572e-02
   2.6460931e-02
   3.0437804e-02
   2.7627924e-02
   2.7600267e-02
   2.6880414e-02
   2.9149011e-02
   2.9998645e-02
   2.9207282e-02
   2.7100025e-02
   3.0273677e-02
   2.9666418e-02
   2.7717368e-02
   2.6304941e-02
   2.9470737e-02
   2.6606695e-02
   3.0301300e-02
   2.6649035e-02
   2.6329359e-02
   3.0068921e-02
   2.8174842e-02
   2.8616330e-02
   2.9526377e-02
   2.8245920e-02
   2.8014586e-02
   3.0590232e-02
   2.6936169e-02
   2.6989516e-02
   2.7584789e-02
   2.6437653e-02
   2.9852214e-02
   2.9039264e-02
   3.0152949e-02
   2.8180381e-02
   3.0460773e-02
   2.7755135e-02
   2.9966581e-02
   2.7338689e-02
   3.0412875e-02
   2.6911651e-02
   2.9953897e-02
   3.0184460e-02
   2.8544348e-02
   3.0241395e-02
   2.7016194e-02
   2.6713157e-02
   3.0377895e-02
   2.7778198e-02
   2.9147700e-02
   3.0547431e-02
   3.0081727e-02
   2.8273369e-02
   3.0257782e-02
   2.9381022e-02
   2.8210033e-02
   2.9060805e-02
   2.8519110e-02
   2.7362077e-02
   2.7994734e-02
   2.8764961e-02
   2.9400908e-02
   2.8750502e-02
   2.6346538e-02
   2.8861472e-02
   3.0116610e-02
   2.9616004e-02
   2.6748993e-02
   2.7297007e-02
   2.7708256e-02
   2.9008271e-02
   3.0038520e-02
   2.8751911e-02
   2.9141899e-02
   2.8322703e-02
   2.9592469e-02
   2.7766586e-02
   2.9243865e-02
   2.7552771e-02
   2.9282416e-02
   3.0561885e-02
   3.0446858e-02
   3.0008716e-02
   2.9524677e-02
   2.7656288e-02
   3.0438998e-02
   2.9524784e-02
   2.9881372e-02
   2.9647441e-02
   2.6360692e-02
   2.8464554e-02
   2.7058097e-02
   2.6494174e-02
   2.7615783e-02
   2.9837209e-02
   2.9079718e-02
   2.8538263e-02
   2.6619829e-02
   2.8847588e-02
   2.9970763e-02
   2.7911964e-02
   2.7682046e-02
   2.6305193e-02
   3.0100629e-02
   2.7053370e-02
   3.0104977e-02
   2.6287250e-02
   2.9566051e-02
   2.9672744e-02
   2.6658317e-02
   2.9108650e-02
   2.9666381e-02
   2.7893472e-02
   2.6799612e-02
   2.6733080e-02
   3.0500939e-02
   2.8762176e-02
   2.7488687e-02
   2.7978219e-02
   2.7536441e-02
   2.7671739e-02
   2.7274402e-02
   2.8926579e-02
   2.7385795e-02
   2.6468373e-02
   3.0062223e-02
   2.9137255e-02
   2.8221651e-02
   2.7692517e-02
   2.8991065e-02
   2.7832577e-02
   2.9187336e-02
   2.9732365e-02
   2.8238460e-02
   2.7708659e-02
   2.6874422e-02
   2.9087319e-02
   2.7928364e-02
   2.8298989e-02
   2.7298402e-02
   2.8082476e-02
   3.0004159e-02
   2.7421987e-02
   2.7836784e-02
   2.9711434e-02
   3.0466972e-02
   2.8468498e-02
   2.8408385e-02
   2.6467461e-02
   2.8160589e-02
   3.0068369e-02
   2.9634318e-02
   2.9863311e-02
   2.9890900e-02
   2.7968625e-02
   2.6805401e-02
   3.0004226e-02
   2.8561108e-02
   2.9626570e-02
   2.7997018e-02
   2.8232160e-02
   2.9931338e-02
   2.6284272e-02
   2.6670597e-02
   3.0224087e-02
   2.9522346e-02
   2.7661356e-02
   3.0086517e-02
   2.9474253e-02
   2.9268858e-02
   2.9612943e-02
   2.9407061e-02
   2.8160195e-02
   2.9032422e-02
   2.9749683e-02
   2.7832344e-02
   2.9491334e-02
   3.0118184e-02
   2.7587333e-02
   2.7729466e-02
   2.7644044e-02
