   1.8548787e-02
   2.0328490e-02
   1.8608609e-02
   1.9106706e-02
   2.0454344e-02
   1.9120227e-02
   1.9444339e-02
   1.8407381e-02
   1.9791858e-02
   1.9838391e-02
   1.8565324e-02
   2.0467646e-02
   1.8626329e-02
   1.9580186e-02
   2.0151531e-02
   1.9189152e-02
   2.0176728e-02
   1.7692865e-02
   1.9863570e-02
   1.9543229e-02
   1.8844104e-02
   1.8815922e-02
   1.7618231e-02
   1.8982813e-02
   1.9775330e-02
   1.9070691e-02
   1.9269365e-02
   1.8956087e-02
   1.9544182e-02
   1.8614413e-02
   1.9433272e-02
   2.0084365e-02
   1.9613096e-02
   2.0686318e-02
   1.9150707e-02
   1.9200224e-02
   1.9298909e-02
   1.9729066e-02
   1.9094521e-02
   1.9739705e-02
   2.0099893e-02
   1.9719865e-02
   1.8502509e-02
   1.9598496e-02
   1.9904398e-02
   1.9246332e-02
   1.8910633e-02
   1.9321690e-02
   1.8651838e-02
   1.8618440e-02
   1.8503521e-02
   1.9869360e-02
   1.8508468e-02
   1.8893289e-02
   1.8730591e-02
   1.9438290e-02
   1.9211606e-02
   1.9117871e-02
   2.0139310e-02
   1.9368875e-02
   1.9951987e-02
   1.7812267e-02
   1.8011192e-02
   1.9261573e-02
   1.8688383e-02
   1.9802222e-02
   1.9912218e-02
   1.8980267e-02
   1.9462574e-02
   1.9855278e-02
   1.9920852e-02
   1.9757831e-02
   2.0430412e-02
   1.9981619e-02
   2.0268133e-02
   2.0402083e-02
   1.8614138e-02
   1.8412877e-02
   1.9090996e-02
   1.9225534e-02
   1.9185897e-02
   1.9417829e-02
   2.0100738e-02
   1.9285615e-02
   1.9719308e-02
   2.0252084e-02
   1.9875146e-02
   1.9554533e-02
   1.9290475e-02
   1.8394690e-02
   1.9120540e-02
   1.7790418e-02
   1.9520854e-02
   1.9689323e-02
   1.9532285e-02
   1.8497709e-02
   1.8903765e-02
   2.1234471e-02
   1.9303341e-02
   1.8731984e-02
   1.8653971e-02
   2.0531323e-02
   1.9842481e-02
   1.9746160e-02
   1.9316841e-02
   1.9293778e-02
   1.9967853e-02
   1.9213184e-02
   1.9830823e-02
   1.9523697e-02
   1.9104144e-02
   2.1130039e-02
   1.9532682e-02
   1.8646359e-02
   1.9804694e-02
   1.8768450e-02
   1.8437147e-02
   2.0720642e-02
   1.8795989e-02
   2.0959958e-02
   1.9303044e-02
   1.9365792e-02
   1.9172486e-02
   1.9654308e-02
   1.9738950e-02
   1.7977448e-02
   1.9392796e-02
   1.7962699e-02
   1.9678982e-02
   1.8335302e-02
   1.9529884e-02
   1.8963763e-02
   1.9150580e-02
   2.0064755e-02
   2.0065571e-02
   1.9269916e-02
   1.9012456e-02
   1.9415500e-02
   1.9599317e-02
   1.8155773e-02
   1.9231297e-02
   1.8022192e-02
   2.0573680e-02
   1.9751498e-02
   2.0342363e-02
   1.9017720e-02
   2.0052860e-02
   1.8749739e-02
   1.7816473e-02
   1.8037022e-02
   1.8640753e-02
   1.9989505e-02
   1.8091583e-02
   1.8846857e-02
   2.0515984e-02
   1.8474384e-02
   2.0509933e-02
   1.7874222e-02
   1.9495365e-02
   1.8233822e-02
   1.9501393e-02
   2.0023970e-02
   1.9950052e-02
   1.8951958e-02
   2.0919642e-02
   1.8565433e-02
   2.0041657e-02
   1.9502288e-02
   1.9089745e-02
   1.8467737e-02
   1.8328462e-02
   1.9432260e-02
   1.9032207e-02
   1.9485594e-02
   1.9977621e-02
   1.9594066e-02
   1.9268432e-02
   1.7839726e-02
   1.8950446e-02
   1.9059098e-02
   1.9986656e-02
   1.9322971e-02
   1.9433550e-02
   1.9106532e-02
   1.9656554e-02
   1.9918840e-02
   2.0421101e-02
   2.0375768e-02
   1.9402915e-02
   1.8752554e-02
   1.9629005e-02
   2.0177151e-02
   2.0377113e-02
   2.0599714e-02
   2.0262746e-02
   1.8047470e-02
   1.8849742e-02
   1.9527063e-02
   1.9597899e-02
   2.0910591e-02
   2.0253956e-02
   1.9846839e-02
   1.9725671e-02
   1.8658464e-02
   2.0988116e-02
   1.8795382e-02
   2.1062145e-02
   1.8923209e-02
   1.9785877e-02
   1.9832781e-02
   1.8571923e-02
   1.9231747e-02
   1.9521200e-02
   1.8069760e-02
   1.9967000e-02
   1.9409056e-02
   1.8241715e-02
   1.8743707e-02
   1.8115612e-02
   1.8196828e-02
   1.8922369e-02
   1.9340069e-02
   1.8548937e-02
   2.0767151e-02
   1.9659199e-02
   1.8999339e-02
   1.8369694e-02
   1.9964468e-02
   1.9251128e-02
   1.9848921e-02
   1.8599095e-02
   1.8994015e-02
   1.9902807e-02
   1.9249940e-02
   2.0471600e-02
   1.8707938e-02
   1.8581701e-02
   1.9914950e-02
   1.8815013e-02
   2.0585532e-02
   1.8702974e-02
   1.8543042e-02
   1.9383500e-02
   1.9210387e-02
   2.0557888e-02
   1.8721271e-02
   1.9556620e-02
   1.8799257e-02
   1.9271140e-02
   1.9081180e-02
   1.9608798e-02
   1.9369422e-02
   1.9493673e-02
   1.9393318e-02
   1.9474519e-02
   1.9330198e-02
   1.8647283e-02
   1.8491638e-02
   1.9714902e-02
   2.0497521e-02
   1.9839195e-02
   1.9323816e-02
   1.8481250e-02
   1.8916718e-02
   1.8268842e-02
   1.7783996e-02
   1.8690312e-02
   1.9146569e-02
   1.9293866e-02
   2.0418176e-02
   1.9794825e-02
   1.9272565e-02
   1.9442327e-02
   2.0449890e-02
   1.8830866e-02
   1.8850862e-02
   1.9568524e-02
   1.9202133e-02
   2.0614476e-02
   1.9198058e-02
   1.9232597e-02
   1.9847165e-02
   1.9738865e-02
   1.9683663e-02
   1.9755393e-02
   1.8673725e-02
   1.8793389e-02
   2.0542170e-02
   2.0247635e-02
   1.9309468e-02
   1.8336514e-02
   1.9156124e-02
   1.9784953e-02
   1.8262676e-02
   1.8341338e-02
   2.0057177e-02
   1.9596794e-02
   1.9891095e-02
   1.9737574e-02
   1.9184574e-02
