   8.9604641e-02
   8.4494572e-02
   9.2241778e-02
   8.7555285e-02
   8.6689398e-02
   9.4621528e-02
   9.1907046e-02
   8.7437372e-02
   9.0293085e-02
   8.5824845e-02
   9.5630423e-02
   9.0850474e-02
   9.9509091e-02
   8.9002267e-02
   8.5565777e-02
   9.6581214e-02
   9.0762187e-02
   9.0166708e-02
   9.9826059e-02
   8.6669095e-02
   9.0782281e-02
   9.3495807e-02
   1.0090347e-01
   9.2406195e-02
   8.7022087e-02
   8.7918348e-02
   9.6542389e-02
   9.5906972e-02
   8.8314393e-02
   9.4177070e-02
   9.0782965e-02
   9.6973109e-02
   8.6449329e-02
   8.8784425e-02
   8.9789148e-02
   9.2419048e-02
   9.2767499e-02
   9.7975876e-02
   8.7493466e-02
   9.7051333e-02
   9.6789617e-02
   9.4470195e-02
   9.6757902e-02
   8.8838617e-02
   8.8748378e-02
   9.8432009e-02
   9.3700776e-02
   9.5883113e-02
   9.5198675e-02
   8.7340599e-02
   8.6107432e-02
   1.0191787e-01
   9.5719961e-02
   8.5227444e-02
   8.9132742e-02
   8.6875085e-02
   9.0460267e-02
   9.6601219e-02
   9.4678025e-02
   9.2872800e-02
   8.9790692e-02
   9.5541640e-02
   8.5554018e-02
   1.0216730e-01
   9.1702666e-02
   8.8225637e-02
   9.6700203e-02
   8.6615293e-02
   9.3743642e-02
   9.2719783e-02
   9.1228646e-02
   8.9599285e-02
   8.8716900e-02
   9.1570364e-02
   8.8127938e-02
   8.5350032e-02
   9.0296210e-02
   9.0233836e-02
   9.1647781e-02
   1.0031010e-01
   8.9973294e-02
   8.7777216e-02
   8.8005454e-02
   9.2446260e-02
   9.6686776e-02
   9.5950026e-02
   8.8795821e-02
   9.6508602e-02
   9.5652237e-02
   9.0210588e-02
   8.9142093e-02
   9.0600705e-02
   8.7693397e-02
   9.6562964e-02
   9.2077664e-02
   9.0302866e-02
   8.8756051e-02
   8.5075233e-02
   8.7837192e-02
   9.7067939e-02
   9.5586984e-02
   9.7562986e-02
   8.6919713e-02
   9.6157534e-02
   9.8061105e-02
   1.0014153e-01
   8.6317855e-02
   1.0271239e-01
   8.7352816e-02
   9.6551155e-02
   8.7977733e-02
   9.6909710e-02
   8.6654142e-02
   9.5124229e-02
   1.0141535e-01
   8.5086415e-02
   1.0117827e-01
   8.6767530e-02
   9.0294800e-02
   8.8596872e-02
   8.9465683e-02
   9.0760142e-02
   8.8136660e-02
   9.0905832e-02
   9.5698104e-02
   9.7027436e-02
   9.3345078e-02
   8.8947833e-02
   1.0224057e-01
   9.0278496e-02
   8.7036037e-02
   9.6675268e-02
   9.9788907e-02
   9.1729763e-02
   9.4751059e-02
   8.8251806e-02
   8.8264824e-02
   9.2640520e-02
   8.9755783e-02
   8.9295662e-02
   9.9057231e-02
   9.0605360e-02
   9.0033685e-02
   8.5195925e-02
   8.3841026e-02
   9.0511223e-02
   9.8354096e-02
   9.1402254e-02
   8.8382820e-02
   9.9947526e-02
   8.7437137e-02
   8.9793081e-02
   8.5547917e-02
   8.8194619e-02
   8.7927709e-02
   8.6623776e-02
   9.5795558e-02
   8.8861884e-02
   9.1603485e-02
   8.4286535e-02
   9.1610432e-02
   8.6159188e-02
   9.5421729e-02
   8.9651776e-02
   8.4822000e-02
   9.8901727e-02
   9.0425582e-02
   8.7270093e-02
   9.6954737e-02
   9.9562846e-02
   8.9332419e-02
   8.7501234e-02
   9.5486409e-02
   8.5450696e-02
   8.8237588e-02
   9.4784161e-02
   9.5909134e-02
   9.2560379e-02
   9.7344756e-02
   9.7728220e-02
   8.8437019e-02
   8.5753432e-02
   8.7097613e-02
   9.0812177e-02
   9.8135352e-02
   8.9356521e-02
   1.0115493e-01
   8.2513732e-02
   8.9853115e-02
   1.0074683e-01
   9.8895869e-02
   8.7528496e-02
   9.1613440e-02
   8.4351651e-02
   8.7720039e-02
   8.9208549e-02
   8.7260302e-02
   9.1489219e-02
   1.0191209e-01
   1.0133048e-01
   9.6173047e-02
   9.6939743e-02
   9.5400950e-02
   8.9319760e-02
   9.9762032e-02
   9.5577078e-02
   9.9078847e-02
   1.0099010e-01
   8.8950734e-02
   8.5986113e-02
   8.5151664e-02
   8.8426866e-02
   8.6949343e-02
   9.5222936e-02
   9.9089734e-02
   8.8545344e-02
   9.7114343e-02
   8.6603257e-02
   9.0380241e-02
   9.0073584e-02
   1.0082747e-01
   9.5914115e-02
   8.6381248e-02
   8.6260426e-02
   9.0075378e-02
   1.0244086e-01
   8.9615055e-02
   9.1097929e-02
   8.7967334e-02
   9.4311841e-02
   8.4505976e-02
   8.6561310e-02
   9.3507516e-02
   8.5873236e-02
   9.8950876e-02
   9.6186596e-02
   8.5122067e-02
   8.4825585e-02
   9.2743794e-02
   9.6078872e-02
   8.3739187e-02
   8.5290859e-02
   1.0152334e-01
   9.0959403e-02
   9.5230549e-02
   8.9849619e-02
   8.8070354e-02
   8.6730212e-02
   9.4908613e-02
   9.2724296e-02
   8.3298139e-02
   9.5849697e-02
   9.1558075e-02
   8.3071274e-02
   9.5985011e-02
   8.3097958e-02
   8.2982918e-02
   8.9840245e-02
   1.0202405e-01
   9.2474851e-02
   8.8081322e-02
   9.4304384e-02
   9.7382813e-02
   9.3925942e-02
   9.4166740e-02
   9.3293682e-02
   9.1117108e-02
   8.7963675e-02
   9.0593231e-02
   9.0447424e-02
   9.3293134e-02
   9.3560856e-02
   8.7251979e-02
   9.1206762e-02
   1.0235113e-01
   8.7627798e-02
   8.8083248e-02
   8.9674490e-02
   1.0049420e-01
   8.5897545e-02
   9.2768489e-02
   8.7805568e-02
   9.0412199e-02
   9.2654675e-02
   8.8756575e-02
   9.1096273e-02
   9.2929892e-02
   8.7308051e-02
   8.6212965e-02
   9.5741233e-02
   1.0172351e-01
   8.3655212e-02
   1.0046840e-01
   8.6408196e-02
   8.9872805e-02
   9.2626282e-02
   8.5710465e-02
   8.6155150e-02
   9.6725115e-02
   8.7902617e-02
