   1.9387163e-01
   1.7680371e-01
   1.8848405e-01
   1.9060819e-01
   1.9739790e-01
   1.8490145e-01
   1.9094983e-01
   1.9338427e-01
   1.9644630e-01
   1.8681952e-01
   1.7854592e-01
   1.8836795e-01
   1.8249577e-01
   1.8179476e-01
   1.7535512e-01
   1.8539886e-01
   1.8461476e-01
   1.9507071e-01
   1.8925288e-01
   1.8862713e-01
   1.7610999e-01
   1.9184721e-01
   1.8424744e-01
   1.9680905e-01
   1.9320067e-01
   1.9420838e-01
   1.9612782e-01
   1.8994837e-01
   1.8201322e-01
   1.8748511e-01
   1.9351261e-01
   1.7872145e-01
   1.9220676e-01
   1.7603218e-01
   1.8633102e-01
   1.8959096e-01
   1.8535566e-01
   1.8299518e-01
   1.7470848e-01
   1.7948764e-01
   1.8838116e-01
   1.8987946e-01
   1.8100649e-01
   1.8857574e-01
   1.9423351e-01
   1.9676298e-01
   1.8317775e-01
   1.8131531e-01
   2.0131944e-01
   1.9254689e-01
   1.9848179e-01
   1.8475439e-01
   1.9350571e-01
   1.8643606e-01
   1.8504804e-01
   1.9016462e-01
   1.8881436e-01
   1.8478314e-01
   1.7574762e-01
   1.8916727e-01
   1.9082114e-01
   1.9190634e-01
   1.8173654e-01
   1.8166504e-01
   1.8824220e-01
   1.8673111e-01
   1.8257842e-01
   1.9296626e-01
   1.8289053e-01
   1.8592936e-01
   1.7816664e-01
   1.8634284e-01
   1.8716633e-01
   1.8290848e-01
   1.9609822e-01
   1.7566995e-01
   1.8581828e-01
   1.8200114e-01
   1.9424432e-01
   1.8078604e-01
   1.8580335e-01
   1.7956594e-01
   1.9084118e-01
   1.8550909e-01
   1.8324009e-01
   1.8672305e-01
   1.8165255e-01
   1.8343030e-01
   1.8263590e-01
   1.8153537e-01
   1.8909685e-01
   1.8896015e-01
   1.8927836e-01
   1.8108242e-01
   1.8680768e-01
   2.0014330e-01
   1.9743886e-01
   1.8630888e-01
   1.7777063e-01
   1.9037550e-01
   1.9627491e-01
   1.8753560e-01
   1.8212892e-01
   1.8101911e-01
   1.8147847e-01
   1.7914398e-01
   1.9501258e-01
   1.8576504e-01
   1.9403868e-01
   1.8197381e-01
   1.8120746e-01
   1.8664820e-01
   1.9087985e-01
   1.9554311e-01
   1.9193620e-01
   1.8472054e-01
   1.8968035e-01
   1.7928693e-01
   1.7665534e-01
   1.8763663e-01
   1.8876909e-01
   1.8977077e-01
   1.9757773e-01
   1.9181793e-01
   1.8702792e-01
   1.8169716e-01
   1.9226537e-01
   1.9330142e-01
   1.9216646e-01
   1.9374734e-01
   1.9139931e-01
   1.8197772e-01
   1.9427469e-01
   1.9880830e-01
   2.0566843e-01
   1.8566504e-01
   1.8141686e-01
   1.8380336e-01
   1.8609323e-01
   1.8663270e-01
   1.8394736e-01
   1.8090430e-01
   1.9702985e-01
   1.8658295e-01
   1.8550824e-01
   1.7414409e-01
   1.8390247e-01
   1.9257286e-01
   1.8704970e-01
   1.8167915e-01
   1.9043383e-01
   1.8973151e-01
   1.9027914e-01
   1.9465680e-01
   1.9346476e-01
   1.8583453e-01
   1.9133235e-01
   1.9123760e-01
   1.7360912e-01
   1.9761543e-01
   1.9982174e-01
   1.9424968e-01
   1.9916897e-01
   1.9254463e-01
   1.9389143e-01
   1.7980401e-01
   1.8364544e-01
   1.8503343e-01
   1.8209018e-01
   1.8966153e-01
   1.9395444e-01
   1.9267267e-01
   1.8575547e-01
   1.9702324e-01
   1.8603720e-01
   1.8188539e-01
   2.0445306e-01
   1.8181284e-01
   1.9310969e-01
   1.8690704e-01
   1.7666593e-01
   1.7980048e-01
   1.8705516e-01
   1.8163946e-01
   1.9635031e-01
   1.9770339e-01
   1.8206043e-01
   1.7788031e-01
   1.8931089e-01
   1.9869723e-01
   1.8129504e-01
   1.9001742e-01
   1.7552674e-01
   1.7837904e-01
   1.9793736e-01
   2.0069714e-01
   1.8289346e-01
   1.8839870e-01
   1.9502339e-01
   1.8394235e-01
   1.8866366e-01
   1.9048168e-01
   1.8321821e-01
   1.8897794e-01
   1.7717077e-01
   1.9175882e-01
   1.9438219e-01
   1.7865045e-01
   1.8750601e-01
   1.8691383e-01
   1.9714861e-01
   1.9089833e-01
   1.8584299e-01
   1.9141299e-01
   1.9134951e-01
   1.8744621e-01
   1.8755635e-01
   1.8504960e-01
   1.9124974e-01
   1.8131953e-01
   1.9450644e-01
   1.7975835e-01
   1.8996087e-01
   1.9294473e-01
   1.8277697e-01
   1.7724383e-01
   1.8285957e-01
   1.8110332e-01
   1.9585602e-01
   1.7959080e-01
   1.9580534e-01
   1.9032011e-01
   1.8560873e-01
   1.7681176e-01
   1.8568877e-01
   1.9269701e-01
   1.9643723e-01
   1.9262727e-01
   1.9792788e-01
   1.9139447e-01
   1.9433101e-01
   1.9636522e-01
   1.8525627e-01
   1.7546069e-01
   1.9630070e-01
   1.8468725e-01
   1.8779430e-01
   1.7571282e-01
   1.9145315e-01
   1.9255223e-01
   1.9508954e-01
   1.9131938e-01
   1.8588208e-01
   1.8625784e-01
   1.8939870e-01
   1.9399877e-01
   1.7997209e-01
   1.8594912e-01
   1.8412847e-01
   1.8429402e-01
   1.9153282e-01
   1.8898307e-01
   1.9280363e-01
   1.9092788e-01
   2.0172146e-01
   1.8620202e-01
   1.8634091e-01
   1.8097134e-01
   1.8920023e-01
   1.8660494e-01
   1.8707059e-01
   2.0726884e-01
   1.8130755e-01
   1.8714085e-01
   1.7691962e-01
   1.8379569e-01
   1.8504067e-01
   1.8879807e-01
   1.8916382e-01
   1.8696220e-01
   1.8128109e-01
   1.8747420e-01
   1.9309868e-01
   1.8488569e-01
   1.9471987e-01
   1.7812850e-01
   1.8920104e-01
   1.9137347e-01
   1.9492986e-01
   1.8379009e-01
   1.9175080e-01
   1.7484059e-01
   1.9419874e-01
   1.9247560e-01
   1.8454240e-01
   1.9339353e-01
   1.9172969e-01
   1.8764595e-01
   1.7752736e-01
   1.9249956e-01
