   7.0021346e-02
   6.5981224e-02
   7.0788171e-02
   7.8447407e-02
   6.8271915e-02
   6.6969294e-02
   8.1550346e-02
   6.1796862e-02
   6.9175833e-02
   6.4415733e-02
   7.1457753e-02
   6.6819814e-02
   7.9742179e-02
   7.3012530e-02
   7.0932352e-02
   6.2325567e-02
   6.5157261e-02
   6.8148404e-02
   6.6107201e-02
   7.1378053e-02
   6.8504103e-02
   6.4997889e-02
   7.2563077e-02
   6.7552153e-02
   7.6652447e-02
   6.5625722e-02
   6.9989833e-02
   6.2545583e-02
   7.1007566e-02
   6.9036467e-02
   7.0527989e-02
   6.5962677e-02
   7.5683487e-02
   6.3421065e-02
   6.7834781e-02
   7.8919931e-02
   6.2980843e-02
   7.0956388e-02
   6.8943709e-02
   6.4873612e-02
   6.3858880e-02
   7.2228141e-02
   6.2776501e-02
   7.0205181e-02
   7.1652269e-02
   6.6673483e-02
   6.3878124e-02
   6.6110604e-02
   6.8113615e-02
   7.0053775e-02
   7.6031397e-02
   6.4015595e-02
   6.8578748e-02
   6.8151069e-02
   6.5677068e-02
   6.7527424e-02
   6.6273880e-02
   6.8265093e-02
   7.4319276e-02
   7.3061864e-02
   6.7342179e-02
   7.5027974e-02
   7.1240652e-02
   7.4676799e-02
   6.2193671e-02
   6.7662401e-02
   7.3742947e-02
   6.7119560e-02
   7.2335294e-02
   6.3306825e-02
   8.0481700e-02
   6.3548719e-02
   7.0081153e-02
   6.9495632e-02
   6.9813833e-02
   6.5611530e-02
   6.3817605e-02
   7.3854549e-02
   6.4048765e-02
   7.1797191e-02
   6.2948419e-02
   6.2168918e-02
   7.3922181e-02
   6.8734541e-02
   7.1450180e-02
   7.4616766e-02
   6.8569648e-02
   6.6088611e-02
   6.7288608e-02
   6.9549976e-02
   7.0833669e-02
   6.4375961e-02
   6.6921285e-02
   7.9481988e-02
   6.7821754e-02
   7.3195512e-02
   7.1781523e-02
   7.2535628e-02
   7.0152315e-02
   7.7911527e-02
   7.1122563e-02
   8.0580966e-02
   6.8276051e-02
   7.2862831e-02
   6.7670520e-02
   6.6775942e-02
   7.3387137e-02
   7.1311352e-02
   6.7876697e-02
   6.7101002e-02
   7.8989819e-02
   6.5127801e-02
   6.4331343e-02
   7.5968084e-02
   7.5074162e-02
   6.8460761e-02
   7.0751589e-02
   6.7184395e-02
   7.0256753e-02
   6.5962254e-02
   6.7293916e-02
   7.3257182e-02
   7.7915583e-02
   7.2055505e-02
   7.3224933e-02
   7.3560652e-02
   6.9700734e-02
   6.4082851e-02
   6.9393497e-02
   7.3791350e-02
   6.2921893e-02
   7.0798108e-02
   7.2464877e-02
   7.3302838e-02
   6.4436806e-02
   6.4034546e-02
   6.8948628e-02
   7.8634556e-02
   7.1786890e-02
   6.4081448e-02
   6.8318636e-02
   7.0045762e-02
   6.9148510e-02
   6.4675134e-02
   6.3484484e-02
   7.1342996e-02
   7.2059340e-02
   6.3599325e-02
   6.7857831e-02
   7.5770875e-02
   6.7329729e-02
   6.7998194e-02
   7.3901943e-02
   6.7820221e-02
   6.5024857e-02
   7.2912030e-02
   6.5202588e-02
   7.1311199e-02
   6.9180082e-02
   6.9195227e-02
   6.9422804e-02
   6.4805964e-02
   6.9357114e-02
   6.5168845e-02
   7.8211654e-02
   6.4243237e-02
   7.0026440e-02
   7.4119681e-02
   7.3448594e-02
   6.9896509e-02
   7.0965687e-02
   6.8872484e-02
   7.2642316e-02
   6.7475772e-02
   6.4384342e-02
   7.1304102e-02
   6.5142268e-02
   6.3568609e-02
   7.3171039e-02
   6.5376479e-02
   6.5980725e-02
   7.0349283e-02
   7.3793602e-02
   6.4853263e-02
   7.0408055e-02
   7.6571081e-02
   6.9210899e-02
   7.2450909e-02
   6.8705064e-02
   7.2710271e-02
   6.3818487e-02
   6.7070305e-02
   6.3688549e-02
   6.6597146e-02
   7.1736782e-02
   7.2349118e-02
   6.4093185e-02
   7.5302449e-02
   7.5656394e-02
   7.1422812e-02
   6.9310189e-02
   6.6611290e-02
   6.6004014e-02
   6.6030206e-02
   7.0940659e-02
   6.4877593e-02
   7.6006752e-02
   6.2625619e-02
   6.3676246e-02
   7.1081391e-02
   6.5973323e-02
   6.8565677e-02
   6.5813735e-02
   6.9000790e-02
   6.3464941e-02
   7.8866117e-02
   6.8289155e-02
   7.1389190e-02
   6.5261664e-02
   6.3083702e-02
   6.3678937e-02
   6.7029524e-02
   6.8329475e-02
   6.7958508e-02
   6.9942324e-02
   7.4884952e-02
   6.7686183e-02
   6.8982767e-02
   6.3368265e-02
   6.9602452e-02
   6.7901705e-02
   6.9308004e-02
   6.5852746e-02
   7.2851164e-02
   7.8061104e-02
   6.6852397e-02
   6.5545686e-02
   6.4321156e-02
   6.3849026e-02
   7.0814032e-02
   6.8703006e-02
   7.0052320e-02
   7.6619210e-02
   7.1996755e-02
   7.1914531e-02
   6.5278413e-02
   6.3979884e-02
   6.6606037e-02
   6.8405854e-02
   7.1510136e-02
   6.6977199e-02
   7.1335236e-02
   7.4622698e-02
   6.6423987e-02
   7.3535073e-02
   7.3374164e-02
   6.4151208e-02
   6.3754891e-02
   7.0340462e-02
   6.8182588e-02
   6.6983078e-02
   7.3087036e-02
   7.1343736e-02
   6.7366390e-02
   7.1552582e-02
   7.8936586e-02
   6.6211241e-02
   6.4318733e-02
   6.5709399e-02
   6.8638886e-02
   6.5689244e-02
   6.6167482e-02
   6.8852945e-02
   7.2341088e-02
   6.2584310e-02
   7.5143983e-02
   6.9508715e-02
   6.4950256e-02
   7.2500954e-02
   6.8263907e-02
   6.6331303e-02
   7.0859737e-02
   6.5101970e-02
   7.3501889e-02
   6.3155877e-02
   6.8322994e-02
   6.9984638e-02
   7.1153945e-02
   6.9015540e-02
   7.0785779e-02
   6.6442700e-02
   6.7548288e-02
   7.6165651e-02
   7.3298851e-02
   7.8495543e-02
   6.8545756e-02
   6.7299215e-02
   6.4140429e-02
   6.6983976e-02
   6.8464547e-02
