   5.7612020e-02
   6.1956257e-02
   6.0745485e-02
   5.7776640e-02
   5.5766105e-02
   6.2433892e-02
   6.2094732e-02
   6.0163892e-02
   5.9454043e-02
   6.1976290e-02
   5.6336389e-02
   5.7140765e-02
   5.7437334e-02
   5.7501671e-02
   6.0908113e-02
   5.7263357e-02
   6.1345042e-02
   5.9105699e-02
   6.3070777e-02
   6.0033786e-02
   6.1508071e-02
   6.1590258e-02
   6.4037333e-02
   6.0553384e-02
   6.2649896e-02
   6.2722645e-02
   5.9521042e-02
   6.0085698e-02
   6.3805741e-02
   5.9282052e-02
   5.9491352e-02
   6.1779394e-02
   5.7621641e-02
   6.1411774e-02
   5.9313691e-02
   6.0257074e-02
   6.2448390e-02
   5.6952101e-02
   6.1737071e-02
   5.9639602e-02
   6.0599435e-02
   6.1318952e-02
   6.2257451e-02
   6.3226516e-02
   5.9061327e-02
   5.7682325e-02
   5.9858632e-02
   6.0348034e-02
   6.4484647e-02
   5.9623372e-02
   6.1839223e-02
   5.9011115e-02
   5.7877854e-02
   6.3764328e-02
   5.7506844e-02
   6.0090060e-02
   5.8959144e-02
   5.6930019e-02
   6.1389746e-02
   6.1428687e-02
   5.9059244e-02
   6.0399175e-02
   6.3982903e-02
   6.1070634e-02
   6.1809285e-02
   5.6640403e-02
   5.9083816e-02
   5.8075537e-02
   5.6067511e-02
   6.0990374e-02
   5.5989980e-02
   5.9976984e-02
   6.2257256e-02
   6.0257973e-02
   6.4263529e-02
   6.1627562e-02
   6.1681823e-02
   6.2133004e-02
   6.4405077e-02
   6.0130349e-02
   5.6901040e-02
   5.7582041e-02
   6.0433248e-02
   6.1553482e-02
   6.2636056e-02
   5.7389417e-02
   6.0324071e-02
   6.3412925e-02
   5.8923300e-02
   5.9607617e-02
   5.9198360e-02
   6.2765262e-02
   5.7277302e-02
   6.1915571e-02
   6.0500051e-02
   6.0641328e-02
   5.8670792e-02
   6.2796190e-02
   5.9332200e-02
   6.1609846e-02
   6.3836318e-02
   6.0531166e-02
   5.7770724e-02
   6.0953946e-02
   6.1735580e-02
   6.1975350e-02
   6.0524509e-02
   6.0092998e-02
   6.3536583e-02
   6.1638475e-02
   6.2874626e-02
   5.5963446e-02
   5.8789036e-02
   6.1031138e-02
   5.9001532e-02
   6.3762528e-02
   5.9568766e-02
   6.1824922e-02
   5.7829796e-02
   5.8495035e-02
   5.8029612e-02
   5.7270379e-02
   5.8592835e-02
   6.1147014e-02
   5.6500125e-02
   6.0537972e-02
   5.8322685e-02
   6.0958474e-02
   6.2526118e-02
   6.0519957e-02
   5.8296180e-02
   5.6129170e-02
   6.2276978e-02
   6.1214532e-02
   5.7199557e-02
   6.4131860e-02
   6.0437123e-02
   6.2693132e-02
   6.1502696e-02
   6.0867495e-02
   6.1801827e-02
   6.3208427e-02
   6.1297430e-02
   5.9302223e-02
   6.1187371e-02
   5.8951817e-02
   6.2791846e-02
   5.9275631e-02
   5.6131469e-02
   6.2730379e-02
   6.1137244e-02
   5.6527945e-02
   6.2898703e-02
   6.0927978e-02
   6.1450332e-02
   6.1654542e-02
   6.1405644e-02
   5.8200567e-02
   5.9544407e-02
   6.0702644e-02
   6.2046546e-02
   6.1490474e-02
   5.8705404e-02
   5.8476071e-02
   5.9209573e-02
   5.8844244e-02
   6.2288989e-02
   6.2767992e-02
   6.0256670e-02
   6.1375630e-02
   5.8481689e-02
   5.9868649e-02
   6.2913590e-02
   6.3864436e-02
   5.9745990e-02
   6.2997079e-02
   5.8000132e-02
   6.2156822e-02
   6.0217504e-02
   6.0501030e-02
   5.6584956e-02
   6.1202497e-02
   6.0880157e-02
   5.8076342e-02
   5.9300690e-02
   5.9898588e-02
   6.0143277e-02
   6.1862304e-02
   5.9403156e-02
   5.9896581e-02
   6.0964714e-02
   5.9456101e-02
   5.9033875e-02
   5.6883140e-02
   5.9914148e-02
   6.0606060e-02
   6.1045741e-02
   6.3168354e-02
   6.4112112e-02
   6.2002412e-02
   5.8238712e-02
   5.8486237e-02
   6.4141153e-02
   6.3078153e-02
   5.9488889e-02
   6.0178341e-02
   5.8761024e-02
   5.9967205e-02
   6.2657384e-02
   6.3818740e-02
   5.8950027e-02
   6.1107653e-02
   6.2165428e-02
   5.9986016e-02
   6.0993995e-02
   6.3360206e-02
   6.0910931e-02
   6.0269170e-02
   5.7054866e-02
   6.3525464e-02
   6.2677496e-02
   5.7896605e-02
   6.1010024e-02
   6.2809989e-02
   6.2845856e-02
   5.8002543e-02
   5.6897354e-02
   6.4167454e-02
   5.9435256e-02
   5.7430595e-02
   5.9198184e-02
   5.9677682e-02
   6.2083759e-02
   5.6557295e-02
   5.7886757e-02
   6.4051593e-02
   6.0899461e-02
   5.7193972e-02
   6.2430393e-02
   5.9788143e-02
   5.6822634e-02
   5.7442490e-02
   6.1122663e-02
   6.2758612e-02
   6.0259096e-02
   5.7720679e-02
   6.3480628e-02
   5.6970218e-02
   5.8305296e-02
   5.7001837e-02
   5.8491832e-02
   6.0586693e-02
   6.4236105e-02
   6.1405264e-02
   6.0726815e-02
   6.2965614e-02
   6.2651071e-02
   5.9145845e-02
   6.0998300e-02
   6.2402154e-02
   5.9199699e-02
   5.8651660e-02
   5.9190083e-02
   6.1649138e-02
   6.1084690e-02
   6.2760239e-02
   6.1572620e-02
   6.1661568e-02
   6.1756007e-02
   5.9214276e-02
   6.1122220e-02
   5.7660917e-02
   6.2592522e-02
   6.3108530e-02
   6.1409563e-02
   6.0822976e-02
   6.3048202e-02
   6.1035757e-02
   6.0673216e-02
   6.0610428e-02
   6.0000367e-02
   5.9883844e-02
   6.0202047e-02
   6.2362711e-02
   5.6597084e-02
   5.5927003e-02
   6.1592044e-02
   5.7849448e-02
   6.1383469e-02
   6.1704090e-02
   5.9238493e-02
   6.2972983e-02
   5.8113584e-02
   6.3261683e-02
   5.9087928e-02
   5.8812820e-02
   6.1223566e-02
   6.0112593e-02
   6.2543836e-02
   6.4565624e-02
