   1.6455288e-01
   1.7924219e-01
   1.7416133e-01
   1.7141313e-01
   1.6755620e-01
   1.7176968e-01
   1.7732098e-01
   1.7927214e-01
   1.7695092e-01
   1.7217252e-01
   1.7432534e-01
   1.6642139e-01
   1.6294950e-01
   1.6954096e-01
   1.6251752e-01
   1.6904502e-01
   1.7985184e-01
   1.7406391e-01
   1.8033790e-01
   1.6515081e-01
   1.6883468e-01
   1.7733430e-01
   1.6970460e-01
   1.7195136e-01
   1.6778693e-01
   1.7028500e-01
   1.8899536e-01
   1.6715379e-01
   1.7806325e-01
   1.8083187e-01
   1.7977874e-01
   1.7464033e-01
   1.8247447e-01
   1.7464448e-01
   1.7051576e-01
   1.7209659e-01
   1.8585564e-01
   1.6982537e-01
   1.7665028e-01
   1.7502967e-01
   1.7154433e-01
   1.7431629e-01
   1.7864266e-01
   1.8919542e-01
   1.9347276e-01
   1.8972125e-01
   1.6980460e-01
   1.8663476e-01
   1.6870416e-01
   1.7442311e-01
   1.7922091e-01
   1.7951030e-01
   1.6795746e-01
   1.7810016e-01
   1.7495493e-01
   1.9051020e-01
   1.7537277e-01
   1.7934575e-01
   1.8628534e-01
   1.7432011e-01
   1.7378623e-01
   1.8035465e-01
   1.6195799e-01
   1.6768946e-01
   1.7057600e-01
   1.7203383e-01
   1.6663674e-01
   1.7785637e-01
   1.6817172e-01
   1.7918310e-01
   1.7569551e-01
   1.6563861e-01
   1.6721004e-01
   1.6765117e-01
   1.6917839e-01
   1.6729775e-01
   1.6714778e-01
   1.8333393e-01
   1.7320985e-01
   1.7584082e-01
   1.7500432e-01
   1.7558113e-01
   1.7225861e-01
   1.7515912e-01
   1.6990059e-01
   1.7119062e-01
   1.8035800e-01
   1.6181778e-01
   1.7053117e-01
   1.6834073e-01
   1.7014665e-01
   1.7337305e-01
   1.9360112e-01
   1.7802481e-01
   1.7268129e-01
   1.6726030e-01
   1.6796093e-01
   1.7604958e-01
   1.6849125e-01
   1.8391722e-01
   1.8474935e-01
   1.6649920e-01
   1.6227876e-01
   1.8154057e-01
   1.8880602e-01
   1.6967141e-01
   1.6825070e-01
   1.7209334e-01
   1.6752499e-01
   1.6463539e-01
   1.7468374e-01
   1.7073406e-01
   1.6965435e-01
   1.7346367e-01
   1.8309533e-01
   1.6991634e-01
   1.8013949e-01
   1.7514385e-01
   1.8238578e-01
   1.7601020e-01
   1.7993427e-01
   1.8605266e-01
   1.9207756e-01
   1.9227545e-01
   1.7282203e-01
   1.7272471e-01
   1.7315894e-01
   1.7498848e-01
   1.7364562e-01
   1.7233260e-01
   1.8345550e-01
   1.6638255e-01
   1.6894448e-01
   1.8242719e-01
   1.6718551e-01
   1.9046857e-01
   1.7217888e-01
   1.7582359e-01
   1.7905562e-01
   1.6900958e-01
   1.8124380e-01
   1.7788516e-01
   1.8643398e-01
   1.6701835e-01
   1.7029662e-01
   1.8836915e-01
   1.7116476e-01
   1.6740670e-01
   1.7622662e-01
   1.6988554e-01
   1.6617080e-01
   1.7653236e-01
   1.6724113e-01
   1.7634860e-01
   1.6407714e-01
   1.6642691e-01
   1.8037773e-01
   1.6616221e-01
   1.8146849e-01
   1.6939121e-01
   1.7833046e-01
   1.8060258e-01
   1.7496352e-01
   1.6689007e-01
   1.8353632e-01
   1.6628071e-01
   1.6830665e-01
   1.7655916e-01
   1.7984426e-01
   1.7715507e-01
   1.7092588e-01
   1.6902600e-01
   1.8500836e-01
   1.7354067e-01
   1.6839413e-01
   1.7079283e-01
   1.6889686e-01
   1.6711401e-01
   1.7458726e-01
   1.7705317e-01
   1.7775613e-01
   1.7219624e-01
   1.6975852e-01
   1.8945459e-01
   1.8164934e-01
   1.7602077e-01
   1.7392269e-01
   1.6591538e-01
   1.6715574e-01
   1.6819277e-01
   1.7449514e-01
   1.6982230e-01
   1.8321587e-01
   1.7485138e-01
   1.6685088e-01
   1.6565694e-01
   1.8465317e-01
   1.6641815e-01
   1.6994745e-01
   1.8445200e-01
   1.7780021e-01
   1.7472229e-01
   1.8837845e-01
   1.7677370e-01
   1.7048736e-01
   1.8023181e-01
   1.7906985e-01
   1.7630859e-01
   1.8412403e-01
   1.7695954e-01
   1.7657312e-01
   1.6706975e-01
   1.7463721e-01
   1.7174800e-01
   1.7410569e-01
   1.8144276e-01
   1.7186546e-01
   1.6201724e-01
   1.7718726e-01
   1.8927862e-01
   1.9185872e-01
   1.7365765e-01
   1.8564211e-01
   1.7697482e-01
   1.7526594e-01
   1.8063791e-01
   1.7405569e-01
   1.7437915e-01
   1.6715099e-01
   1.7920451e-01
   1.6685901e-01
   1.7476129e-01
   1.7644184e-01
   1.6604265e-01
   1.6990067e-01
   1.8101240e-01
   1.6765274e-01
   1.8123676e-01
   1.8008691e-01
   1.7280068e-01
   1.7647854e-01
   1.6330848e-01
   1.7345228e-01
   1.7236976e-01
   1.6602002e-01
   1.6837690e-01
   1.7628074e-01
   1.8349824e-01
   1.7594564e-01
   1.8101661e-01
   1.7063264e-01
   1.7663878e-01
   1.8154549e-01
   1.6658569e-01
   1.6462354e-01
   1.9118849e-01
   1.7491654e-01
   1.7992483e-01
   1.7958355e-01
   1.8027273e-01
   1.7984225e-01
   1.7456046e-01
   1.7043532e-01
   1.7966586e-01
   1.7306031e-01
   1.7849100e-01
   1.7587620e-01
   1.9045468e-01
   1.6881715e-01
   1.6632890e-01
   1.8083762e-01
   1.8946493e-01
   1.8393653e-01
   1.7122670e-01
   1.7057473e-01
   1.7333621e-01
   1.8035261e-01
   1.8256100e-01
   1.7863393e-01
   1.6630554e-01
   1.7174113e-01
   1.8068130e-01
   1.7225572e-01
   1.7396610e-01
   1.6839243e-01
   1.8156081e-01
   1.8789044e-01
   1.8164270e-01
   1.8415970e-01
   1.7777151e-01
   1.6702296e-01
   1.6820009e-01
   1.7982733e-01
   1.7072721e-01
   1.6902376e-01
   1.7179667e-01
   1.6222372e-01
   1.6961491e-01
   1.8517458e-01
   1.9381097e-01
