   1.7185587e-01
   1.8496424e-01
   1.7432904e-01
   1.7314145e-01
   1.8572559e-01
   1.7451458e-01
   1.7053936e-01
   1.7160744e-01
   1.7425400e-01
   1.7763674e-01
   1.7016492e-01
   1.7354578e-01
   1.8273163e-01
   1.7535123e-01
   1.7765691e-01
   1.7089625e-01
   1.7372150e-01
   1.7710164e-01
   1.7856555e-01
   1.7585256e-01
   1.7428095e-01
   1.6988274e-01
   1.7941003e-01
   1.7575720e-01
   1.7411702e-01
   1.8159707e-01
   1.6997806e-01
   1.7050845e-01
   1.8198233e-01
   1.7626668e-01
   1.7510682e-01
   1.7832911e-01
   1.7721436e-01
   1.8310709e-01
   1.7460102e-01
   1.8341769e-01
   1.8288393e-01
   1.6965591e-01
   1.7490021e-01
   1.7309332e-01
   1.7159229e-01
   1.7517578e-01
   1.7972502e-01
   1.7798947e-01
   1.6977131e-01
   1.6893907e-01
   1.7652463e-01
   1.8615681e-01
   1.8022614e-01
   1.7605942e-01
   1.7951679e-01
   1.7266543e-01
   1.7346855e-01
   1.7440381e-01
   1.6984783e-01
   1.7518962e-01
   1.7905920e-01
   1.7544340e-01
   1.7699184e-01
   1.7538512e-01
   1.7528447e-01
   1.7131645e-01
   1.7960453e-01
   1.8325556e-01
   1.7641238e-01
   1.7685854e-01
   1.7871757e-01
   1.7417525e-01
   1.7427096e-01
   1.7073680e-01
   1.7371876e-01
   1.8152163e-01
   1.7924852e-01
   1.8540690e-01
   1.7553914e-01
   1.7561212e-01
   1.7544975e-01
   1.6976811e-01
   1.7954197e-01
   1.7093732e-01
   1.7165331e-01
   1.7296129e-01
   1.7625564e-01
   1.7625213e-01
   1.7267281e-01
   1.8320476e-01
   1.7592288e-01
   1.8054564e-01
   1.7695679e-01
   1.8194800e-01
   1.8825474e-01
   1.8181488e-01
   1.7727493e-01
   1.7373911e-01
   1.7028954e-01
   1.7799585e-01
   1.7978739e-01
   1.7207999e-01
   1.7389828e-01
   1.8335111e-01
   1.8201372e-01
   1.7910555e-01
   1.7781108e-01
   1.8656562e-01
   1.7845807e-01
   1.7636486e-01
   1.8414314e-01
   1.8425463e-01
   1.7542173e-01
   1.8255218e-01
   1.7810941e-01
   1.7643148e-01
   1.7384560e-01
   1.7998532e-01
   1.8919804e-01
   1.7271895e-01
   1.6987456e-01
   1.8006543e-01
   1.7361080e-01
   1.6923915e-01
   1.7061267e-01
   1.8312527e-01
   1.7121807e-01
   1.7655335e-01
   1.7578158e-01
   1.7150489e-01
   1.7745094e-01
   1.7433019e-01
   1.7326739e-01
   1.7884346e-01
   1.7804749e-01
   1.7425101e-01
   1.7558766e-01
   1.8206312e-01
   1.7431488e-01
   1.7735367e-01
   1.7428251e-01
   1.7702242e-01
   1.7978090e-01
   1.7188454e-01
   1.7269506e-01
   1.8508617e-01
   1.8239706e-01
   1.8386890e-01
   1.7759504e-01
   1.7018174e-01
   1.7285101e-01
   1.7391351e-01
   1.7572472e-01
   1.7427689e-01
   1.7622883e-01
   1.7467105e-01
   1.7760929e-01
   1.7104700e-01
   1.8778685e-01
   1.7311664e-01
   1.7429194e-01
   1.7627195e-01
   1.8231803e-01
   1.7259422e-01
   1.7174733e-01
   1.6938808e-01
   1.7150996e-01
   1.7729052e-01
   1.7360310e-01
   1.7184746e-01
   1.8294604e-01
   1.7136109e-01
   1.7396436e-01
   1.8034799e-01
   1.7241431e-01
   1.7589115e-01
   1.8220276e-01
   1.7791646e-01
   1.7726643e-01
   1.7506352e-01
   1.7350854e-01
   1.7072631e-01
   1.7324948e-01
   1.6921100e-01
   1.8286585e-01
   1.7488793e-01
   1.7807572e-01
   1.7002643e-01
   1.6946059e-01
   1.7768949e-01
   1.7573905e-01
   1.7411843e-01
   1.7197065e-01
   1.8548642e-01
   1.7594508e-01
   1.7544549e-01
   1.7173903e-01
   1.7533287e-01
   1.7881153e-01
   1.7501425e-01
   1.7544473e-01
   1.7288195e-01
   1.7581952e-01
   1.7134526e-01
   1.7988474e-01
   1.8066318e-01
   1.7683695e-01
   1.7053902e-01
   1.7411379e-01
   1.8479058e-01
   1.7438160e-01
   1.7345124e-01
   1.7158463e-01
   1.7803843e-01
   1.7860936e-01
   1.7997088e-01
   1.7395440e-01
   1.6927771e-01
   1.7334118e-01
   1.7637471e-01
   1.7362572e-01
   1.7218901e-01
   1.6942661e-01
   1.7169552e-01
   1.7530697e-01
   1.7035387e-01
   1.6946853e-01
   1.8397237e-01
   1.8088615e-01
   1.7357325e-01
   1.7224191e-01
   1.6957796e-01
   1.8101849e-01
   1.7609227e-01
   1.8282367e-01
   1.7754691e-01
   1.8304001e-01
   1.7529393e-01
   1.7386944e-01
   1.7309827e-01
   1.7230522e-01
   1.7329284e-01
   1.7054912e-01
   1.7647993e-01
   1.7534742e-01
   1.7217804e-01
   1.7230536e-01
   1.7833770e-01
   1.7437269e-01
   1.7613153e-01
   1.7017247e-01
   1.8003679e-01
   1.7346961e-01
   1.7718897e-01
   1.7135098e-01
   1.7057349e-01
   1.8771193e-01
   1.7279742e-01
   1.7187587e-01
   1.7175123e-01
   1.7736542e-01
   1.7473005e-01
   1.7328753e-01
   1.7920234e-01
   1.7278755e-01
   1.8002673e-01
   1.6908992e-01
   1.7720012e-01
   1.8654409e-01
   1.8846952e-01
   1.7457788e-01
   1.7618327e-01
   1.7704020e-01
   1.7383967e-01
   1.7502257e-01
   1.6907960e-01
   1.7729515e-01
   1.6899628e-01
   1.7378229e-01
   1.8077308e-01
   1.7724390e-01
   1.7163443e-01
   1.7736136e-01
   1.8011017e-01
   1.7094625e-01
   1.7281274e-01
   1.7434638e-01
   1.7750234e-01
   1.7380967e-01
   1.7838528e-01
   1.8580846e-01
   1.7880621e-01
   1.7190902e-01
   1.7224175e-01
   1.8301444e-01
   1.7279912e-01
   1.7842189e-01
   1.7122139e-01
   1.7899073e-01
   1.7267798e-01
   1.7370605e-01
   1.7174088e-01
   1.7989288e-01
   1.7708253e-01
