   5.3196036e-02
   4.7623029e-02
   4.8071377e-02
   4.4655482e-02
   4.9158260e-02
   4.9076823e-02
   4.7242168e-02
   5.0513167e-02
   5.0910231e-02
   4.3824858e-02
   4.2781087e-02
   4.1428428e-02
   4.6684798e-02
   4.2597362e-02
   4.7058311e-02
   4.6258061e-02
   4.9437403e-02
   4.5383959e-02
   4.5383278e-02
   4.3787327e-02
   4.8363915e-02
   5.1144428e-02
   4.3291168e-02
   4.9358359e-02
   5.2311416e-02
   4.5466657e-02
   4.3078601e-02
   4.9593665e-02
   4.9550725e-02
   4.4794151e-02
   4.9561897e-02
   4.8510162e-02
   4.1077543e-02
   4.9837389e-02
   4.3049953e-02
   4.7618048e-02
   4.5140755e-02
   4.6034626e-02
   4.2723085e-02
   5.1841371e-02
   4.4248225e-02
   4.4773195e-02
   4.1503477e-02
   4.7764704e-02
   4.6516653e-02
   4.9882163e-02
   5.0091814e-02
   4.6085936e-02
   5.0048068e-02
   5.2144370e-02
   4.2195286e-02
   4.6056898e-02
   5.1168097e-02
   4.8497702e-02
   4.5717507e-02
   4.9327909e-02
   4.5334122e-02
   5.1397372e-02
   4.9880140e-02
   4.5899824e-02
   4.6253402e-02
   4.8456911e-02
   4.5584976e-02
   5.3170998e-02
   4.9110967e-02
   4.9055119e-02
   4.5609443e-02
   4.5315778e-02
   4.5884398e-02
   5.1216656e-02
   5.0139797e-02
   4.4357976e-02
   4.6292931e-02
   4.4273553e-02
   4.4490767e-02
   4.9703871e-02
   4.1416752e-02
   4.6389756e-02
   4.3583786e-02
   4.5556809e-02
   5.1142807e-02
   5.0459910e-02
   4.5524461e-02
   4.9259058e-02
   4.5845483e-02
   4.6361449e-02
   4.3114784e-02
   4.4533960e-02
   5.3449937e-02
   4.1865219e-02
   4.2856079e-02
   5.0969492e-02
   4.7538136e-02
   4.4564949e-02
   5.2610299e-02
   4.7123932e-02
   4.5520106e-02
   4.5607466e-02
   4.6559498e-02
   5.0304296e-02
   5.1630194e-02
   4.9328023e-02
   5.0613453e-02
   4.4871481e-02
   4.9396764e-02
   4.1269854e-02
   5.1861189e-02
   4.9225660e-02
   4.7609547e-02
   4.4148813e-02
   4.8250851e-02
   4.9134617e-02
   4.4280088e-02
   4.8941731e-02
   5.1824912e-02
   4.7683490e-02
   4.9548130e-02
   4.8688789e-02
   4.5639301e-02
   4.9736169e-02
   4.2069637e-02
   4.6277006e-02
   4.5472520e-02
   4.6919410e-02
   5.2271346e-02
   5.0256413e-02
   5.1513619e-02
   4.8097866e-02
   4.4020074e-02
   4.5050448e-02
   5.1891069e-02
   4.7908355e-02
   4.7412600e-02
   4.2933112e-02
   5.1363777e-02
   4.9547505e-02
   4.8267588e-02
   4.9646749e-02
   4.2588518e-02
   4.2520054e-02
   4.9545224e-02
   4.3109918e-02
   4.8661805e-02
   4.6056976e-02
   4.3963662e-02
   4.6594151e-02
   4.4812899e-02
   4.9289697e-02
   5.2655227e-02
   4.5945752e-02
   4.4848124e-02
   4.7728071e-02
   5.1652001e-02
   4.6133073e-02
   4.4668424e-02
   4.6690583e-02
   4.2434054e-02
   5.3050846e-02
   4.3543462e-02
   4.5338572e-02
   4.8463112e-02
   4.7803260e-02
   4.5092739e-02
   4.6598293e-02
   4.6579168e-02
   4.9470231e-02
   4.7696131e-02
   4.4082276e-02
   4.5461780e-02
   4.5815612e-02
   4.4366560e-02
   5.2711428e-02
   4.8218064e-02
   4.1301268e-02
   5.2334282e-02
   4.1656360e-02
   4.2407633e-02
   4.2326366e-02
   4.2590535e-02
   4.3782760e-02
   4.7866650e-02
   4.7172837e-02
   4.4045052e-02
   4.2556056e-02
   4.2225855e-02
   5.1886124e-02
   4.8379509e-02
   4.3108152e-02
   4.9866125e-02
   4.2175853e-02
   4.9656717e-02
   5.0635082e-02
   5.0242195e-02
   4.6810834e-02
   4.5794677e-02
   4.3955884e-02
   4.5681723e-02
   4.5583038e-02
   4.9504274e-02
   4.4827646e-02
   5.0345595e-02
   4.7236885e-02
   4.5595598e-02
   4.4236735e-02
   5.0362047e-02
   5.0867630e-02
   5.0056201e-02
   4.6874821e-02
   5.0379780e-02
   4.5771712e-02
   4.7500645e-02
   4.8660794e-02
   5.1237857e-02
   4.3903785e-02
   4.9799789e-02
   4.9115719e-02
   4.3943892e-02
   4.1715522e-02
   4.9755506e-02
   5.1633314e-02
   5.1051233e-02
   5.0220303e-02
   4.4654403e-02
   4.8568893e-02
   5.1661548e-02
   4.8960693e-02
   4.4852689e-02
   4.8764223e-02
   4.9714791e-02
   4.5900497e-02
   4.2336212e-02
   4.3812463e-02
   4.7056205e-02
   4.8090468e-02
   4.4470409e-02
   4.9541211e-02
   4.4457410e-02
   4.8099833e-02
   4.6246632e-02
   4.5496651e-02
   4.5999971e-02
   4.2846181e-02
   4.1959570e-02
   4.8842639e-02
   4.5976490e-02
   4.6625266e-02
   4.8676025e-02
   4.4242221e-02
   4.9261439e-02
   4.6670742e-02
   4.5717954e-02
   4.9194177e-02
   4.6507072e-02
   4.4449241e-02
   4.7953853e-02
   4.4002332e-02
   4.9725122e-02
   5.3977156e-02
   4.2980455e-02
   4.5111564e-02
   4.6646992e-02
   4.6822812e-02
   4.8315870e-02
   4.6349284e-02
   4.8006585e-02
   5.2083578e-02
   4.3789051e-02
   4.7123044e-02
   5.0976813e-02
   4.9001145e-02
   4.2377501e-02
   4.3532518e-02
   4.2338350e-02
   5.0676377e-02
   4.4200924e-02
   4.4684892e-02
   4.2835130e-02
   4.3119092e-02
   5.0574425e-02
   4.6188907e-02
   4.5846573e-02
   4.5131431e-02
   4.3917328e-02
   4.5256258e-02
   4.4541993e-02
   4.6106087e-02
   4.6526888e-02
   4.4061801e-02
   4.4894641e-02
   5.0906602e-02
   4.7270735e-02
   4.2620811e-02
   4.9366440e-02
   4.3417584e-02
   4.1964187e-02
   4.9553865e-02
   4.3862447e-02
   4.4093911e-02
   4.2485424e-02
   4.9439684e-02
