   4.7100219e-02
   4.7996993e-02
   4.6627256e-02
   4.7873074e-02
   4.7551152e-02
   4.7299086e-02
   4.7878832e-02
   4.7296956e-02
   4.6691020e-02
   4.7963581e-02
   4.7185987e-02
   4.7760293e-02
   4.8137985e-02
   4.8149168e-02
   4.8091726e-02
   4.6961157e-02
   4.7451052e-02
   4.7312785e-02
   4.8045650e-02
   4.7803523e-02
   4.7352970e-02
   4.7304012e-02
   4.7806487e-02
   4.7253607e-02
   4.7201645e-02
   4.7142711e-02
   4.7811388e-02
   4.7596625e-02
   4.7824405e-02
   4.7769694e-02
   4.7423851e-02
   4.7369911e-02
   4.7090492e-02
   4.7324127e-02
   4.7792450e-02
   4.8054003e-02
   4.6700584e-02
   4.7461569e-02
   4.7871254e-02
   4.8059302e-02
   4.8150974e-02
   4.7644365e-02
   4.7249954e-02
   4.6989198e-02
   4.8299659e-02
   4.8008663e-02
   4.8014280e-02
   4.8106922e-02
   4.7608329e-02
   4.7867118e-02
   4.8033707e-02
   4.7592026e-02
   4.8304219e-02
   4.8117648e-02
   4.8004119e-02
   4.7914556e-02
   4.7068950e-02
   4.7318844e-02
   4.8040356e-02
   4.7355305e-02
   4.8055556e-02
   4.8132214e-02
   4.7758549e-02
   4.7751045e-02
   4.6821366e-02
   4.8196112e-02
   4.7062629e-02
   4.6847200e-02
   4.8261903e-02
   4.7798899e-02
   4.7231431e-02
   4.7781917e-02
   4.7341309e-02
   4.7511814e-02
   4.6848734e-02
   4.6720369e-02
   4.7496375e-02
   4.8214307e-02
   4.7671829e-02
   4.7881530e-02
   4.7935857e-02
   4.6971874e-02
   4.7807833e-02
   4.8254726e-02
   4.7396600e-02
   4.6836022e-02
   4.7245849e-02
   4.7392443e-02
   4.7235901e-02
   4.8061256e-02
   4.8093935e-02
   4.7503145e-02
   4.6726378e-02
   4.8136695e-02
   4.7327583e-02
   4.7004822e-02
   4.7529335e-02
   4.7779109e-02
   4.8131438e-02
   4.8125360e-02
   4.7498844e-02
   4.7583204e-02
   4.7804635e-02
   4.8144791e-02
   4.7715983e-02
   4.8119272e-02
   4.7486038e-02
   4.7992132e-02
   4.7494201e-02
   4.7200762e-02
   4.6824204e-02
   4.7651944e-02
   4.7606128e-02
   4.8150006e-02
   4.6762910e-02
   4.6757881e-02
   4.7556336e-02
   4.8226785e-02
   4.8118404e-02
   4.6932604e-02
   4.7962164e-02
   4.8020549e-02
   4.8149872e-02
   4.7868118e-02
   4.7614970e-02
   4.7587815e-02
   4.7559327e-02
   4.7317927e-02
   4.7985752e-02
   4.7655460e-02
   4.7477593e-02
   4.6807924e-02
   4.7649203e-02
   4.8175734e-02
   4.7740303e-02
   4.7673695e-02
   4.7654095e-02
   4.7942697e-02
   4.6749072e-02
   4.6802296e-02
   4.7523104e-02
   4.7138367e-02
   4.7973086e-02
   4.7744732e-02
   4.7495036e-02
   4.6667958e-02
   4.7357043e-02
   4.7469982e-02
   4.7080737e-02
   4.7892329e-02
   4.7537859e-02
   4.7072831e-02
   4.7954468e-02
   4.7247119e-02
   4.8294297e-02
   4.6777437e-02
   4.7229282e-02
   4.7117081e-02
   4.8047759e-02
   4.7231233e-02
   4.8229393e-02
   4.7289935e-02
   4.7485218e-02
   4.7145620e-02
   4.7072881e-02
   4.7244086e-02
   4.7519000e-02
   4.7127247e-02
   4.7301241e-02
   4.7871113e-02
   4.6444892e-02
   4.7950394e-02
   4.8260122e-02
   4.8106887e-02
   4.7980844e-02
   4.7693151e-02
   4.7846450e-02
   4.6734294e-02
   4.8168714e-02
   4.8090164e-02
   4.7955846e-02
   4.6383513e-02
   4.7335349e-02
   4.7751396e-02
   4.7549536e-02
   4.7629132e-02
   4.8015458e-02
   4.7291078e-02
   4.8313689e-02
   4.8000646e-02
   4.6814267e-02
   4.7963770e-02
   4.6587899e-02
   4.8154744e-02
   4.7287684e-02
   4.7166258e-02
   4.7154795e-02
   4.7662662e-02
   4.7097168e-02
   4.7204435e-02
   4.6779626e-02
   4.7603510e-02
   4.7308000e-02
   4.7243129e-02
   4.7812115e-02
   4.7525966e-02
   4.6815019e-02
   4.6891709e-02
   4.7010949e-02
   4.7727380e-02
   4.7516012e-02
   4.7863460e-02
   4.8174606e-02
   4.7609056e-02
   4.7733565e-02
   4.8076805e-02
   4.7570260e-02
   4.7271804e-02
   4.7456230e-02
   4.6836399e-02
   4.8167065e-02
   4.7156330e-02
   4.7157578e-02
   4.7706819e-02
   4.7840456e-02
   4.8104049e-02
   4.8116498e-02
   4.7760751e-02
   4.8313700e-02
   4.7993649e-02
   4.7479338e-02
   4.7171808e-02
   4.8003042e-02
   4.7393521e-02
   4.7566393e-02
   4.7939401e-02
   4.7252368e-02
   4.7376177e-02
   4.7236403e-02
   4.7740847e-02
   4.7564195e-02
   4.7562474e-02
   4.7342290e-02
   4.7691628e-02
   4.7946647e-02
   4.7399242e-02
   4.7792490e-02
   4.7917990e-02
   4.7611542e-02
   4.7672548e-02
   4.7393153e-02
   4.8093620e-02
   4.6764122e-02
   4.7025306e-02
   4.7803468e-02
   4.7124499e-02
   4.7350510e-02
   4.7411640e-02
   4.7115946e-02
   4.7643556e-02
   4.7544719e-02
   4.7969189e-02
   4.7387486e-02
   4.6790314e-02
   4.8161650e-02
   4.7404775e-02
   4.7643651e-02
   4.8277756e-02
   4.7981752e-02
   4.8029508e-02
   4.7982003e-02
   4.8243336e-02
   4.7246495e-02
   4.7822373e-02
   4.7503020e-02
   4.7142208e-02
   4.7729596e-02
   4.7950009e-02
   4.7725199e-02
   4.7210023e-02
   4.7322442e-02
   4.7935245e-02
   4.6918469e-02
   4.7322938e-02
   4.7173715e-02
   4.7302324e-02
   4.7273376e-02
   4.8102688e-02
   4.8210180e-02
   4.8069530e-02
   4.7366202e-02
   4.7283091e-02
   4.6711386e-02
   4.6511888e-02
   4.8343041e-02
   4.7650434e-02
   4.7250261e-02
   4.7601623e-02
   4.7698396e-02
   4.6772393e-02
