   5.4643798e-02
   5.1802778e-02
   5.3397110e-02
   6.0021019e-02
   5.4910458e-02
   5.1488405e-02
   6.4535397e-02
   6.3268520e-02
   5.1269231e-02
   5.0674686e-02
   4.7567856e-02
   5.2212925e-02
   5.5471213e-02
   5.5678423e-02
   6.3700860e-02
   5.8938123e-02
   5.1479762e-02
   5.7531473e-02
   5.0315081e-02
   5.3654682e-02
   5.1005313e-02
   5.0959060e-02
   6.0324817e-02
   5.3146725e-02
   5.0524831e-02
   5.5418043e-02
   6.2995714e-02
   5.4118444e-02
   4.9311272e-02
   5.0097684e-02
   5.8245836e-02
   5.2461300e-02
   5.1624183e-02
   5.2776509e-02
   5.1756290e-02
   5.1297382e-02
   5.4877354e-02
   5.0986766e-02
   5.0640360e-02
   5.1373755e-02
   5.5015540e-02
   5.1987355e-02
   5.2871502e-02
   5.2168106e-02
   5.9789271e-02
   5.4862942e-02
   5.0289841e-02
   4.9722287e-02
   6.1384953e-02
   4.8404254e-02
   5.0887161e-02
   5.2191331e-02
   5.4921096e-02
   5.0560501e-02
   5.9656572e-02
   5.4842724e-02
   4.8804038e-02
   5.2107538e-02
   5.4922521e-02
   5.0715770e-02
   5.1607836e-02
   5.2350757e-02
   6.6222086e-02
   5.6056834e-02
   5.2148087e-02
   5.1634760e-02
   5.1480124e-02
   5.0914583e-02
   6.3756861e-02
   5.0901387e-02
   4.9697055e-02
   5.4142492e-02
   5.0365708e-02
   6.4585822e-02
   5.2675367e-02
   5.1895332e-02
   5.1411915e-02
   5.6274015e-02
   6.0181670e-02
   5.5131613e-02
   5.3574433e-02
   5.1537109e-02
   5.2074242e-02
   5.8945906e-02
   6.2938402e-02
   5.2631275e-02
   5.1279739e-02
   5.7263836e-02
   5.4903771e-02
   5.5348661e-02
   5.3204799e-02
   5.7353688e-02
   5.3957803e-02
   5.0622770e-02
   5.9150532e-02
   5.4184349e-02
   4.8609744e-02
   5.2176962e-02
   5.2264355e-02
   5.7451673e-02
   5.1269477e-02
   5.0232604e-02
   5.0331913e-02
   5.0966619e-02
   4.9905443e-02
   5.0187860e-02
   5.1008913e-02
   5.1617074e-02
   5.1730981e-02
   5.3992751e-02
   5.6901135e-02
   4.9882241e-02
   6.0747901e-02
   5.0727183e-02
   4.7034562e-02
   5.0785011e-02
   5.3367699e-02
   5.4448572e-02
   5.0822809e-02
   4.9877130e-02
   5.2870716e-02
   5.2488053e-02
   6.1845059e-02
   4.9738131e-02
   4.6687231e-02
   5.0856765e-02
   4.9688003e-02
   5.1861422e-02
   5.0584495e-02
   4.9870697e-02
   5.0672850e-02
   5.5557223e-02
   6.7530651e-02
   5.4188351e-02
   5.4776131e-02
   5.4626255e-02
   5.3461019e-02
   5.3252544e-02
   5.4343676e-02
   6.2334894e-02
   4.9537238e-02
   5.1742169e-02
   5.7235030e-02
   5.3826362e-02
   5.3640193e-02
   6.0625696e-02
   6.3668013e-02
   5.1292392e-02
   6.3308951e-02
   7.4892601e-02
   5.5255878e-02
   5.5013964e-02
   7.4285833e-02
   5.5138897e-02
   4.9003518e-02
   5.0591674e-02
   5.2250840e-02
   5.0563857e-02
   6.4757182e-02
   5.3962959e-02
   5.4503856e-02
   5.1311479e-02
   5.8247254e-02
   5.0945208e-02
   6.6591981e-02
   6.7900492e-02
   5.3416043e-02
   4.8396844e-02
   5.3052801e-02
   5.7535999e-02
   6.6321765e-02
   4.8562604e-02
   5.3991817e-02
   5.1634142e-02
   5.2778200e-02
   5.1876789e-02
   5.7892305e-02
   5.0833050e-02
   5.1486759e-02
   6.1793662e-02
   5.2238416e-02
   6.2077464e-02
   6.6083207e-02
   5.4434716e-02
   4.8707498e-02
   5.0775314e-02
   6.0365258e-02
   5.1122817e-02
   5.2560820e-02
   5.5475931e-02
   5.4271034e-02
   5.8594760e-02
   6.9039216e-02
   5.0795292e-02
   5.0652233e-02
   6.2050763e-02
   5.1069027e-02
   5.2474288e-02
   5.3925908e-02
   5.0207244e-02
   5.0946339e-02
   4.8788124e-02
   5.1422473e-02
   5.1103465e-02
   5.3920687e-02
   5.6599484e-02
   5.5396853e-02
   4.9693336e-02
   5.4843269e-02
   5.4401189e-02
   5.3002231e-02
   5.2447873e-02
   5.0298109e-02
   5.5719848e-02
   5.5234721e-02
   5.5968048e-02
   5.9062904e-02
   5.5090826e-02
   5.0826108e-02
   6.0026903e-02
   5.0424844e-02
   5.1641321e-02
   5.1893290e-02
   5.0220582e-02
   5.0165031e-02
   5.2244702e-02
   5.0771841e-02
   5.2936241e-02
   5.0798166e-02
   5.4144481e-02
   6.0486535e-02
   5.0658214e-02
   4.6345948e-02
   5.9769262e-02
   5.6859100e-02
   5.3807508e-02
   5.0446699e-02
   4.8842725e-02
   4.7627452e-02
   5.8825209e-02
   6.6266701e-02
   4.9296033e-02
   5.6347047e-02
   5.1482255e-02
   5.2500733e-02
   5.2013165e-02
   5.7121613e-02
   5.5037741e-02
   6.5903401e-02
   5.1308930e-02
   5.1628736e-02
   5.6464209e-02
   5.1548657e-02
   6.7974859e-02
   4.9500529e-02
   5.1309249e-02
   5.6695593e-02
   5.4750673e-02
   4.9429654e-02
   5.3758713e-02
   5.2996649e-02
   5.0496402e-02
   5.0899513e-02
   5.3540748e-02
   5.0461560e-02
   7.1539609e-02
   4.8846088e-02
   5.4266657e-02
   5.0228202e-02
   6.6356018e-02
   5.3063408e-02
   5.3393186e-02
   5.3525114e-02
   5.4653894e-02
   4.8515983e-02
   5.6310190e-02
   5.1078198e-02
   5.2239525e-02
   5.2104625e-02
   5.1450560e-02
   5.1792502e-02
   5.0378678e-02
   5.6115043e-02
   6.6140142e-02
   4.9951040e-02
   6.1817137e-02
   5.1597712e-02
   5.9859859e-02
   4.7295669e-02
   6.0880885e-02
   5.9693156e-02
   5.1050859e-02
   4.9422313e-02
   5.0908007e-02
   6.9724690e-02
   5.2042728e-02
   5.0039981e-02
   5.6103222e-02
   5.6618700e-02
   5.2696696e-02
