   6.6071926e-02
   6.4800039e-02
   5.9753905e-02
   6.6991033e-02
   6.1312169e-02
   5.9725858e-02
   5.5799581e-02
   6.4334749e-02
   5.9201298e-02
   5.4380842e-02
   6.0600790e-02
   5.9806550e-02
   6.5402437e-02
   6.6744142e-02
   5.7838550e-02
   6.2121736e-02
   5.3029032e-02
   5.4695255e-02
   6.0813560e-02
   6.3314818e-02
   6.0635142e-02
   6.3909996e-02
   5.3195220e-02
   6.1723066e-02
   5.5760057e-02
   5.2097448e-02
   6.4331993e-02
   5.8457929e-02
   5.2914336e-02
   6.4812905e-02
   5.7191775e-02
   5.9724367e-02
   5.4214657e-02
   5.9403926e-02
   5.4010779e-02
   6.0800733e-02
   5.7653979e-02
   5.8289427e-02
   5.7477854e-02
   6.2177451e-02
   5.4347060e-02
   6.3126690e-02
   6.4678762e-02
   5.7227146e-02
   5.9417150e-02
   5.5781175e-02
   5.2981438e-02
   5.5830607e-02
   5.7512376e-02
   6.4246272e-02
   6.0399756e-02
   5.3006397e-02
   6.3035129e-02
   6.8869350e-02
   5.7139243e-02
   6.6259338e-02
   5.9488078e-02
   5.6137616e-02
   5.7645560e-02
   5.7798606e-02
   5.6993467e-02
   5.2434528e-02
   6.1107078e-02
   5.2429970e-02
   5.4553120e-02
   5.8712736e-02
   5.4115111e-02
   5.7892080e-02
   6.3196253e-02
   5.2433247e-02
   6.4645321e-02
   6.2138700e-02
   5.3449105e-02
   5.4433000e-02
   5.1938099e-02
   6.3383317e-02
   6.1627930e-02
   6.2456996e-02
   5.4367789e-02
   6.8620684e-02
   5.8282913e-02
   5.2816236e-02
   5.4559864e-02
   5.9529230e-02
   6.8795644e-02
   5.0302617e-02
   6.1512399e-02
   6.2446244e-02
   6.1375315e-02
   5.1816760e-02
   6.2802552e-02
   5.2389374e-02
   5.7929093e-02
   5.9039192e-02
   6.6645035e-02
   6.4802643e-02
   6.1165311e-02
   6.2753361e-02
   5.5814386e-02
   6.7743720e-02
   5.7750918e-02
   5.3344744e-02
   5.4930342e-02
   5.5357966e-02
   5.4591236e-02
   5.8774352e-02
   5.0565881e-02
   6.2962615e-02
   5.8429524e-02
   5.6049696e-02
   6.3840869e-02
   5.5741635e-02
   6.7102326e-02
   5.3144281e-02
   5.9089387e-02
   5.7555790e-02
   5.6931749e-02
   5.2706952e-02
   6.2195793e-02
   5.9981820e-02
   6.2195421e-02
   6.6654178e-02
   5.8867020e-02
   5.6818346e-02
   6.1460163e-02
   6.2481206e-02
   5.2030947e-02
   5.9358316e-02
   5.1237047e-02
   5.5226461e-02
   6.6180328e-02
   6.1263584e-02
   6.4245909e-02
   6.8045851e-02
   6.0580402e-02
   5.3651843e-02
   5.0261957e-02
   6.3848489e-02
   6.3306207e-02
   6.3026493e-02
   6.0042156e-02
   5.6684801e-02
   6.1984944e-02
   6.6301588e-02
   6.1443696e-02
   6.0000874e-02
   6.3369625e-02
   6.0938132e-02
   6.6696364e-02
   6.4198810e-02
   5.6176935e-02
   6.3576907e-02
   5.1335355e-02
   5.3753951e-02
   5.7593729e-02
   6.2088453e-02
   6.0829927e-02
   5.9933238e-02
   6.2478695e-02
   5.6736110e-02
   6.1200277e-02
   5.6982576e-02
   5.5318728e-02
   5.5318699e-02
   6.7954591e-02
   5.9958376e-02
   6.2512932e-02
   5.9271832e-02
   5.9980402e-02
   5.9260178e-02
   5.3612469e-02
   5.1089087e-02
   6.8707593e-02
   6.5195144e-02
   6.8666178e-02
   6.7669306e-02
   6.3736979e-02
   5.9186740e-02
   6.0706932e-02
   5.4291441e-02
   5.6261297e-02
   6.5545637e-02
   5.3844295e-02
   5.9485663e-02
   5.6459766e-02
   5.3633119e-02
   6.0852771e-02
   6.5916488e-02
   5.9045943e-02
   6.2117261e-02
   6.7438973e-02
   5.6600108e-02
   6.7445185e-02
   6.3629073e-02
   6.0961572e-02
   5.9036321e-02
   5.9498771e-02
   5.6514334e-02
   5.6005844e-02
   5.4892831e-02
   5.7498425e-02
   5.1874431e-02
   6.2030620e-02
   5.2417560e-02
   5.7823633e-02
   6.4618540e-02
   6.0272826e-02
   6.1906932e-02
   5.1896406e-02
   5.9325392e-02
   5.4349586e-02
   6.5526361e-02
   5.7622697e-02
   5.9219481e-02
   5.8511356e-02
   5.8638671e-02
   5.4316212e-02
   5.0693250e-02
   5.6739600e-02
   6.0866364e-02
   5.8892043e-02
   6.6690870e-02
   6.1414940e-02
   6.7630129e-02
   5.9534384e-02
   6.7807368e-02
   5.6618023e-02
   5.4846558e-02
   6.2825443e-02
   5.9615096e-02
   5.6000501e-02
   5.7223739e-02
   5.7550975e-02
   5.3618330e-02
   5.4953586e-02
   5.1283305e-02
   6.6448736e-02
   6.1548490e-02
   6.3108397e-02
   6.1544313e-02
   5.5317252e-02
   5.8750133e-02
   6.0517426e-02
   6.1255310e-02
   5.8682337e-02
   5.7042730e-02
   6.2393425e-02
   5.8783939e-02
   5.8252683e-02
   5.5915258e-02
   5.7755057e-02
   5.7897190e-02
   5.8072270e-02
   6.3879932e-02
   5.3405708e-02
   5.2578786e-02
   5.9290733e-02
   5.0772826e-02
   5.7165748e-02
   5.3623338e-02
   6.0741077e-02
   5.5536041e-02
   6.1661845e-02
   6.1963372e-02
   6.1748271e-02
   6.6530298e-02
   5.7148816e-02
   5.2907078e-02
   6.1176209e-02
   5.8360004e-02
   6.9911262e-02
   5.8666364e-02
   6.1722924e-02
   5.8398007e-02
   6.0759728e-02
   6.2011935e-02
   6.4734268e-02
   5.5272077e-02
   6.6739784e-02
   6.2016468e-02
   5.5509504e-02
   6.3714250e-02
   6.6344817e-02
   6.1601227e-02
   5.8251638e-02
   6.0587501e-02
   5.6273173e-02
   6.1136614e-02
   5.9731299e-02
   6.2905680e-02
   5.7406290e-02
   6.4596652e-02
   5.7184868e-02
   6.8828027e-02
   5.2427621e-02
   5.7626770e-02
   6.1535419e-02
   6.0662829e-02
   5.8865733e-02
   5.9428156e-02
