   1.7210975e-01
   1.8103376e-01
   1.6490982e-01
   1.7566196e-01
   1.8387541e-01
   1.8032950e-01
   1.7350415e-01
   1.8266051e-01
   1.8181540e-01
   1.6311379e-01
   1.8111351e-01
   1.6949379e-01
   1.6678075e-01
   1.6913835e-01
   1.6058473e-01
   1.8123948e-01
   1.7500280e-01
   1.7500395e-01
   1.7845969e-01
   1.8210264e-01
   1.6273564e-01
   1.7474054e-01
   1.8051027e-01
   1.7163726e-01
   1.7106666e-01
   1.8092883e-01
   1.7292933e-01
   1.6884864e-01
   1.6987690e-01
   1.7522197e-01
   1.6888953e-01
   1.6853694e-01
   1.7984542e-01
   1.6298779e-01
   1.8399583e-01
   1.7396064e-01
   1.8223668e-01
   1.7966353e-01
   1.7288650e-01
   1.6426642e-01
   1.8245883e-01
   1.8350386e-01
   1.8202134e-01
   1.8291630e-01
   1.7636094e-01
   1.7110851e-01
   1.7281994e-01
   1.6115450e-01
   1.7677049e-01
   1.6114772e-01
   1.7605996e-01
   1.8310621e-01
   1.8269496e-01
   1.7086600e-01
   1.7245835e-01
   1.8147563e-01
   1.6539737e-01
   1.7506695e-01
   1.7202345e-01
   1.6825676e-01
   1.7570307e-01
   1.6346164e-01
   1.6941980e-01
   1.8253006e-01
   1.7542283e-01
   1.7217211e-01
   1.7831878e-01
   1.7143258e-01
   1.6101592e-01
   1.6820038e-01
   1.8208619e-01
   1.6055795e-01
   1.7770401e-01
   1.7301387e-01
   1.8194612e-01
   1.8367986e-01
   1.7539894e-01
   1.7665179e-01
   1.7193545e-01
   1.7471532e-01
   1.8291719e-01
   1.6846788e-01
   1.7172991e-01
   1.8082325e-01
   1.7120755e-01
   1.7194834e-01
   1.7951306e-01
   1.7336531e-01
   1.7869977e-01
   1.8226812e-01
   1.6704728e-01
   1.7028917e-01
   1.7816090e-01
   1.6989770e-01
   1.6477659e-01
   1.7573466e-01
   1.7945621e-01
   1.7518171e-01
   1.8210161e-01
   1.7233756e-01
   1.7574422e-01
   1.6827713e-01
   1.6140914e-01
   1.8334757e-01
   1.7112548e-01
   1.7298872e-01
   1.6718457e-01
   1.6505897e-01
   1.7785229e-01
   1.7412823e-01
   1.8021638e-01
   1.7955904e-01
   1.7984456e-01
   1.7902353e-01
   1.8072151e-01
   1.8032611e-01
   1.8202848e-01
   1.7252094e-01
   1.7047618e-01
   1.6666131e-01
   1.8378129e-01
   1.7923460e-01
   1.8196837e-01
   1.6600180e-01
   1.6751412e-01
   1.6559001e-01
   1.7565922e-01
   1.7426136e-01
   1.6853114e-01
   1.8386248e-01
   1.6651730e-01
   1.7722362e-01
   1.6668829e-01
   1.6432752e-01
   1.6541513e-01
   1.8028988e-01
   1.7977154e-01
   1.7818439e-01
   1.6512023e-01
   1.7524903e-01
   1.6939971e-01
   1.8220825e-01
   1.7500019e-01
   1.6281349e-01
   1.7323038e-01
   1.8104987e-01
   1.6936405e-01
   1.8145729e-01
   1.6485231e-01
   1.8179036e-01
   1.7841393e-01
   1.8223975e-01
   1.7459102e-01
   1.7890135e-01
   1.8071257e-01
   1.6317762e-01
   1.6365949e-01
   1.6065385e-01
   1.7756602e-01
   1.7485163e-01
   1.7713634e-01
   1.8124818e-01
   1.8297331e-01
   1.6828001e-01
   1.8021300e-01
   1.6740299e-01
   1.8173351e-01
   1.7039916e-01
   1.8387559e-01
   1.8237439e-01
   1.7550507e-01
   1.6751037e-01
   1.6298790e-01
   1.6133204e-01
   1.6810034e-01
   1.6515086e-01
   1.7399774e-01
   1.7676900e-01
   1.6913501e-01
   1.6815027e-01
   1.7629609e-01
   1.7332748e-01
   1.7274058e-01
   1.6902855e-01
   1.7507621e-01
   1.7978493e-01
   1.6916084e-01
   1.7264515e-01
   1.6812362e-01
   1.6775860e-01
   1.8116807e-01
   1.8000194e-01
   1.8204269e-01
   1.8203746e-01
   1.7254082e-01
   1.6284048e-01
   1.7123615e-01
   1.6902962e-01
   1.6966213e-01
   1.6513917e-01
   1.8283252e-01
   1.6954389e-01
   1.8183586e-01
   1.8403027e-01
   1.7016315e-01
   1.7159487e-01
   1.6902255e-01
   1.7156948e-01
   1.6877413e-01
   1.8236861e-01
   1.7834668e-01
   1.8024462e-01
   1.7627257e-01
   1.7296624e-01
   1.7739772e-01
   1.6074136e-01
   1.6790138e-01
   1.8204083e-01
   1.6963865e-01
   1.8245867e-01
   1.8087926e-01
   1.6989088e-01
   1.7641655e-01
   1.7258486e-01
   1.7124332e-01
   1.7756903e-01
   1.8318373e-01
   1.7951490e-01
   1.7212195e-01
   1.7907897e-01
   1.7747954e-01
   1.7162018e-01
   1.7034694e-01
   1.8202255e-01
   1.8293632e-01
   1.8225502e-01
   1.7816812e-01
   1.8130761e-01
   1.6475204e-01
   1.7138830e-01
   1.8048598e-01
   1.7223056e-01
   1.6174791e-01
   1.7918517e-01
   1.7320271e-01
   1.7373812e-01
   1.7518509e-01
   1.7339612e-01
   1.6020139e-01
   1.7182885e-01
   1.8208447e-01
   1.6670548e-01
   1.7512256e-01
   1.6502970e-01
   1.6528887e-01
   1.6824484e-01
   1.8129811e-01
   1.7069112e-01
   1.7475608e-01
   1.6933018e-01
   1.6025027e-01
   1.6524782e-01
   1.7279938e-01
   1.7406422e-01
   1.6966213e-01
   1.6897083e-01
   1.6570370e-01
   1.7818434e-01
   1.6880579e-01
   1.7537270e-01
   1.6923423e-01
   1.8176727e-01
   1.8249432e-01
   1.6883659e-01
   1.7597052e-01
   1.7974131e-01
   1.6696620e-01
   1.8126653e-01
   1.6876787e-01
   1.6115189e-01
   1.6062043e-01
   1.8116476e-01
   1.7688686e-01
   1.6532433e-01
   1.6142511e-01
   1.7176124e-01
   1.6454682e-01
   1.7944473e-01
   1.8349443e-01
   1.7516746e-01
   1.8251265e-01
   1.8051970e-01
   1.8373508e-01
   1.6530262e-01
   1.6967807e-01
   1.6093488e-01
   1.6915521e-01
   1.8171183e-01
   1.6598027e-01
   1.8374918e-01
