   2.0082975e-01
   2.0071141e-01
   1.8419809e-01
   1.8964506e-01
   1.8886433e-01
   1.8390589e-01
   1.9198544e-01
   1.9049509e-01
   1.9826139e-01
   1.7720180e-01
   1.7784600e-01
   1.8048266e-01
   2.0790092e-01
   1.9197379e-01
   1.9990198e-01
   1.8961010e-01
   1.8545470e-01
   1.8838590e-01
   1.7516492e-01
   1.9975174e-01
   1.9199877e-01
   1.9006399e-01
   1.8992171e-01
   1.8428189e-01
   1.8460195e-01
   1.8788151e-01
   1.8213644e-01
   1.8030444e-01
   1.8842804e-01
   1.9278635e-01
   1.8807363e-01
   2.0159526e-01
   1.9170842e-01
   2.0294095e-01
   1.9605793e-01
   1.7373391e-01
   1.8461230e-01
   1.8036865e-01
   1.9844877e-01
   2.0314547e-01
   2.0004752e-01
   1.8956559e-01
   1.8806863e-01
   1.9776225e-01
   1.8708224e-01
   1.8891752e-01
   1.9019065e-01
   1.9350602e-01
   1.8282136e-01
   1.9060963e-01
   2.0101400e-01
   1.9849404e-01
   1.9112207e-01
   1.8527601e-01
   1.8847986e-01
   1.8961434e-01
   1.9285975e-01
   1.7953639e-01
   1.8547542e-01
   1.7835929e-01
   1.9215696e-01
   2.0493096e-01
   1.8231688e-01
   1.8966996e-01
   2.0538644e-01
   1.8573080e-01
   1.8927237e-01
   1.8138973e-01
   1.9586250e-01
   2.0272317e-01
   1.8916588e-01
   1.8338986e-01
   1.8014484e-01
   1.9106525e-01
   1.8394688e-01
   2.0560289e-01
   1.8984266e-01
   1.9055762e-01
   1.8853729e-01
   1.9418585e-01
   1.8390275e-01
   2.0003242e-01
   2.0094304e-01
   1.7816052e-01
   2.0236454e-01
   1.8754265e-01
   2.0582877e-01
   1.7957611e-01
   1.8401281e-01
   1.8340346e-01
   2.0272662e-01
   1.8786463e-01
   1.8234478e-01
   1.9368105e-01
   1.9378174e-01
   1.9787846e-01
   1.8703519e-01
   1.9024128e-01
   1.9147061e-01
   1.8585369e-01
   1.8849901e-01
   1.8884016e-01
   1.8737867e-01
   1.8685039e-01
   1.9105342e-01
   1.8702957e-01
   1.9058259e-01
   1.9762290e-01
   2.0014593e-01
   1.8640135e-01
   2.0125767e-01
   1.8878532e-01
   1.8864734e-01
   1.7917215e-01
   2.0557263e-01
   2.0291980e-01
   2.0583212e-01
   1.8964071e-01
   1.9090546e-01
   1.9314688e-01
   1.8786048e-01
   2.0278632e-01
   1.9066456e-01
   2.0108366e-01
   1.9315603e-01
   1.8966704e-01
   1.9117742e-01
   1.8635706e-01
   1.9263969e-01
   1.9078427e-01
   1.7818040e-01
   1.8866099e-01
   1.9930066e-01
   1.8883297e-01
   1.8858080e-01
   1.8959837e-01
   1.8960686e-01
   1.8746526e-01
   1.8761382e-01
   1.9902933e-01
   2.0198856e-01
   1.9279651e-01
   1.8890112e-01
   1.8185731e-01
   1.9309151e-01
   1.8992389e-01
   1.8641915e-01
   1.8785151e-01
   1.8978221e-01
   1.9122716e-01
   1.9919133e-01
   1.8927883e-01
   1.9117998e-01
   2.0077691e-01
   1.9221470e-01
   1.9664824e-01
   1.8904723e-01
   1.8754617e-01
   1.8953934e-01
   1.9314068e-01
   1.8986807e-01
   1.8931131e-01
   1.8799124e-01
   1.8839825e-01
   1.8492929e-01
   1.9046012e-01
   1.9019321e-01
   1.9071823e-01
   1.8859300e-01
   1.9265467e-01
   1.8950643e-01
   2.0018898e-01
   1.9232406e-01
   1.9265821e-01
   2.0547496e-01
   1.8778466e-01
   1.8077439e-01
   1.9367375e-01
   1.9024702e-01
   1.9166201e-01
   1.8418798e-01
   1.8815862e-01
   1.9106232e-01
   1.8788826e-01
   1.9082653e-01
   1.9708963e-01
   1.8581849e-01
   1.8803492e-01
   1.8784373e-01
   1.8979756e-01
   1.9647184e-01
   1.8980825e-01
   1.8915046e-01
   1.9388526e-01
   1.8954066e-01
   2.0148034e-01
   1.8929393e-01
   1.9934854e-01
   1.9005933e-01
   1.9399307e-01
   1.7652901e-01
   1.8884004e-01
   2.0722277e-01
   1.9429048e-01
   2.0269884e-01
   1.9534658e-01
   1.9385402e-01
   1.9184657e-01
   2.0750408e-01
   1.8976254e-01
   1.9975106e-01
   1.8990684e-01
   2.0347187e-01
   1.8446205e-01
   1.8975132e-01
   1.9066359e-01
   1.8955646e-01
   1.8950527e-01
   1.9072164e-01
   2.0410261e-01
   1.9506659e-01
   2.0472970e-01
   1.9287776e-01
   2.0212110e-01
   1.8916817e-01
   1.9091562e-01
   1.7750750e-01
   2.0188738e-01
   1.8984915e-01
   1.8584492e-01
   2.0194275e-01
   1.8692524e-01
   1.8347170e-01
   1.7881742e-01
   1.9276199e-01
   1.8654257e-01
   1.9839807e-01
   2.0174914e-01
   1.9354593e-01
   1.8800113e-01
   1.8810920e-01
   1.7765749e-01
   1.9003685e-01
   1.8902589e-01
   1.8781848e-01
   1.9005404e-01
   2.0086963e-01
   1.8087624e-01
   1.9145059e-01
   1.8706107e-01
   1.9453768e-01
   1.8423586e-01
   1.9527513e-01
   2.0574851e-01
   1.9025496e-01
   1.9386712e-01
   2.0046247e-01
   2.0284668e-01
   1.9039932e-01
   2.0679025e-01
   1.8974719e-01
   1.7410968e-01
   1.8506423e-01
   1.9523194e-01
   1.9055373e-01
   1.9435839e-01
   2.0484063e-01
   1.9261548e-01
   1.9262570e-01
   1.9657514e-01
   1.8797376e-01
   2.0690537e-01
   1.9056627e-01
   2.0198119e-01
   1.9179336e-01
   1.8204639e-01
   2.0482484e-01
   1.8818281e-01
   1.8835912e-01
   1.9011001e-01
   1.8928201e-01
   1.8945468e-01
   1.8469311e-01
   1.9160320e-01
   1.8950445e-01
   1.8955242e-01
   1.8988614e-01
   1.9546468e-01
   1.8912566e-01
   1.9014265e-01
   1.7587546e-01
   1.9416436e-01
   1.9224176e-01
   1.9186531e-01
   1.8500828e-01
   1.9213867e-01
   1.8953035e-01
   1.8512892e-01
   1.8847269e-01
   1.9497190e-01
