   4.9539957e-02
   5.3795047e-02
   4.9659691e-02
   5.1622565e-02
   5.0981227e-02
   4.8831345e-02
   4.9412913e-02
   5.1503773e-02
   4.8222303e-02
   5.2054900e-02
   4.6659685e-02
   4.9492484e-02
   4.7438519e-02
   4.7457881e-02
   5.0106557e-02
   5.0116805e-02
   4.9373199e-02
   5.2798611e-02
   4.9722383e-02
   4.9577290e-02
   4.8939279e-02
   4.9393436e-02
   5.2169755e-02
   5.2168526e-02
   4.7891356e-02
   4.9435603e-02
   5.2550037e-02
   4.9620479e-02
   4.9588029e-02
   4.9935941e-02
   4.9558118e-02
   4.9686314e-02
   4.7904570e-02
   4.9736973e-02
   5.2408507e-02
   4.9193216e-02
   4.9934320e-02
   4.9430624e-02
   4.9103512e-02
   4.8184854e-02
   5.0077896e-02
   4.9834551e-02
   4.8608708e-02
   4.9467210e-02
   5.0018105e-02
   5.0728983e-02
   4.8101469e-02
   5.0068708e-02
   4.9996947e-02
   4.9879805e-02
   5.1905602e-02
   4.8740979e-02
   5.0778421e-02
   4.9374372e-02
   4.9377585e-02
   5.2890734e-02
   4.9716713e-02
   5.3199186e-02
   4.9545927e-02
   4.9960093e-02
   4.9975713e-02
   4.9882091e-02
   4.6521493e-02
   4.5584498e-02
   5.2931527e-02
   4.9372539e-02
   4.9872085e-02
   4.9870572e-02
   4.9852590e-02
   5.0271884e-02
   4.9795576e-02
   4.9648048e-02
   4.6039393e-02
   4.7566479e-02
   4.9362733e-02
   4.9683582e-02
   4.9823935e-02
   4.6953373e-02
   4.6659358e-02
   4.9514645e-02
   5.1476062e-02
   4.9931999e-02
   4.9823129e-02
   4.4862945e-02
   4.4832304e-02
   4.9127854e-02
   4.4941351e-02
   4.6705457e-02
   5.0068661e-02
   4.9153033e-02
   4.7969248e-02
   4.5885813e-02
   4.9931795e-02
   5.0028348e-02
   4.5131962e-02
   4.4833392e-02
   4.9877568e-02
   5.0164164e-02
   4.9841743e-02
   4.8971593e-02
   4.9851821e-02
   4.9367851e-02
   4.6188251e-02
   4.9660703e-02
   4.9834501e-02
   4.9078367e-02
   5.0137770e-02
   4.9376826e-02
   5.0041654e-02
   5.0308925e-02
   5.0695114e-02
   4.8754186e-02
   5.0108149e-02
   4.7659701e-02
   4.8369446e-02
   4.8437808e-02
   5.1574175e-02
   4.9378478e-02
   4.9455948e-02
   4.8331595e-02
   4.7197203e-02
   4.9794215e-02
   4.9473373e-02
   5.3482197e-02
   4.9363909e-02
   4.6050474e-02
   5.1888455e-02
   5.0268439e-02
   4.9673040e-02
   5.0039408e-02
   5.0210027e-02
   4.4380140e-02
   4.8352853e-02
   5.1937209e-02
   5.0847474e-02
   5.0760739e-02
   5.1833385e-02
   5.2665612e-02
   4.9853625e-02
   4.9694341e-02
   5.2553876e-02
   5.0069479e-02
   4.6015416e-02
   5.0239465e-02
   5.3086260e-02
   5.1724513e-02
   4.9072855e-02
   5.0069174e-02
   4.9964536e-02
   4.7641124e-02
   5.0107893e-02
   4.7906765e-02
   4.9091622e-02
   4.7463357e-02
   5.3083121e-02
   4.9898948e-02
   4.9553859e-02
   4.9376211e-02
   4.9932248e-02
   5.0200987e-02
   4.6329973e-02
   4.9420461e-02
   5.0269308e-02
   4.9618495e-02
   4.6056310e-02
   5.3834819e-02
   5.0233392e-02
   4.4732161e-02
   4.9366950e-02
   4.9877642e-02
   5.0236237e-02
   4.9835383e-02
   5.0110648e-02
   4.9884663e-02
   5.0053413e-02
   4.7896019e-02
   4.9970321e-02
   5.0611904e-02
   4.9378325e-02
   4.9891156e-02
   4.9801770e-02
   4.9488985e-02
   4.9378380e-02
   4.9538270e-02
   4.9721163e-02
   4.9362034e-02
   5.2827011e-02
   4.9851477e-02
   5.1094610e-02
   5.3058167e-02
   4.9409172e-02
   4.9263760e-02
   5.0230921e-02
   4.7037901e-02
   5.1866221e-02
   4.9866452e-02
   4.9891940e-02
   4.9796908e-02
   5.2694163e-02
   5.1064942e-02
   5.0682812e-02
   4.9452087e-02
   4.9932161e-02
   4.8414923e-02
   4.9870335e-02
   5.1200389e-02
   4.9425109e-02
   5.2594653e-02
   4.9464212e-02
   4.9571414e-02
   4.8963145e-02
   5.0069747e-02
   5.0074842e-02
   4.4838654e-02
   4.9747247e-02
   5.0036722e-02
   4.9777355e-02
   5.0039985e-02
   4.8004594e-02
   4.9646011e-02
   4.9383095e-02
   5.0284235e-02
   4.9450686e-02
   4.9779874e-02
   5.0801648e-02
   4.9877575e-02
   4.9667209e-02
   4.9401286e-02
   4.9877500e-02
   4.7992549e-02
   5.2271745e-02
   5.0136322e-02
   5.3732361e-02
   5.0282768e-02
   4.9362162e-02
   4.9859160e-02
   4.9721361e-02
   5.0049781e-02
   5.3154577e-02
   4.9134317e-02
   5.0313140e-02
   4.9418829e-02
   4.9363350e-02
   4.9877958e-02
   4.9382625e-02
   4.8477108e-02
   4.5938427e-02
   4.9877354e-02
   4.7681049e-02
   5.0326601e-02
   4.7586247e-02
   4.9364483e-02
   4.8305154e-02
   5.0093819e-02
   4.9996967e-02
   5.2279258e-02
   4.7914948e-02
   5.0682953e-02
   5.1583153e-02
   4.8658630e-02
   4.9365361e-02
   5.0005573e-02
   4.9829133e-02
   5.3362022e-02
   4.9688254e-02
   5.3124537e-02
   4.5790262e-02
   5.0040661e-02
   5.2891837e-02
   5.0153072e-02
   4.9876005e-02
   4.9074459e-02
   5.0224570e-02
   4.7115179e-02
   4.8321335e-02
   5.0051315e-02
   5.0218734e-02
   5.0707274e-02
   4.9982146e-02
   4.9783664e-02
   4.9056306e-02
   5.0190966e-02
   5.0129268e-02
   4.5437985e-02
   4.5106025e-02
   5.0378254e-02
   4.9953261e-02
   5.0212365e-02
   4.9873044e-02
   4.9507360e-02
   4.9619777e-02
   5.0212186e-02
   4.9741297e-02
   5.1200733e-02
   4.8874838e-02
   5.2850379e-02
   5.0410945e-02
   4.9986270e-02
   4.9540214e-02
   4.9919362e-02
