   3.6604166e-02
   3.5967810e-02
   3.6289802e-02
   3.5933743e-02
   3.6181855e-02
   3.5932486e-02
   3.6476269e-02
   3.6376904e-02
   3.6394101e-02
   3.5853833e-02
   3.6324189e-02
   3.6663348e-02
   3.6654520e-02
   3.6464354e-02
   3.6785941e-02
   3.6180345e-02
   3.6789089e-02
   3.6641048e-02
   3.6463682e-02
   3.6191696e-02
   3.6693382e-02
   3.6160143e-02
   3.6278051e-02
   3.6752751e-02
   3.6122688e-02
   3.6116829e-02
   3.6281045e-02
   3.6133622e-02
   3.6650484e-02
   3.6336362e-02
   3.6201381e-02
   3.6269340e-02
   3.6564096e-02
   3.6436634e-02
   3.6421798e-02
   3.6328151e-02
   3.6409751e-02
   3.6448247e-02
   3.6509749e-02
   3.6793020e-02
   3.5928320e-02
   3.5926855e-02
   3.6588563e-02
   3.6347618e-02
   3.6685934e-02
   3.6078198e-02
   3.6597628e-02
   3.5898753e-02
   3.5964313e-02
   3.6486623e-02
   3.6109065e-02
   3.6472925e-02
   3.5861600e-02
   3.6806673e-02
   3.6234356e-02
   3.6513555e-02
   3.6532072e-02
   3.5999165e-02
   3.6036311e-02
   3.6727325e-02
   3.6739936e-02
   3.6398531e-02
   3.6779882e-02
   3.6732372e-02
   3.6860731e-02
   3.6675713e-02
   3.6872769e-02
   3.6527319e-02
   3.6632212e-02
   3.5997258e-02
   3.6439564e-02
   3.5960143e-02
   3.6344130e-02
   3.6333515e-02
   3.6572560e-02
   3.6329386e-02
   3.6207772e-02
   3.6681515e-02
   3.6908132e-02
   3.6470392e-02
   3.6879956e-02
   3.5935819e-02
   3.6372002e-02
   3.6612140e-02
   3.6101666e-02
   3.6056722e-02
   3.6083577e-02
   3.6765380e-02
   3.6617131e-02
   3.6379211e-02
   3.6846248e-02
   3.6516106e-02
   3.6106727e-02
   3.6090039e-02
   3.6100618e-02
   3.6747711e-02
   3.6978882e-02
   3.6103365e-02
   3.6975149e-02
   3.6135099e-02
   3.6011813e-02
   3.6357630e-02
   3.6979943e-02
   3.6583267e-02
   3.6317864e-02
   3.6799501e-02
   3.6727169e-02
   3.6669819e-02
   3.5981024e-02
   3.6673080e-02
   3.5821340e-02
   3.6924696e-02
   3.6677564e-02
   3.6063376e-02
   3.6284164e-02
   3.6425892e-02
   3.6706280e-02
   3.6671729e-02
   3.6320258e-02
   3.6427334e-02
   3.6817294e-02
   3.5985497e-02
   3.6139023e-02
   3.6599712e-02
   3.6656680e-02
   3.6580078e-02
   3.6778597e-02
   3.6696967e-02
   3.6791074e-02
   3.6863570e-02
   3.6625697e-02
   3.5897447e-02
   3.6114314e-02
   3.6862350e-02
   3.6742345e-02
   3.6039813e-02
   3.6421976e-02
   3.6495634e-02
   3.6636291e-02
   3.6330265e-02
   3.6480998e-02
   3.6391411e-02
   3.6523189e-02
   3.7036714e-02
   3.6800879e-02
   3.6436895e-02
   3.6118763e-02
   3.6667215e-02
   3.6394250e-02
   3.5928780e-02
   3.6221062e-02
   3.6139487e-02
   3.6457139e-02
   3.6031575e-02
   3.6123120e-02
   3.6453010e-02
   3.6768201e-02
   3.6681532e-02
   3.6093105e-02
   3.6759264e-02
   3.6228468e-02
   3.6660229e-02
   3.6667598e-02
   3.6859079e-02
   3.6160173e-02
   3.6842759e-02
   3.6694231e-02
   3.6138549e-02
   3.6215659e-02
   3.6690441e-02
   3.6668200e-02
   3.6522849e-02
   3.6438663e-02
   3.6831260e-02
   3.6777169e-02
   3.6201839e-02
   3.5839905e-02
   3.6707339e-02
   3.6606234e-02
   3.6606687e-02
   3.6150639e-02
   3.6752067e-02
   3.6798227e-02
   3.6702729e-02
   3.6571312e-02
   3.6688720e-02
   3.6990954e-02
   3.5892578e-02
   3.6270252e-02
   3.6868057e-02
   3.6350078e-02
   3.6276895e-02
   3.6306870e-02
   3.6652677e-02
   3.6535915e-02
   3.6309161e-02
   3.6206797e-02
   3.6277404e-02
   3.5952787e-02
   3.6017522e-02
   3.6778519e-02
   3.5843865e-02
   3.6588413e-02
   3.6743389e-02
   3.6298199e-02
   3.6051055e-02
   3.6969050e-02
   3.6334702e-02
   3.6714930e-02
   3.7032654e-02
   3.6212234e-02
   3.6927676e-02
   3.6715496e-02
   3.5944938e-02
   3.6463882e-02
   3.6039262e-02
   3.6803748e-02
   3.6097760e-02
   3.6437316e-02
   3.6835928e-02
   3.6912297e-02
   3.6835477e-02
   3.6489539e-02
   3.5944380e-02
   3.6684323e-02
   3.6285644e-02
   3.6772041e-02
   3.6685731e-02
   3.6613004e-02
   3.6369563e-02
   3.6666019e-02
   3.6478628e-02
   3.6798727e-02
   3.6317089e-02
   3.6369723e-02
   3.6826195e-02
   3.6702007e-02
   3.6791402e-02
   3.6570704e-02
   3.6333682e-02
   3.6214800e-02
   3.6376672e-02
   3.6379284e-02
   3.6345120e-02
   3.6351821e-02
   3.6630658e-02
   3.6311739e-02
   3.6473803e-02
   3.6591416e-02
   3.6865993e-02
   3.6854887e-02
   3.6096384e-02
   3.6638894e-02
   3.6062564e-02
   3.6886354e-02
   3.6392428e-02
   3.6099708e-02
   3.6006528e-02
   3.5906675e-02
   3.6029576e-02
   3.6276596e-02
   3.6059709e-02
   3.6303735e-02
   3.6053515e-02
   3.6815315e-02
   3.6925588e-02
   3.6271056e-02
   3.5836074e-02
   3.6013297e-02
   3.6460818e-02
   3.6388003e-02
   3.6413147e-02
   3.6482583e-02
   3.6254214e-02
   3.6034118e-02
   3.6806014e-02
   3.6411892e-02
   3.6795496e-02
   3.6233199e-02
   3.6323085e-02
   3.5946500e-02
   3.6391095e-02
   3.6874177e-02
   3.6517297e-02
   3.6711685e-02
   3.6834699e-02
   3.6316233e-02
   3.6148567e-02
   3.6027058e-02
   3.6145394e-02
   3.6260036e-02
   3.6036131e-02
   3.6965147e-02
   3.6148370e-02
   3.5833296e-02
   3.6227486e-02
   3.6495752e-02
   3.6920588e-02
   3.6478772e-02
   3.6696716e-02
