   4.4643149e-02
   4.4747596e-02
   4.3025320e-02
   4.6683416e-02
   4.3098272e-02
   4.5445503e-02
   4.3166590e-02
   4.4352878e-02
   4.2335844e-02
   4.5364954e-02
   4.3449679e-02
   4.4236860e-02
   4.3901476e-02
   4.1849857e-02
   4.4949502e-02
   4.4783226e-02
   4.3203709e-02
   4.4948795e-02
   4.2761876e-02
   4.2117100e-02
   4.1524338e-02
   4.5520304e-02
   4.6317168e-02
   4.5583328e-02
   4.5425419e-02
   4.5089537e-02
   4.3143898e-02
   4.1913723e-02
   4.7574955e-02
   4.3222412e-02
   4.3594642e-02
   4.5046845e-02
   4.5149873e-02
   4.5354648e-02
   4.5551569e-02
   4.2111060e-02
   4.3375958e-02
   4.5369237e-02
   4.6050365e-02
   4.5337589e-02
   4.2281978e-02
   4.2775815e-02
   4.2967739e-02
   4.6778728e-02
   4.2370000e-02
   4.5491634e-02
   4.3124698e-02
   4.5352274e-02
   4.5486111e-02
   4.4045609e-02
   4.4719569e-02
   4.6161607e-02
   4.6540394e-02
   4.5867122e-02
   4.2442507e-02
   4.5503585e-02
   4.3452050e-02
   4.5017236e-02
   4.7149709e-02
   4.6135061e-02
   4.6909243e-02
   4.3884991e-02
   4.2406407e-02
   4.2772602e-02
   4.2590686e-02
   4.5344356e-02
   4.6992260e-02
   4.5222751e-02
   4.1948997e-02
   4.2542757e-02
   4.5550419e-02
   4.3081054e-02
   4.1875434e-02
   4.6627515e-02
   4.2882860e-02
   4.7016432e-02
   4.4656913e-02
   4.4351204e-02
   4.4272788e-02
   4.3816943e-02
   4.5875153e-02
   4.3311974e-02
   4.5704321e-02
   4.3887679e-02
   4.5994024e-02
   4.4779949e-02
   4.5439283e-02
   4.6285296e-02
   4.5548286e-02
   4.3031994e-02
   4.7054333e-02
   4.1465702e-02
   4.3101766e-02
   4.6629299e-02
   4.6287025e-02
   4.6233042e-02
   4.2519957e-02
   4.7074535e-02
   4.6548506e-02
   4.5807834e-02
   4.3002785e-02
   4.2891937e-02
   4.5295745e-02
   4.3757848e-02
   4.5763129e-02
   4.4574704e-02
   4.5231582e-02
   4.5063341e-02
   4.5341181e-02
   4.5763564e-02
   4.5275112e-02
   4.6192164e-02
   4.3859718e-02
   4.1874583e-02
   4.4674036e-02
   4.3040271e-02
   4.6711290e-02
   4.3752497e-02
   4.7086717e-02
   4.4683242e-02
   4.6796642e-02
   4.6063126e-02
   4.6479739e-02
   4.2237461e-02
   4.3357449e-02
   4.6448077e-02
   4.6493942e-02
   4.7224376e-02
   4.3422035e-02
   4.2931849e-02
   4.5308706e-02
   4.2557438e-02
   4.7404781e-02
   4.5735052e-02
   4.6509631e-02
   4.2913937e-02
   4.3172415e-02
   4.5254381e-02
   4.4584386e-02
   4.7689187e-02
   4.2998941e-02
   4.5663368e-02
   4.7015366e-02
   4.2960469e-02
   4.7246422e-02
   4.1931221e-02
   4.6811979e-02
   4.5229099e-02
   4.2457708e-02
   4.4223616e-02
   4.5546274e-02
   4.2757341e-02
   4.5575660e-02
   4.4864374e-02
   4.5681169e-02
   4.4032793e-02
   4.6923351e-02
   4.7083056e-02
   4.4597602e-02
   4.7295835e-02
   4.3612753e-02
   4.6365721e-02
   4.6341440e-02
   4.7259442e-02
   4.2848802e-02
   4.4853682e-02
   4.5635325e-02
   4.2286873e-02
   4.5509660e-02
   4.1440322e-02
   4.5495748e-02
   4.5936962e-02
   4.1693604e-02
   4.7340203e-02
   4.7368030e-02
   4.6159586e-02
   4.3705618e-02
   4.6681541e-02
   4.2932727e-02
   4.2535295e-02
   4.4692956e-02
   4.6542572e-02
   4.6832395e-02
   4.4855737e-02
   4.7094874e-02
   4.3129183e-02
   4.3946393e-02
   4.1697419e-02
   4.7178028e-02
   4.2406270e-02
   4.6425658e-02
   4.2048804e-02
   4.5955498e-02
   4.6886405e-02
   4.7532162e-02
   4.2884770e-02
   4.5055654e-02
   4.1424232e-02
   4.3256863e-02
   4.5607995e-02
   4.2065279e-02
   4.3944799e-02
   4.3287545e-02
   4.5672586e-02
   4.6607028e-02
   4.5897920e-02
   4.3121254e-02
   4.4750203e-02
   4.2438537e-02
   4.7193147e-02
   4.4068924e-02
   4.5809879e-02
   4.4841458e-02
   4.3419542e-02
   4.5435563e-02
   4.3701341e-02
   4.5182087e-02
   4.6944462e-02
   4.6588570e-02
   4.2894391e-02
   4.6481026e-02
   4.5549628e-02
   4.2724174e-02
   4.4943860e-02
   4.6154455e-02
   4.1305559e-02
   4.3011569e-02
   4.3404572e-02
   4.2612546e-02
   4.5582941e-02
   4.2205982e-02
   4.3236668e-02
   4.3330123e-02
   4.5129811e-02
   4.3101870e-02
   4.6623477e-02
   4.5006728e-02
   4.5476386e-02
   4.1797916e-02
   4.2513413e-02
   4.1635877e-02
   4.6997957e-02
   4.5421957e-02
   4.3079508e-02
   4.5550439e-02
   4.2932838e-02
   4.1926491e-02
   4.1269595e-02
   4.7026349e-02
   4.2955469e-02
   4.1873244e-02
   4.7084657e-02
   4.2853064e-02
   4.4532315e-02
   4.1857658e-02
   4.6876970e-02
   4.3635302e-02
   4.5473457e-02
   4.4020842e-02
   4.4756645e-02
   4.6056842e-02
   4.6490951e-02
   4.6146900e-02
   4.3163706e-02
   4.4103204e-02
   4.3643714e-02
   4.2841589e-02
   4.4741044e-02
   4.3024003e-02
   4.3642918e-02
   4.2913249e-02
   4.2193161e-02
   4.3841813e-02
   4.3690685e-02
   4.4830021e-02
   4.4042793e-02
   4.2772903e-02
   4.5486086e-02
   4.3781936e-02
   4.6679722e-02
   4.5354754e-02
   4.2377399e-02
   4.5905706e-02
   4.4571206e-02
   4.7020899e-02
   4.5714846e-02
   4.7339483e-02
   4.6718351e-02
   4.4843127e-02
   4.6423838e-02
   4.4657891e-02
   4.2962891e-02
   4.4992379e-02
   4.4522844e-02
   4.2384133e-02
   4.4002236e-02
   4.5026635e-02
   4.5016743e-02
   4.4285702e-02
   4.2894961e-02
