   4.7344616e-02
   4.7960131e-02
   4.7094869e-02
   4.7978149e-02
   4.8106087e-02
   4.7098564e-02
   4.7120780e-02
   4.7360356e-02
   4.7394865e-02
   4.7306930e-02
   4.7304497e-02
   4.8177742e-02
   4.7412820e-02
   4.7320259e-02
   4.7397426e-02
   4.7145425e-02
   4.7886969e-02
   4.7404578e-02
   4.7403838e-02
   4.7095299e-02
   4.7410309e-02
   4.7250344e-02
   4.7245601e-02
   4.7300418e-02
   4.7982391e-02
   4.7104856e-02
   4.7379974e-02
   4.7303422e-02
   4.7135714e-02
   4.7290555e-02
   4.7164706e-02
   4.7270584e-02
   4.7552098e-02
   4.7378656e-02
   4.7163574e-02
   4.7386218e-02
   4.7686522e-02
   4.7135083e-02
   4.7177752e-02
   4.8080490e-02
   4.7979910e-02
   4.7221590e-02
   4.8212824e-02
   4.7842039e-02
   4.7242362e-02
   4.7131648e-02
   4.7385114e-02
   4.7384427e-02
   4.8192977e-02
   4.7406336e-02
   4.7111559e-02
   4.7203574e-02
   4.8142537e-02
   4.7095310e-02
   4.8009070e-02
   4.7432751e-02
   4.7430494e-02
   4.7414719e-02
   4.7433235e-02
   4.7337379e-02
   4.7163536e-02
   4.7188336e-02
   4.7173225e-02
   4.7138917e-02
   4.7333789e-02
   4.8212284e-02
   4.7673276e-02
   4.7299540e-02
   4.7980401e-02
   4.7146930e-02
   4.7368657e-02
   4.7304836e-02
   4.7415570e-02
   4.8191501e-02
   4.7355252e-02
   4.7407010e-02
   4.7093721e-02
   4.7202161e-02
   4.8063466e-02
   4.7370953e-02
   4.7414050e-02
   4.8046496e-02
   4.7362428e-02
   4.7202301e-02
   4.7979429e-02
   4.7378207e-02
   4.8209039e-02
   4.7328662e-02
   4.7098160e-02
   4.7348856e-02
   4.7173445e-02
   4.8189584e-02
   4.7147101e-02
   4.8061612e-02
   4.7196477e-02
   4.7676496e-02
   4.7102155e-02
   4.7153453e-02
   4.8072001e-02
   4.7378642e-02
   4.7114841e-02
   4.7445841e-02
   4.7399599e-02
   4.7168081e-02
   4.7980458e-02
   4.8004206e-02
   4.7980039e-02
   4.7271817e-02
   4.7342738e-02
   4.7187041e-02
   4.7360335e-02
   4.8193769e-02
   4.7433457e-02
   4.7426488e-02
   4.7755950e-02
   4.7384899e-02
   4.7332398e-02
   4.7407396e-02
   4.7295618e-02
   4.7145912e-02
   4.7399662e-02
   4.7196691e-02
   4.7303573e-02
   4.7353731e-02
   4.7398628e-02
   4.7344426e-02
   4.7156682e-02
   4.7421631e-02
   4.7114714e-02
   4.7525775e-02
   4.7095494e-02
   4.7814589e-02
   4.7378622e-02
   4.8205584e-02
   4.7206912e-02
   4.8183716e-02
   4.7125012e-02
   4.7400881e-02
   4.7335625e-02
   4.7385822e-02
   4.7337432e-02
   4.7369270e-02
   4.7391115e-02
   4.7432922e-02
   4.7123017e-02
   4.7381091e-02
   4.7380147e-02
   4.7423926e-02
   4.7307604e-02
   4.7590054e-02
   4.8187075e-02
   4.7431635e-02
   4.7984524e-02
   4.7978697e-02
   4.7947070e-02
   4.7425091e-02
   4.7171293e-02
   4.7337240e-02
   4.7318683e-02
   4.7430738e-02
   4.7406230e-02
   4.7468795e-02
   4.7327517e-02
   4.7408607e-02
   4.7147925e-02
   4.8183758e-02
   4.7095513e-02
   4.7221704e-02
   4.8196463e-02
   4.7108231e-02
   4.7979553e-02
   4.8212783e-02
   4.8210789e-02
   4.8199782e-02
   4.8209088e-02
   4.7277504e-02
   4.8174215e-02
   4.7128093e-02
   4.7290078e-02
   4.7522116e-02
   4.7861874e-02
   4.7173830e-02
   4.8058680e-02
   4.7429752e-02
   4.8208906e-02
   4.7381858e-02
   4.7375222e-02
   4.7402778e-02
   4.7276298e-02
   4.8174838e-02
   4.7342387e-02
   4.7356102e-02
   4.7291702e-02
   4.7188740e-02
   4.8126632e-02
   4.8114052e-02
   4.7108403e-02
   4.7662833e-02
   4.7095122e-02
   4.7108167e-02
   4.7404361e-02
   4.7392022e-02
   4.7372768e-02
   4.7148379e-02
   4.7318893e-02
   4.7810991e-02
   4.7426534e-02
   4.7348155e-02
   4.7979097e-02
   4.7843459e-02
   4.7430545e-02
   4.8211260e-02
   4.7162576e-02
   4.7365314e-02
   4.7312249e-02
   4.7380197e-02
   4.7360609e-02
   4.7430353e-02
   4.7407502e-02
   4.7375439e-02
   4.8025033e-02
   4.7293310e-02
   4.7663868e-02
   4.7433478e-02
   4.7359926e-02
   4.8209295e-02
   4.7375776e-02
   4.7853387e-02
   4.8182842e-02
   4.8207314e-02
   4.7296505e-02
   4.7991010e-02
   4.7399779e-02
   4.7622053e-02
   4.8204163e-02
   4.7126602e-02
   4.7430938e-02
   4.8208453e-02
   4.8173835e-02
   4.7290041e-02
   4.7456797e-02
   4.8208480e-02
   4.7315043e-02
   4.7140392e-02
   4.7328438e-02
   4.7332509e-02
   4.7130765e-02
   4.7430600e-02
   4.7383452e-02
   4.7429602e-02
   4.8110683e-02
   4.7629744e-02
   4.7390440e-02
   4.7410358e-02
   4.7653683e-02
   4.8186007e-02
   4.7431067e-02
   4.7095082e-02
   4.7310370e-02
   4.7335218e-02
   4.7337591e-02
   4.8129075e-02
   4.7383547e-02
   4.8204038e-02
   4.7348169e-02
   4.7845675e-02
   4.8204452e-02
   4.7978111e-02
   4.7980888e-02
   4.7262277e-02
   4.7296462e-02
   4.8127639e-02
   4.7418608e-02
   4.7980157e-02
   4.7980863e-02
   4.7411275e-02
   4.8175116e-02
   4.7378729e-02
   4.8072725e-02
   4.7390431e-02
   4.7094860e-02
   4.8098821e-02
   4.7343912e-02
   4.7433042e-02
   4.8200415e-02
   4.8094408e-02
   4.7115338e-02
   4.7679367e-02
   4.7425977e-02
   4.7382193e-02
   4.7314052e-02
   4.7978837e-02
   4.7184430e-02
   4.7340114e-02
   4.7792814e-02
   4.7132424e-02
   4.8067802e-02
   4.7429967e-02
   4.7299666e-02
   4.7209871e-02
