   2.0993819e-01
   1.7739332e-01
   1.9094097e-01
   1.8100396e-01
   1.7443056e-01
   1.9745880e-01
   1.9057922e-01
   2.1164967e-01
   1.8210652e-01
   1.9563796e-01
   1.7677445e-01
   1.9111616e-01
   1.7730973e-01
   1.9456794e-01
   2.0394106e-01
   1.7881470e-01
   1.9299261e-01
   1.8995194e-01
   1.8185341e-01
   2.0543853e-01
   1.8749838e-01
   1.7844589e-01
   1.7836263e-01
   1.8114284e-01
   1.8092816e-01
   1.7918327e-01
   1.8336898e-01
   1.9549502e-01
   1.9096736e-01
   1.9144128e-01
   1.8226005e-01
   1.7311558e-01
   1.9074995e-01
   1.7855406e-01
   1.9455856e-01
   1.9194734e-01
   2.0855862e-01
   1.8100893e-01
   1.8956555e-01
   1.8975146e-01
   1.9222726e-01
   1.9175648e-01
   1.8810825e-01
   1.7571958e-01
   1.9281566e-01
   1.8257546e-01
   1.7830328e-01
   1.7449208e-01
   1.8865681e-01
   1.7659817e-01
   1.7662427e-01
   1.9307102e-01
   1.8980368e-01
   1.8240355e-01
   1.9012866e-01
   1.7728695e-01
   1.9325416e-01
   1.8276572e-01
   1.9229275e-01
   1.7331978e-01
   1.8857570e-01
   1.9476836e-01
   1.8893568e-01
   1.9171886e-01
   1.7849883e-01
   1.8305091e-01
   1.7981397e-01
   1.8100184e-01
   1.7689710e-01
   1.7853384e-01
   1.8899314e-01
   1.9029004e-01
   1.9249126e-01
   1.9165502e-01
   1.7657993e-01
   1.9120013e-01
   1.9166366e-01
   1.8680917e-01
   1.9153663e-01
   1.8164307e-01
   2.0021840e-01
   1.7926563e-01
   1.8860192e-01
   2.0706165e-01
   1.9918547e-01
   2.0831834e-01
   1.9248833e-01
   1.8051718e-01
   1.7983684e-01
   1.9045528e-01
   1.7926374e-01
   1.8836285e-01
   2.0699716e-01
   1.8989165e-01
   1.8156014e-01
   1.8840068e-01
   1.9232781e-01
   1.8187722e-01
   1.7422960e-01
   2.0586974e-01
   1.8760250e-01
   1.9016512e-01
   1.8987615e-01
   1.7822073e-01
   1.9340422e-01
   1.8723133e-01
   1.8026782e-01
   1.7538756e-01
   1.8764633e-01
   1.8065634e-01
   1.9060051e-01
   1.9241053e-01
   1.8104810e-01
   2.0762679e-01
   1.9008685e-01
   1.8364055e-01
   1.7733186e-01
   2.0516301e-01
   1.8724859e-01
   1.9059141e-01
   1.7832621e-01
   1.7875368e-01
   1.7474511e-01
   1.8863909e-01
   1.7643974e-01
   1.7246959e-01
   1.8992333e-01
   1.8968482e-01
   1.8964423e-01
   1.7963579e-01
   1.9505848e-01
   1.7128859e-01
   2.0261570e-01
   2.0009885e-01
   1.9197119e-01
   1.8976312e-01
   1.7872547e-01
   1.8699130e-01
   1.8542124e-01
   1.8258795e-01
   1.9023676e-01
   1.7936282e-01
   1.8049730e-01
   1.7949886e-01
   1.9383292e-01
   1.9240738e-01
   1.8778724e-01
   1.8290008e-01
   1.7411875e-01
   1.8981343e-01
   1.9208583e-01
   1.7329177e-01
   2.1038920e-01
   1.7148807e-01
   1.9358803e-01
   1.8795950e-01
   1.8211680e-01
   1.8957090e-01
   1.9273865e-01
   1.9041079e-01
   1.7698579e-01
   1.7840854e-01
   1.7737167e-01
   1.8121136e-01
   1.8833939e-01
   1.8679575e-01
   1.9122107e-01
   1.8797089e-01
   1.7947668e-01
   1.9002618e-01
   1.9697419e-01
   1.9759672e-01
   1.9238074e-01
   1.9239430e-01
   1.7866182e-01
   1.9057017e-01
   1.8159854e-01
   1.8082657e-01
   1.9530067e-01
   1.8202966e-01
   1.8108776e-01
   1.8572311e-01
   1.9038455e-01
   1.8712024e-01
   1.8730272e-01
   1.8466352e-01
   1.8157235e-01
   1.7950605e-01
   1.8827252e-01
   1.9111297e-01
   1.7968764e-01
   1.9255385e-01
   1.9043909e-01
   2.0438621e-01
   1.8336356e-01
   1.8147582e-01
   1.7869442e-01
   1.7545312e-01
   1.8587512e-01
   2.0784524e-01
   1.9287636e-01
   1.9696496e-01
   1.7690168e-01
   1.8873302e-01
   1.9079321e-01
   1.9247694e-01
   1.7234277e-01
   1.8056938e-01
   1.9605730e-01
   1.9135310e-01
   1.8188810e-01
   1.7823950e-01
   1.9270528e-01
   1.9189228e-01
   1.9575572e-01
   1.7893439e-01
   1.7643067e-01
   1.8999772e-01
   1.9286326e-01
   1.9124143e-01
   1.8322528e-01
   1.7659531e-01
   1.7432573e-01
   1.8241016e-01
   1.8344768e-01
   1.9147896e-01
   1.7457662e-01
   1.7471791e-01
   1.8309576e-01
   1.9255556e-01
   1.7922215e-01
   1.7710362e-01
   1.8480093e-01
   1.7815316e-01
   1.8163757e-01
   1.9012619e-01
   1.8774592e-01
   1.7463366e-01
   1.7923770e-01
   1.7270205e-01
   1.8260337e-01
   1.8574497e-01
   1.9006115e-01
   1.9139804e-01
   1.9209013e-01
   1.9148654e-01
   1.7806164e-01
   1.8381980e-01
   1.9148595e-01
   1.9268527e-01
   1.9978550e-01
   1.9592218e-01
   1.7921121e-01
   1.9007979e-01
   1.8415653e-01
   1.9260743e-01
   1.9217686e-01
   1.9038344e-01
   1.7927894e-01
   1.8806080e-01
   1.9229566e-01
   1.7882565e-01
   1.8276522e-01
   1.9165594e-01
   1.8456521e-01
   1.7846456e-01
   1.9043593e-01
   1.8050517e-01
   1.8839305e-01
   1.8047986e-01
   1.8245634e-01
   1.9980083e-01
   1.9104134e-01
   1.8026770e-01
   1.9990355e-01
   1.9246797e-01
   1.9167869e-01
   1.7452774e-01
   1.7940671e-01
   1.9331369e-01
   1.7915416e-01
   1.7861095e-01
   1.9132385e-01
   1.8867562e-01
   1.8524230e-01
   1.9093654e-01
   1.7235969e-01
   1.7859062e-01
   1.9110244e-01
   1.8043258e-01
   1.9214409e-01
   1.9035760e-01
   1.7856478e-01
   1.8800441e-01
   1.8849201e-01
   1.9374481e-01
   1.7677413e-01
   1.8502287e-01
   1.7944326e-01
   1.9126646e-01
