   3.7581885e-02
   3.8031243e-02
   3.7965016e-02
   3.8029792e-02
   3.7592771e-02
   3.7896124e-02
   3.7773226e-02
   3.7850654e-02
   3.8019956e-02
   3.7734533e-02
   3.7824899e-02
   3.7900339e-02
   3.7663042e-02
   3.7746009e-02
   3.7658592e-02
   3.7848823e-02
   3.7935768e-02
   3.7753543e-02
   3.8036280e-02
   3.7645305e-02
   3.7923483e-02
   3.7676917e-02
   3.7779863e-02
   3.7658127e-02
   3.7897681e-02
   3.8230871e-02
   3.7742229e-02
   3.8212457e-02
   3.8160651e-02
   3.7573233e-02
   3.7911393e-02
   3.7739642e-02
   3.7793522e-02
   3.7878602e-02
   3.7788235e-02
   3.7862725e-02
   3.7966839e-02
   3.7727472e-02
   3.7287405e-02
   3.7583462e-02
   3.8166483e-02
   3.8221758e-02
   3.7837119e-02
   3.7709952e-02
   3.7702805e-02
   3.8047524e-02
   3.7632006e-02
   3.7765835e-02
   3.7542227e-02
   3.7890579e-02
   3.7769718e-02
   3.7675519e-02
   3.7541818e-02
   3.7760988e-02
   3.7676747e-02
   3.7909882e-02
   3.7854417e-02
   3.7597355e-02
   3.7571857e-02
   3.8063218e-02
   3.7925930e-02
   3.7767280e-02
   3.8105486e-02
   3.8239700e-02
   3.7647190e-02
   3.7411123e-02
   3.7752610e-02
   3.7787878e-02
   3.7662498e-02
   3.7541874e-02
   3.8198075e-02
   3.7647846e-02
   3.7716927e-02
   3.8007791e-02
   3.7655876e-02
   3.7836283e-02
   3.7585933e-02
   3.7529896e-02
   3.7681759e-02
   3.7759324e-02
   3.7705835e-02
   3.7550188e-02
   3.7744334e-02
   3.7973831e-02
   3.7545438e-02
   3.7740734e-02
   3.7748453e-02
   3.7759146e-02
   3.7717628e-02
   3.8047833e-02
   3.7815800e-02
   3.7818110e-02
   3.7870525e-02
   3.7805223e-02
   3.7693520e-02
   3.8171799e-02
   3.7878665e-02
   3.7935046e-02
   3.7700307e-02
   3.7824406e-02
   3.7836795e-02
   3.8115766e-02
   3.7720109e-02
   3.8054269e-02
   3.7608428e-02
   3.7860535e-02
   3.7639551e-02
   3.7962813e-02
   3.8085324e-02
   3.7783102e-02
   3.8172723e-02
   3.7791305e-02
   3.7834665e-02
   3.8097521e-02
   3.8128660e-02
   3.7947497e-02
   3.7862189e-02
   3.7222121e-02
   3.8056520e-02
   3.8043259e-02
   3.8079082e-02
   3.8223649e-02
   3.7867454e-02
   3.7830049e-02
   3.7920065e-02
   3.7819192e-02
   3.7611811e-02
   3.7618927e-02
   3.7709532e-02
   3.8044688e-02
   3.7892786e-02
   3.7526553e-02
   3.7956873e-02
   3.7616752e-02
   3.7774190e-02
   3.7526412e-02
   3.7694735e-02
   3.7592130e-02
   3.8230869e-02
   3.7985376e-02
   3.7650715e-02
   3.7876854e-02
   3.7566936e-02
   3.8076441e-02
   3.7808951e-02
   3.8200628e-02
   3.7580656e-02
   3.7824109e-02
   3.8079637e-02
   3.7613803e-02
   3.7515360e-02
   3.8235613e-02
   3.7611660e-02
   3.7706832e-02
   3.7924209e-02
   3.8103782e-02
   3.7686358e-02
   3.7594652e-02
   3.7967279e-02
   3.8081789e-02
   3.7993157e-02
   3.8034462e-02
   3.7929380e-02
   3.7842793e-02
   3.7586152e-02
   3.7974578e-02
   3.7769825e-02
   3.7844662e-02
   3.7320878e-02
   3.8060414e-02
   3.7667662e-02
   3.7745027e-02
   3.8107952e-02
   3.7504662e-02
   3.7633618e-02
   3.8045767e-02
   3.8198988e-02
   3.8050700e-02
   3.7677524e-02
   3.7550531e-02
   3.7793868e-02
   3.7306914e-02
   3.8115401e-02
   3.7886662e-02
   3.7987243e-02
   3.7451209e-02
   3.7987157e-02
   3.7958653e-02
   3.7729208e-02
   3.8428489e-02
   3.7877975e-02
   3.7875170e-02
   3.7811505e-02
   3.7869117e-02
   3.7592637e-02
   3.8088965e-02
   3.7739409e-02
   3.7573449e-02
   3.7522656e-02
   3.7804375e-02
   3.7736660e-02
   3.7832251e-02
   3.7520278e-02
   3.7904063e-02
   3.7739368e-02
   3.7961578e-02
   3.7774745e-02
   3.8175083e-02
   3.7769420e-02
   3.8046382e-02
   3.8105114e-02
   3.7836764e-02
   3.8029801e-02
   3.7735265e-02
   3.8080453e-02
   3.7693322e-02
   3.8050559e-02
   3.7883377e-02
   3.7588321e-02
   3.7649963e-02
   3.7362604e-02
   3.7954835e-02
   3.8160215e-02
   3.7612806e-02
   3.7727251e-02
   3.7744043e-02
   3.7635159e-02
   3.7756930e-02
   3.7831697e-02
   3.7591303e-02
   3.7552163e-02
   3.7854655e-02
   3.8123000e-02
   3.8220406e-02
   3.7567276e-02
   3.8149258e-02
   3.7717980e-02
   3.7903588e-02
   3.8127920e-02
   3.7844785e-02
   3.7591908e-02
   3.7734223e-02
   3.7688405e-02
   3.7611455e-02
   3.7508440e-02
   3.7635882e-02
   3.7701164e-02
   3.7698952e-02
   3.8000259e-02
   3.7861403e-02
   3.7766845e-02
   3.7725716e-02
   3.8014114e-02
   3.7722487e-02
   3.7858088e-02
   3.7621123e-02
   3.7723256e-02
   3.7648061e-02
   3.7770107e-02
   3.7646254e-02
   3.7541653e-02
   3.7569409e-02
   3.7843949e-02
   3.8019853e-02
   3.7831655e-02
   3.7641376e-02
   3.7747020e-02
   3.7913920e-02
   3.7679225e-02
   3.7676010e-02
   3.8424717e-02
   3.7709980e-02
   3.7674645e-02
   3.7455797e-02
   3.8129589e-02
   3.7535950e-02
   3.8285450e-02
   3.7864229e-02
   3.8067756e-02
   3.7223326e-02
   3.7388917e-02
   3.7727407e-02
   3.7572985e-02
   3.7696169e-02
   3.8200951e-02
   3.7758536e-02
   3.7645113e-02
   3.8021708e-02
   3.8354657e-02
   3.7952443e-02
   3.7786525e-02
   3.7610429e-02
   3.7749082e-02
   3.8222391e-02
   3.7903344e-02
   3.7726261e-02
   3.7781317e-02
   3.8256334e-02
   3.7539522e-02
   3.7829195e-02
