   3.1131022e-02
   3.1311414e-02
   3.1681333e-02
   3.1604225e-02
   3.1725562e-02
   3.1491998e-02
   3.1896167e-02
   3.1692582e-02
   3.1264790e-02
   3.0941711e-02
   3.1267270e-02
   3.1664736e-02
   3.1372088e-02
   3.1812219e-02
   3.1863306e-02
   3.1537488e-02
   3.1535095e-02
   3.1366154e-02
   3.1063016e-02
   3.1159480e-02
   3.1256591e-02
   3.1802564e-02
   3.1315687e-02
   3.1548100e-02
   3.1539264e-02
   3.1606601e-02
   3.1695933e-02
   3.1249382e-02
   3.1863154e-02
   3.1381726e-02
   3.1094586e-02
   3.1619336e-02
   3.1510246e-02
   3.1471472e-02
   3.1099919e-02
   3.1529684e-02
   3.1422941e-02
   3.1308679e-02
   3.1149097e-02
   3.1564608e-02
   3.1719959e-02
   3.1171531e-02
   3.1592379e-02
   3.1207116e-02
   3.1091194e-02
   3.1365576e-02
   3.1841311e-02
   3.1733019e-02
   3.1595561e-02
   3.1471228e-02
   3.1748088e-02
   3.1142528e-02
   3.1797672e-02
   3.1713383e-02
   3.1561567e-02
   3.1349125e-02
   3.1276145e-02
   3.1126644e-02
   3.1156875e-02
   3.1702893e-02
   3.1765821e-02
   3.1336033e-02
   3.1709561e-02
   3.1256196e-02
   3.1458140e-02
   3.1030689e-02
   3.1231271e-02
   3.1431058e-02
   3.1187552e-02
   3.1824021e-02
   3.1711816e-02
   3.1618879e-02
   3.1598681e-02
   3.1033145e-02
   3.1186770e-02
   3.1083601e-02
   3.1250539e-02
   3.1779636e-02
   3.1793033e-02
   3.1814827e-02
   3.1657200e-02
   3.1410637e-02
   3.1073123e-02
   3.1419491e-02
   3.1548575e-02
   3.1771416e-02
   3.1689272e-02
   3.1452901e-02
   3.1098630e-02
   3.1453041e-02
   3.1323369e-02
   3.1322333e-02
   3.1070729e-02
   3.1553587e-02
   3.1367936e-02
   3.1879967e-02
   3.1704664e-02
   3.1056971e-02
   3.1133162e-02
   3.1624455e-02
   3.1604779e-02
   3.1270677e-02
   3.1734924e-02
   3.1032669e-02
   3.1652824e-02
   3.1743625e-02
   3.1128240e-02
   3.1730704e-02
   3.1508980e-02
   3.1525291e-02
   3.1052858e-02
   3.1065697e-02
   3.1340858e-02
   3.1429648e-02
   3.1748896e-02
   3.1633278e-02
   3.1655876e-02
   3.1009373e-02
   3.1062958e-02
   3.1523208e-02
   3.0991933e-02
   3.1457334e-02
   3.1654518e-02
   3.0966597e-02
   3.1331355e-02
   3.1427554e-02
   3.1653851e-02
   3.1121472e-02
   3.1040999e-02
   3.1427501e-02
   3.1730271e-02
   3.1672158e-02
   3.1045017e-02
   3.1701386e-02
   3.1346323e-02
   3.1412005e-02
   3.1100883e-02
   3.1187563e-02
   3.1034315e-02
   3.1319599e-02
   3.1392084e-02
   3.1768495e-02
   3.1367950e-02
   3.0996790e-02
   3.1361110e-02
   3.1073777e-02
   3.1744756e-02
   3.1098604e-02
   3.1542942e-02
   3.1582478e-02
   3.1417469e-02
   3.1405184e-02
   3.1497747e-02
   3.1453681e-02
   3.1494028e-02
   3.1247974e-02
   3.1716663e-02
   3.1062999e-02
   3.1496346e-02
   3.1411102e-02
   3.1523777e-02
   3.1550642e-02
   3.1458083e-02
   3.1345635e-02
   3.1311622e-02
   3.1230675e-02
   3.1279270e-02
   3.1799512e-02
   3.1433581e-02
   3.1623999e-02
   3.1231877e-02
   3.1548208e-02
   3.1606127e-02
   3.1314387e-02
   3.1403872e-02
   3.1294347e-02
   3.1280497e-02
   3.1394308e-02
   3.1763508e-02
   3.1599457e-02
   3.1200100e-02
   3.1708894e-02
   3.1039609e-02
   3.1578040e-02
   3.1080811e-02
   3.1336235e-02
   3.1277438e-02
   3.0993509e-02
   3.1141156e-02
   3.1671320e-02
   3.1277864e-02
   3.1854659e-02
   3.1607180e-02
   3.1238419e-02
   3.1334279e-02
   3.1345780e-02
   3.1676377e-02
   3.1522067e-02
   3.1248781e-02
   3.1839130e-02
   3.1250662e-02
   3.1539918e-02
   3.1504236e-02
   3.1152126e-02
   3.1377496e-02
   3.1103485e-02
   3.1026597e-02
   3.1710439e-02
   3.1402073e-02
   3.1701853e-02
   3.1454915e-02
   3.1426083e-02
   3.1643502e-02
   3.1205046e-02
   3.1243125e-02
   3.1799373e-02
   3.1059989e-02
   3.1507084e-02
   3.1129949e-02
   3.1278776e-02
   3.1684700e-02
   3.1381263e-02
   3.1289714e-02
   3.1441915e-02
   3.1326192e-02
   3.1171563e-02
   3.1472006e-02
   3.1572956e-02
   3.1657221e-02
   3.1332917e-02
   3.1188687e-02
   3.1757962e-02
   3.1160464e-02
   3.1372740e-02
   3.1333069e-02
   3.1545729e-02
   3.1464599e-02
   3.1634652e-02
   3.1785410e-02
   3.1569660e-02
   3.1332339e-02
   3.1465818e-02
   3.1109280e-02
   3.1791046e-02
   3.1271448e-02
   3.1424640e-02
   3.1625688e-02
   3.1807673e-02
   3.1412475e-02
   3.1242076e-02
   3.1529381e-02
   3.1046638e-02
   3.1258982e-02
   3.1449332e-02
   3.1462861e-02
   3.1274667e-02
   3.1236585e-02
   3.1699469e-02
   3.1621607e-02
   3.1172322e-02
   3.1861134e-02
   3.1572848e-02
   3.1076106e-02
   3.1465324e-02
   3.1340682e-02
   3.1416498e-02
   3.1124812e-02
   3.1683517e-02
   3.1288576e-02
   3.1161719e-02
   3.1763984e-02
   3.1207045e-02
   3.1307337e-02
   3.1550250e-02
   3.1177002e-02
   3.1362209e-02
   3.1630445e-02
   3.1667056e-02
   3.1429617e-02
   3.1426059e-02
   3.1590422e-02
   3.1728210e-02
   3.1280375e-02
   3.1598402e-02
   3.1691249e-02
   3.1383438e-02
   3.1840186e-02
   3.1567477e-02
   3.1458881e-02
   3.1606628e-02
   3.1467008e-02
   3.0961499e-02
   3.1335672e-02
   3.1206619e-02
   3.1528971e-02
   3.1420430e-02
   3.1552938e-02
   3.1417429e-02
   3.1739410e-02
   3.1398653e-02
