   3.3072907e-02
   3.2733194e-02
   3.2964082e-02
   3.3124065e-02
   3.2633642e-02
   3.2493520e-02
   3.3098567e-02
   3.2813982e-02
   3.2391337e-02
   3.3121604e-02
   3.3196124e-02
   3.3006254e-02
   3.2971862e-02
   3.2920692e-02
   3.3019837e-02
   3.3031437e-02
   3.3046229e-02
   3.2150496e-02
   3.3003297e-02
   3.2614452e-02
   3.2929520e-02
   3.2937445e-02
   3.2638950e-02
   3.2424749e-02
   3.2477871e-02
   3.2643362e-02
   3.2235624e-02
   3.2369989e-02
   3.2834753e-02
   3.2722958e-02
   3.2511956e-02
   3.2854732e-02
   3.2510611e-02
   3.2771340e-02
   3.2422758e-02
   3.2443000e-02
   3.2770956e-02
   3.2579409e-02
   3.2750392e-02
   3.2829933e-02
   3.3124123e-02
   3.2512256e-02
   3.2283758e-02
   3.2941011e-02
   3.2835486e-02
   3.3004536e-02
   3.2968404e-02
   3.2601064e-02
   3.3090016e-02
   3.3067151e-02
   3.3116587e-02
   3.2286276e-02
   3.3073675e-02
   3.3031601e-02
   3.2687253e-02
   3.2730310e-02
   3.2555782e-02
   3.3103480e-02
   3.2927622e-02
   3.2838577e-02
   3.2156766e-02
   3.2346204e-02
   3.3148221e-02
   3.2675223e-02
   3.2944667e-02
   3.2458244e-02
   3.2868770e-02
   3.2253799e-02
   3.2355257e-02
   3.3077074e-02
   3.2988062e-02
   3.3089295e-02
   3.2680938e-02
   3.2751022e-02
   3.2481361e-02
   3.2245882e-02
   3.2433915e-02
   3.3180639e-02
   3.2274114e-02
   3.3020745e-02
   3.2980368e-02
   3.3013154e-02
   3.2571387e-02
   3.2748621e-02
   3.2482705e-02
   3.2098403e-02
   3.2363153e-02
   3.2919890e-02
   3.3008159e-02
   3.2729737e-02
   3.2663297e-02
   3.2969648e-02
   3.2979880e-02
   3.2965945e-02
   3.2933887e-02
   3.3086664e-02
   3.2715158e-02
   3.2029763e-02
   3.3095667e-02
   3.2653659e-02
   3.2406899e-02
   3.3170797e-02
   3.2487212e-02
   3.2947841e-02
   3.2425324e-02
   3.3017223e-02
   3.3077916e-02
   3.2614824e-02
   3.2826298e-02
   3.2851177e-02
   3.2400459e-02
   3.2109636e-02
   3.2169254e-02
   3.2021015e-02
   3.2292824e-02
   3.2237335e-02
   3.2883686e-02
   3.2236549e-02
   3.2343329e-02
   3.2949288e-02
   3.2818609e-02
   3.3004366e-02
   3.3029257e-02
   3.2405893e-02
   3.2558190e-02
   3.2975092e-02
   3.2729276e-02
   3.3039779e-02
   3.3063517e-02
   3.2429676e-02
   3.2328139e-02
   3.2543910e-02
   3.3054383e-02
   3.2989591e-02
   3.2206083e-02
   3.3066853e-02
   3.2994936e-02
   3.2996824e-02
   3.2972724e-02
   3.2564140e-02
   3.2395930e-02
   3.3181308e-02
   3.3187918e-02
   3.2912319e-02
   3.2440505e-02
   3.3058676e-02
   3.2895245e-02
   3.3039347e-02
   3.2819607e-02
   3.3201362e-02
   3.3021557e-02
   3.2403130e-02
   3.2568757e-02
   3.2825339e-02
   3.2346774e-02
   3.2326446e-02
   3.2275037e-02
   3.2742064e-02
   3.2826497e-02
   3.2709767e-02
   3.2829428e-02
   3.2990949e-02
   3.2284353e-02
   3.2423513e-02
   3.2803033e-02
   3.3106305e-02
   3.2275047e-02
   3.2659423e-02
   3.2301794e-02
   3.3038872e-02
   3.2921036e-02
   3.3070062e-02
   3.2973141e-02
   3.2512475e-02
   3.3066795e-02
   3.3006001e-02
   3.2548503e-02
   3.3088463e-02
   3.3208025e-02
   3.2882334e-02
   3.3067377e-02
   3.2854474e-02
   3.2544201e-02
   3.3001298e-02
   3.2791925e-02
   3.2331208e-02
   3.2391130e-02
   3.2803770e-02
   3.2180357e-02
   3.2495769e-02
   3.2728864e-02
   3.2369319e-02
   3.3095224e-02
   3.2818908e-02
   3.2496528e-02
   3.3004085e-02
   3.3199108e-02
   3.3014306e-02
   3.2568061e-02
   3.2963241e-02
   3.2672819e-02
   3.2956801e-02
   3.3068730e-02
   3.2968167e-02
   3.2351555e-02
   3.2972203e-02
   3.3045068e-02
   3.2400247e-02
   3.3106230e-02
   3.2934613e-02
   3.3129403e-02
   3.2502787e-02
   3.3087505e-02
   3.2860891e-02
   3.3099174e-02
   3.2981692e-02
   3.2875406e-02
   3.2910458e-02
   3.2383105e-02
   3.2437503e-02
   3.2977898e-02
   3.2938781e-02
   3.2148538e-02
   3.3132961e-02
   3.2637377e-02
   3.2519047e-02
   3.2229639e-02
   3.2985171e-02
   3.2979340e-02
   3.2925891e-02
   3.2577028e-02
   3.2732178e-02
   3.2668816e-02
   3.2850157e-02
   3.3025401e-02
   3.2951748e-02
   3.3041398e-02
   3.2659095e-02
   3.3154205e-02
   3.2239115e-02
   3.3114242e-02
   3.2733307e-02
   3.2703918e-02
   3.3053368e-02
   3.2174798e-02
   3.2670069e-02
   3.2636408e-02
   3.2615759e-02
   3.3079815e-02
   3.2707119e-02
   3.2178269e-02
   3.2767196e-02
   3.3125553e-02
   3.2460844e-02
   3.3125288e-02
   3.2426613e-02
   3.2629426e-02
   3.2519153e-02
   3.3036166e-02
   3.2995758e-02
   3.3111607e-02
   3.2924117e-02
   3.2735005e-02
   3.2778361e-02
   3.2836675e-02
   3.3010541e-02
   3.2963069e-02
   3.2968759e-02
   3.2555770e-02
   3.2234720e-02
   3.2828160e-02
   3.2981849e-02
   3.3181298e-02
   3.3129486e-02
   3.3017793e-02
   3.2979155e-02
   3.2617146e-02
   3.2467568e-02
   3.2958160e-02
   3.2876998e-02
   3.2959125e-02
   3.2488090e-02
   3.2872318e-02
   3.2038465e-02
   3.2439426e-02
   3.2324237e-02
   3.2434100e-02
   3.3000379e-02
   3.3041818e-02
   3.2176931e-02
   3.2884859e-02
   3.3085618e-02
   3.3186642e-02
   3.2334987e-02
   3.2631596e-02
   3.3214789e-02
   3.2208571e-02
   3.2617456e-02
   3.3126306e-02
   3.3153545e-02
