   3.6160632e-02
   3.6488682e-02
   3.5562700e-02
   3.5990968e-02
   3.5966758e-02
   3.6378136e-02
   3.6004095e-02
   3.5463666e-02
   3.6356506e-02
   3.5179375e-02
   3.5814883e-02
   3.6675393e-02
   3.5685742e-02
   3.6311557e-02
   3.5954146e-02
   3.5600822e-02
   3.5756885e-02
   3.6358890e-02
   3.5277343e-02
   3.7039249e-02
   3.6392148e-02
   3.7161568e-02
   3.5183429e-02
   3.6431045e-02
   3.6076400e-02
   3.6109784e-02
   3.6192316e-02
   3.6776815e-02
   3.6614637e-02
   3.6433016e-02
   3.5262121e-02
   3.5773281e-02
   3.5749392e-02
   3.5918088e-02
   3.5296183e-02
   3.6250018e-02
   3.6605534e-02
   3.5608682e-02
   3.5762745e-02
   3.5396320e-02
   3.6856143e-02
   3.6608378e-02
   3.6217293e-02
   3.5510733e-02
   3.5667775e-02
   3.5264730e-02
   3.6779422e-02
   3.6209251e-02
   3.5729961e-02
   3.6646940e-02
   3.5874702e-02
   3.6238420e-02
   3.5694888e-02
   3.6111498e-02
   3.5125639e-02
   3.6616709e-02
   3.6837950e-02
   3.6104415e-02
   3.6342672e-02
   3.5938474e-02
   3.6807185e-02
   3.6047525e-02
   3.5553726e-02
   3.6278543e-02
   3.5871831e-02
   3.5296820e-02
   3.6462246e-02
   3.6731834e-02
   3.6011411e-02
   3.6846201e-02
   3.5319278e-02
   3.5564119e-02
   3.6578738e-02
   3.6558876e-02
   3.6820710e-02
   3.6392058e-02
   3.6373239e-02
   3.5272190e-02
   3.5241949e-02
   3.6873402e-02
   3.6909197e-02
   3.5535443e-02
   3.6509178e-02
   3.5428093e-02
   3.5134610e-02
   3.5871761e-02
   3.7015042e-02
   3.5615316e-02
   3.5184606e-02
   3.6381241e-02
   3.6861079e-02
   3.6624906e-02
   3.5277921e-02
   3.6483204e-02
   3.7004074e-02
   3.6207700e-02
   3.6152018e-02
   3.5643233e-02
   3.5451448e-02
   3.6248611e-02
   3.7080566e-02
   3.6605483e-02
   3.6218611e-02
   3.5705345e-02
   3.6504658e-02
   3.6777316e-02
   3.6408106e-02
   3.5144414e-02
   3.5387895e-02
   3.5963261e-02
   3.6659555e-02
   3.6855913e-02
   3.6341513e-02
   3.5958034e-02
   3.6632477e-02
   3.5137262e-02
   3.6285833e-02
   3.5389558e-02
   3.5938390e-02
   3.6727840e-02
   3.5508674e-02
   3.6569768e-02
   3.5878569e-02
   3.5251922e-02
   3.5257502e-02
   3.7020495e-02
   3.6089018e-02
   3.6246788e-02
   3.5923965e-02
   3.5918417e-02
   3.5305737e-02
   3.5978011e-02
   3.5437273e-02
   3.6559090e-02
   3.5778414e-02
   3.6648357e-02
   3.6584344e-02
   3.5619516e-02
   3.6896572e-02
   3.6214140e-02
   3.6027651e-02
   3.5194223e-02
   3.5362080e-02
   3.6562207e-02
   3.6721666e-02
   3.5467188e-02
   3.6094137e-02
   3.5465687e-02
   3.5246424e-02
   3.5458188e-02
   3.6180935e-02
   3.6735060e-02
   3.5188911e-02
   3.6428886e-02
   3.5565687e-02
   3.5641664e-02
   3.5630190e-02
   3.6203199e-02
   3.5350289e-02
   3.5945260e-02
   3.6525620e-02
   3.6443043e-02
   3.5328071e-02
   3.5973400e-02
   3.5474146e-02
   3.6265012e-02
   3.5937897e-02
   3.7024884e-02
   3.5799129e-02
   3.6133208e-02
   3.6407208e-02
   3.5807154e-02
   3.5232850e-02
   3.6968662e-02
   3.6573849e-02
   3.7029497e-02
   3.5284091e-02
   3.6026978e-02
   3.5617041e-02
   3.5369051e-02
   3.6565258e-02
   3.5713745e-02
   3.6457122e-02
   3.6349874e-02
   3.7121674e-02
   3.6980773e-02
   3.6824561e-02
   3.6088787e-02
   3.6040112e-02
   3.6770885e-02
   3.6202428e-02
   3.6164275e-02
   3.6405861e-02
   3.6349478e-02
   3.5275173e-02
   3.5992276e-02
   3.7135992e-02
   3.5709494e-02
   3.5656398e-02
   3.5428218e-02
   3.5151230e-02
   3.5290090e-02
   3.6809927e-02
   3.5302993e-02
   3.5345405e-02
   3.5635801e-02
   3.6758553e-02
   3.5442200e-02
   3.6679638e-02
   3.5602506e-02
   3.5533899e-02
   3.5356873e-02
   3.6452066e-02
   3.5927850e-02
   3.6004193e-02
   3.6991238e-02
   3.5406056e-02
   3.5483183e-02
   3.6234109e-02
   3.6368376e-02
   3.6646214e-02
   3.5496189e-02
   3.5924831e-02
   3.6122145e-02
   3.5112077e-02
   3.6886707e-02
   3.6572679e-02
   3.6695858e-02
   3.6572344e-02
   3.6443919e-02
   3.5480903e-02
   3.6807650e-02
   3.6276001e-02
   3.6314839e-02
   3.6283281e-02
   3.6621144e-02
   3.6023666e-02
   3.5201809e-02
   3.5308697e-02
   3.5953054e-02
   3.5416996e-02
   3.5142369e-02
   3.5466855e-02
   3.7099125e-02
   3.5790291e-02
   3.6841525e-02
   3.7052372e-02
   3.6867864e-02
   3.5273668e-02
   3.5455004e-02
   3.6938105e-02
   3.5343353e-02
   3.5840469e-02
   3.6513296e-02
   3.6412077e-02
   3.6189457e-02
   3.6441012e-02
   3.6589604e-02
   3.6961609e-02
   3.6446931e-02
   3.7133660e-02
   3.5129681e-02
   3.5508470e-02
   3.5308922e-02
   3.5102457e-02
   3.5585081e-02
   3.6171914e-02
   3.6898051e-02
   3.5871678e-02
   3.5500127e-02
   3.7014143e-02
   3.5386894e-02
   3.5412326e-02
   3.6424517e-02
   3.6122375e-02
   3.5996814e-02
   3.6734608e-02
   3.6156835e-02
   3.5105053e-02
   3.6618720e-02
   3.5611906e-02
   3.6110803e-02
   3.7120542e-02
   3.6825660e-02
   3.6343403e-02
   3.7130188e-02
   3.6121154e-02
   3.6447639e-02
   3.6779834e-02
   3.5303429e-02
   3.6812269e-02
   3.5406945e-02
   3.7024872e-02
   3.6650607e-02
   3.5587507e-02
   3.5549033e-02
   3.5188470e-02
   3.5599948e-02
   3.6186308e-02
   3.5305667e-02
