   2.9256593e-02
   2.7380678e-02
   2.8606258e-02
   2.8398418e-02
   2.8474539e-02
   2.6681667e-02
   2.6628263e-02
   2.6478523e-02
   2.7402951e-02
   2.5778303e-02
   2.8811603e-02
   2.8927112e-02
   2.9530281e-02
   2.7367102e-02
   2.5179492e-02
   2.9278882e-02
   2.9467441e-02
   2.9131933e-02
   2.5478252e-02
   2.9583722e-02
   2.7355221e-02
   3.2291874e-02
   2.5659867e-02
   2.7553111e-02
   2.6538590e-02
   2.8506290e-02
   2.9586200e-02
   3.1729499e-02
   2.9072136e-02
   2.9483849e-02
   2.8045016e-02
   3.0091925e-02
   2.7253176e-02
   2.6880802e-02
   2.6673972e-02
   2.7487015e-02
   3.0370700e-02
   2.7881120e-02
   3.0641864e-02
   2.9571860e-02
   2.8157894e-02
   3.0632648e-02
   2.7941942e-02
   2.5425507e-02
   2.6194214e-02
   3.0381411e-02
   3.1377232e-02
   2.6982492e-02
   2.8281258e-02
   2.7718842e-02
   2.6329307e-02
   2.5456861e-02
   2.5863561e-02
   3.0014510e-02
   2.6041153e-02
   2.7497005e-02
   3.2437205e-02
   2.7201117e-02
   2.6018843e-02
   3.0027088e-02
   2.8834446e-02
   2.6849083e-02
   3.1060068e-02
   2.9195097e-02
   2.6161488e-02
   2.6535972e-02
   2.8621569e-02
   2.6766205e-02
   3.0308009e-02
   2.8192357e-02
   2.6349250e-02
   3.0400429e-02
   2.8643106e-02
   2.6064123e-02
   2.6255289e-02
   3.0134776e-02
   2.6262121e-02
   3.0604373e-02
   2.7220287e-02
   2.8158307e-02
   2.6070791e-02
   3.0375581e-02
   2.7730291e-02
   2.6542384e-02
   2.7152271e-02
   2.8810610e-02
   2.9611402e-02
   2.7693405e-02
   3.1462286e-02
   2.8205320e-02
   2.5162003e-02
   2.9695109e-02
   2.7564002e-02
   2.7834524e-02
   2.8073003e-02
   2.7396325e-02
   2.6510248e-02
   2.9613240e-02
   2.8785054e-02
   2.7669425e-02
   3.0801397e-02
   2.7842403e-02
   2.6598432e-02
   2.8616884e-02
   2.8119811e-02
   2.8025374e-02
   3.0560766e-02
   3.0271326e-02
   2.9579545e-02
   2.6348335e-02
   2.9037018e-02
   3.0696606e-02
   2.8705715e-02
   2.8704082e-02
   2.8039537e-02
   2.8549950e-02
   2.5337052e-02
   2.5269797e-02
   3.1496759e-02
   2.8881083e-02
   2.7535288e-02
   2.7618215e-02
   2.8357505e-02
   3.1448904e-02
   2.7132815e-02
   2.7271528e-02
   2.9182319e-02
   3.0923403e-02
   2.7489269e-02
   2.6323480e-02
   2.6843890e-02
   2.8267674e-02
   2.7640980e-02
   2.4925732e-02
   2.9454589e-02
   2.9826361e-02
   3.0358885e-02
   2.7798411e-02
   2.6935789e-02
   3.0191474e-02
   2.6209997e-02
   2.6044040e-02
   2.7259766e-02
   3.2076603e-02
   2.6730288e-02
   2.6732892e-02
   3.0336698e-02
   3.1439346e-02
   2.7456997e-02
   2.9352824e-02
   2.7935299e-02
   2.8660051e-02
   3.0220744e-02
   2.6587229e-02
   3.0761807e-02
   2.7405455e-02
   2.8024250e-02
   2.8695106e-02
   2.8014033e-02
   2.7100219e-02
   3.0042789e-02
   3.2088009e-02
   2.7054401e-02
   2.7748885e-02
   2.9239147e-02
   2.5639622e-02
   2.6476175e-02
   3.0179849e-02
   2.7271564e-02
   2.6917858e-02
   2.7253988e-02
   2.5937614e-02
   2.6407299e-02
   2.5966194e-02
   2.6364445e-02
   2.6917029e-02
   2.5965949e-02
   2.6822403e-02
   2.9241474e-02
   2.5945804e-02
   3.0060665e-02
   2.9370256e-02
   2.5854928e-02
   2.9710068e-02
   2.7969258e-02
   2.9227784e-02
   2.9522631e-02
   3.1247586e-02
   2.8506158e-02
   2.7119906e-02
   2.9195431e-02
   3.0414985e-02
   3.0045438e-02
   2.5806270e-02
   2.8606451e-02
   2.6453598e-02
   2.9137552e-02
   2.9655989e-02
   2.7667988e-02
   2.6356888e-02
   2.8877256e-02
   2.6475740e-02
   2.6080305e-02
   3.0177125e-02
   2.4818596e-02
   2.8653407e-02
   3.0153111e-02
   2.9843348e-02
   2.8915520e-02
   2.7492784e-02
   2.6189805e-02
   2.8664496e-02
   2.7453655e-02
   2.4949117e-02
   2.5855677e-02
   2.8443828e-02
   2.6762602e-02
   2.8926253e-02
   2.7872945e-02
   2.8149776e-02
   2.6094626e-02
   2.4706523e-02
   2.7375398e-02
   2.8591237e-02
   2.9159056e-02
   2.7240619e-02
   2.7141806e-02
   2.5372169e-02
   2.8122826e-02
   2.8886201e-02
   2.8631163e-02
   2.6072298e-02
   2.9142689e-02
   3.0211447e-02
   2.5647992e-02
   2.8125832e-02
   2.9877283e-02
   2.6142315e-02
   3.0458492e-02
   3.1779927e-02
   2.7644879e-02
   2.8483296e-02
   2.6275320e-02
   2.5313484e-02
   3.0140842e-02
   2.9252737e-02
   2.6429399e-02
   2.5339034e-02
   2.9633252e-02
   2.6063197e-02
   2.7035395e-02
   2.7069485e-02
   2.5764221e-02
   2.6700232e-02
   2.9874152e-02
   2.5660757e-02
   2.5517806e-02
   2.6872518e-02
   2.9188788e-02
   2.7993520e-02
   3.1354548e-02
   2.6556461e-02
   2.5015206e-02
   2.7290852e-02
   2.8685011e-02
   2.9013469e-02
   2.7621229e-02
   2.8560327e-02
   2.8325803e-02
   2.8108251e-02
   2.5330823e-02
   2.7615784e-02
   2.9872553e-02
   2.9121372e-02
   2.7666440e-02
   3.1434000e-02
   2.6970165e-02
   2.7721972e-02
   2.5970138e-02
   2.5549426e-02
   2.9348437e-02
   2.5068566e-02
   2.8561530e-02
   2.6303846e-02
   2.7483849e-02
   2.8918744e-02
   2.9496363e-02
   2.8844608e-02
   2.7073374e-02
   2.7901593e-02
   2.5399921e-02
   2.8988777e-02
   2.8686473e-02
   2.9852561e-02
   2.8573442e-02
   2.9585140e-02
   2.5408301e-02
   2.8194541e-02
   3.2198605e-02
   2.7026779e-02
