   1.8542991e-02
   1.8465403e-02
   1.8367775e-02
   1.8761996e-02
   1.8878715e-02
   1.8571554e-02
   1.8730452e-02
   1.8429514e-02
   1.8945468e-02
   1.8395307e-02
   1.8507162e-02
   1.9161823e-02
   1.9174447e-02
   1.8497960e-02
   1.8583159e-02
   1.8536445e-02
   1.8872596e-02
   1.8348578e-02
   1.9050400e-02
   1.8592667e-02
   1.8492984e-02
   1.9005435e-02
   1.8575506e-02
   1.8563808e-02
   1.8565901e-02
   1.8607980e-02
   1.8428564e-02
   1.8402851e-02
   1.8565834e-02
   1.8376754e-02
   1.8391917e-02
   1.8448935e-02
   1.8479488e-02
   1.9198681e-02
   1.8762090e-02
   1.8962095e-02
   1.8653264e-02
   1.8492831e-02
   1.8566971e-02
   1.8701914e-02
   1.8710818e-02
   1.9185805e-02
   1.8401199e-02
   1.8741731e-02
   1.8641249e-02
   1.8487222e-02
   1.8970111e-02
   1.8365747e-02
   1.8512524e-02
   1.8494073e-02
   1.8571900e-02
   1.8742529e-02
   1.8436507e-02
   1.8758865e-02
   1.8580790e-02
   1.9139687e-02
   1.8485698e-02
   1.8535147e-02
   1.8511997e-02
   1.8374644e-02
   1.9037399e-02
   1.8686943e-02
   1.8532239e-02
   1.8936290e-02
   1.8328035e-02
   1.8477282e-02
   1.8418997e-02
   1.9008945e-02
   1.9339436e-02
   1.8816437e-02
   1.8528374e-02
   1.8284290e-02
   1.8733109e-02
   1.8305921e-02
   1.8453195e-02
   1.8373367e-02
   1.8552265e-02
   1.8903982e-02
   1.8624316e-02
   1.8675820e-02
   1.8803713e-02
   1.8367820e-02
   1.8321645e-02
   1.8570172e-02
   1.8385422e-02
   1.8759582e-02
   1.9147255e-02
   1.8626960e-02
   1.8522536e-02
   1.8937466e-02
   1.8306385e-02
   1.8670116e-02
   1.8768011e-02
   1.9071438e-02
   1.8451575e-02
   1.8480268e-02
   1.8771123e-02
   1.8381157e-02
   1.8599603e-02
   1.8537850e-02
   1.8523922e-02
   1.8567195e-02
   1.8544732e-02
   1.8739273e-02
   1.8469556e-02
   1.9001025e-02
   1.8392338e-02
   1.8503798e-02
   1.8597375e-02
   1.8734952e-02
   1.9159742e-02
   1.8438273e-02
   1.8480137e-02
   1.8576555e-02
   1.8327923e-02
   1.8350060e-02
   1.8694366e-02
   1.8932224e-02
   1.8725602e-02
   1.8543555e-02
   1.8871655e-02
   1.9088993e-02
   1.8539425e-02
   1.8776991e-02
   1.8461108e-02
   1.8463969e-02
   1.8815001e-02
   1.8372195e-02
   1.8622764e-02
   1.8850253e-02
   1.8569228e-02
   1.8510698e-02
   1.8350916e-02
   1.8777104e-02
   1.8480115e-02
   1.8909082e-02
   1.8366198e-02
   1.8479292e-02
   1.8557284e-02
   1.8592569e-02
   1.8535604e-02
   1.8599343e-02
   1.8570664e-02
   1.8646440e-02
   1.8709746e-02
   1.8414484e-02
   1.8505791e-02
   1.8539160e-02
   1.8879397e-02
   1.8600366e-02
   1.8731349e-02
   1.8515357e-02
   1.8330182e-02
   1.8464945e-02
   1.8502380e-02
   1.9337611e-02
   1.9370596e-02
   1.8435984e-02
   1.8816837e-02
   1.8714579e-02
   1.8982335e-02
   1.8453437e-02
   1.8506252e-02
   1.8407531e-02
   1.8396800e-02
   1.8397338e-02
   1.8725611e-02
   1.8457002e-02
   1.8617931e-02
   1.8497104e-02
   1.8554139e-02
   1.8544459e-02
   1.8633658e-02
   1.8645165e-02
   1.8736379e-02
   1.8332099e-02
   1.8399318e-02
   1.8518159e-02
   1.8828172e-02
   1.8555297e-02
   1.9094221e-02
   1.8354312e-02
   1.8856882e-02
   1.8411896e-02
   1.8720960e-02
   1.9240067e-02
   1.8488771e-02
   1.8724083e-02
   1.9202871e-02
   1.8868517e-02
   1.8467634e-02
   1.8623403e-02
   1.8538044e-02
   1.8696437e-02
   1.8401623e-02
   1.8642705e-02
   1.8409574e-02
   1.8598987e-02
   1.8733698e-02
   1.8558197e-02
   1.8323600e-02
   1.8660608e-02
   1.8544273e-02
   1.8569225e-02
   1.9082407e-02
   1.8672363e-02
   1.8860771e-02
   1.8429092e-02
   1.8762526e-02
   1.8792524e-02
   1.8632257e-02
   1.8401749e-02
   1.8463270e-02
   1.8560336e-02
   1.8588624e-02
   1.8618772e-02
   1.8670022e-02
   1.9206571e-02
   1.8778564e-02
   1.8597130e-02
   1.8570993e-02
   1.8598296e-02
   1.8293996e-02
   1.8709731e-02
   1.8711317e-02
   1.8436308e-02
   1.8516544e-02
   1.9295909e-02
   1.8546999e-02
   1.8367302e-02
   1.8559533e-02
   1.8884990e-02
   1.8601807e-02
   1.8392086e-02
   1.8660178e-02
   1.8625578e-02
   1.9363413e-02
   1.8357928e-02
   1.8339002e-02
   1.8813981e-02
   1.8410411e-02
   1.8612502e-02
   1.8843668e-02
   1.9258196e-02
   1.8507139e-02
   1.8330813e-02
   1.8415570e-02
   1.8419325e-02
   1.8606106e-02
   1.8543725e-02
   1.8371885e-02
   1.8885993e-02
   1.8708591e-02
   1.8622798e-02
   1.8495565e-02
   1.8376865e-02
   1.8561854e-02
   1.8974365e-02
   1.8413441e-02
   1.8392980e-02
   1.8449719e-02
   1.9045180e-02
   1.8708645e-02
   1.8645678e-02
   1.8366668e-02
   1.8791420e-02
   1.8406587e-02
   1.8670353e-02
   1.8338267e-02
   1.8348130e-02
   1.8794144e-02
   1.8416659e-02
   1.8434930e-02
   1.9283840e-02
   1.8547324e-02
   1.8834127e-02
   1.8502280e-02
   1.8670780e-02
   1.9004297e-02
   1.8367182e-02
   1.8359979e-02
   1.8613873e-02
   1.8924167e-02
   1.8637344e-02
   1.8645611e-02
   1.8854451e-02
   1.9061714e-02
   1.8677103e-02
   1.8564883e-02
   1.8628200e-02
   1.9067051e-02
   1.9009980e-02
   1.8552686e-02
   1.8860794e-02
   1.8397207e-02
   1.8425916e-02
   1.8461849e-02
   1.8802533e-02
   1.8705974e-02
   1.8893739e-02
