   1.7087783e-01
   1.6456600e-01
   1.6344560e-01
   1.6239666e-01
   1.6250501e-01
   1.7031540e-01
   1.7541040e-01
   1.6967353e-01
   1.6759705e-01
   1.6751952e-01
   1.6125159e-01
   1.6289141e-01
   1.6563560e-01
   1.5955859e-01
   1.5762150e-01
   1.6812627e-01
   1.7077782e-01
   1.8440995e-01
   1.8815888e-01
   1.8747310e-01
   1.6897014e-01
   1.6583390e-01
   1.6955577e-01
   1.6352224e-01
   1.6099528e-01
   1.8348762e-01
   1.6943344e-01
   1.6808250e-01
   1.8531864e-01
   1.6553337e-01
   1.6782899e-01
   1.6964516e-01
   1.6838342e-01
   1.7074860e-01
   1.7089967e-01
   1.6938281e-01
   1.7401370e-01
   1.5972301e-01
   1.6161223e-01
   1.7335933e-01
   1.8419158e-01
   1.7030956e-01
   1.7463048e-01
   1.6781851e-01
   1.6623194e-01
   1.6852979e-01
   1.7763709e-01
   1.6781389e-01
   1.6788008e-01
   1.6849496e-01
   1.7932336e-01
   1.7678597e-01
   1.8869253e-01
   1.8300865e-01
   1.6202149e-01
   1.7297969e-01
   1.8457393e-01
   1.5896054e-01
   1.6812072e-01
   1.7087641e-01
   1.6752267e-01
   1.7660439e-01
   1.9067900e-01
   1.6102765e-01
   1.6436832e-01
   1.7645628e-01
   1.6714344e-01
   1.6953253e-01
   1.8480876e-01
   1.6403667e-01
   1.7286123e-01
   1.7118576e-01
   1.6328958e-01
   1.5964096e-01
   1.6991172e-01
   1.6503860e-01
   1.7687697e-01
   1.7042217e-01
   1.6899966e-01
   1.8189771e-01
   1.7107300e-01
   1.7115866e-01
   1.6273545e-01
   1.6471717e-01
   1.6321605e-01
   1.6039618e-01
   1.5981845e-01
   1.5949584e-01
   1.6782703e-01
   1.6675241e-01
   1.7037493e-01
   1.6669715e-01
   1.7591877e-01
   1.5851689e-01
   1.7457720e-01
   1.7265890e-01
   1.6598897e-01
   1.6807040e-01
   1.6942603e-01
   1.7007566e-01
   1.6738245e-01
   1.7040756e-01
   1.8610079e-01
   1.6660426e-01
   1.8988546e-01
   1.5985156e-01
   1.8354148e-01
   1.7170447e-01
   1.6952832e-01
   1.7013480e-01
   1.6200763e-01
   1.7075180e-01
   1.7050673e-01
   1.6310664e-01
   1.6037956e-01
   1.6568797e-01
   1.6525701e-01
   1.7138097e-01
   1.7144779e-01
   1.6769329e-01
   1.7738670e-01
   1.8245528e-01
   1.6559547e-01
   1.7444570e-01
   1.8305956e-01
   1.7193336e-01
   1.8942556e-01
   1.6364570e-01
   1.6648131e-01
   1.8033525e-01
   1.8910158e-01
   1.7170163e-01
   1.7264176e-01
   1.7339356e-01
   1.6631390e-01
   1.7474773e-01
   1.7676283e-01
   1.5998722e-01
   1.6374184e-01
   1.7253955e-01
   1.7478977e-01
   1.8569912e-01
   1.6435261e-01
   1.7006402e-01
   1.7545458e-01
   1.6526158e-01
   1.8992006e-01
   1.8525010e-01
   1.6562090e-01
   1.7072490e-01
   1.6304411e-01
   1.8271544e-01
   1.6991316e-01
   1.7683315e-01
   1.7411125e-01
   1.6055520e-01
   1.6787433e-01
   1.6148217e-01
   1.6759933e-01
   1.8423007e-01
   1.7418896e-01
   1.8550468e-01
   1.7487890e-01
   1.6788171e-01
   1.7093536e-01
   1.8085512e-01
   1.7213140e-01
   1.6776982e-01
   1.5490381e-01
   1.5822317e-01
   1.6992504e-01
   1.6539788e-01
   1.6475374e-01
   1.8191628e-01
   1.5946011e-01
   1.7367219e-01
   1.6138397e-01
   1.6491270e-01
   1.8909525e-01
   1.7007809e-01
   1.6716141e-01
   1.7090466e-01
   1.7608436e-01
   1.6598761e-01
   1.6878906e-01
   1.6233374e-01
   1.6960232e-01
   1.7385353e-01
   1.8892704e-01
   1.8317038e-01
   1.5880641e-01
   1.8269570e-01
   1.6892597e-01
   1.5630830e-01
   1.6496116e-01
   1.6900949e-01
   1.6367402e-01
   1.8830859e-01
   1.6526591e-01
   1.8241264e-01
   1.5904961e-01
   1.7479808e-01
   1.8612574e-01
   1.6835268e-01
   1.6874966e-01
   1.5676483e-01
   1.5787506e-01
   1.7549499e-01
   1.8115182e-01
   1.5959049e-01
   1.5932038e-01
   1.6138095e-01
   1.5809487e-01
   1.5716262e-01
   1.8485317e-01
   1.7531516e-01
   1.6742300e-01
   1.7070912e-01
   1.7005022e-01
   1.5977357e-01
   1.8507011e-01
   1.6212899e-01
   1.7820516e-01
   1.7090797e-01
   1.6598467e-01
   1.7078087e-01
   1.6724416e-01
   1.6753260e-01
   1.7043527e-01
   1.6915092e-01
   1.6991843e-01
   1.6983902e-01
   1.6267449e-01
   1.6389867e-01
   1.6131806e-01
   1.6505221e-01
   1.5909177e-01
   1.8443946e-01
   1.6884337e-01
   1.7433538e-01
   1.7290636e-01
   1.6656598e-01
   1.6681916e-01
   1.8415197e-01
   1.6935209e-01
   1.6308109e-01
   1.7122985e-01
   1.6758100e-01
   1.6473326e-01
   1.8429351e-01
   1.6526572e-01
   1.8371476e-01
   1.7956686e-01
   1.7446571e-01
   1.6557886e-01
   1.7915885e-01
   1.8111658e-01
   1.6655707e-01
   1.8310927e-01
   1.6924716e-01
   1.7231326e-01
   1.7048268e-01
   1.6798473e-01
   1.7897723e-01
   1.8335481e-01
   1.8918739e-01
   1.8273698e-01
   1.6635584e-01
   1.6469188e-01
   1.8514784e-01
   1.6686873e-01
   1.7204215e-01
   1.7401939e-01
   1.6460843e-01
   1.7062647e-01
   1.6340324e-01
   1.8533314e-01
   1.6213198e-01
   1.7064961e-01
   1.7062226e-01
   1.7687872e-01
   1.7889740e-01
   1.5952495e-01
   1.6369796e-01
   1.8344619e-01
   1.7525138e-01
   1.7295940e-01
   1.6684116e-01
   1.6554919e-01
   1.7636122e-01
   1.7070019e-01
   1.6781504e-01
   1.6545837e-01
   1.6580389e-01
   1.6969163e-01
   1.6554339e-01
   1.6273077e-01
   1.7870664e-01
   1.7038608e-01
   1.7582582e-01
