   3.9571151e-02
   3.9533869e-02
   3.9517806e-02
   3.9817523e-02
   4.0252739e-02
   3.9591099e-02
   4.0229449e-02
   3.9584481e-02
   3.9591934e-02
   3.9525597e-02
   3.9536237e-02
   3.9738975e-02
   3.9464113e-02
   3.9569984e-02
   3.9874382e-02
   3.9572307e-02
   3.9563257e-02
   3.9589832e-02
   4.0132674e-02
   4.0230126e-02
   4.0193502e-02
   4.0154579e-02
   4.0253396e-02
   3.9549629e-02
   3.9554628e-02
   3.9613234e-02
   3.9559457e-02
   3.9554857e-02
   4.0195612e-02
   4.0126824e-02
   4.0150450e-02
   3.9614267e-02
   4.0067303e-02
   3.9503795e-02
   3.9632455e-02
   3.9790968e-02
   4.0111208e-02
   3.9441048e-02
   3.9570808e-02
   4.0234156e-02
   4.0248659e-02
   3.9578883e-02
   3.9448730e-02
   3.9493546e-02
   3.9568974e-02
   3.9763737e-02
   3.9569934e-02
   4.0161429e-02
   4.0233457e-02
   4.0072656e-02
   4.0227544e-02
   3.9333666e-02
   3.9566679e-02
   3.9614748e-02
   3.9344728e-02
   3.9573048e-02
   3.9698816e-02
   4.0248056e-02
   4.0080694e-02
   4.0132686e-02
   3.9500334e-02
   3.9492371e-02
   3.9592828e-02
   3.9644669e-02
   3.9552137e-02
   3.9562405e-02
   3.9342121e-02
   4.0247853e-02
   3.9579764e-02
   3.9605645e-02
   3.9570792e-02
   3.9348679e-02
   3.9559972e-02
   3.9470235e-02
   3.9906727e-02
   3.9569492e-02
   3.9389104e-02
   3.9711722e-02
   3.9599705e-02
   3.9614706e-02
   4.0107785e-02
   3.9828082e-02
   3.9613848e-02
   3.9533292e-02
   3.9470287e-02
   3.9686670e-02
   3.9313725e-02
   3.9567608e-02
   4.0259122e-02
   3.9559491e-02
   3.9528660e-02
   3.9567180e-02
   4.0256592e-02
   3.9617608e-02
   3.9204448e-02
   4.0185118e-02
   3.9607658e-02
   3.9546399e-02
   3.9706379e-02
   3.9712450e-02
   3.9743909e-02
   3.9572637e-02
   3.9581830e-02
   3.9553495e-02
   3.9657412e-02
   3.9211945e-02
   3.9565648e-02
   3.9345994e-02
   3.9591181e-02
   4.0176294e-02
   4.0257824e-02
   3.9480122e-02
   3.9468775e-02
   4.0178449e-02
   3.9609472e-02
   3.9467211e-02
   3.9578395e-02
   4.0259423e-02
   3.9544909e-02
   3.9616245e-02
   3.9615657e-02
   3.9558261e-02
   3.9669246e-02
   4.0253487e-02
   3.9560334e-02
   3.9427571e-02
   4.0229891e-02
   3.9567020e-02
   3.9227014e-02
   3.9595580e-02
   4.0245771e-02
   3.9507026e-02
   3.9548119e-02
   3.9616921e-02
   3.9601638e-02
   3.9572092e-02
   3.9614744e-02
   3.9409585e-02
   4.0230819e-02
   4.0251702e-02
   3.9776800e-02
   3.9599495e-02
   3.9578587e-02
   3.9598319e-02
   3.9203386e-02
   3.9547811e-02
   4.0187211e-02
   3.9611409e-02
   3.9547283e-02
   4.0248971e-02
   4.0258990e-02
   4.0232490e-02
   3.9710208e-02
   3.9603829e-02
   3.9647879e-02
   4.0242727e-02
   3.9546972e-02
   4.0241860e-02
   4.0243629e-02
   3.9785098e-02
   3.9679434e-02
   3.9581454e-02
   3.9560219e-02
   3.9746553e-02
   4.0255814e-02
   3.9605992e-02
   3.9964598e-02
   3.9557551e-02
   3.9613999e-02
   3.9467219e-02
   3.9252476e-02
   3.9790319e-02
   4.0259344e-02
   4.0180774e-02
   3.9712262e-02
   3.9464121e-02
   4.0231163e-02
   3.9613297e-02
   3.9389374e-02
   3.9550761e-02
   3.9615296e-02
   3.9564768e-02
   3.9601715e-02
   3.9534594e-02
   3.9431948e-02
   4.0227408e-02
   3.9563573e-02
   4.0244700e-02
   3.9564763e-02
   3.9590127e-02
   4.0258816e-02
   3.9592577e-02
   3.9603114e-02
   3.9576788e-02
   4.0054563e-02
   4.0176347e-02
   3.9523874e-02
   3.9252545e-02
   3.9293907e-02
   3.9420858e-02
   3.9572701e-02
   3.9876017e-02
   3.9607377e-02
   3.9210643e-02
   3.9975497e-02
   3.9570133e-02
   3.9545144e-02
   3.9562784e-02
   3.9592716e-02
   4.0246808e-02
   4.0163808e-02
   3.9247608e-02
   3.9557878e-02
   4.0254984e-02
   4.0021600e-02
   3.9565180e-02
   3.9755861e-02
   3.9314695e-02
   4.0228002e-02
   3.9573378e-02
   3.9603410e-02
   3.9583158e-02
   3.9615467e-02
   3.9657677e-02
   4.0251108e-02
   3.9793708e-02
   3.9614252e-02
   3.9563076e-02
   3.9594937e-02
   3.9548786e-02
   3.9556039e-02
   3.9570142e-02
   3.9570468e-02
   3.9224836e-02
   3.9562983e-02
   4.0200186e-02
   3.9723084e-02
   4.0252865e-02
   3.9701719e-02
   3.9655573e-02
   3.9547841e-02
   3.9614131e-02
   3.9603488e-02
   4.0257708e-02
   3.9283652e-02
   3.9551734e-02
   3.9632265e-02
   3.9563697e-02
   3.9777606e-02
   3.9276257e-02
   4.0240505e-02
   3.9591294e-02
   3.9487855e-02
   3.9559298e-02
   3.9230947e-02
   4.0189330e-02
   4.0251157e-02
   4.0154550e-02
   4.0235488e-02
   3.9541450e-02
   4.0213635e-02
   3.9555416e-02
   3.9944600e-02
   3.9668992e-02
   4.0242792e-02
   3.9442250e-02
   3.9273920e-02
   3.9532037e-02
   3.9568275e-02
   3.9616708e-02
   4.0245841e-02
   3.9562680e-02
   3.9614357e-02
   4.0064538e-02
   3.9593807e-02
   4.0129591e-02
   4.0249394e-02
   3.9401008e-02
   3.9610614e-02
   3.9563145e-02
   3.9572508e-02
   3.9208497e-02
   3.9571064e-02
   3.9356011e-02
   3.9555921e-02
   3.9567040e-02
   3.9503761e-02
   3.9296747e-02
   3.9561560e-02
   4.0233897e-02
   3.9554291e-02
   3.9461043e-02
   3.9551489e-02
   3.9517764e-02
   3.9313536e-02
   3.9600603e-02
   3.9578659e-02
   3.9585422e-02
   3.9595804e-02
   4.0230190e-02
