   1.7350065e-02
   1.5532616e-02
   1.7035277e-02
   1.7799720e-02
   1.7893767e-02
   1.7520754e-02
   1.8465449e-02
   1.7101974e-02
   1.5485813e-02
   1.8090740e-02
   1.5127397e-02
   1.8110757e-02
   1.6120028e-02
   1.6803543e-02
   1.6949764e-02
   1.9989652e-02
   1.7661718e-02
   1.7293143e-02
   1.9801385e-02
   1.9561263e-02
   1.8510345e-02
   1.6265304e-02
   1.8093566e-02
   1.6545889e-02
   1.6307113e-02
   1.5204157e-02
   1.7123331e-02
   1.6782055e-02
   1.5900323e-02
   1.9983633e-02
   1.7922755e-02
   2.0088818e-02
   1.6356884e-02
   1.6119180e-02
   1.6825338e-02
   1.8769439e-02
   1.8526438e-02
   1.7655514e-02
   1.7611116e-02
   1.9079020e-02
   1.8233808e-02
   1.6260997e-02
   1.6734290e-02
   1.8172224e-02
   1.5942584e-02
   1.8798504e-02
   1.8394496e-02
   1.6331705e-02
   1.7055611e-02
   1.7956096e-02
   2.0618096e-02
   1.8027083e-02
   1.8442051e-02
   1.8444906e-02
   1.7920638e-02
   1.6840690e-02
   1.8989345e-02
   2.0469195e-02
   1.7688001e-02
   1.6963679e-02
   1.8913320e-02
   1.6580231e-02
   1.6983791e-02
   1.5062764e-02
   1.7019391e-02
   1.8981479e-02
   1.7585170e-02
   1.8816395e-02
   1.8953424e-02
   1.7444977e-02
   1.7015823e-02
   1.9802211e-02
   1.8670212e-02
   1.6050625e-02
   1.5993364e-02
   1.7956974e-02
   1.6792281e-02
   1.9214132e-02
   1.5705607e-02
   1.8894064e-02
   1.7432997e-02
   1.5108918e-02
   1.8305419e-02
   1.7382311e-02
   1.8824303e-02
   1.8825863e-02
   1.5948176e-02
   2.0379269e-02
   1.8663192e-02
   1.5221000e-02
   1.8118825e-02
   1.6924381e-02
   1.9783607e-02
   1.9979817e-02
   1.5680681e-02
   1.6374723e-02
   1.7745753e-02
   1.6493900e-02
   1.9819338e-02
   1.7904105e-02
   1.5222731e-02
   1.7702770e-02
   1.9322260e-02
   1.6480565e-02
   1.6133168e-02
   1.7895795e-02
   1.8803101e-02
   1.5909783e-02
   1.6400895e-02
   1.7940843e-02
   1.8967086e-02
   1.8265575e-02
   1.7527855e-02
   1.9151437e-02
   1.9581441e-02
   1.7420847e-02
   1.5158655e-02
   1.7807812e-02
   1.6651306e-02
   2.0213118e-02
   1.8895415e-02
   1.5895570e-02
   1.8601532e-02
   1.9316135e-02
   1.9420351e-02
   1.6776068e-02
   1.5528149e-02
   1.8581360e-02
   1.8604715e-02
   1.7059536e-02
   1.6022954e-02
   1.7918113e-02
   1.6943181e-02
   1.6980020e-02
   1.5375050e-02
   1.9319900e-02
   1.7366329e-02
   1.8167954e-02
   1.9122943e-02
   1.6559053e-02
   2.0315130e-02
   1.6636271e-02
   1.7938760e-02
   1.5815587e-02
   1.6427947e-02
   1.8151803e-02
   1.8305869e-02
   1.7334394e-02
   1.8037983e-02
   1.5353248e-02
   1.7251301e-02
   1.8774441e-02
   1.9070817e-02
   1.5410135e-02
   1.8016127e-02
   1.8387793e-02
   1.7824982e-02
   1.8536376e-02
   1.9315577e-02
   1.9345862e-02
   1.8274482e-02
   1.5813751e-02
   1.9853146e-02
   1.9890743e-02
   1.7993100e-02
   1.5907901e-02
   1.7044064e-02
   1.8224504e-02
   2.0473360e-02
   1.5693338e-02
   1.5513681e-02
   1.6462332e-02
   1.7447401e-02
   1.8613285e-02
   1.6084914e-02
   1.5489826e-02
   1.6632180e-02
   1.6917090e-02
   1.7784248e-02
   1.6316141e-02
   1.9991018e-02
   1.8770522e-02
   1.7540593e-02
   1.7594846e-02
   1.7908530e-02
   1.8052060e-02
   2.0029940e-02
   1.9368806e-02
   1.6683419e-02
   1.8808630e-02
   1.5727774e-02
   1.9887088e-02
   1.9961808e-02
   1.8112381e-02
   1.8598389e-02
   1.9195237e-02
   1.7336332e-02
   1.5513786e-02
   1.8266050e-02
   1.7891508e-02
   1.6866584e-02
   1.8758071e-02
   1.5790072e-02
   1.7119514e-02
   1.9658087e-02
   1.6273103e-02
   1.6726815e-02
   1.8257318e-02
   1.9161579e-02
   1.7592080e-02
   1.8642766e-02
   1.8303694e-02
   1.5864658e-02
   1.7646739e-02
   1.5538566e-02
   1.8187799e-02
   1.6003092e-02
   1.6050142e-02
   1.5568810e-02
   1.7137630e-02
   1.7881424e-02
   1.9692586e-02
   1.9642907e-02
   2.0386048e-02
   2.0244354e-02
   1.6110697e-02
   1.7632934e-02
   1.9226060e-02
   1.6349440e-02
   1.7764398e-02
   1.6426827e-02
   1.6519762e-02
   1.8839255e-02
   1.7843450e-02
   1.9971250e-02
   1.7138324e-02
   1.9121266e-02
   1.6465173e-02
   1.8401913e-02
   1.9462999e-02
   1.9020578e-02
   1.5609220e-02
   1.6693175e-02
   1.6913256e-02
   1.7623470e-02
   1.9122305e-02
   1.6806448e-02
   1.5153967e-02
   1.8872631e-02
   1.8917855e-02
   1.8745972e-02
   1.9773811e-02
   1.6103636e-02
   1.7493967e-02
   2.0288283e-02
   1.8311779e-02
   1.8632010e-02
   1.9256948e-02
   1.9454618e-02
   1.7618604e-02
   1.9417748e-02
   1.9271974e-02
   1.7888710e-02
   2.0249135e-02
   1.5242176e-02
   1.5805227e-02
   1.6379349e-02
   2.0129260e-02
   1.5950395e-02
   1.7703812e-02
   1.5730403e-02
   1.6085904e-02
   1.6474337e-02
   1.9145153e-02
   1.8978577e-02
   1.6746094e-02
   1.8073227e-02
   1.8625904e-02
   1.7050425e-02
   1.8612522e-02
   1.7597471e-02
   1.9466275e-02
   1.9069834e-02
   1.6786891e-02
   1.6379882e-02
   1.9104580e-02
   1.6146194e-02
   1.6266825e-02
   1.7703122e-02
   1.5963308e-02
   1.7087964e-02
   1.7511758e-02
   1.6566291e-02
   2.0353644e-02
   1.8589274e-02
   1.6809747e-02
   1.8540028e-02
   1.9527364e-02
   1.9362105e-02
   1.6702199e-02
