   2.0213457e-01
   2.1129360e-01
   2.0739709e-01
   2.1229568e-01
   2.0148315e-01
   2.0873644e-01
   2.0776892e-01
   2.0230693e-01
   2.1045827e-01
   2.0534960e-01
   2.1134587e-01
   2.1044901e-01
   2.0551593e-01
   2.1086529e-01
   2.0214121e-01
   2.0445317e-01
   2.0911634e-01
   2.1023029e-01
   2.1594258e-01
   2.0337431e-01
   2.0598295e-01
   2.1022860e-01
   2.1110002e-01
   2.0969317e-01
   2.1927524e-01
   2.0928810e-01
   2.1296266e-01
   2.1557611e-01
   2.0774707e-01
   2.0837093e-01
   2.0440779e-01
   2.0313742e-01
   2.0699963e-01
   2.0838360e-01
   2.0447080e-01
   2.0717642e-01
   2.1515221e-01
   2.0307528e-01
   2.0668057e-01
   2.0687150e-01
   2.1125024e-01
   2.0817955e-01
   2.0533367e-01
   2.0835326e-01
   2.1176084e-01
   2.0834333e-01
   2.1251823e-01
   2.0948478e-01
   2.0968030e-01
   2.0223583e-01
   2.0159748e-01
   2.1312149e-01
   2.1236564e-01
   2.0218549e-01
   2.0413556e-01
   2.0562807e-01
   2.1059966e-01
   2.1199555e-01
   2.1082031e-01
   2.0848638e-01
   2.1075407e-01
   2.0146546e-01
   2.0159496e-01
   2.1884514e-01
   2.1069529e-01
   2.1097059e-01
   2.0950593e-01
   2.0965551e-01
   2.0808765e-01
   2.0798595e-01
   2.0666569e-01
   2.1109932e-01
   2.0714495e-01
   2.1068221e-01
   2.0631475e-01
   2.1050301e-01
   2.1837430e-01
   2.0585139e-01
   2.0999419e-01
   2.0829432e-01
   2.1345514e-01
   2.1598816e-01
   2.1038840e-01
   2.0347330e-01
   2.0865240e-01
   2.0939904e-01
   2.0998822e-01
   2.1288683e-01
   2.1075730e-01
   2.0790514e-01
   2.0732523e-01
   2.1183883e-01
   2.0852220e-01
   2.1581435e-01
   2.1046032e-01
   2.0485816e-01
   2.0735791e-01
   2.0820187e-01
   2.1928293e-01
   2.0714219e-01
   2.1074603e-01
   2.0345436e-01
   2.1930503e-01
   2.1588755e-01
   2.1697694e-01
   2.0544267e-01
   2.1494871e-01
   2.0715259e-01
   2.0576056e-01
   2.0614914e-01
   2.0635959e-01
   2.0984455e-01
   2.1072367e-01
   2.1877533e-01
   2.0186279e-01
   2.0282743e-01
   2.1514083e-01
   2.0201450e-01
   2.0400579e-01
   2.1143304e-01
   2.0325276e-01
   2.1577888e-01
   2.0680194e-01
   2.0413394e-01
   2.1700111e-01
   2.0324270e-01
   2.0219335e-01
   2.0166832e-01
   2.1189163e-01
   2.0927094e-01
   2.1873370e-01
   2.1797913e-01
   2.1916508e-01
   2.0167236e-01
   2.0817002e-01
   2.1580837e-01
   2.0546486e-01
   2.0949825e-01
   2.0405964e-01
   2.1615963e-01
   2.0475372e-01
   2.0170824e-01
   2.0126973e-01
   2.1692031e-01
   2.1553726e-01
   2.0590504e-01
   2.0855903e-01
   2.0750144e-01
   2.0736092e-01
   2.0214198e-01
   2.0933695e-01
   2.0214141e-01
   2.0144446e-01
   2.1524949e-01
   2.0682350e-01
   2.0938497e-01
   2.0811461e-01
   2.1708456e-01
   2.0784117e-01
   2.1072255e-01
   2.0950873e-01
   2.0905637e-01
   2.0159303e-01
   2.0245847e-01
   2.0830158e-01
   2.0158537e-01
   2.0687244e-01
   2.1265513e-01
   2.0948283e-01
   2.1063134e-01
   2.0736652e-01
   2.1059494e-01
   2.0162603e-01
   2.1207351e-01
   2.0774310e-01
   2.1110537e-01
   2.0131145e-01
   2.0719167e-01
   2.0547912e-01
   2.0761109e-01
   2.0946324e-01
   2.0840677e-01
   2.1135595e-01
   2.0639252e-01
   2.1062908e-01
   2.1035205e-01
   2.1240398e-01
   2.1990042e-01
   2.1730917e-01
   2.0149002e-01
   2.1085298e-01
   2.0535116e-01
   2.1460443e-01
   2.1317882e-01
   2.0166244e-01
   2.1171099e-01
   2.1100280e-01
   2.1063289e-01
   2.0460086e-01
   2.0862125e-01
   2.1520200e-01
   2.1251752e-01
   2.0642052e-01
   2.0968818e-01
   2.0393518e-01
   2.1671245e-01
   2.1971032e-01
   2.0937463e-01
   2.0859683e-01
   2.1063770e-01
   2.1035077e-01
   2.0848442e-01
   2.0963229e-01
   2.1208946e-01
   2.0577817e-01
   2.0969789e-01
   2.0134817e-01
   2.1030883e-01
   2.0396687e-01
   2.0126286e-01
   2.0974642e-01
   2.1398191e-01
   2.0169462e-01
   2.1096649e-01
   2.1582055e-01
   2.0552244e-01
   2.0275632e-01
   2.0840410e-01
   2.1601164e-01
   2.1112391e-01
   2.1115059e-01
   2.0798693e-01
   2.0777253e-01
   2.0979812e-01
   2.1806912e-01
   2.1496536e-01
   2.1808955e-01
   2.2017253e-01
   2.1309875e-01
   2.1592814e-01
   2.0862304e-01
   2.1007699e-01
   2.0412021e-01
   2.0884722e-01
   2.0744945e-01
   2.0433677e-01
   2.0142531e-01
   2.1310699e-01
   2.0916189e-01
   2.0897302e-01
   2.0363310e-01
   2.1031937e-01
   2.1565712e-01
   2.0936585e-01
   2.1171446e-01
   2.0923020e-01
   2.0810992e-01
   2.1489849e-01
   2.0834676e-01
   2.1637591e-01
   2.0451657e-01
   2.0211107e-01
   2.0852311e-01
   2.1483165e-01
   2.0132514e-01
   2.0924154e-01
   2.0837801e-01
   2.1556988e-01
   2.0461608e-01
   2.1653217e-01
   2.0355523e-01
   2.0901208e-01
   2.1165409e-01
   2.0142939e-01
   2.0158059e-01
   2.1148113e-01
   2.0806170e-01
   2.0126708e-01
   2.0908882e-01
   2.0801249e-01
   2.0985147e-01
   2.0894828e-01
   2.1532839e-01
   2.1819626e-01
   2.1071096e-01
   2.0853823e-01
   2.0466095e-01
   2.1172912e-01
   2.1370642e-01
   2.0164543e-01
   2.0957865e-01
   2.1616022e-01
   2.0123355e-01
   2.0993843e-01
   2.0815425e-01
   2.0942692e-01
   2.0783988e-01
   2.1226056e-01
   2.1023773e-01
   2.1522852e-01
