   5.3606007e-02
   5.4557111e-02
   5.1872189e-02
   5.3555501e-02
   5.0398669e-02
   4.9954370e-02
   5.3612997e-02
   5.0712277e-02
   5.0576806e-02
   5.4004711e-02
   5.4079928e-02
   5.4738457e-02
   5.0612405e-02
   5.2954868e-02
   5.1044789e-02
   4.9939143e-02
   5.0064719e-02
   5.0423243e-02
   5.3085098e-02
   5.2156880e-02
   5.1183448e-02
   5.1677780e-02
   5.3114555e-02
   5.1116046e-02
   5.2397851e-02
   5.0419358e-02
   5.3721445e-02
   5.1056034e-02
   5.4085114e-02
   5.1375366e-02
   5.3293629e-02
   5.3402847e-02
   5.0562729e-02
   5.4043145e-02
   5.3808400e-02
   5.0786232e-02
   5.1805202e-02
   5.3777381e-02
   4.9821813e-02
   5.2387265e-02
   5.2259182e-02
   5.1037047e-02
   5.2143739e-02
   5.3143986e-02
   5.1308100e-02
   5.2638565e-02
   5.1463942e-02
   5.3365971e-02
   5.4514407e-02
   5.2606994e-02
   5.3469360e-02
   5.3251117e-02
   5.3159170e-02
   5.1581272e-02
   4.9908955e-02
   5.3948507e-02
   5.0311600e-02
   5.3538233e-02
   5.3843279e-02
   5.3924627e-02
   5.2497318e-02
   5.0191974e-02
   5.1241117e-02
   5.2701761e-02
   5.3872694e-02
   5.1643079e-02
   5.0554035e-02
   5.1012651e-02
   5.1157347e-02
   5.3592274e-02
   5.0513042e-02
   5.3243204e-02
   5.4592487e-02
   5.1294985e-02
   5.3220048e-02
   5.3567217e-02
   5.1414079e-02
   5.0252360e-02
   5.1643765e-02
   5.4125826e-02
   5.4064993e-02
   5.1561344e-02
   5.4432766e-02
   5.0794731e-02
   5.3428759e-02
   5.5541688e-02
   5.1084471e-02
   5.2757024e-02
   5.4529505e-02
   5.0120641e-02
   5.2495031e-02
   5.3539376e-02
   5.0655205e-02
   5.1505641e-02
   5.0246056e-02
   5.3864900e-02
   5.0200259e-02
   5.2573864e-02
   4.9659637e-02
   5.2764294e-02
   5.2516241e-02
   5.3550736e-02
   5.2365868e-02
   5.0497375e-02
   5.3879775e-02
   4.9928585e-02
   5.2574032e-02
   5.1547065e-02
   5.2204623e-02
   5.0100958e-02
   5.0582673e-02
   5.0937385e-02
   5.3505902e-02
   5.1186038e-02
   5.1901419e-02
   5.2771105e-02
   5.4084325e-02
   5.1647075e-02
   5.0218523e-02
   5.4464381e-02
   5.1895216e-02
   5.3225182e-02
   5.4107880e-02
   5.4349630e-02
   5.1727100e-02
   5.3519152e-02
   5.1503175e-02
   5.2079815e-02
   5.1716857e-02
   5.3822182e-02
   5.3472438e-02
   5.0466379e-02
   4.9963763e-02
   4.9980480e-02
   5.2136131e-02
   5.4746922e-02
   5.2052740e-02
   5.2132223e-02
   5.2358373e-02
   5.0220221e-02
   5.2606448e-02
   5.1086091e-02
   5.1858418e-02
   5.0256286e-02
   5.0121487e-02
   5.5126797e-02
   5.2011413e-02
   5.0254008e-02
   5.1026368e-02
   5.0230304e-02
   5.1396345e-02
   5.3564273e-02
   5.3564357e-02
   5.3568803e-02
   5.1614381e-02
   5.1325946e-02
   5.0886632e-02
   5.4050152e-02
   5.3820796e-02
   5.1164403e-02
   5.1821194e-02
   5.2319346e-02
   5.1059739e-02
   5.1025254e-02
   5.3568190e-02
   5.1789127e-02
   5.4087829e-02
   5.1759587e-02
   5.3493842e-02
   5.1332345e-02
   5.4227914e-02
   5.1044209e-02
   5.3030978e-02
   5.1464347e-02
   5.4348520e-02
   5.2543113e-02
   5.2805457e-02
   5.3327954e-02
   5.4216141e-02
   5.4234782e-02
   5.3411795e-02
   5.2745870e-02
   5.2495664e-02
   5.3716055e-02
   5.2844671e-02
   5.4140208e-02
   5.3868094e-02
   5.4096669e-02
   5.4797351e-02
   5.1062702e-02
   5.3675331e-02
   5.1209444e-02
   5.1029514e-02
   5.0975539e-02
   5.3204011e-02
   5.1485107e-02
   5.2604911e-02
   5.2555275e-02
   5.3849042e-02
   5.1504440e-02
   5.3541773e-02
   5.3587026e-02
   4.9750767e-02
   5.0037958e-02
   5.4590322e-02
   5.1020951e-02
   5.1175263e-02
   5.1157031e-02
   5.0631430e-02
   5.4801716e-02
   5.3548441e-02
   5.2323649e-02
   5.1167537e-02
   5.0479635e-02
   5.4085834e-02
   5.3508000e-02
   5.0023778e-02
   5.0545465e-02
   5.4383370e-02
   5.1355474e-02
   5.0033819e-02
   5.2127075e-02
   5.3752884e-02
   5.1617025e-02
   5.1255684e-02
   5.2410893e-02
   4.9716019e-02
   5.0482264e-02
   5.4149636e-02
   5.2759666e-02
   5.0386346e-02
   5.0216759e-02
   5.3538172e-02
   5.0135138e-02
   5.3709557e-02
   5.0853019e-02
   5.0746177e-02
   5.1078580e-02
   5.4315279e-02
   5.1851167e-02
   5.0928878e-02
   5.5041007e-02
   5.4326671e-02
   5.4020715e-02
   5.1435450e-02
   5.2119755e-02
   5.3842923e-02
   5.2998394e-02
   5.1084084e-02
   5.3381423e-02
   5.0656109e-02
   5.3618560e-02
   5.4364045e-02
   5.0690404e-02
   5.3914945e-02
   5.0326815e-02
   5.2796025e-02
   5.1444586e-02
   5.0897169e-02
   5.0648295e-02
   5.4494942e-02
   5.3548945e-02
   5.3736147e-02
   5.0602277e-02
   5.0756744e-02
   5.3845988e-02
   5.1828061e-02
   5.1204051e-02
   5.1072406e-02
   5.2917396e-02
   5.1219088e-02
   5.0905907e-02
   4.9860881e-02
   5.3376813e-02
   5.2018474e-02
   5.0275800e-02
   5.4307999e-02
   5.1214826e-02
   5.4512323e-02
   5.4787039e-02
   5.1833635e-02
   5.2826458e-02
   5.1087662e-02
   5.3541882e-02
   5.4267824e-02
   5.1267809e-02
   5.1339439e-02
   5.3673903e-02
   5.4900180e-02
   5.3312068e-02
   5.2636136e-02
   5.4335969e-02
   5.2238356e-02
   5.4783789e-02
   5.1339781e-02
   5.1600628e-02
   5.3413512e-02
   5.4914477e-02
   5.4096130e-02
   5.1750678e-02
