   2.4957478e-02
   2.2471170e-02
   2.2440308e-02
   2.2704617e-02
   2.2953699e-02
   2.4684844e-02
   2.5512854e-02
   2.3147276e-02
   2.4682363e-02
   2.2685520e-02
   2.3023702e-02
   2.2955986e-02
   2.3247970e-02
   2.2664419e-02
   2.2769795e-02
   2.3475345e-02
   2.5313442e-02
   2.3776326e-02
   2.3693646e-02
   2.5221379e-02
   2.2082472e-02
   2.3533770e-02
   2.4523544e-02
   2.5268666e-02
   2.5399231e-02
   2.5395617e-02
   2.2382217e-02
   2.2918022e-02
   2.2825460e-02
   2.3658086e-02
   2.2159724e-02
   2.2946070e-02
   2.3244524e-02
   2.3193238e-02
   2.3857509e-02
   2.2797486e-02
   2.2763838e-02
   2.2158005e-02
   2.4377368e-02
   2.3635775e-02
   2.2292837e-02
   2.2907008e-02
   2.2722533e-02
   2.5026439e-02
   2.5266588e-02
   2.4209681e-02
   2.2900994e-02
   2.4294741e-02
   2.4019324e-02
   2.5308764e-02
   2.2096914e-02
   2.3671173e-02
   2.3169362e-02
   2.3481587e-02
   2.5056370e-02
   2.3694889e-02
   2.3097979e-02
   2.4809352e-02
   2.3173148e-02
   2.3143474e-02
   2.5419138e-02
   2.2917627e-02
   2.3444867e-02
   2.2234999e-02
   2.2846024e-02
   2.3189990e-02
   2.2504701e-02
   2.5173410e-02
   2.4705571e-02
   2.4325167e-02
   2.3113685e-02
   2.2988549e-02
   2.3116973e-02
   2.5077558e-02
   2.2421544e-02
   2.4445366e-02
   2.3750789e-02
   2.5276679e-02
   2.2044265e-02
   2.3284617e-02
   2.2681360e-02
   2.5655830e-02
   2.2003391e-02
   2.2490551e-02
   2.2113867e-02
   2.4616683e-02
   2.3392638e-02
   2.3836607e-02
   2.5626273e-02
   2.2695406e-02
   2.4331540e-02
   2.5381305e-02
   2.4331411e-02
   2.4431494e-02
   2.4059325e-02
   2.5414292e-02
   2.5123031e-02
   2.5597212e-02
   2.3921899e-02
   2.5469445e-02
   2.4155730e-02
   2.2544527e-02
   2.2753623e-02
   2.2738482e-02
   2.3568832e-02
   2.2791525e-02
   2.2514333e-02
   2.5000614e-02
   2.2504045e-02
   2.3037346e-02
   2.2546494e-02
   2.4365512e-02
   2.2292009e-02
   2.3210677e-02
   2.4354475e-02
   2.2229775e-02
   2.4104147e-02
   2.4914289e-02
   2.3752673e-02
   2.4431422e-02
   2.2349468e-02
   2.3547754e-02
   2.4565744e-02
   2.5627574e-02
   2.3973562e-02
   2.5450975e-02
   2.2667017e-02
   2.4422385e-02
   2.4691471e-02
   2.2378726e-02
   2.5301080e-02
   2.3945102e-02
   2.4671233e-02
   2.4052102e-02
   2.2917902e-02
   2.2750350e-02
   2.3011079e-02
   2.4680026e-02
   2.2461571e-02
   2.3444769e-02
   2.5281380e-02
   2.4573205e-02
   2.4454210e-02
   2.2111309e-02
   2.2118442e-02
   2.4198880e-02
   2.2828694e-02
   2.4661504e-02
   2.4153456e-02
   2.2641002e-02
   2.2861421e-02
   2.3000146e-02
   2.3900020e-02
   2.3874043e-02
   2.2082269e-02
   2.2326661e-02
   2.3709866e-02
   2.4034745e-02
   2.5435856e-02
   2.1935164e-02
   2.2070562e-02
   2.2749278e-02
   2.4047591e-02
   2.4773478e-02
   2.2779979e-02
   2.5432821e-02
   2.4193267e-02
   2.4893509e-02
   2.3944381e-02
   2.5012894e-02
   2.3755469e-02
   2.5732846e-02
   2.3646825e-02
   2.4890819e-02
   2.4598917e-02
   2.2337801e-02
   2.5305121e-02
   2.2570490e-02
   2.3113696e-02
   2.2467098e-02
   2.5261302e-02
   2.4940194e-02
   2.4610799e-02
   2.4546781e-02
   2.2021012e-02
   2.2811297e-02
   2.3425509e-02
   2.3802666e-02
   2.2866339e-02
   2.5613124e-02
   2.2049378e-02
   2.5601866e-02
   2.4317995e-02
   2.2081680e-02
   2.2402373e-02
   2.5409560e-02
   2.5457248e-02
   2.2323815e-02
   2.3804688e-02
   2.3566241e-02
   2.3259970e-02
   2.3836030e-02
   2.2594394e-02
   2.3070323e-02
   2.3905234e-02
   2.3516742e-02
   2.5629534e-02
   2.2396524e-02
   2.2159045e-02
   2.2669963e-02
   2.3854878e-02
   2.2891775e-02
   2.3928300e-02
   2.2059917e-02
   2.2971602e-02
   2.2169832e-02
   2.4912042e-02
   2.4520178e-02
   2.2153229e-02
   2.2751079e-02
   2.4973854e-02
   2.3136168e-02
   2.2749681e-02
   2.3366939e-02
   2.2608975e-02
   2.2943002e-02
   2.2961087e-02
   2.1793505e-02
   2.2778369e-02
   2.1937536e-02
   2.4529503e-02
   2.2476065e-02
   2.2666574e-02
   2.5082600e-02
   2.2711313e-02
   2.4665882e-02
   2.3323063e-02
   2.2900553e-02
   2.3549558e-02
   2.4082181e-02
   2.2457805e-02
   2.4660119e-02
   2.3486677e-02
   2.2780474e-02
   2.2308658e-02
   2.4594533e-02
   2.3920670e-02
   2.3969864e-02
   2.3666595e-02
   2.5257213e-02
   2.5654575e-02
   2.5427627e-02
   2.3759244e-02
   2.3986674e-02
   2.3517350e-02
   2.5403292e-02
   2.4982519e-02
   2.2512296e-02
   2.3178832e-02
   2.3459409e-02
   2.3952190e-02
   2.4309140e-02
   2.3171978e-02
   2.5421692e-02
   2.4625298e-02
   2.3150368e-02
   2.3650262e-02
   2.4668998e-02
   2.4617744e-02
   2.5284525e-02
   2.2459967e-02
   2.4669156e-02
   2.3729345e-02
   2.3442341e-02
   2.3316585e-02
   2.2554317e-02
   2.2850343e-02
   2.3870749e-02
   2.5196320e-02
   2.2171463e-02
   2.4787156e-02
   2.1919753e-02
   2.2996551e-02
   2.2996991e-02
   2.3075648e-02
   2.2355791e-02
   2.4770482e-02
   2.5357608e-02
   2.3923754e-02
   2.4759130e-02
   2.4065711e-02
   2.4265699e-02
   2.4760365e-02
   2.3564719e-02
   2.4581074e-02
   2.4990213e-02
   2.4479578e-02
   2.1914158e-02
   2.5313428e-02
   2.3461368e-02
