   1.6366482e-01
   1.6040332e-01
   1.6495321e-01
   1.6745520e-01
   1.6314434e-01
   1.7174523e-01
   1.6432130e-01
   1.6059136e-01
   1.5991206e-01
   1.8053310e-01
   1.5968442e-01
   1.5791558e-01
   1.6339708e-01
   1.7800515e-01
   1.6425270e-01
   1.5950851e-01
   1.5952417e-01
   1.5937131e-01
   1.6683216e-01
   1.6340587e-01
   1.7945783e-01
   1.7410203e-01
   1.6326452e-01
   1.7860874e-01
   1.6290865e-01
   1.6914100e-01
   1.7304860e-01
   1.7380011e-01
   1.5761146e-01
   1.6425158e-01
   1.6472714e-01
   1.6944397e-01
   1.7081512e-01
   1.6394179e-01
   1.7217769e-01
   1.7706574e-01
   1.7110533e-01
   1.6281702e-01
   1.7776399e-01
   1.5889935e-01
   1.6419228e-01
   1.5941788e-01
   1.7965555e-01
   1.5796484e-01
   1.6467341e-01
   1.5942153e-01
   1.7018749e-01
   1.6521449e-01
   1.7282906e-01
   1.7956387e-01
   1.8384248e-01
   1.6391908e-01
   1.6474152e-01
   1.6618372e-01
   1.6968284e-01
   1.7144111e-01
   1.5855396e-01
   1.6152089e-01
   1.6308560e-01
   1.5794293e-01
   1.7112617e-01
   1.6426986e-01
   1.7804083e-01
   1.5997636e-01
   1.5871444e-01
   1.6800385e-01
   1.6086332e-01
   1.7654573e-01
   1.6422398e-01
   1.6392141e-01
   1.5902107e-01
   1.6402627e-01
   1.8089776e-01
   1.8248335e-01
   1.8306969e-01
   1.7197227e-01
   1.6912854e-01
   1.7740705e-01
   1.5839486e-01
   1.6410757e-01
   1.7829003e-01
   1.7845106e-01
   1.6543934e-01
   1.6333521e-01
   1.6329609e-01
   1.5935015e-01
   1.6829685e-01
   1.6080040e-01
   1.8633022e-01
   1.7344339e-01
   1.7504276e-01
   1.7212548e-01
   1.6233652e-01
   1.6784967e-01
   1.6087417e-01
   1.5502696e-01
   1.6189112e-01
   1.6526044e-01
   1.7192441e-01
   1.6416004e-01
   1.5984018e-01
   1.6524620e-01
   1.5881886e-01
   1.5744383e-01
   1.6363936e-01
   1.6550260e-01
   1.5897488e-01
   1.6399917e-01
   1.7353586e-01
   1.6552773e-01
   1.6345016e-01
   1.6120215e-01
   1.7626097e-01
   1.6073300e-01
   1.6382066e-01
   1.7612896e-01
   1.7684913e-01
   1.7200651e-01
   1.7083183e-01
   1.5295376e-01
   1.6850693e-01
   1.6502794e-01
   1.6591228e-01
   1.6869477e-01
   1.6346626e-01
   1.6513098e-01
   1.5860694e-01
   1.5979003e-01
   1.7782723e-01
   1.6124459e-01
   1.7325963e-01
   1.7313621e-01
   1.8059665e-01
   1.6317757e-01
   1.5934636e-01
   1.5871668e-01
   1.6795163e-01
   1.7211719e-01
   1.6499978e-01
   1.6540415e-01
   1.6796251e-01
   1.5956949e-01
   1.6776658e-01
   1.6945756e-01
   1.7881648e-01
   1.6432894e-01
   1.7905724e-01
   1.7398157e-01
   1.6614089e-01
   1.7521710e-01
   1.7032211e-01
   1.6189609e-01
   1.5708821e-01
   1.6371757e-01
   1.6368110e-01
   1.6330178e-01
   1.7739466e-01
   1.5931904e-01
   1.6326524e-01
   1.7012394e-01
   1.7529619e-01
   1.5765465e-01
   1.7217646e-01
   1.8041562e-01
   1.6562858e-01
   1.5811405e-01
   1.7722474e-01
   1.5365765e-01
   1.6385748e-01
   1.7179234e-01
   1.7753866e-01
   1.7703673e-01
   1.7325066e-01
   1.5779277e-01
   1.7111658e-01
   1.8411789e-01
   1.6338124e-01
   1.7219877e-01
   1.6359782e-01
   1.7020160e-01
   1.6371305e-01
   1.5866118e-01
   1.6123183e-01
   1.6393540e-01
   1.7014870e-01
   1.7616086e-01
   1.6294742e-01
   1.6975126e-01
   1.6644234e-01
   1.6866130e-01
   1.8057762e-01
   1.6548829e-01
   1.8111981e-01
   1.5999039e-01
   1.7909191e-01
   1.6131327e-01
   1.5929339e-01
   1.6629034e-01
   1.6299171e-01
   1.6882429e-01
   1.8382039e-01
   1.5773654e-01
   1.6418052e-01
   1.6366504e-01
   1.6115801e-01
   1.6197115e-01
   1.6317303e-01
   1.6062265e-01
   1.6206873e-01
   1.6456835e-01
   1.6736127e-01
   1.7107778e-01
   1.6424465e-01
   1.6327829e-01
   1.6191482e-01
   1.6124802e-01
   1.7096683e-01
   1.7395236e-01
   1.7972435e-01
   1.7705541e-01
   1.7255487e-01
   1.5720569e-01
   1.7246390e-01
   1.6773446e-01
   1.7623024e-01
   1.7188815e-01
   1.6900689e-01
   1.6082566e-01
   1.5980244e-01
   1.6491816e-01
   1.7506095e-01
   1.5835054e-01
   1.8272844e-01
   1.7437961e-01
   1.7170935e-01
   1.6348908e-01
   1.7664187e-01
   1.7009408e-01
   1.6156130e-01
   1.7681366e-01
   1.7829846e-01
   1.6500609e-01
   1.6796275e-01
   1.7888996e-01
   1.6964660e-01
   1.7980908e-01
   1.6184525e-01
   1.7423080e-01
   1.7096541e-01
   1.6377518e-01
   1.6367077e-01
   1.7006749e-01
   1.7894362e-01
   1.7723779e-01
   1.6921519e-01
   1.5861363e-01
   1.7114984e-01
   1.5667895e-01
   1.5778481e-01
   1.6629754e-01
   1.8328458e-01
   1.6824024e-01
   1.7155052e-01
   1.6016546e-01
   1.7260084e-01
   1.6833405e-01
   1.6558940e-01
   1.7451884e-01
   1.6366325e-01
   1.6060051e-01
   1.6401157e-01
   1.7639835e-01
   1.7735568e-01
   1.6517081e-01
   1.6144090e-01
   1.7345946e-01
   1.7059168e-01
   1.7283674e-01
   1.5727721e-01
   1.7353375e-01
   1.5794960e-01
   1.6373186e-01
   1.6416679e-01
   1.6315545e-01
   1.6222763e-01
   1.5611351e-01
   1.7695284e-01
   1.6073800e-01
   1.6963372e-01
   1.6231189e-01
   1.7643849e-01
   1.7200066e-01
   1.6030553e-01
   1.6261285e-01
   1.5628181e-01
   1.6421257e-01
   1.7161946e-01
   1.5995200e-01
   1.5662484e-01
   1.7484073e-01
