   4.2725290e-02
   3.8974508e-02
   4.5086198e-02
   3.4498002e-02
   4.3759195e-02
   4.0958591e-02
   4.8360603e-02
   3.6228018e-02
   4.8228581e-02
   3.3089591e-02
   4.1659435e-02
   4.7856369e-02
   4.3187727e-02
   3.7663434e-02
   3.1470947e-02
   3.5623885e-02
   4.4762949e-02
   4.4592543e-02
   4.5611196e-02
   4.9594608e-02
   4.4593946e-02
   4.3368354e-02
   3.3878016e-02
   4.9498131e-02
   4.2832639e-02
   4.2226838e-02
   4.8912455e-02
   4.7825135e-02
   4.3281555e-02
   4.3557810e-02
   3.9997087e-02
   4.2543220e-02
   4.7153513e-02
   4.2477666e-02
   3.8135127e-02
   4.0108377e-02
   4.7855685e-02
   3.5023480e-02
   3.3231273e-02
   4.5033843e-02
   4.2667942e-02
   3.8626798e-02
   4.8227252e-02
   4.5976580e-02
   4.2537366e-02
   3.3594129e-02
   4.0232527e-02
   4.4709665e-02
   4.9101663e-02
   4.9809878e-02
   4.9120816e-02
   4.3455199e-02
   4.4476610e-02
   4.4116958e-02
   4.2300802e-02
   3.7674162e-02
   4.3283492e-02
   4.2016777e-02
   4.7399072e-02
   4.6859067e-02
   4.4262150e-02
   4.4025389e-02
   4.5429035e-02
   3.4683894e-02
   4.3005790e-02
   3.9935482e-02
   3.4358078e-02
   4.4470673e-02
   4.9304512e-02
   4.4715955e-02
   4.4050064e-02
   3.9750096e-02
   3.7518898e-02
   4.5522061e-02
   4.0559526e-02
   3.7703002e-02
   4.7082354e-02
   4.0900981e-02
   4.9783208e-02
   4.0998320e-02
   4.4458268e-02
   3.5074873e-02
   4.3356158e-02
   3.8877159e-02
   4.2364399e-02
   4.6766033e-02
   4.3067241e-02
   4.2824455e-02
   4.3315883e-02
   4.7152549e-02
   3.7702755e-02
   4.0105290e-02
   3.3027070e-02
   4.2281089e-02
   3.4398678e-02
   4.6808191e-02
   4.6188025e-02
   4.7097716e-02
   4.6462326e-02
   3.8378679e-02
   4.2692066e-02
   3.5231778e-02
   4.7180978e-02
   4.3453144e-02
   4.1099341e-02
   4.3042730e-02
   4.2730650e-02
   3.4953790e-02
   3.9904273e-02
   4.0762532e-02
   4.5772488e-02
   4.8241469e-02
   4.3875921e-02
   4.5696121e-02
   4.8461583e-02
   3.4044082e-02
   3.9605959e-02
   4.1900187e-02
   4.5685829e-02
   4.4950084e-02
   4.1608433e-02
   4.5463818e-02
   4.7245352e-02
   4.4283303e-02
   4.7374082e-02
   4.0304884e-02
   4.3662461e-02
   3.8308984e-02
   3.6826465e-02
   4.0814489e-02
   4.3342785e-02
   4.1539806e-02
   4.6932857e-02
   4.5646817e-02
   4.7391384e-02
   4.5223731e-02
   3.5290809e-02
   4.4982304e-02
   4.3422995e-02
   4.5541132e-02
   4.3382064e-02
   3.3312103e-02
   3.8476087e-02
   4.2725169e-02
   4.2094115e-02
   3.1472455e-02
   4.2248620e-02
   4.6322906e-02
   4.1914672e-02
   4.1377403e-02
   4.3238000e-02
   5.0059063e-02
   4.3721153e-02
   4.5772825e-02
   3.3156659e-02
   4.2672967e-02
   4.4255656e-02
   4.2973078e-02
   3.7428782e-02
   4.3905906e-02
   3.6468298e-02
   3.8631620e-02
   4.4482853e-02
   3.7618791e-02
   4.1813418e-02
   4.8778675e-02
   4.6461193e-02
   4.3670473e-02
   4.7733043e-02
   4.2995015e-02
   4.2235296e-02
   4.5057861e-02
   3.2603363e-02
   4.1632364e-02
   4.2968426e-02
   4.1841724e-02
   4.4950719e-02
   4.5531816e-02
   4.0065029e-02
   3.6833371e-02
   3.9843560e-02
   4.4355791e-02
   3.5638067e-02
   4.2091100e-02
   4.4126116e-02
   4.3435769e-02
   4.7070980e-02
   4.4401311e-02
   4.6529252e-02
   3.9618149e-02
   4.1365463e-02
   4.3878886e-02
   4.9915141e-02
   4.6515381e-02
   4.5714176e-02
   4.2358500e-02
   4.3205021e-02
   4.4262545e-02
   4.0656588e-02
   4.3400728e-02
   4.5368462e-02
   3.7659447e-02
   4.7794232e-02
   4.5119483e-02
   4.2990447e-02
   3.2672293e-02
   4.6235355e-02
   4.3086530e-02
   4.9001124e-02
   4.4274654e-02
   4.8984965e-02
   4.4909457e-02
   3.4361576e-02
   4.3024380e-02
   3.7994382e-02
   4.2051677e-02
   4.4565391e-02
   3.9452160e-02
   4.8931878e-02
   4.2576321e-02
   4.6165364e-02
   3.6433106e-02
   4.9368474e-02
   3.9679497e-02
   4.5648957e-02
   3.7394132e-02
   4.2759744e-02
   4.6631008e-02
   4.6271651e-02
   4.6034575e-02
   4.2620014e-02
   5.0059875e-02
   4.9253406e-02
   4.3339943e-02
   4.4110911e-02
   4.5275331e-02
   4.4484273e-02
   4.6669346e-02
   4.5472827e-02
   4.3818579e-02
   4.5329368e-02
   4.0826554e-02
   3.2909579e-02
   3.2219789e-02
   4.3759983e-02
   3.1491864e-02
   4.7342714e-02
   3.3493926e-02
   4.7854597e-02
   4.9116455e-02
   3.4393940e-02
   3.6292495e-02
   3.5533608e-02
   3.6892990e-02
   3.7347078e-02
   4.1728008e-02
   4.3275025e-02
   3.7196022e-02
   4.3614972e-02
   4.1164720e-02
   4.3535653e-02
   4.4835656e-02
   4.4556612e-02
   4.4234320e-02
   4.8543317e-02
   4.2726008e-02
   4.2388813e-02
   3.7357546e-02
   4.1302202e-02
   4.2801669e-02
   4.3117474e-02
   4.6154118e-02
   3.1988066e-02
   4.2576181e-02
   3.7859086e-02
   4.2470126e-02
   3.8217811e-02
   4.7309676e-02
   3.5967153e-02
   3.7921320e-02
   4.2672565e-02
   4.3141738e-02
   4.2477893e-02
   4.4585857e-02
   4.5657328e-02
   4.1823499e-02
   4.5506546e-02
   3.6679544e-02
   3.5950242e-02
   4.5075675e-02
   4.3178310e-02
   4.2795214e-02
   3.4366790e-02
   4.4753717e-02
   4.2683168e-02
   4.5434208e-02
   4.5208113e-02
   4.2411619e-02
   4.4102542e-02
   4.5539875e-02
