   1.8704554e-01
   2.0737086e-01
   2.0050466e-01
   1.8537816e-01
   2.0286993e-01
   2.0139958e-01
   1.8974572e-01
   2.0001537e-01
   2.0142058e-01
   1.9918553e-01
   2.0351304e-01
   2.0823567e-01
   1.9924961e-01
   1.8652312e-01
   1.9119175e-01
   1.8986524e-01
   2.0926311e-01
   1.8327895e-01
   1.9583212e-01
   1.9421242e-01
   1.9073117e-01
   1.9960674e-01
   2.0368997e-01
   1.9229464e-01
   2.0430041e-01
   1.8977977e-01
   1.9787185e-01
   1.9715889e-01
   2.0170112e-01
   1.8702708e-01
   1.8493047e-01
   2.0367936e-01
   2.0486713e-01
   1.9402771e-01
   1.9165848e-01
   1.9048979e-01
   2.0953163e-01
   1.8596750e-01
   1.9467020e-01
   1.9764506e-01
   1.8946724e-01
   1.9510682e-01
   1.9752791e-01
   1.8764639e-01
   1.9130480e-01
   2.0531591e-01
   2.1319385e-01
   1.9478816e-01
   1.9046375e-01
   1.8839124e-01
   1.8235589e-01
   2.0747572e-01
   1.8990065e-01
   2.0515029e-01
   2.0157392e-01
   2.0249762e-01
   2.0395128e-01
   1.9362735e-01
   2.0891854e-01
   2.0785746e-01
   1.9237748e-01
   2.0203878e-01
   1.9061027e-01
   2.0410305e-01
   2.1431846e-01
   1.8589709e-01
   1.8433517e-01
   2.1233848e-01
   2.0422584e-01
   1.9251496e-01
   2.0474206e-01
   1.9453194e-01
   2.0960126e-01
   1.8717419e-01
   1.9386561e-01
   1.9454484e-01
   2.0257459e-01
   1.8994931e-01
   1.9542347e-01
   1.9543367e-01
   2.0182223e-01
   1.9293443e-01
   1.9255343e-01
   2.0014369e-01
   1.9324921e-01
   1.8665539e-01
   2.0586475e-01
   1.8672330e-01
   2.0284617e-01
   1.9599050e-01
   1.8971943e-01
   1.9512722e-01
   1.9148067e-01
   2.0255667e-01
   1.9851189e-01
   2.1192737e-01
   2.1085274e-01
   1.8639443e-01
   2.0427892e-01
   1.8838885e-01
   1.9360806e-01
   2.0817421e-01
   1.9229587e-01
   2.0060648e-01
   2.0317481e-01
   1.9543400e-01
   1.9878382e-01
   2.0051679e-01
   2.0264127e-01
   2.0977899e-01
   1.9378131e-01
   1.9524409e-01
   2.0872878e-01
   2.0012442e-01
   1.9844126e-01
   1.8769296e-01
   1.9500585e-01
   1.9223346e-01
   1.9249846e-01
   1.9471551e-01
   2.0529090e-01
   1.9869851e-01
   1.9550455e-01
   1.8818903e-01
   1.8933276e-01
   1.8493620e-01
   2.1232938e-01
   1.9545621e-01
   2.0328296e-01
   1.9830626e-01
   1.9023978e-01
   2.0385396e-01
   2.1099589e-01
   2.0222965e-01
   1.9058479e-01
   1.9938380e-01
   1.8822285e-01
   1.9098517e-01
   2.0206003e-01
   1.8840744e-01
   2.0775736e-01
   1.9502402e-01
   1.9245749e-01
   2.0129392e-01
   1.8542052e-01
   1.9704546e-01
   1.8079592e-01
   1.9328128e-01
   1.9978020e-01
   2.0590238e-01
   2.0216466e-01
   2.0493694e-01
   1.9685454e-01
   1.9848014e-01
   2.0501540e-01
   2.0495192e-01
   1.9968364e-01
   1.8379217e-01
   2.0182355e-01
   1.9152017e-01
   1.9477655e-01
   2.0002383e-01
   2.0052659e-01
   1.9285342e-01
   1.9453548e-01
   2.0787112e-01
   1.8967748e-01
   1.9739004e-01
   2.0098480e-01
   1.9078113e-01
   1.9287476e-01
   1.9713709e-01
   1.9339082e-01
   1.8986893e-01
   1.8848762e-01
   1.8934640e-01
   1.8291100e-01
   1.9887098e-01
   1.9203310e-01
   1.9886535e-01
   1.9843045e-01
   2.0470246e-01
   1.9081664e-01
   1.9863679e-01
   2.1356208e-01
   1.9540472e-01
   2.0284981e-01
   2.0104301e-01
   1.9053568e-01
   2.0514809e-01
   2.0159184e-01
   1.9606677e-01
   2.0941542e-01
   1.9757155e-01
   1.8716254e-01
   1.9979286e-01
   2.0343844e-01
   2.0422750e-01
   2.0183968e-01
   2.0013924e-01
   1.9649003e-01
   2.1149796e-01
   1.9608259e-01
   1.9480021e-01
   1.9784859e-01
   1.8923343e-01
   2.0256045e-01
   1.8211918e-01
   1.9467695e-01
   1.9130379e-01
   2.0022839e-01
   1.8757767e-01
   1.9827394e-01
   2.0908582e-01
   1.9971567e-01
   2.0450479e-01
   1.9494039e-01
   1.8592646e-01
   1.9837875e-01
   1.9812563e-01
   2.0111269e-01
   1.9169937e-01
   1.9370773e-01
   2.0316644e-01
   1.9995511e-01
   1.9641931e-01
   1.8694417e-01
   1.8592713e-01
   2.0234005e-01
   1.9151494e-01
   2.0337202e-01
   1.9016055e-01
   1.9100100e-01
   1.9641339e-01
   1.9391537e-01
   2.0235676e-01
   2.0445399e-01
   1.8040261e-01
   1.9597080e-01
   1.9453656e-01
   1.8499208e-01
   1.9226787e-01
   1.9510911e-01
   1.9217403e-01
   1.9849661e-01
   2.0493529e-01
   1.9247986e-01
   1.8958497e-01
   2.0118455e-01
   1.9687903e-01
   2.0052445e-01
   1.8520519e-01
   1.8918111e-01
   1.9654829e-01
   1.8889478e-01
   1.8829717e-01
   1.8817689e-01
   2.0873326e-01
   1.9550795e-01
   1.7995181e-01
   1.9143120e-01
   2.0112448e-01
   2.1100462e-01
   1.9651870e-01
   1.9642762e-01
   1.9105145e-01
   2.0234367e-01
   1.8749347e-01
   1.9226204e-01
   1.8650264e-01
   2.0805801e-01
   1.9173536e-01
   1.9284036e-01
   1.9660587e-01
   2.0386377e-01
   1.9030384e-01
   1.9241225e-01
   1.9532052e-01
   1.8834509e-01
   2.0249073e-01
   1.8809690e-01
   2.0219505e-01
   1.9326261e-01
   2.1141045e-01
   2.0081772e-01
   1.8948179e-01
   2.0103471e-01
   2.0257068e-01
   2.0613007e-01
   1.9294676e-01
   2.0646082e-01
   1.9771446e-01
   1.9979516e-01
   1.9782778e-01
   1.9759090e-01
   1.9021584e-01
   1.8865127e-01
   2.0345043e-01
   1.9584364e-01
   2.0094324e-01
