   1.6984833e-01
   1.6430094e-01
   1.7152124e-01
   1.6173148e-01
   1.6894881e-01
   1.6864030e-01
   1.5906994e-01
   1.6238531e-01
   1.6607846e-01
   1.7653448e-01
   1.6732007e-01
   1.6957992e-01
   1.5623859e-01
   1.5685691e-01
   1.6669611e-01
   1.6875264e-01
   1.6786265e-01
   1.7364650e-01
   1.6497097e-01
   1.7032000e-01
   1.6397627e-01
   1.7950182e-01
   1.6825942e-01
   1.7326844e-01
   1.6345190e-01
   1.6772875e-01
   1.5868577e-01
   1.6520089e-01
   1.8233343e-01
   1.6158873e-01
   1.5548316e-01
   1.6056683e-01
   1.5807550e-01
   1.6334605e-01
   1.7452601e-01
   1.7686645e-01
   1.7592515e-01
   1.7472239e-01
   1.7196791e-01
   1.5967724e-01
   1.6912633e-01
   1.5929988e-01
   1.7937948e-01
   1.7108108e-01
   1.6187928e-01
   1.7161272e-01
   1.6180683e-01
   1.7007869e-01
   1.6835551e-01
   1.8207376e-01
   1.5829679e-01
   1.6551575e-01
   1.6921203e-01
   1.6892830e-01
   1.6535474e-01
   1.6729896e-01
   1.5481737e-01
   1.6313099e-01
   1.6088789e-01
   1.6238927e-01
   1.5916988e-01
   1.8232930e-01
   1.7041043e-01
   1.5883511e-01
   1.7791968e-01
   1.5523540e-01
   1.6031935e-01
   1.6506546e-01
   1.6579634e-01
   1.6084320e-01
   1.8090988e-01
   1.7075989e-01
   1.5914211e-01
   1.5526532e-01
   1.5850140e-01
   1.5787361e-01
   1.6436196e-01
   1.5928894e-01
   1.7865988e-01
   1.7322381e-01
   1.8192246e-01
   1.7127673e-01
   1.6730342e-01
   1.6332049e-01
   1.6507036e-01
   1.6274522e-01
   1.6857921e-01
   1.6200309e-01
   1.7046983e-01
   1.6176792e-01
   1.6466467e-01
   1.7327527e-01
   1.7139666e-01
   1.8133930e-01
   1.7654836e-01
   1.5932610e-01
   1.6048388e-01
   1.7032231e-01
   1.6761518e-01
   1.5839864e-01
   1.7025209e-01
   1.6101174e-01
   1.7030256e-01
   1.6509484e-01
   1.7240082e-01
   1.6294165e-01
   1.7020041e-01
   1.5399786e-01
   1.5794809e-01
   1.5691126e-01
   1.6046974e-01
   1.6700451e-01
   1.5547219e-01
   1.6428807e-01
   1.7081039e-01
   1.7430883e-01
   1.6855802e-01
   1.6943437e-01
   1.5363425e-01
   1.5436599e-01
   1.7651465e-01
   1.5918718e-01
   1.8246450e-01
   1.6715297e-01
   1.6266888e-01
   1.8536285e-01
   1.7670833e-01
   1.6467071e-01
   1.6447605e-01
   1.6451037e-01
   1.6087463e-01
   1.6053666e-01
   1.8892999e-01
   1.6809860e-01
   1.7014970e-01
   1.7195685e-01
   1.6998706e-01
   1.6145341e-01
   1.6336231e-01
   1.5676954e-01
   1.5990209e-01
   1.5655484e-01
   1.5964282e-01
   1.6856397e-01
   1.5871182e-01
   1.7804127e-01
   1.5928244e-01
   1.6267252e-01
   1.6802130e-01
   1.6766937e-01
   1.6231814e-01
   1.5547493e-01
   1.6486568e-01
   1.6712314e-01
   1.5660744e-01
   1.5819241e-01
   1.6154765e-01
   1.5681290e-01
   1.6828446e-01
   1.6032048e-01
   1.5506954e-01
   1.6923205e-01
   1.5559252e-01
   1.6630570e-01
   1.6095977e-01
   1.6822274e-01
   1.7183151e-01
   1.6391310e-01
   1.6829861e-01
   1.5711005e-01
   1.6978117e-01
   1.7389508e-01
   1.6509107e-01
   1.5606965e-01
   1.5533991e-01
   1.7969701e-01
   1.6706385e-01
   1.6631680e-01
   1.6653005e-01
   1.5813222e-01
   1.6846637e-01
   1.6217083e-01
   1.6947401e-01
   1.5420044e-01
   1.6272495e-01
   1.5487412e-01
   1.6538206e-01
   1.6236983e-01
   1.6441625e-01
   1.7376931e-01
   1.5725854e-01
   1.6049403e-01
   1.6252513e-01
   1.7134784e-01
   1.5739787e-01
   1.5973922e-01
   1.7171819e-01
   1.6478945e-01
   1.5842378e-01
   1.6028817e-01
   1.6628577e-01
   1.5888053e-01
   1.5887468e-01
   1.6977575e-01
   1.7249051e-01
   1.8946892e-01
   1.7317903e-01
   1.5855642e-01
   1.7662913e-01
   1.6288130e-01
   1.6796214e-01
   1.7092995e-01
   1.5382414e-01
   1.6078926e-01
   1.5824706e-01
   1.7560532e-01
   1.6959773e-01
   1.6819751e-01
   1.5844959e-01
   1.7688110e-01
   1.7197302e-01
   1.7176570e-01
   1.6997488e-01
   1.5982956e-01
   1.5327512e-01
   1.5599140e-01
   1.5948077e-01
   1.7483175e-01
   1.7025090e-01
   1.5921758e-01
   1.6177464e-01
   1.6064926e-01
   1.7270638e-01
   1.6560310e-01
   1.6149439e-01
   1.7241745e-01
   1.6012213e-01
   1.6988743e-01
   1.6999495e-01
   1.6780428e-01
   1.5513582e-01
   1.5780632e-01
   1.7686563e-01
   1.6392217e-01
   1.8202134e-01
   1.6472592e-01
   1.6642371e-01
   1.5887536e-01
   1.6696933e-01
   1.6477899e-01
   1.5952759e-01
   1.7032331e-01
   1.5884434e-01
   1.6109165e-01
   1.7492715e-01
   1.7121999e-01
   1.6204155e-01
   1.5700082e-01
   1.6351164e-01
   1.6722798e-01
   1.7341144e-01
   1.8155881e-01
   1.5919801e-01
   1.5910387e-01
   1.5498607e-01
   1.6632606e-01
   1.6705545e-01
   1.5962581e-01
   1.7077476e-01
   1.6061767e-01
   1.5880924e-01
   1.5995665e-01
   1.5760169e-01
   1.8696051e-01
   1.6633984e-01
   1.7722139e-01
   1.7044805e-01
   1.5908473e-01
   1.5792599e-01
   1.6648192e-01
   1.6651406e-01
   1.7351567e-01
   1.6393684e-01
   1.5419277e-01
   1.6164025e-01
   1.5964511e-01
   1.6093654e-01
   1.5486496e-01
   1.7216927e-01
   1.7115805e-01
   1.7090721e-01
   1.5967345e-01
   1.5781210e-01
   1.5313811e-01
   1.8420113e-01
   1.6145271e-01
   1.6814563e-01
   1.6005541e-01
   1.5794976e-01
   1.7626316e-01
