   2.5009310e-02
   2.3334627e-02
   2.2481966e-02
   2.0738913e-02
   2.4689060e-02
   2.2069604e-02
   2.2767643e-02
   2.2088430e-02
   2.2241326e-02
   2.2430491e-02
   2.3627663e-02
   2.4171368e-02
   2.2054229e-02
   2.1674931e-02
   2.1670410e-02
   2.1797856e-02
   2.3174171e-02
   2.3971805e-02
   2.2978296e-02
   2.0578987e-02
   2.3013474e-02
   2.1690401e-02
   2.3082561e-02
   2.3712254e-02
   2.3537931e-02
   2.4200558e-02
   2.2756099e-02
   2.1462998e-02
   2.3261092e-02
   2.1513198e-02
   2.2147754e-02
   2.2349085e-02
   2.3955092e-02
   2.3386969e-02
   2.1352362e-02
   2.3874783e-02
   2.0608119e-02
   2.1154346e-02
   2.2629971e-02
   2.2989367e-02
   2.2060530e-02
   2.3694934e-02
   2.2896136e-02
   2.0909943e-02
   2.2593044e-02
   2.1522775e-02
   2.1466151e-02
   2.2076710e-02
   2.4644952e-02
   2.2270832e-02
   2.1743440e-02
   2.2017793e-02
   2.2557083e-02
   2.1766758e-02
   2.3628100e-02
   2.0554028e-02
   2.2163768e-02
   2.3853452e-02
   2.2414247e-02
   2.4103548e-02
   2.1234340e-02
   2.1181037e-02
   2.2765491e-02
   2.2770650e-02
   2.4547549e-02
   2.0532382e-02
   2.2662744e-02
   2.1864638e-02
   2.2499211e-02
   2.0306153e-02
   2.2854794e-02
   2.3728857e-02
   2.1322621e-02
   2.2151718e-02
   2.1258694e-02
   2.1043613e-02
   2.4043362e-02
   2.2260185e-02
   2.1584140e-02
   2.3429711e-02
   2.1140838e-02
   2.2971564e-02
   2.1722799e-02
   2.2826184e-02
   2.1915680e-02
   2.0948695e-02
   2.1947119e-02
   2.3693835e-02
   2.1060425e-02
   2.1249793e-02
   2.2234991e-02
   2.4815217e-02
   2.3921452e-02
   2.2683575e-02
   2.3021196e-02
   2.2142182e-02
   2.2473543e-02
   2.3280615e-02
   2.1531942e-02
   2.1647783e-02
   2.2037304e-02
   2.3807903e-02
   2.1941814e-02
   2.4289706e-02
   2.3908694e-02
   2.4138932e-02
   2.3895797e-02
   2.1494217e-02
   2.3195690e-02
   2.2890968e-02
   2.1456481e-02
   2.2325050e-02
   2.2096260e-02
   2.1280860e-02
   2.3662847e-02
   2.0660853e-02
   2.1398941e-02
   2.1704359e-02
   2.1234744e-02
   2.3307506e-02
   2.2565637e-02
   2.3365614e-02
   2.1819398e-02
   2.2201875e-02
   2.1947399e-02
   2.0455924e-02
   2.2562161e-02
   2.3403845e-02
   2.3165971e-02
   2.2644782e-02
   2.2133649e-02
   2.1431619e-02
   2.1182271e-02
   2.2579968e-02
   2.2563888e-02
   2.3782160e-02
   2.1827486e-02
   2.2686114e-02
   2.0520491e-02
   2.0490442e-02
   2.2270396e-02
   2.1715987e-02
   2.3977882e-02
   2.1862576e-02
   2.3868140e-02
   2.3758638e-02
   2.0506873e-02
   2.1311749e-02
   2.1501304e-02
   2.5264647e-02
   2.1644230e-02
   2.2167618e-02
   2.0848887e-02
   2.4954398e-02
   2.3678822e-02
   2.2904943e-02
   2.1234282e-02
   2.2101370e-02
   2.1501753e-02
   2.2014338e-02
   2.3591373e-02
   2.1913811e-02
   2.4076873e-02
   2.1454288e-02
   2.2241292e-02
   2.4599133e-02
   2.4422730e-02
   2.2905579e-02
   2.3795680e-02
   2.4330903e-02
   2.3295680e-02
   2.2269895e-02
   2.3405536e-02
   2.2637539e-02
   2.1536579e-02
   2.0671159e-02
   2.4929962e-02
   2.3710597e-02
   2.2297971e-02
   2.4071071e-02
   2.2577014e-02
   2.1936679e-02
   2.3429680e-02
   2.2154979e-02
   2.2385801e-02
   2.2218593e-02
   2.2582450e-02
   2.1405171e-02
   2.3179252e-02
   2.3259060e-02
   2.1959588e-02
   2.3940519e-02
   2.2147093e-02
   2.3157122e-02
   2.2682947e-02
   2.3021746e-02
   2.3901976e-02
   2.2338950e-02
   2.2118308e-02
   2.1813920e-02
   2.1501325e-02
   2.3110459e-02
   2.1994746e-02
   2.2011520e-02
   2.1846895e-02
   2.4215212e-02
   2.3667410e-02
   2.3946722e-02
   2.0953608e-02
   2.2299652e-02
   2.1054633e-02
   2.3324656e-02
   2.3836853e-02
   2.0940493e-02
   2.3129835e-02
   2.3702864e-02
   2.4034328e-02
   2.1094400e-02
   2.3081386e-02
   2.2057918e-02
   2.1695340e-02
   2.3140290e-02
   2.4614685e-02
   2.2203089e-02
   2.4285683e-02
   2.1910409e-02
   2.3175172e-02
   2.1986928e-02
   2.1674783e-02
   2.1398993e-02
   2.3691394e-02
   2.3639936e-02
   2.0806607e-02
   2.2785470e-02
   2.3199395e-02
   2.3994234e-02
   2.2891634e-02
   2.4736635e-02
   2.0547196e-02
   2.4029941e-02
   2.4417178e-02
   2.2583370e-02
   2.2134085e-02
   2.2770610e-02
   2.4038496e-02
   2.5232426e-02
   2.4062550e-02
   2.3460248e-02
   2.3134891e-02
   2.2429728e-02
   2.2405357e-02
   2.1546625e-02
   2.1720882e-02
   2.3163747e-02
   2.1311920e-02
   2.2914828e-02
   2.2615862e-02
   2.1712225e-02
   2.1413564e-02
   2.1471382e-02
   2.2385636e-02
   2.4195825e-02
   2.4234039e-02
   2.3186642e-02
   2.4677957e-02
   2.4938689e-02
   2.2130741e-02
   2.4892209e-02
   2.4664803e-02
   2.1720391e-02
   2.4287876e-02
   2.1182789e-02
   2.3083327e-02
   2.3137799e-02
   2.1310992e-02
   2.1580910e-02
   2.1619262e-02
   2.1021006e-02
   2.1744788e-02
   2.2248235e-02
   2.1935658e-02
   2.2568328e-02
   2.1829896e-02
   2.0947372e-02
   2.1026957e-02
   2.3241794e-02
   2.2864137e-02
   2.4268299e-02
   2.3580156e-02
   2.2425952e-02
   2.4101767e-02
   2.4181579e-02
   2.2175877e-02
   2.3415203e-02
   2.2234012e-02
   2.2666892e-02
   2.2588711e-02
   2.2360272e-02
   2.3333861e-02
   2.1309253e-02
