   1.9698983e-01
   1.9938643e-01
   2.0241154e-01
   2.0160617e-01
   2.1185925e-01
   2.0036539e-01
   1.9435069e-01
   2.1225238e-01
   1.9749842e-01
   1.9198215e-01
   2.0313944e-01
   1.9273157e-01
   1.9579213e-01
   1.9314622e-01
   1.9265090e-01
   1.9508864e-01
   2.1604083e-01
   1.9301322e-01
   1.9985906e-01
   1.8944223e-01
   1.8859482e-01
   2.1400785e-01
   2.0405013e-01
   1.9327820e-01
   1.9318504e-01
   2.1233840e-01
   2.0305984e-01
   1.9470547e-01
   2.0039155e-01
   1.9241299e-01
   1.9228324e-01
   1.9445135e-01
   2.0769041e-01
   1.9725591e-01
   1.9576328e-01
   1.9712504e-01
   1.9428342e-01
   1.9238393e-01
   1.9319670e-01
   2.0793146e-01
   2.0745980e-01
   1.9436129e-01
   1.9398712e-01
   1.9080841e-01
   1.8901612e-01
   2.0237457e-01
   1.9990478e-01
   2.1127678e-01
   1.9579481e-01
   2.1423618e-01
   1.9432276e-01
   1.9949882e-01
   1.9734982e-01
   2.0240154e-01
   1.9656559e-01
   1.9537182e-01
   1.9347994e-01
   1.9384022e-01
   1.9491847e-01
   1.9624248e-01
   2.0533685e-01
   1.9737611e-01
   2.1625030e-01
   2.0282204e-01
   2.1631327e-01
   1.9466358e-01
   1.9901119e-01
   1.9465815e-01
   1.9630706e-01
   1.9881140e-01
   2.1106666e-01
   2.0340611e-01
   1.9678638e-01
   1.9842731e-01
   1.9915583e-01
   1.8901394e-01
   1.9447769e-01
   1.8912593e-01
   1.9907991e-01
   1.9402113e-01
   2.1792629e-01
   2.0016147e-01
   1.9701901e-01
   1.9989401e-01
   2.1573894e-01
   2.0254142e-01
   1.9349361e-01
   1.9477458e-01
   2.0309534e-01
   2.0336232e-01
   2.1191426e-01
   1.9665889e-01
   1.9683423e-01
   2.1438204e-01
   1.9443044e-01
   2.0565749e-01
   2.0589451e-01
   1.9764389e-01
   2.0450822e-01
   1.8961134e-01
   1.9540958e-01
   1.9550276e-01
   2.0717120e-01
   1.8920993e-01
   1.9653556e-01
   1.9421255e-01
   1.9405481e-01
   2.0356063e-01
   2.0230928e-01
   1.9828160e-01
   2.0267516e-01
   2.0290617e-01
   1.9729937e-01
   2.1436436e-01
   1.9628442e-01
   1.9556851e-01
   1.9548716e-01
   1.9986680e-01
   2.0263766e-01
   2.0183431e-01
   2.0146549e-01
   2.1140288e-01
   1.9343016e-01
   2.1030961e-01
   2.0628133e-01
   1.9266726e-01
   2.0336453e-01
   1.9036289e-01
   1.9596554e-01
   1.9309921e-01
   1.9262668e-01
   2.0562648e-01
   1.9332488e-01
   2.0546053e-01
   2.0066692e-01
   1.8861083e-01
   1.9825145e-01
   2.0406031e-01
   1.9480746e-01
   1.9481726e-01
   1.9277906e-01
   1.9222514e-01
   2.0450996e-01
   2.0337043e-01
   1.9572536e-01
   1.9587710e-01
   1.9974631e-01
   2.0846177e-01
   1.9951527e-01
   1.9297749e-01
   1.8925674e-01
   1.9359991e-01
   1.9209567e-01
   2.0411925e-01
   2.0168936e-01
   2.1421503e-01
   1.9937046e-01
   1.9461161e-01
   1.9042284e-01
   1.9520268e-01
   1.9298402e-01
   1.9917509e-01
   1.9513544e-01
   1.9264296e-01
   1.9815527e-01
   1.9552857e-01
   1.9403984e-01
   1.8911590e-01
   1.9145620e-01
   2.0262841e-01
   1.9815457e-01
   1.9927346e-01
   1.9916562e-01
   2.0178662e-01
   2.0483427e-01
   2.0816081e-01
   1.9705773e-01
   1.9477955e-01
   1.9859546e-01
   2.0055421e-01
   1.9297028e-01
   1.9638620e-01
   1.9796852e-01
   2.0349876e-01
   1.9924490e-01
   2.0684232e-01
   1.9349562e-01
   1.9914246e-01
   1.9743059e-01
   1.9381022e-01
   1.9735943e-01
   2.0699807e-01
   1.9595439e-01
   1.9768082e-01
   2.0025999e-01
   1.9922883e-01
   2.0424800e-01
   1.9910652e-01
   2.0298994e-01
   2.1124343e-01
   2.0070082e-01
   1.9370051e-01
   1.8922362e-01
   2.0585350e-01
   2.1226306e-01
   1.9277722e-01
   1.9697638e-01
   1.9275739e-01
   2.0564570e-01
   2.0159209e-01
   1.9097365e-01
   1.9799058e-01
   1.9824245e-01
   1.9269477e-01
   1.9212457e-01
   2.0445581e-01
   1.9669297e-01
   1.9446126e-01
   1.9794593e-01
   1.9349351e-01
   1.9391104e-01
   1.9726001e-01
   2.0108799e-01
   1.9495653e-01
   1.9716497e-01
   1.9699136e-01
   1.9449872e-01
   1.9560419e-01
   1.9562599e-01
   1.9249462e-01
   1.9278944e-01
   1.9304752e-01
   1.9665684e-01
   1.8888962e-01
   1.8818587e-01
   1.9382818e-01
   1.9439434e-01
   1.9473075e-01
   1.9441168e-01
   1.9166526e-01
   1.9285040e-01
   1.9904664e-01
   2.0401277e-01
   1.8885920e-01
   2.0019250e-01
   1.9424527e-01
   1.9389325e-01
   2.0334655e-01
   2.0319376e-01
   1.9493842e-01
   2.0765029e-01
   2.0145726e-01
   1.9713671e-01
   1.9557279e-01
   1.9688870e-01
   1.9813118e-01
   1.9504481e-01
   1.9541777e-01
   2.0295454e-01
   1.9363199e-01
   1.9265666e-01
   1.9301692e-01
   2.0011078e-01
   1.9226678e-01
   2.0959672e-01
   1.9589895e-01
   2.1137386e-01
   1.9413180e-01
   1.9757813e-01
   1.9942916e-01
   2.0318034e-01
   2.0492333e-01
   1.9225904e-01
   1.9318434e-01
   1.9511882e-01
   2.0115753e-01
   1.9433836e-01
   1.9484515e-01
   1.9526729e-01
   1.9462913e-01
   2.0494081e-01
   2.1386332e-01
   2.1332554e-01
   2.1104908e-01
   1.9196231e-01
   1.9340423e-01
   1.9550793e-01
   1.9830098e-01
   1.9475589e-01
   1.9730502e-01
   1.9245024e-01
   1.9831614e-01
   1.9577192e-01
   2.0233862e-01
   1.9554951e-01
   1.9235609e-01
   1.9766673e-01
   1.9934114e-01
   1.9513856e-01
   1.9198953e-01
