   1.6677765e-01
   1.7329475e-01
   1.8299698e-01
   1.6835112e-01
   1.8265305e-01
   1.7662244e-01
   1.7446913e-01
   1.8619171e-01
   1.6502223e-01
   1.7569332e-01
   1.7495786e-01
   1.7928056e-01
   1.7782146e-01
   1.7326847e-01
   1.7712939e-01
   1.7436574e-01
   1.8680246e-01
   1.8562045e-01
   1.7838992e-01
   1.8424079e-01
   1.8556882e-01
   1.6221767e-01
   1.7661477e-01
   1.8698606e-01
   1.6627214e-01
   1.7628264e-01
   1.6607478e-01
   1.7623111e-01
   1.7673246e-01
   1.8238119e-01
   1.7124589e-01
   1.8019698e-01
   1.6710261e-01
   1.6471025e-01
   1.7751766e-01
   1.7048407e-01
   1.6854478e-01
   1.7501511e-01
   1.7758853e-01
   1.6884482e-01
   1.7706495e-01
   1.7610494e-01
   1.6236939e-01
   1.6303879e-01
   1.6847367e-01
   1.7764905e-01
   1.8312304e-01
   1.6972718e-01
   1.7310498e-01
   1.7483152e-01
   1.7686915e-01
   1.7539101e-01
   1.8613704e-01
   1.6725504e-01
   1.6300867e-01
   1.8125079e-01
   1.7989037e-01
   1.7392406e-01
   1.6461835e-01
   1.6566872e-01
   1.7479117e-01
   1.7561405e-01
   1.7409577e-01
   1.7746960e-01
   1.7572663e-01
   1.7650957e-01
   1.8644378e-01
   1.7425386e-01
   1.7153456e-01
   1.8258596e-01
   1.7708689e-01
   1.6899341e-01
   1.7591807e-01
   1.7833897e-01
   1.7644474e-01
   1.7489974e-01
   1.7671686e-01
   1.6192674e-01
   1.7381580e-01
   1.6919406e-01
   1.7928435e-01
   1.7457210e-01
   1.7225657e-01
   1.7410588e-01
   1.6521401e-01
   1.6343644e-01
   1.7396745e-01
   1.7489238e-01
   1.7144712e-01
   1.7754586e-01
   1.8187998e-01
   1.7907635e-01
   1.7243560e-01
   1.7456233e-01
   1.7552477e-01
   1.7444747e-01
   1.8449311e-01
   1.7177341e-01
   1.7447855e-01
   1.6834794e-01
   1.7414622e-01
   1.7698966e-01
   1.7424536e-01
   1.6305140e-01
   1.6700466e-01
   1.7731737e-01
   1.7046619e-01
   1.7377453e-01
   1.6532902e-01
   1.8501227e-01
   1.8275557e-01
   1.6463792e-01
   1.6988413e-01
   1.7562751e-01
   1.7185984e-01
   1.7998492e-01
   1.6406368e-01
   1.6357957e-01
   1.7293536e-01
   1.7190949e-01
   1.8106076e-01
   1.7651367e-01
   1.8375718e-01
   1.8282007e-01
   1.6480707e-01
   1.7758077e-01
   1.7542037e-01
   1.6409292e-01
   1.6723674e-01
   1.7257248e-01
   1.6885373e-01
   1.7416369e-01
   1.6403615e-01
   1.7727559e-01
   1.7437149e-01
   1.8313661e-01
   1.8080679e-01
   1.7533904e-01
   1.7486906e-01
   1.6655421e-01
   1.8451163e-01
   1.7162299e-01
   1.7481082e-01
   1.7135929e-01
   1.6187017e-01
   1.7192185e-01
   1.7814719e-01
   1.6772507e-01
   1.7842235e-01
   1.7989536e-01
   1.7486160e-01
   1.6501070e-01
   1.7512794e-01
   1.7482444e-01
   1.6217681e-01
   1.7708640e-01
   1.7103620e-01
   1.7096939e-01
   1.8687430e-01
   1.8476532e-01
   1.7440464e-01
   1.6572041e-01
   1.7087641e-01
   1.6673268e-01
   1.7538346e-01
   1.7908525e-01
   1.7346515e-01
   1.7067907e-01
   1.7685431e-01
   1.8615044e-01
   1.8372521e-01
   1.7837746e-01
   1.7610106e-01
   1.8203455e-01
   1.7636634e-01
   1.7631754e-01
   1.7167083e-01
   1.6430859e-01
   1.7485853e-01
   1.7528420e-01
   1.6699722e-01
   1.6699922e-01
   1.6279552e-01
   1.7364122e-01
   1.6291278e-01
   1.7468294e-01
   1.6733581e-01
   1.8639702e-01
   1.6723973e-01
   1.7463403e-01
   1.8640679e-01
   1.6508413e-01
   1.7984778e-01
   1.6812120e-01
   1.8368712e-01
   1.8560937e-01
   1.7470766e-01
   1.7637152e-01
   1.7632967e-01
   1.6970818e-01
   1.6818758e-01
   1.8718521e-01
   1.7328048e-01
   1.8423036e-01
   1.7286541e-01
   1.7537187e-01
   1.7440895e-01
   1.8657014e-01
   1.7841543e-01
   1.8413109e-01
   1.8024491e-01
   1.6932928e-01
   1.6569167e-01
   1.8119458e-01
   1.8653298e-01
   1.7726502e-01
   1.6404442e-01
   1.7725646e-01
   1.7466482e-01
   1.7507509e-01
   1.7441217e-01
   1.7499211e-01
   1.7875051e-01
   1.7942791e-01
   1.8672856e-01
   1.7628990e-01
   1.7482023e-01
   1.7506619e-01
   1.7605362e-01
   1.7531986e-01
   1.8028693e-01
   1.7080508e-01
   1.7347300e-01
   1.6704962e-01
   1.7107820e-01
   1.7480455e-01
   1.6856457e-01
   1.7941984e-01
   1.8099472e-01
   1.8583094e-01
   1.7349877e-01
   1.8222649e-01
   1.7124859e-01
   1.6649915e-01
   1.6263965e-01
   1.8649828e-01
   1.7421697e-01
   1.7572822e-01
   1.7272359e-01
   1.6724578e-01
   1.6404259e-01
   1.8476471e-01
   1.7154159e-01
   1.8480029e-01
   1.7390501e-01
   1.7525164e-01
   1.8418305e-01
   1.7667083e-01
   1.6584811e-01
   1.7645700e-01
   1.7551552e-01
   1.7823141e-01
   1.6402888e-01
   1.7693401e-01
   1.8665110e-01
   1.8647901e-01
   1.6543964e-01
   1.7661396e-01
   1.6713915e-01
   1.6769567e-01
   1.7293887e-01
   1.7505667e-01
   1.7865275e-01
   1.7069891e-01
   1.7396458e-01
   1.7439862e-01
   1.7621548e-01
   1.7526469e-01
   1.6299934e-01
   1.6321593e-01
   1.7473924e-01
   1.6407714e-01
   1.7251776e-01
   1.8612702e-01
   1.8577712e-01
   1.7925412e-01
   1.6696412e-01
   1.7515127e-01
   1.7637924e-01
   1.7307029e-01
   1.7620534e-01
   1.6444162e-01
   1.8680882e-01
   1.7443495e-01
   1.7850830e-01
   1.7698775e-01
   1.7413839e-01
   1.6382778e-01
   1.6841978e-01
   1.6937808e-01
