   2.5939070e-02
   2.6410275e-02
   2.6006449e-02
   2.5224482e-02
   2.5826592e-02
   2.3926260e-02
   2.6866408e-02
   2.6766369e-02
   2.6862290e-02
   2.5181247e-02
   2.6878827e-02
   2.6433000e-02
   2.5646183e-02
   2.5460635e-02
   2.6696431e-02
   2.4241979e-02
   2.4243700e-02
   2.5234688e-02
   2.5302860e-02
   2.5828801e-02
   2.6926581e-02
   2.4786695e-02
   2.6595231e-02
   2.6655873e-02
   2.3624308e-02
   2.6202861e-02
   2.5897168e-02
   2.6463626e-02
   2.5840545e-02
   2.5954084e-02
   2.6327908e-02
   2.7038369e-02
   2.4429068e-02
   2.5619720e-02
   2.6489963e-02
   2.6243602e-02
   2.5673059e-02
   2.4222433e-02
   2.4999225e-02
   2.4783299e-02
   2.4109818e-02
   2.6112602e-02
   2.6094780e-02
   2.3507797e-02
   2.6474689e-02
   2.4099846e-02
   2.4524573e-02
   2.4028194e-02
   2.5443012e-02
   2.4307711e-02
   2.6412350e-02
   2.6159422e-02
   2.6458010e-02
   2.6134876e-02
   2.7182179e-02
   2.4628777e-02
   2.3989072e-02
   2.6086849e-02
   2.5798166e-02
   2.6177248e-02
   2.3785876e-02
   2.4492437e-02
   2.5792333e-02
   2.5345738e-02
   2.5863872e-02
   2.6561992e-02
   2.6104355e-02
   2.6016794e-02
   2.4608416e-02
   2.6673733e-02
   2.3632487e-02
   2.5520064e-02
   2.4501174e-02
   2.6874863e-02
   2.5546616e-02
   2.3980890e-02
   2.5723279e-02
   2.5430566e-02
   2.5676682e-02
   2.5530355e-02
   2.5555372e-02
   2.6635388e-02
   2.6956514e-02
   2.4300104e-02
   2.5683172e-02
   2.5238126e-02
   2.3770225e-02
   2.6328347e-02
   2.6107074e-02
   2.6467333e-02
   2.5182458e-02
   2.4541260e-02
   2.6821452e-02
   2.4528378e-02
   2.6085183e-02
   2.5501217e-02
   2.7055774e-02
   2.5950612e-02
   2.4561159e-02
   2.6365312e-02
   2.6828344e-02
   2.4999579e-02
   2.6946491e-02
   2.6149150e-02
   2.4936111e-02
   2.6849120e-02
   2.5542415e-02
   2.4546372e-02
   2.3553392e-02
   2.4592435e-02
   2.4868148e-02
   2.5421129e-02
   2.6592053e-02
   2.4944373e-02
   2.5053963e-02
   2.6044161e-02
   2.5431618e-02
   2.6757602e-02
   2.4545008e-02
   2.6915341e-02
   2.4972412e-02
   2.7994989e-02
   2.5479762e-02
   2.7009654e-02
   2.4408910e-02
   2.4710104e-02
   2.5265718e-02
   2.5858954e-02
   2.4314606e-02
   2.6404499e-02
   2.6352949e-02
   2.7220757e-02
   2.5729590e-02
   2.4304405e-02
   2.5207453e-02
   2.7021955e-02
   2.5472182e-02
   2.6255337e-02
   2.5960173e-02
   2.6472588e-02
   2.4690118e-02
   2.7087710e-02
   2.4185975e-02
   2.8107116e-02
   2.3660885e-02
   2.4645129e-02
   2.5220615e-02
   2.5210496e-02
   2.5834331e-02
   2.6920924e-02
   2.6541841e-02
   2.6894980e-02
   2.4643874e-02
   2.4348179e-02
   2.5508466e-02
   2.5722886e-02
   2.5041258e-02
   2.3611884e-02
   2.4763187e-02
   2.6049987e-02
   2.5847761e-02
   2.4866837e-02
   2.4301753e-02
   2.6382120e-02
   2.6418543e-02
   2.5776803e-02
   2.6892832e-02
   2.7118875e-02
   2.5515337e-02
   2.7004920e-02
   2.5910220e-02
   2.3596042e-02
   2.6037994e-02
   2.4170984e-02
   2.7478642e-02
   2.4269263e-02
   2.6047587e-02
   2.7771883e-02
   2.5954954e-02
   2.3814708e-02
   2.5389098e-02
   2.7065971e-02
   2.6570536e-02
   2.5785690e-02
   2.7931475e-02
   2.4227175e-02
   2.6241280e-02
   2.5840721e-02
   2.4481180e-02
   2.6407631e-02
   2.3808122e-02
   2.5601126e-02
   2.6461066e-02
   2.6239446e-02
   2.5061608e-02
   2.4594274e-02
   2.3448399e-02
   2.3698424e-02
   2.5496539e-02
   2.5967745e-02
   2.4697116e-02
   2.5974309e-02
   2.5444292e-02
   2.7914248e-02
   2.7336119e-02
   2.4206931e-02
   2.5905702e-02
   2.4811437e-02
   2.7870199e-02
   2.3578583e-02
   2.6132816e-02
   2.4560331e-02
   2.5836665e-02
   2.4812916e-02
   2.4274786e-02
   2.3694034e-02
   2.5326039e-02
   2.6496613e-02
   2.5967771e-02
   2.5292321e-02
   2.5596469e-02
   2.4798972e-02
   2.6586528e-02
   2.5941272e-02
   2.6794791e-02
   2.5684204e-02
   2.6358698e-02
   2.5033879e-02
   2.6538065e-02
   2.6206038e-02
   2.8049023e-02
   2.3543390e-02
   2.4428192e-02
   2.7284809e-02
   2.6550673e-02
   2.4112835e-02
   2.3494508e-02
   2.4702001e-02
   2.4152688e-02
   2.5399322e-02
   2.5377552e-02
   2.3444888e-02
   2.7882084e-02
   2.6404751e-02
   2.7181321e-02
   2.6233268e-02
   2.4825304e-02
   2.4409979e-02
   2.6466552e-02
   2.4798434e-02
   2.7171132e-02
   2.5347225e-02
   2.6472762e-02
   2.6469483e-02
   2.3557470e-02
   2.7341524e-02
   2.4756490e-02
   2.6203386e-02
   2.6534212e-02
   2.6604354e-02
   2.5988116e-02
   2.6523570e-02
   2.5508255e-02
   2.6116156e-02
   2.4546108e-02
   2.5717873e-02
   2.6562145e-02
   2.5873876e-02
   2.5785878e-02
   2.6436619e-02
   2.4287194e-02
   2.6377735e-02
   2.6976538e-02
   2.5722287e-02
   2.4387279e-02
   2.7010892e-02
   2.7250011e-02
   2.6214284e-02
   2.5266015e-02
   2.6369881e-02
   2.7420594e-02
   2.7405557e-02
   2.4556848e-02
   2.5290126e-02
   2.6375540e-02
   2.4998269e-02
   2.4825830e-02
   2.4796236e-02
   2.4522915e-02
   2.5819991e-02
   2.4963610e-02
   2.5012280e-02
   2.5850906e-02
   2.4554490e-02
   2.7112688e-02
   2.7068188e-02
   2.5238956e-02
   2.7389301e-02
   2.5982791e-02
   2.6070242e-02
