   2.1181724e-02
   2.2879915e-02
   2.6152982e-02
   2.6312541e-02
   2.5617836e-02
   2.6592074e-02
   2.5441089e-02
   2.2501206e-02
   2.4534627e-02
   2.4782523e-02
   2.1592172e-02
   2.6664518e-02
   2.6650687e-02
   2.2150139e-02
   2.4931332e-02
   2.6030838e-02
   2.3911487e-02
   2.6787304e-02
   2.9120682e-02
   2.1597862e-02
   2.3695958e-02
   2.3763816e-02
   2.2416966e-02
   2.3285720e-02
   2.1733309e-02
   2.7488798e-02
   2.1222792e-02
   2.2920403e-02
   2.7765969e-02
   2.0839062e-02
   2.4249653e-02
   2.4198107e-02
   2.1021944e-02
   2.1917849e-02
   2.3472430e-02
   2.1540372e-02
   2.5052960e-02
   2.6589604e-02
   2.6197005e-02
   2.8585068e-02
   2.2638396e-02
   2.2910873e-02
   2.1837556e-02
   2.5714117e-02
   2.2468310e-02
   2.4535700e-02
   2.2932352e-02
   2.5392670e-02
   2.2074182e-02
   2.6514744e-02
   2.7245189e-02
   2.1934715e-02
   2.1250987e-02
   2.8600068e-02
   2.2270188e-02
   2.2165962e-02
   2.2897833e-02
   2.7841164e-02
   2.4361283e-02
   2.4758171e-02
   2.5782832e-02
   2.1072336e-02
   2.2278924e-02
   2.6349264e-02
   2.5840840e-02
   2.5507088e-02
   2.7919108e-02
   2.3317793e-02
   2.6336208e-02
   2.6887596e-02
   2.7891818e-02
   2.5743979e-02
   2.4492177e-02
   2.3712734e-02
   2.1076513e-02
   2.2107316e-02
   2.0934284e-02
   2.3702265e-02
   2.3371668e-02
   2.0939219e-02
   2.3721333e-02
   2.7473598e-02
   2.4356804e-02
   2.6688373e-02
   2.0920338e-02
   2.7014598e-02
   2.1279887e-02
   2.1096026e-02
   2.4137849e-02
   2.4458813e-02
   2.7922606e-02
   2.1240045e-02
   2.5607605e-02
   2.1910164e-02
   2.6774757e-02
   2.7326838e-02
   2.3021922e-02
   2.4279291e-02
   2.6103835e-02
   2.3259128e-02
   2.3148146e-02
   2.1317567e-02
   2.9294440e-02
   2.4177880e-02
   2.1408582e-02
   2.2635034e-02
   2.8130272e-02
   2.1537052e-02
   2.0798625e-02
   2.3049776e-02
   2.2463426e-02
   2.1340494e-02
   2.0566985e-02
   2.3148071e-02
   2.6413170e-02
   2.1679256e-02
   2.6142216e-02
   2.1821429e-02
   2.7220425e-02
   2.4091080e-02
   2.3091310e-02
   2.8539183e-02
   2.2999589e-02
   2.6657283e-02
   2.5829096e-02
   2.5566738e-02
   2.3287089e-02
   2.0842893e-02
   2.6880686e-02
   2.1193387e-02
   2.2111148e-02
   2.5497075e-02
   2.5788394e-02
   2.5046507e-02
   2.3471245e-02
   2.0625051e-02
   2.3652600e-02
   2.5341371e-02
   2.4637443e-02
   2.0642323e-02
   2.2392135e-02
   2.8197803e-02
   2.6273138e-02
   2.3694008e-02
   2.2104182e-02
   2.1249764e-02
   2.5226022e-02
   2.5431183e-02
   2.0721395e-02
   2.5458612e-02
   2.3559498e-02
   2.4239255e-02
   2.6475388e-02
   2.3783549e-02
   2.5674860e-02
   2.3081895e-02
   2.5463039e-02
   2.2680694e-02
   2.7183447e-02
   2.6494305e-02
   2.2947799e-02
   2.5057007e-02
   2.6984921e-02
   2.4331016e-02
   2.1120651e-02
   2.4285886e-02
   2.1256743e-02
   2.5597230e-02
   2.4167856e-02
   2.0998219e-02
   2.4451140e-02
   2.5366422e-02
   2.2544545e-02
   2.5115695e-02
   2.1804739e-02
   2.1177774e-02
   2.4324170e-02
   2.3233591e-02
   2.8074955e-02
   2.5620282e-02
   2.7315436e-02
   2.6226119e-02
   2.3259138e-02
   2.6509414e-02
   2.7922347e-02
   2.3855875e-02
   2.1347227e-02
   2.4646763e-02
   2.3009050e-02
   2.6748169e-02
   2.7716307e-02
   2.4187202e-02
   2.6609133e-02
   2.3813471e-02
   2.6427511e-02
   2.4228902e-02
   2.0601798e-02
   2.2264890e-02
   2.1760131e-02
   2.2952459e-02
   2.5097689e-02
   2.3598881e-02
   2.4492656e-02
   2.2638230e-02
   2.1544087e-02
   2.2816535e-02
   2.8381794e-02
   2.0710450e-02
   2.3528796e-02
   2.2220689e-02
   2.3208400e-02
   2.2294718e-02
   2.0829050e-02
   2.2153758e-02
   2.6967168e-02
   2.7854225e-02
   2.2216012e-02
   2.5380680e-02
   2.3173698e-02
   2.3242756e-02
   2.2187833e-02
   2.4917068e-02
   2.8532127e-02
   2.1550122e-02
   2.5347764e-02
   2.2984256e-02
   2.3477219e-02
   2.2418389e-02
   2.2538161e-02
   2.4692691e-02
   2.4023792e-02
   2.4595573e-02
   2.5556149e-02
   2.1294522e-02
   2.3056918e-02
   2.5636259e-02
   2.4222270e-02
   2.1236153e-02
   2.7959005e-02
   2.0673672e-02
   2.0876345e-02
   2.3917499e-02
   2.2873788e-02
   2.7274870e-02
   2.2010388e-02
   2.5823755e-02
   2.2435050e-02
   2.6706292e-02
   2.1145199e-02
   2.3924143e-02
   2.0762881e-02
   2.1272906e-02
   2.4789528e-02
   2.6576632e-02
   2.3804782e-02
   2.1073357e-02
   2.5155194e-02
   2.1333018e-02
   2.0883779e-02
   2.4041239e-02
   2.4513455e-02
   2.9128823e-02
   2.1084832e-02
   2.5306781e-02
   2.3738310e-02
   2.0703530e-02
   2.3082760e-02
   2.2366086e-02
   2.4964967e-02
   2.6164808e-02
   2.2978998e-02
   2.2212038e-02
   2.1575790e-02
   2.6429380e-02
   2.3029999e-02
   2.4563971e-02
   2.1285212e-02
   2.3282103e-02
   2.3642895e-02
   2.0924473e-02
   2.3737142e-02
   2.6139321e-02
   2.6261492e-02
   2.6410555e-02
   2.7964673e-02
   2.6641989e-02
   2.4773440e-02
   2.4935617e-02
   2.5164736e-02
   2.2097880e-02
   2.4366058e-02
   2.0969309e-02
   2.1414009e-02
   2.2047813e-02
   2.3393273e-02
   2.2078445e-02
   2.0914741e-02
   2.4166710e-02
   2.2704281e-02
   2.0781709e-02
