   1.7066396e-01
   1.6267739e-01
   1.7131705e-01
   1.6675632e-01
   1.7364734e-01
   1.7349172e-01
   1.7127914e-01
   1.7074450e-01
   1.6708651e-01
   1.6089520e-01
   1.6344391e-01
   1.7437819e-01
   1.7785442e-01
   1.6837973e-01
   1.7774749e-01
   1.7570697e-01
   1.7239805e-01
   1.7786190e-01
   1.6333369e-01
   1.6932850e-01
   1.7044815e-01
   1.7249987e-01
   1.7330543e-01
   1.7259939e-01
   1.6187432e-01
   1.7305207e-01
   1.7114263e-01
   1.6825134e-01
   1.6186001e-01
   1.6536643e-01
   1.7213205e-01
   1.7159188e-01
   1.6690280e-01
   1.7115058e-01
   1.6172755e-01
   1.5790763e-01
   1.7206749e-01
   1.7243068e-01
   1.6062862e-01
   1.7007948e-01
   1.7508841e-01
   1.5653724e-01
   1.6192697e-01
   1.6907270e-01
   1.7525463e-01
   1.7080442e-01
   1.7288280e-01
   1.7740001e-01
   1.7141167e-01
   1.6833236e-01
   1.7041428e-01
   1.5800137e-01
   1.6874087e-01
   1.6741490e-01
   1.6728347e-01
   1.6126416e-01
   1.6233772e-01
   1.7774929e-01
   1.5483480e-01
   1.6541669e-01
   1.7257517e-01
   1.7160648e-01
   1.6198262e-01
   1.7464383e-01
   1.7504830e-01
   1.7718871e-01
   1.7306870e-01
   1.6931511e-01
   1.6822518e-01
   1.7152450e-01
   1.7125865e-01
   1.6299720e-01
   1.6970507e-01
   1.6012503e-01
   1.7509248e-01
   1.6314050e-01
   1.6491162e-01
   1.6448227e-01
   1.6426380e-01
   1.7457888e-01
   1.6721304e-01
   1.7222706e-01
   1.7043910e-01
   1.7249107e-01
   1.6553740e-01
   1.7101871e-01
   1.7356562e-01
   1.5940216e-01
   1.7362191e-01
   1.7114656e-01
   1.7141786e-01
   1.6300482e-01
   1.5783897e-01
   1.7401065e-01
   1.7065097e-01
   1.5970747e-01
   1.6719000e-01
   1.7559732e-01
   1.7637473e-01
   1.6086782e-01
   1.7122660e-01
   1.6166940e-01
   1.7432558e-01
   1.7318375e-01
   1.7211270e-01
   1.7122985e-01
   1.6268859e-01
   1.5441104e-01
   1.7064547e-01
   1.7051230e-01
   1.7250118e-01
   1.7540279e-01
   1.7190712e-01
   1.7030657e-01
   1.7128002e-01
   1.7611363e-01
   1.7114820e-01
   1.6096076e-01
   1.7156257e-01
   1.7292913e-01
   1.7492602e-01
   1.6118254e-01
   1.6681771e-01
   1.7281820e-01
   1.7160039e-01
   1.6654758e-01
   1.7085651e-01
   1.6726500e-01
   1.6571287e-01
   1.6486460e-01
   1.7130389e-01
   1.6721723e-01
   1.6938332e-01
   1.6419136e-01
   1.7388966e-01
   1.6999415e-01
   1.5806435e-01
   1.7080496e-01
   1.7007829e-01
   1.6979287e-01
   1.7584530e-01
   1.6345931e-01
   1.7795224e-01
   1.6284896e-01
   1.7312755e-01
   1.5758824e-01
   1.7279751e-01
   1.7072543e-01
   1.6762823e-01
   1.6892037e-01
   1.6677212e-01
   1.5525904e-01
   1.7710281e-01
   1.5923046e-01
   1.7265030e-01
   1.6982800e-01
   1.6875679e-01
   1.6080697e-01
   1.7129834e-01
   1.7037628e-01
   1.7093715e-01
   1.7398197e-01
   1.7216243e-01
   1.6185566e-01
   1.6709657e-01
   1.7170148e-01
   1.6096474e-01
   1.7368538e-01
   1.7114834e-01
   1.7278070e-01
   1.6575017e-01
   1.7037244e-01
   1.6804413e-01
   1.6028747e-01
   1.7098805e-01
   1.7337464e-01
   1.5512017e-01
   1.6805511e-01
   1.6941024e-01
   1.7464205e-01
   1.6833167e-01
   1.7177090e-01
   1.6165062e-01
   1.5871824e-01
   1.6752803e-01
   1.7274083e-01
   1.6031187e-01
   1.5810733e-01
   1.7348862e-01
   1.7403010e-01
   1.5618308e-01
   1.6820838e-01
   1.5511940e-01
   1.7160780e-01
   1.7282494e-01
   1.7785953e-01
   1.7093742e-01
   1.6955722e-01
   1.6676678e-01
   1.7114418e-01
   1.7331175e-01
   1.5804516e-01
   1.7745894e-01
   1.6562300e-01
   1.6050963e-01
   1.5742165e-01
   1.6718937e-01
   1.5660605e-01
   1.6108479e-01
   1.6110652e-01
   1.7133231e-01
   1.7276526e-01
   1.7394249e-01
   1.6793877e-01
   1.6828641e-01
   1.6018810e-01
   1.5881358e-01
   1.7085951e-01
   1.6847017e-01
   1.7641865e-01
   1.7282442e-01
   1.7320732e-01
   1.7278365e-01
   1.7255136e-01
   1.7703540e-01
   1.6854418e-01
   1.7241516e-01
   1.7658043e-01
   1.7375780e-01
   1.7306396e-01
   1.6924243e-01
   1.7505568e-01
   1.6856942e-01
   1.7378865e-01
   1.6415833e-01
   1.7041354e-01
   1.6229612e-01
   1.6999701e-01
   1.7326554e-01
   1.6917365e-01
   1.5668488e-01
   1.6919831e-01
   1.7108893e-01
   1.6902956e-01
   1.7365507e-01
   1.6027445e-01
   1.6493421e-01
   1.6892481e-01
   1.6645432e-01
   1.7119496e-01
   1.7368577e-01
   1.6925985e-01
   1.7301495e-01
   1.7601482e-01
   1.7143626e-01
   1.7449996e-01
   1.6416798e-01
   1.6041057e-01
   1.7004469e-01
   1.7002711e-01
   1.7661038e-01
   1.7179781e-01
   1.5703702e-01
   1.6773161e-01
   1.6438240e-01
   1.6316055e-01
   1.7514161e-01
   1.7128652e-01
   1.7508276e-01
   1.5888856e-01
   1.7217960e-01
   1.7546416e-01
   1.6791412e-01
   1.6010174e-01
   1.6406508e-01
   1.6990955e-01
   1.7122764e-01
   1.6557749e-01
   1.5648890e-01
   1.7528244e-01
   1.6869717e-01
   1.6319370e-01
   1.7416402e-01
   1.7256550e-01
   1.6796504e-01
   1.7315807e-01
   1.7009558e-01
   1.6771550e-01
   1.7127564e-01
   1.5969244e-01
   1.7092377e-01
   1.7006307e-01
   1.6779422e-01
   1.7630141e-01
   1.7123481e-01
   1.7686526e-01
   1.7061510e-01
   1.7484072e-01
   1.7156144e-01
   1.5977291e-01
