   1.7925754e-01
   1.6302939e-01
   1.8013440e-01
   1.6650651e-01
   1.7748145e-01
   1.7318016e-01
   1.9418611e-01
   1.7507650e-01
   1.8595707e-01
   1.7383180e-01
   1.7605537e-01
   1.6757758e-01
   1.8792319e-01
   1.7761920e-01
   1.9001524e-01
   1.7331813e-01
   1.9180984e-01
   1.7007689e-01
   1.7503813e-01
   1.7298968e-01
   1.7606743e-01
   1.8788888e-01
   1.7522170e-01
   1.6643047e-01
   1.6868117e-01
   1.8006740e-01
   1.7989064e-01
   1.6129660e-01
   1.8000623e-01
   1.7823817e-01
   1.7047740e-01
   1.6955962e-01
   1.8961012e-01
   1.8173565e-01
   1.9602450e-01
   1.7111015e-01
   1.6329595e-01
   1.6216980e-01
   1.6789645e-01
   1.7461660e-01
   1.9240802e-01
   1.6189977e-01
   1.8548457e-01
   1.6373441e-01
   1.7972782e-01
   1.6789492e-01
   1.6944179e-01
   1.6799644e-01
   1.6472636e-01
   1.8804159e-01
   1.8402925e-01
   1.6789320e-01
   1.6776488e-01
   1.7026305e-01
   1.6398154e-01
   1.7544134e-01
   1.6472074e-01
   1.8767837e-01
   1.6786660e-01
   1.6891121e-01
   1.7870422e-01
   1.6879631e-01
   1.7469907e-01
   1.8592094e-01
   1.8907573e-01
   1.8968962e-01
   1.6131035e-01
   1.6815769e-01
   1.7166094e-01
   1.7509525e-01
   1.7406579e-01
   1.8873224e-01
   1.6792555e-01
   1.6544278e-01
   1.6998862e-01
   1.9467410e-01
   1.6248965e-01
   1.6804287e-01
   1.8650594e-01
   1.8476286e-01
   1.6323639e-01
   1.9299197e-01
   1.7144136e-01
   1.7266595e-01
   1.7337111e-01
   1.8124607e-01
   1.7005966e-01
   1.9421498e-01
   1.6400424e-01
   1.8260012e-01
   1.6193956e-01
   1.6849890e-01
   1.7437925e-01
   1.7220940e-01
   1.6848167e-01
   1.7085329e-01
   1.6800629e-01
   1.7354042e-01
   1.7639624e-01
   1.7756870e-01
   1.8300013e-01
   1.8311449e-01
   1.7008451e-01
   1.6903337e-01
   1.6508066e-01
   1.8429684e-01
   1.8823705e-01
   1.6396049e-01
   1.8332284e-01
   1.9099868e-01
   1.9595792e-01
   1.6302923e-01
   1.7522683e-01
   1.6831961e-01
   1.7587370e-01
   1.7013612e-01
   1.8055783e-01
   1.6937948e-01
   1.8550990e-01
   1.6513344e-01
   1.8133768e-01
   1.6903537e-01
   1.6823386e-01
   1.8432521e-01
   1.8954518e-01
   1.7821732e-01
   1.7903659e-01
   1.6183628e-01
   1.7760152e-01
   1.7419904e-01
   1.8549151e-01
   1.7382936e-01
   1.6365512e-01
   1.6804701e-01
   1.7640278e-01
   1.8979201e-01
   1.8028302e-01
   1.6692388e-01
   1.7981101e-01
   1.7326861e-01
   1.6815875e-01
   1.6965805e-01
   1.8563588e-01
   1.8219129e-01
   1.6922789e-01
   1.7171739e-01
   1.6216151e-01
   1.7758536e-01
   1.6445967e-01
   1.7042378e-01
   1.6823106e-01
   1.6851059e-01
   1.8286425e-01
   1.8783111e-01
   1.8973662e-01
   1.7263749e-01
   1.7553082e-01
   1.8084780e-01
   1.6937607e-01
   1.6795198e-01
   1.6584015e-01
   1.6366373e-01
   1.6341774e-01
   1.6806490e-01
   1.6131581e-01
   1.8121812e-01
   1.7981975e-01
   1.7139586e-01
   1.6785531e-01
   1.7071103e-01
   1.7956279e-01
   1.9402866e-01
   1.8025584e-01
   1.8641437e-01
   1.8105271e-01
   1.6883522e-01
   1.6785089e-01
   1.8942915e-01
   1.7163153e-01
   1.8540844e-01
   1.8827371e-01
   1.8120810e-01
   1.7476547e-01
   1.6234348e-01
   1.8491920e-01
   1.6891617e-01
   1.9462661e-01
   1.6388219e-01
   1.8373660e-01
   1.8311985e-01
   1.9298903e-01
   1.8302213e-01
   1.6399899e-01
   1.9389618e-01
   1.8647806e-01
   1.7120001e-01
   1.6803885e-01
   1.7885756e-01
   1.6253196e-01
   1.6437209e-01
   1.8540935e-01
   1.6815753e-01
   1.7927969e-01
   1.8629362e-01
   1.7859422e-01
   1.8568598e-01
   1.8948456e-01
   1.8967993e-01
   1.7116793e-01
   1.9473989e-01
   1.6927344e-01
   1.9238892e-01
   1.6818554e-01
   1.6807756e-01
   1.6219977e-01
   1.6962040e-01
   1.8635692e-01
   1.7495902e-01
   1.6213684e-01
   1.7041857e-01
   1.6654533e-01
   1.7183640e-01
   1.7093530e-01
   1.9072190e-01
   1.7672999e-01
   1.8716203e-01
   1.6641839e-01
   1.7546398e-01
   1.8919507e-01
   1.9432580e-01
   1.7616495e-01
   1.7021572e-01
   1.6937399e-01
   1.8058343e-01
   1.8216756e-01
   1.6982749e-01
   1.9407470e-01
   1.8540314e-01
   1.6972648e-01
   1.6465334e-01
   1.6833834e-01
   1.6876940e-01
   1.7966419e-01
   1.6914274e-01
   1.6255952e-01
   1.8162086e-01
   1.7034380e-01
   1.6219780e-01
   1.9000450e-01
   1.6932406e-01
   1.6846431e-01
   1.6355568e-01
   1.8977842e-01
   1.7595736e-01
   1.6802767e-01
   1.6921475e-01
   1.6185609e-01
   1.6302841e-01
   1.7602983e-01
   1.7043921e-01
   1.7074899e-01
   1.6798522e-01
   1.9153778e-01
   1.6335773e-01
   1.7194849e-01
   1.7921356e-01
   1.8646490e-01
   1.8753645e-01
   1.7723756e-01
   1.8567257e-01
   1.7290393e-01
   1.6738219e-01
   1.7983987e-01
   1.8077781e-01
   1.6818538e-01
   1.7152926e-01
   1.6815170e-01
   1.8185132e-01
   1.8144129e-01
   1.8363989e-01
   1.8387812e-01
   1.6815483e-01
   1.6687920e-01
   1.7655994e-01
   1.6908862e-01
   1.6807869e-01
   1.6799928e-01
   1.8482735e-01
   1.6461839e-01
   1.6922414e-01
   1.6379957e-01
   1.6898362e-01
   1.7875814e-01
   1.6815752e-01
   1.7882069e-01
   1.6918506e-01
   1.6278818e-01
   1.6784822e-01
   1.6595381e-01
   1.7282617e-01
