   2.8871675e-02
   3.0292093e-02
   2.8473634e-02
   2.9816549e-02
   2.8063209e-02
   2.9350920e-02
   2.9081204e-02
   3.0249113e-02
   2.8824020e-02
   2.9131999e-02
   2.8971997e-02
   2.8176241e-02
   2.9309048e-02
   2.9535436e-02
   2.9426959e-02
   3.0573505e-02
   2.7858019e-02
   2.9227138e-02
   2.8436720e-02
   2.8618184e-02
   2.9815511e-02
   2.8559031e-02
   2.9066852e-02
   3.0234237e-02
   2.8988710e-02
   2.9153124e-02
   2.9403160e-02
   2.8438804e-02
   2.8112618e-02
   2.8082076e-02
   2.9545291e-02
   2.8502863e-02
   2.8812734e-02
   3.0372800e-02
   2.8751938e-02
   2.9351190e-02
   2.9889615e-02
   2.9242570e-02
   2.7951891e-02
   3.0128911e-02
   2.9353442e-02
   2.7920627e-02
   2.8361719e-02
   2.8689523e-02
   2.8322481e-02
   2.7904036e-02
   2.9009288e-02
   2.8480187e-02
   2.8630870e-02
   2.9962636e-02
   2.8620960e-02
   2.9419363e-02
   2.8175599e-02
   3.0315632e-02
   3.0907942e-02
   2.8832713e-02
   2.9300258e-02
   2.8317882e-02
   2.8369181e-02
   3.0007635e-02
   3.0528836e-02
   2.9368992e-02
   3.0217329e-02
   2.8948171e-02
   2.9329386e-02
   2.9722252e-02
   2.8751513e-02
   2.7826473e-02
   2.8333895e-02
   2.7950956e-02
   3.0318354e-02
   2.8623397e-02
   3.0972871e-02
   2.9352048e-02
   3.0725198e-02
   2.9058695e-02
   2.8353597e-02
   3.0317624e-02
   2.9012165e-02
   2.8867097e-02
   2.8282437e-02
   2.8525970e-02
   2.9549944e-02
   2.9904580e-02
   2.9472103e-02
   2.8184393e-02
   2.8937060e-02
   2.8370968e-02
   2.8883764e-02
   3.0062250e-02
   2.8254713e-02
   2.8467922e-02
   2.8867367e-02
   2.8189634e-02
   2.8492195e-02
   2.8797118e-02
   2.9802085e-02
   2.8491717e-02
   3.0107857e-02
   2.8683903e-02
   2.8446002e-02
   2.9382951e-02
   2.9250530e-02
   3.0294773e-02
   2.8432458e-02
   2.9102454e-02
   2.8724347e-02
   2.8262625e-02
   2.8647487e-02
   2.8616597e-02
   2.8091746e-02
   3.0761581e-02
   2.8360629e-02
   2.9434149e-02
   2.9547266e-02
   3.0303227e-02
   2.8269173e-02
   2.7798935e-02
   2.7871772e-02
   2.8290239e-02
   3.1156891e-02
   2.8590359e-02
   3.0534334e-02
   2.8080393e-02
   3.0258641e-02
   2.7932801e-02
   2.8508784e-02
   2.8411189e-02
   2.9293539e-02
   2.8712581e-02
   2.9040475e-02
   2.9227857e-02
   2.8724484e-02
   2.8602026e-02
   2.8027343e-02
   2.8787530e-02
   2.9928878e-02
   3.0369656e-02
   2.8231582e-02
   2.9901196e-02
   2.8134029e-02
   2.9132908e-02
   2.9066921e-02
   2.9146452e-02
   2.8101212e-02
   2.8189906e-02
   2.8191862e-02
   2.8550371e-02
   2.9028557e-02
   2.8170375e-02
   2.8131706e-02
   2.8753545e-02
   2.9094498e-02
   2.9115619e-02
   2.9709591e-02
   2.8578724e-02
   2.9836768e-02
   3.1099571e-02
   2.8116304e-02
   2.8450582e-02
   2.8713967e-02
   2.8842918e-02
   2.8734113e-02
   2.8990885e-02
   2.9386004e-02
   3.1145283e-02
   2.8129441e-02
   2.8454240e-02
   2.8691790e-02
   3.0307902e-02
   2.9367161e-02
   2.9573218e-02
   2.8491905e-02
   2.8911830e-02
   2.7936208e-02
   2.8018132e-02
   2.9816630e-02
   2.8862139e-02
   2.9072739e-02
   2.9000595e-02
   2.8291167e-02
   2.9020998e-02
   2.8274919e-02
   2.8907185e-02
   2.8113108e-02
   2.8886521e-02
   2.8550524e-02
   2.8395870e-02
   2.8030744e-02
   2.8921173e-02
   2.9152640e-02
   2.8293291e-02
   2.9992142e-02
   2.9252299e-02
   2.9175158e-02
   2.8593964e-02
   2.7847492e-02
   2.9075708e-02
   2.8641505e-02
   2.9399032e-02
   2.9522314e-02
   2.8678962e-02
   2.9487466e-02
   2.9068472e-02
   2.8101040e-02
   2.8582916e-02
   2.9930975e-02
   2.9703917e-02
   2.8867096e-02
   2.9172316e-02
   2.8615459e-02
   2.9465742e-02
   2.7941744e-02
   2.8628768e-02
   2.8486619e-02
   2.8388851e-02
   2.8565841e-02
   2.9252820e-02
   2.9358737e-02
   2.8126747e-02
   2.8161491e-02
   2.9976259e-02
   3.1018490e-02
   3.0481861e-02
   2.8853615e-02
   2.8119479e-02
   2.8668978e-02
   2.8471740e-02
   3.0321179e-02
   3.0041776e-02
   2.9398718e-02
   2.8132168e-02
   3.0510393e-02
   2.9013106e-02
   2.9469964e-02
   2.8458095e-02
   2.9875091e-02
   2.9644437e-02
   2.9533538e-02
   2.8332660e-02
   2.8972361e-02
   2.8373006e-02
   2.8943639e-02
   2.9262013e-02
   2.9938122e-02
   2.9944682e-02
   2.8930148e-02
   2.8102026e-02
   2.8212460e-02
   2.9510801e-02
   3.0147210e-02
   2.8295862e-02
   2.9880133e-02
   2.8357318e-02
   3.0031542e-02
   2.8308591e-02
   2.8371905e-02
   2.8192570e-02
   2.8294742e-02
   3.0026631e-02
   2.8040126e-02
   2.8565740e-02
   2.8702810e-02
   2.8775526e-02
   2.8795510e-02
   3.0042147e-02
   2.8809022e-02
   2.8646273e-02
   2.8131423e-02
   2.8342737e-02
   2.9246521e-02
   2.8360112e-02
   2.9476841e-02
   3.0310593e-02
   2.7985495e-02
   3.0250219e-02
   2.8393878e-02
   2.8524195e-02
   2.8301680e-02
   2.8965975e-02
   2.8134623e-02
   2.9313744e-02
   2.9333772e-02
   2.9514133e-02
   2.8593300e-02
   2.9337038e-02
   2.9291780e-02
   2.8647357e-02
   2.9037900e-02
   2.8497112e-02
   2.8390427e-02
   2.8404572e-02
   2.9418623e-02
   3.0738956e-02
   2.9718994e-02
   2.9438833e-02
   3.1205360e-02
   2.8748731e-02
   2.9255204e-02
   2.8580964e-02
