   4.2417923e-02
   3.9709513e-02
   4.0037572e-02
   3.9628034e-02
   3.7327339e-02
   4.1769751e-02
   4.2974661e-02
   3.7901197e-02
   3.7855456e-02
   3.9782524e-02
   3.8167755e-02
   4.4131409e-02
   3.6883755e-02
   4.0205367e-02
   4.5084927e-02
   3.9350372e-02
   4.1183611e-02
   4.3817876e-02
   4.5477011e-02
   4.2532698e-02
   4.3917976e-02
   4.3147550e-02
   4.3723668e-02
   4.1373238e-02
   3.9845313e-02
   4.1562727e-02
   4.5002627e-02
   4.1851005e-02
   4.1849991e-02
   3.9569589e-02
   4.1741573e-02
   3.9208139e-02
   3.7466374e-02
   4.2751086e-02
   4.3588150e-02
   4.2119793e-02
   4.1127193e-02
   4.0815042e-02
   4.7240210e-02
   4.3652033e-02
   4.3680092e-02
   4.5114932e-02
   3.9095487e-02
   4.0767106e-02
   4.4698685e-02
   4.2292855e-02
   3.6694795e-02
   4.3065677e-02
   4.0732311e-02
   4.2237298e-02
   4.0185659e-02
   3.7870252e-02
   4.5644837e-02
   3.8967195e-02
   3.9733591e-02
   4.1957463e-02
   3.5930041e-02
   4.2338236e-02
   4.2343679e-02
   4.3887842e-02
   3.9445639e-02
   4.4155293e-02
   4.0738112e-02
   4.0570344e-02
   4.0728506e-02
   3.9599114e-02
   4.0982000e-02
   4.4152002e-02
   4.3060977e-02
   4.4527966e-02
   3.6646485e-02
   3.6589497e-02
   4.1986587e-02
   4.1231313e-02
   4.3600387e-02
   3.8332833e-02
   3.9946969e-02
   4.2622864e-02
   4.0603343e-02
   4.4411089e-02
   4.0114822e-02
   3.7496786e-02
   4.0142518e-02
   4.4799536e-02
   4.0364678e-02
   3.7472878e-02
   4.2732324e-02
   4.1041100e-02
   4.2515176e-02
   4.3263585e-02
   4.0696856e-02
   3.7055605e-02
   4.4108743e-02
   4.0391662e-02
   3.7712539e-02
   3.8273899e-02
   4.0415228e-02
   4.3609786e-02
   4.2272098e-02
   4.0470072e-02
   4.0486087e-02
   4.2951513e-02
   4.1172558e-02
   4.1185082e-02
   4.3007298e-02
   3.9859100e-02
   4.3607197e-02
   3.9443256e-02
   4.1429452e-02
   4.4786278e-02
   4.2984183e-02
   4.0271552e-02
   4.3912492e-02
   4.3520209e-02
   4.0729712e-02
   4.0624497e-02
   4.2632191e-02
   3.9747328e-02
   4.7106082e-02
   4.0215536e-02
   4.2281772e-02
   4.2296836e-02
   4.0429588e-02
   4.3431777e-02
   4.2210009e-02
   4.5821825e-02
   4.0992103e-02
   4.4565892e-02
   4.2293142e-02
   4.0215542e-02
   4.2654252e-02
   4.3998573e-02
   4.1886975e-02
   3.9167670e-02
   4.1781297e-02
   3.7307439e-02
   4.3547562e-02
   3.9265499e-02
   4.3402736e-02
   3.7609493e-02
   4.4573312e-02
   4.2328327e-02
   4.3063427e-02
   4.1972322e-02
   4.2088668e-02
   3.9763498e-02
   4.7487666e-02
   4.3019495e-02
   4.1817282e-02
   4.1901677e-02
   4.2509982e-02
   3.9690523e-02
   4.0723155e-02
   4.6187330e-02
   4.1014264e-02
   4.4342039e-02
   4.0687266e-02
   4.2415640e-02
   4.1638779e-02
   3.9297406e-02
   4.4335066e-02
   3.9650315e-02
   4.3572489e-02
   4.2055443e-02
   4.3555571e-02
   4.1429626e-02
   4.4129073e-02
   4.3903941e-02
   4.3451915e-02
   3.9492656e-02
   4.2612015e-02
   4.5910144e-02
   3.9560567e-02
   3.8219395e-02
   4.1744104e-02
   3.9604247e-02
   3.8022757e-02
   3.9264646e-02
   3.7488478e-02
   4.2390103e-02
   3.9817224e-02
   3.9599732e-02
   4.5440070e-02
   3.7297758e-02
   4.0367651e-02
   4.4719239e-02
   4.2422243e-02
   4.6596382e-02
   4.2704626e-02
   4.2280324e-02
   4.1593622e-02
   3.7692775e-02
   4.5486476e-02
   4.3637770e-02
   4.3305264e-02
   4.1989173e-02
   3.8910523e-02
   3.5614467e-02
   4.1887808e-02
   4.4293260e-02
   4.4703971e-02
   4.0181934e-02
   4.0253125e-02
   4.0828836e-02
   3.9734144e-02
   3.9123536e-02
   4.1116527e-02
   4.0638132e-02
   4.0084371e-02
   4.2559566e-02
   4.5031892e-02
   4.2144212e-02
   4.0186792e-02
   3.8473797e-02
   4.4380155e-02
   3.7895149e-02
   3.7458024e-02
   4.4126782e-02
   4.3706874e-02
   4.2784765e-02
   4.2582392e-02
   4.2012265e-02
   4.4106426e-02
   4.0234279e-02
   4.6557215e-02
   4.2012421e-02
   4.3650302e-02
   4.2340107e-02
   4.3544119e-02
   4.4910280e-02
   3.5898254e-02
   4.1166604e-02
   4.0630585e-02
   4.2180658e-02
   4.3184453e-02
   4.3911041e-02
   4.3845249e-02
   4.5309233e-02
   3.6263123e-02
   4.0885026e-02
   4.0859174e-02
   4.1851059e-02
   4.0591305e-02
   4.2424223e-02
   4.1612764e-02
   4.1629435e-02
   4.4183050e-02
   4.2145934e-02
   4.4371514e-02
   3.7143246e-02
   4.0967801e-02
   4.0553513e-02
   4.2288603e-02
   4.2057402e-02
   3.8524380e-02
   3.9742581e-02
   4.0096570e-02
   4.4984586e-02
   3.8196033e-02
   4.2762140e-02
   4.1026783e-02
   3.9627884e-02
   4.3501716e-02
   3.9646956e-02
   3.7040354e-02
   4.0120431e-02
   3.5915170e-02
   3.8798364e-02
   3.9425554e-02
   4.1446646e-02
   4.3194060e-02
   4.3173501e-02
   4.0111106e-02
   4.3059875e-02
   3.6580994e-02
   4.1711563e-02
   4.3183031e-02
   3.9779463e-02
   3.9824294e-02
   4.2203582e-02
   3.8996771e-02
   3.7349212e-02
   4.2042640e-02
   4.0140630e-02
   4.1374182e-02
   3.8652087e-02
   3.8208925e-02
   4.3259074e-02
   4.1767486e-02
   4.4259641e-02
   3.8430789e-02
   4.3697105e-02
   4.1983789e-02
   4.3036316e-02
   4.1813521e-02
   4.2068621e-02
   4.3422228e-02
   4.5532061e-02
   4.1586958e-02
   4.2522279e-02
