   2.7065567e-02
   2.4519937e-02
   2.5979725e-02
   2.4818978e-02
   2.5994586e-02
   2.5194124e-02
   2.7081460e-02
   2.4635285e-02
   2.5743756e-02
   2.5951656e-02
   2.6240345e-02
   2.5009514e-02
   2.6968213e-02
   2.5803562e-02
   2.6584965e-02
   2.6348346e-02
   2.6182348e-02
   2.4403124e-02
   2.6743504e-02
   2.7477369e-02
   2.4661352e-02
   2.5394496e-02
   2.3610587e-02
   2.6010656e-02
   2.5756847e-02
   2.7038003e-02
   2.7053006e-02
   2.7217431e-02
   2.6129522e-02
   2.5914627e-02
   2.7977379e-02
   2.6014807e-02
   2.4790103e-02
   2.6012402e-02
   2.5817439e-02
   2.5279734e-02
   2.5198394e-02
   2.4042211e-02
   2.5803032e-02
   2.6378120e-02
   2.4892768e-02
   2.4428187e-02
   2.6072089e-02
   2.5580803e-02
   2.5733144e-02
   2.4803716e-02
   2.5486630e-02
   2.7290953e-02
   2.3812932e-02
   2.4325347e-02
   2.7523934e-02
   2.5901153e-02
   2.4253777e-02
   2.5905142e-02
   2.5215925e-02
   2.7249590e-02
   2.5859875e-02
   2.6112205e-02
   2.5354007e-02
   2.4781752e-02
   2.6170736e-02
   2.4763681e-02
   2.5872688e-02
   2.5819755e-02
   2.5446989e-02
   2.4652904e-02
   2.5852934e-02
   2.5896300e-02
   2.6103691e-02
   2.5557111e-02
   2.6036218e-02
   2.6830109e-02
   2.6642011e-02
   2.6336966e-02
   2.5649025e-02
   2.6056191e-02
   2.4336714e-02
   2.5137183e-02
   2.5471278e-02
   2.5999229e-02
   2.5276302e-02
   2.5902635e-02
   2.7183991e-02
   2.5832622e-02
   2.7267059e-02
   2.5257101e-02
   2.4664406e-02
   2.3489133e-02
   2.6164840e-02
   2.5965614e-02
   2.5770003e-02
   2.4534138e-02
   2.5636601e-02
   2.6613604e-02
   2.5030728e-02
   2.6115091e-02
   2.5042615e-02
   2.5725441e-02
   2.4740281e-02
   2.5169943e-02
   2.4813192e-02
   2.5308040e-02
   2.5410368e-02
   2.5659707e-02
   2.6021162e-02
   2.5729549e-02
   2.4627682e-02
   2.5516998e-02
   2.6485244e-02
   2.6427147e-02
   2.5994998e-02
   2.4507134e-02
   2.6354387e-02
   2.5746700e-02
   2.5679183e-02
   2.7145963e-02
   2.6493517e-02
   2.7339291e-02
   2.6816932e-02
   2.5582777e-02
   2.6123057e-02
   2.4989664e-02
   2.6432357e-02
   2.5576323e-02
   2.5563484e-02
   2.5749492e-02
   2.5177228e-02
   2.6886837e-02
   2.6899743e-02
   2.5276420e-02
   2.3780269e-02
   2.5943200e-02
   2.5523022e-02
   2.7034244e-02
   2.4749159e-02
   2.5684812e-02
   2.5814492e-02
   2.5849138e-02
   2.4320497e-02
   2.6308728e-02
   2.5078905e-02
   2.4463057e-02
   2.6852813e-02
   2.5933335e-02
   2.3600992e-02
   2.5668483e-02
   2.7628295e-02
   2.5800224e-02
   2.6280638e-02
   2.4876427e-02
   2.6771953e-02
   2.5138931e-02
   2.5060248e-02
   2.3874934e-02
   2.4764318e-02
   2.5391897e-02
   2.4953030e-02
   2.5412477e-02
   2.4381039e-02
   2.4933991e-02
   2.5631568e-02
   2.5992147e-02
   2.5479099e-02
   2.4709218e-02
   2.7148888e-02
   2.3945720e-02
   2.5938475e-02
   2.5946978e-02
   2.5960245e-02
   2.4698393e-02
   2.5727158e-02
   2.4880234e-02
   2.4227751e-02
   2.7208094e-02
   2.5205494e-02
   2.7199265e-02
   2.3615317e-02
   2.7221415e-02
   2.5384417e-02
   2.4828505e-02
   2.4140886e-02
   2.6865765e-02
   2.5736030e-02
   2.5102790e-02
   2.6330037e-02
   2.6911513e-02
   2.4615550e-02
   2.4615425e-02
   2.6974966e-02
   2.5651541e-02
   2.5715983e-02
   2.5584400e-02
   2.4722296e-02
   2.4515491e-02
   2.6641572e-02
   2.5136200e-02
   2.4860915e-02
   2.4019643e-02
   2.4753754e-02
   2.6989656e-02
   2.7858843e-02
   2.4715783e-02
   2.6818610e-02
   2.5920827e-02
   2.6200837e-02
   2.5631734e-02
   2.6353144e-02
   2.4926357e-02
   2.4638953e-02
   2.5737487e-02
   2.4094844e-02
   2.6243767e-02
   2.5695857e-02
   2.4797462e-02
   2.6303318e-02
   2.5396689e-02
   2.6703675e-02
   2.4809157e-02
   2.6405110e-02
   2.6993635e-02
   2.5450203e-02
   2.6773306e-02
   2.5415122e-02
   2.5833190e-02
   2.5967575e-02
   2.4498080e-02
   2.5436776e-02
   2.6653602e-02
   2.6114898e-02
   2.4194250e-02
   2.5713783e-02
   2.5740997e-02
   2.5953274e-02
   2.5159384e-02
   2.4457436e-02
   2.7240690e-02
   2.6644991e-02
   2.5049461e-02
   2.5863586e-02
   2.5349285e-02
   2.5450308e-02
   2.7060957e-02
   2.4463043e-02
   2.5030628e-02
   2.6164981e-02
   2.5796174e-02
   2.5726628e-02
   2.6224119e-02
   2.6108071e-02
   2.6717295e-02
   2.6563017e-02
   2.4548413e-02
   2.6393400e-02
   2.6689080e-02
   2.5752015e-02
   2.6423908e-02
   2.6328370e-02
   2.5418043e-02
   2.6144362e-02
   2.6982244e-02
   2.6284250e-02
   2.5837340e-02
   2.5702623e-02
   2.4312992e-02
   2.5928203e-02
   2.4487949e-02
   2.6543536e-02
   2.5907653e-02
   2.4828735e-02
   2.5655604e-02
   2.5414772e-02
   2.5430641e-02
   2.6010663e-02
   2.5368129e-02
   2.5509389e-02
   2.5772083e-02
   2.6519412e-02
   2.5479761e-02
   2.4127459e-02
   2.5402354e-02
   2.4038794e-02
   2.4819338e-02
   2.6326842e-02
   2.5462153e-02
   2.7368441e-02
   2.4185966e-02
   2.4672109e-02
   2.4466433e-02
   2.6059512e-02
   2.5124089e-02
   2.4597203e-02
   2.6359887e-02
   2.6062786e-02
   2.4352653e-02
   2.6566757e-02
   2.5329870e-02
   2.6135040e-02
   2.7126732e-02
   2.5912407e-02
   2.7316749e-02
