   1.9114482e-01
   1.9321272e-01
   1.9624917e-01
   1.9324894e-01
   1.9304921e-01
   2.1757215e-01
   2.1745051e-01
   1.9658929e-01
   1.9629475e-01
   1.9069930e-01
   2.0023917e-01
   1.9021135e-01
   1.9566763e-01
   1.8929842e-01
   2.0679464e-01
   2.0825665e-01
   2.0013166e-01
   2.0718842e-01
   2.0449982e-01
   2.0775301e-01
   1.9385250e-01
   2.0631409e-01
   1.9393756e-01
   1.9587636e-01
   1.9241493e-01
   1.9165780e-01
   2.1012648e-01
   2.0953849e-01
   1.9563485e-01
   1.8860958e-01
   2.0828903e-01
   1.9214708e-01
   1.9730710e-01
   1.9632787e-01
   2.0881464e-01
   1.9756446e-01
   2.1034351e-01
   2.0970681e-01
   1.9286905e-01
   1.9956034e-01
   2.0861138e-01
   2.1648523e-01
   1.9723693e-01
   2.0225713e-01
   1.9435208e-01
   1.8760306e-01
   2.1821857e-01
   1.9321518e-01
   1.8985778e-01
   1.9598027e-01
   1.8936624e-01
   2.0813642e-01
   2.0533524e-01
   2.0970321e-01
   2.1447099e-01
   2.0742964e-01
   2.0126548e-01
   2.1682370e-01
   1.9407232e-01
   1.9460595e-01
   1.9683812e-01
   2.1817093e-01
   2.0351082e-01
   1.9240596e-01
   1.9707972e-01
   1.9086204e-01
   1.9277524e-01
   1.9769360e-01
   2.0735243e-01
   1.9287749e-01
   1.9640240e-01
   2.0641056e-01
   1.9559986e-01
   2.0675568e-01
   1.9717639e-01
   2.0463424e-01
   1.9711750e-01
   1.9726730e-01
   2.0968886e-01
   1.8635019e-01
   2.0366010e-01
   2.0043729e-01
   2.1173560e-01
   1.9010621e-01
   1.9721747e-01
   1.9075926e-01
   1.8641779e-01
   1.9171865e-01
   1.9125077e-01
   1.9707995e-01
   2.1587797e-01
   2.0905613e-01
   1.9882438e-01
   2.0733971e-01
   2.0614605e-01
   2.1680975e-01
   1.8765351e-01
   1.9110927e-01
   1.8983238e-01
   2.0806559e-01
   2.0915553e-01
   2.1026343e-01
   1.9428984e-01
   1.9911707e-01
   1.9421536e-01
   1.9650166e-01
   2.1840547e-01
   1.8817236e-01
   1.8637257e-01
   2.1354736e-01
   2.1387815e-01
   1.9774316e-01
   1.9407114e-01
   1.9542374e-01
   2.0897168e-01
   1.8982746e-01
   1.9779027e-01
   1.9539685e-01
   1.9265211e-01
   1.9293465e-01
   1.9335897e-01
   1.9905317e-01
   2.1369051e-01
   1.9831183e-01
   2.1230624e-01
   1.9421156e-01
   2.0644345e-01
   1.9119259e-01
   2.0901001e-01
   2.1359691e-01
   1.8982888e-01
   2.0691349e-01
   2.0690440e-01
   1.9853638e-01
   2.0811108e-01
   2.1155298e-01
   1.9726283e-01
   1.9438347e-01
   2.0702795e-01
   2.0862513e-01
   1.8612314e-01
   2.0195764e-01
   1.8972995e-01
   1.8849882e-01
   2.1091477e-01
   1.9010883e-01
   2.0115039e-01
   1.9635915e-01
   1.8989891e-01
   2.0916253e-01
   1.9183613e-01
   1.8775995e-01
   1.9402884e-01
   2.0888661e-01
   1.9625480e-01
   1.9685613e-01
   1.9740771e-01
   2.0596546e-01
   1.9686754e-01
   1.8986195e-01
   2.0597801e-01
   1.9296799e-01
   1.8808934e-01
   2.0749110e-01
   1.9533170e-01
   2.0087335e-01
   1.9094562e-01
   1.9976728e-01
   2.1584597e-01
   2.0858834e-01
   2.1172500e-01
   2.1518750e-01
   1.9157663e-01
   1.9443211e-01
   1.9715390e-01
   1.9427244e-01
   1.9509881e-01
   1.9561936e-01
   1.9561384e-01
   1.9702921e-01
   1.9465179e-01
   1.9943909e-01
   1.9327247e-01
   1.9685514e-01
   2.1203130e-01
   1.9874587e-01
   2.0809361e-01
   2.0007601e-01
   2.0437139e-01
   2.0058676e-01
   2.1619509e-01
   1.9766847e-01
   2.1065549e-01
   1.9058050e-01
   1.9944521e-01
   1.9159748e-01
   2.1113887e-01
   2.0380350e-01
   2.1130350e-01
   2.1022098e-01
   2.1140846e-01
   1.8587941e-01
   1.9114998e-01
   1.9295113e-01
   2.0773573e-01
   1.9486840e-01
   1.9787198e-01
   1.8735875e-01
   1.9007699e-01
   1.9511684e-01
   1.9968654e-01
   2.1569834e-01
   2.0610522e-01
   1.8948176e-01
   2.1017386e-01
   1.8708519e-01
   1.9022333e-01
   2.0136886e-01
   1.9211299e-01
   1.9072831e-01
   1.9700429e-01
   1.8980675e-01
   2.1229641e-01
   2.0893540e-01
   1.9891824e-01
   2.1027716e-01
   2.1423643e-01
   2.1096723e-01
   2.0062041e-01
   1.9051150e-01
   2.1819343e-01
   1.8769068e-01
   2.0727409e-01
   2.1641530e-01
   2.0892889e-01
   2.0772066e-01
   1.8849615e-01
   2.0219724e-01
   2.1084777e-01
   1.9184654e-01
   1.9523764e-01
   2.1505646e-01
   2.1041491e-01
   2.0952068e-01
   2.0643172e-01
   1.9396722e-01
   2.0808642e-01
   2.0582502e-01
   1.9197007e-01
   2.0739106e-01
   1.9712901e-01
   1.9482526e-01
   1.9648986e-01
   1.9522351e-01
   2.0672635e-01
   1.8715804e-01
   2.0952819e-01
   1.9654574e-01
   1.9681596e-01
   1.9151597e-01
   2.1215092e-01
   1.9522056e-01
   1.8630428e-01
   1.9415869e-01
   1.9656934e-01
   2.0904880e-01
   2.0950350e-01
   1.9680126e-01
   1.9717717e-01
   1.9093947e-01
   2.1080306e-01
   2.1161191e-01
   2.0117419e-01
   2.1093709e-01
   1.8771729e-01
   1.9605793e-01
   2.0548408e-01
   1.9126974e-01
   2.0839657e-01
   1.9769165e-01
   1.8978994e-01
   2.0858458e-01
   2.1628919e-01
   1.9066040e-01
   1.9528557e-01
   1.9266455e-01
   1.9705578e-01
   2.1141493e-01
   1.9129039e-01
   1.9376656e-01
   1.9888014e-01
   1.9611490e-01
   2.0392069e-01
   1.9230446e-01
   1.9298029e-01
   1.9447976e-01
   2.0422348e-01
   1.9080996e-01
   1.9256957e-01
   1.9679279e-01
