   1.9456348e-01
   2.0393301e-01
   1.9884082e-01
   2.1166889e-01
   2.1337322e-01
   1.8872797e-01
   2.1548755e-01
   2.1719196e-01
   2.0743228e-01
   1.9840161e-01
   1.9875132e-01
   1.9883074e-01
   2.0074703e-01
   2.1641220e-01
   2.1831943e-01
   1.9875311e-01
   2.1228226e-01
   2.0849522e-01
   2.1829584e-01
   2.1869522e-01
   1.9903727e-01
   2.0454635e-01
   2.2252330e-01
   2.1427889e-01
   2.1865299e-01
   1.9943116e-01
   1.9534244e-01
   2.0641723e-01
   2.0115584e-01
   2.1872129e-01
   2.2171437e-01
   2.0756439e-01
   2.0281007e-01
   2.0145320e-01
   2.1349608e-01
   2.1451898e-01
   2.1366635e-01
   2.0754086e-01
   2.1233027e-01
   1.9664327e-01
   2.1251031e-01
   2.1778423e-01
   2.0082057e-01
   1.9963287e-01
   2.0907235e-01
   2.0877998e-01
   2.1564852e-01
   1.8481679e-01
   2.1006033e-01
   2.1812096e-01
   1.9876351e-01
   1.9467774e-01
   2.1243700e-01
   2.1736894e-01
   2.1803696e-01
   1.9593836e-01
   2.0878344e-01
   2.0659088e-01
   2.2317178e-01
   1.9836767e-01
   1.8938910e-01
   2.1217993e-01
   2.1710181e-01
   2.1534800e-01
   1.9269349e-01
   2.0938875e-01
   2.1758575e-01
   2.2095720e-01
   2.0044711e-01
   2.0136347e-01
   1.9656493e-01
   1.9467878e-01
   2.2096776e-01
   2.1881151e-01
   2.0125863e-01
   2.0589567e-01
   2.0530984e-01
   1.9957598e-01
   1.9824190e-01
   2.2035979e-01
   1.9704051e-01
   2.0066674e-01
   1.9563464e-01
   1.9844599e-01
   2.0385292e-01
   2.0658744e-01
   1.9165713e-01
   2.0978303e-01
   1.9950185e-01
   2.1671961e-01
   2.1841233e-01
   2.1875019e-01
   2.0178543e-01
   2.1602525e-01
   2.0194357e-01
   1.9374540e-01
   2.0268654e-01
   1.8940902e-01
   1.9506731e-01
   2.2026616e-01
   2.1865712e-01
   2.0610305e-01
   2.0476778e-01
   1.8782431e-01
   2.0037626e-01
   2.1483543e-01
   2.0300379e-01
   2.0803509e-01
   2.0517803e-01
   1.9293625e-01
   2.1735125e-01
   2.1376559e-01
   2.0592888e-01
   2.1690511e-01
   1.9836929e-01
   2.0464646e-01
   2.0621034e-01
   2.2246868e-01
   2.0401868e-01
   2.2262668e-01
   2.0130254e-01
   2.0810184e-01
   1.9779895e-01
   1.9542852e-01
   2.0301781e-01
   2.0307692e-01
   2.0029183e-01
   2.0502187e-01
   1.9931458e-01
   2.0668381e-01
   1.9784678e-01
   2.0578075e-01
   1.9201079e-01
   1.8902282e-01
   2.0073925e-01
   2.0108507e-01
   1.8753932e-01
   2.0158136e-01
   2.1105866e-01
   1.9402763e-01
   1.8671118e-01
   2.0914483e-01
   2.1842167e-01
   1.9929243e-01
   1.9844291e-01
   1.9815350e-01
   1.9606916e-01
   2.0469254e-01
   1.8974543e-01
   2.0119207e-01
   2.2141656e-01
   1.9881807e-01
   2.1455589e-01
   2.1055764e-01
   1.9766017e-01
   2.1322176e-01
   2.1821547e-01
   2.1670085e-01
   2.1693839e-01
   2.0599419e-01
   1.9841598e-01
   2.0790897e-01
   1.9624975e-01
   2.0041990e-01
   2.2116958e-01
   2.1809112e-01
   1.9973946e-01
   2.0697686e-01
   2.2492199e-01
   2.0780224e-01
   1.9959482e-01
   2.1583198e-01
   2.0952650e-01
   1.9886174e-01
   2.2404498e-01
   2.1141912e-01
   1.9632377e-01
   1.8711600e-01
   2.1668069e-01
   2.1339325e-01
   1.9823927e-01
   1.9766371e-01
   1.9541686e-01
   2.0367574e-01
   2.0114418e-01
   2.0504632e-01
   2.0344760e-01
   2.2149169e-01
   1.9889351e-01
   1.9250135e-01
   2.0511274e-01
   2.0288453e-01
   2.1227735e-01
   1.9376101e-01
   2.1776241e-01
   2.0440148e-01
   2.2212910e-01
   2.0051955e-01
   2.1963226e-01
   2.0846327e-01
   2.0593761e-01
   1.9736077e-01
   1.9532075e-01
   1.9816517e-01
   2.0329889e-01
   1.8893778e-01
   2.0478487e-01
   2.0225905e-01
   2.1218246e-01
   2.0683434e-01
   1.9714900e-01
   2.1844811e-01
   2.2364178e-01
   2.0025809e-01
   2.0198536e-01
   2.0962961e-01
   1.9260430e-01
   2.1274098e-01
   1.9974395e-01
   1.9101212e-01
   2.1654744e-01
   2.0709752e-01
   2.0313081e-01
   2.0442875e-01
   1.9466743e-01
   2.1950974e-01
   1.9832540e-01
   2.2481303e-01
   1.9837393e-01
   2.1036127e-01
   2.1458021e-01
   2.0412059e-01
   2.1941429e-01
   2.1135798e-01
   1.9393481e-01
   2.2066277e-01
   2.1343496e-01
   2.0292769e-01
   1.9630601e-01
   2.0858425e-01
   2.1224419e-01
   2.1672080e-01
   2.1671947e-01
   2.1883420e-01
   2.0999130e-01
   2.1126970e-01
   1.9800428e-01
   1.9820194e-01
   2.2029964e-01
   1.8694255e-01
   1.9931937e-01
   1.9321287e-01
   2.1425363e-01
   2.0302281e-01
   2.1095181e-01
   1.9516505e-01
   1.9786293e-01
   2.2183700e-01
   1.9823573e-01
   2.2660825e-01
   2.0009066e-01
   1.9410015e-01
   1.9762897e-01
   2.2023800e-01
   2.0012055e-01
   2.0871890e-01
   1.9773741e-01
   2.0327200e-01
   2.0084602e-01
   2.0519339e-01
   1.9252828e-01
   2.1886510e-01
   1.9700125e-01
   1.9899134e-01
   2.1849996e-01
   2.1483033e-01
   1.9047784e-01
   2.1282149e-01
   2.0020508e-01
   2.0508194e-01
   1.8918195e-01
   2.1312182e-01
   2.1650925e-01
   2.1790837e-01
   2.1334531e-01
   1.9017445e-01
   2.1401175e-01
   2.0304081e-01
   2.1648336e-01
   2.0044784e-01
   2.0879156e-01
   2.0285318e-01
   1.9927681e-01
   1.9742980e-01
   2.0392672e-01
   2.0454482e-01
   2.2637353e-01
   2.0216476e-01
   2.1348101e-01
   2.1500323e-01
