   2.3292512e-02
   2.5335340e-02
   2.7639738e-02
   2.5346822e-02
   2.6573721e-02
   2.3978359e-02
   2.8018676e-02
   2.6563577e-02
   2.5575574e-02
   2.4876543e-02
   2.5814130e-02
   2.5842745e-02
   2.5314321e-02
   2.5818818e-02
   2.4022963e-02
   2.4867960e-02
   2.7979200e-02
   2.6929133e-02
   2.6542363e-02
   2.5208386e-02
   2.4251163e-02
   2.8497706e-02
   2.6857116e-02
   2.8218599e-02
   2.3808801e-02
   2.4487206e-02
   2.5292333e-02
   2.5222424e-02
   2.3462174e-02
   2.7943742e-02
   2.8106705e-02
   2.5073337e-02
   2.7313678e-02
   2.5638572e-02
   2.7602496e-02
   2.7133952e-02
   2.3952540e-02
   2.5137611e-02
   2.3905142e-02
   2.4232872e-02
   2.3700321e-02
   2.4385102e-02
   2.6146795e-02
   2.6461916e-02
   2.4453030e-02
   2.6428565e-02
   2.5819352e-02
   2.4263711e-02
   2.6372518e-02
   2.3963024e-02
   2.3901350e-02
   2.5831836e-02
   2.5960111e-02
   2.6686599e-02
   2.7592494e-02
   2.5233196e-02
   2.6830248e-02
   2.5523968e-02
   2.4709380e-02
   2.6308529e-02
   2.4338583e-02
   2.6560247e-02
   2.6187405e-02
   2.8345483e-02
   2.5939734e-02
   2.5024762e-02
   2.4552482e-02
   2.7307702e-02
   2.4226127e-02
   2.5975573e-02
   2.4752360e-02
   2.5124400e-02
   2.4235931e-02
   2.3501108e-02
   2.4404586e-02
   2.6086357e-02
   2.7303627e-02
   2.4940754e-02
   2.7088758e-02
   2.3733397e-02
   2.8577791e-02
   2.5276122e-02
   2.5363397e-02
   2.7517873e-02
   2.4028870e-02
   2.4790621e-02
   2.5749444e-02
   2.4461143e-02
   2.6299402e-02
   2.6592548e-02
   2.3430843e-02
   2.6393143e-02
   2.5294582e-02
   2.6311740e-02
   2.5818783e-02
   2.4187509e-02
   2.7430714e-02
   2.6706361e-02
   2.7110740e-02
   2.5554685e-02
   2.3567035e-02
   2.6526597e-02
   2.6918545e-02
   2.5213673e-02
   2.7499221e-02
   2.6551515e-02
   2.5819776e-02
   2.7536287e-02
   2.7820443e-02
   2.4632090e-02
   2.4579578e-02
   2.7601623e-02
   2.7901218e-02
   2.8141440e-02
   2.6800318e-02
   2.7943683e-02
   2.6307947e-02
   2.6231948e-02
   2.5832245e-02
   2.4989031e-02
   2.4741675e-02
   2.6810823e-02
   2.6013535e-02
   2.6800499e-02
   2.4445149e-02
   2.4631647e-02
   2.4607575e-02
   2.7788531e-02
   2.5427007e-02
   2.7722286e-02
   2.5830982e-02
   2.7821999e-02
   2.4395557e-02
   2.6934501e-02
   2.8284185e-02
   2.4766411e-02
   2.7820131e-02
   2.5152278e-02
   2.6698920e-02
   2.7690222e-02
   2.4941080e-02
   2.6716932e-02
   2.4323130e-02
   2.6779339e-02
   2.2905555e-02
   2.7912717e-02
   2.5827897e-02
   2.5608412e-02
   2.3895602e-02
   2.4099188e-02
   2.6682427e-02
   2.6720577e-02
   2.3549759e-02
   2.4636013e-02
   2.5848444e-02
   2.6225760e-02
   2.4424723e-02
   2.7374717e-02
   2.5436880e-02
   2.5899712e-02
   2.6647290e-02
   2.4134724e-02
   2.5354939e-02
   2.7851289e-02
   2.7354103e-02
   2.6972373e-02
   2.3199742e-02
   2.6664769e-02
   2.6697283e-02
   2.4623314e-02
   2.3754876e-02
   2.8015257e-02
   2.5304191e-02
   2.6114326e-02
   2.3334966e-02
   2.3527324e-02
   2.7831631e-02
   2.4606524e-02
   2.6257383e-02
   2.5758032e-02
   2.6004208e-02
   2.8799227e-02
   2.4940375e-02
   2.8621574e-02
   2.3179843e-02
   2.5757817e-02
   2.4054239e-02
   2.5279089e-02
   2.5587164e-02
   2.4090083e-02
   2.7639750e-02
   2.5218302e-02
   2.4388744e-02
   2.5158026e-02
   2.7002495e-02
   2.6290056e-02
   2.4313750e-02
   2.6792451e-02
   2.8435304e-02
   2.4655639e-02
   2.4825334e-02
   2.5401579e-02
   2.7506203e-02
   2.4037132e-02
   2.5523867e-02
   2.5588264e-02
   2.6752734e-02
   2.6885786e-02
   2.7190023e-02
   2.6943397e-02
   2.8225873e-02
   2.5476349e-02
   2.5710881e-02
   2.6017884e-02
   2.3302738e-02
   2.4344961e-02
   2.4764304e-02
   2.2811974e-02
   2.6834134e-02
   2.7525479e-02
   2.5720160e-02
   2.4782617e-02
   2.6148113e-02
   2.4025295e-02
   2.4975199e-02
   2.6070116e-02
   2.6048676e-02
   2.5020535e-02
   2.4075606e-02
   2.4531904e-02
   2.4604753e-02
   2.6313977e-02
   2.6786199e-02
   2.4761299e-02
   2.7375876e-02
   2.5939839e-02
   2.6758867e-02
   2.5803729e-02
   2.4108608e-02
   2.4855164e-02
   2.7703067e-02
   2.7353591e-02
   2.5163506e-02
   2.5096821e-02
   2.3616683e-02
   2.6775498e-02
   2.6386605e-02
   2.4218414e-02
   2.6320924e-02
   2.3534553e-02
   2.5073442e-02
   2.6143626e-02
   2.5076140e-02
   2.5876819e-02
   2.4437558e-02
   2.6718112e-02
   2.4580004e-02
   2.3964541e-02
   2.6424810e-02
   2.3981756e-02
   2.6432829e-02
   2.5423598e-02
   2.5209425e-02
   2.5787378e-02
   2.4772199e-02
   2.6066616e-02
   2.4439007e-02
   2.6048637e-02
   2.3185135e-02
   2.6829423e-02
   2.6350547e-02
   2.5647646e-02
   2.6143156e-02
   2.6287868e-02
   2.3250463e-02
   2.7195827e-02
   2.5708568e-02
   2.7128601e-02
   2.4515604e-02
   2.5618238e-02
   2.3433366e-02
   2.4268912e-02
   2.7469358e-02
   2.8865831e-02
   2.3578563e-02
   2.4280477e-02
   2.4228001e-02
   2.4199947e-02
   2.4295832e-02
   2.5800932e-02
   2.5836573e-02
   2.4591344e-02
   2.4527202e-02
   2.5604166e-02
   2.4433681e-02
   2.5537809e-02
   2.5205308e-02
   2.7482497e-02
   2.5201056e-02
   2.6362607e-02
