   1.8774593e-02
   1.7512241e-02
   1.8260904e-02
   1.7324947e-02
   1.7298893e-02
   1.7898599e-02
   1.8211941e-02
   1.7515310e-02
   1.9175886e-02
   1.8605373e-02
   1.8794838e-02
   1.7636378e-02
   1.7620289e-02
   1.9017345e-02
   1.8556142e-02
   1.8704741e-02
   1.7685300e-02
   1.7814122e-02
   1.9219900e-02
   1.8121316e-02
   1.8468810e-02
   1.8750361e-02
   1.9578981e-02
   1.7673699e-02
   1.8758091e-02
   1.8713581e-02
   1.8693571e-02
   1.8130316e-02
   1.9609021e-02
   1.9470518e-02
   1.7560637e-02
   1.8274068e-02
   1.7800312e-02
   1.9257347e-02
   1.7661225e-02
   1.8264606e-02
   1.9043174e-02
   1.7611421e-02
   1.7804995e-02
   1.7702933e-02
   1.8782550e-02
   1.9079387e-02
   1.8199650e-02
   1.8109019e-02
   1.8697822e-02
   1.9017844e-02
   1.7426570e-02
   1.7550075e-02
   1.9097741e-02
   1.7463660e-02
   1.8679401e-02
   1.8337165e-02
   1.8194887e-02
   1.7385122e-02
   1.7910281e-02
   1.8630510e-02
   1.8968175e-02
   1.8368741e-02
   1.8624542e-02
   1.8705453e-02
   1.8713005e-02
   1.8457018e-02
   1.8954474e-02
   1.9328820e-02
   1.8019633e-02
   1.8276895e-02
   1.7650815e-02
   1.8713892e-02
   1.9223982e-02
   1.8305757e-02
   1.8587818e-02
   1.9475725e-02
   1.9640651e-02
   1.8194043e-02
   1.8936038e-02
   1.8599182e-02
   1.8163833e-02
   1.7861674e-02
   1.7969273e-02
   1.9452997e-02
   1.7540296e-02
   1.7625629e-02
   1.8930242e-02
   1.9508745e-02
   1.8597125e-02
   1.8393475e-02
   1.9703983e-02
   1.8079485e-02
   1.8756276e-02
   1.7778935e-02
   1.7675970e-02
   1.7384400e-02
   1.8735922e-02
   1.8412082e-02
   1.8696944e-02
   1.7378300e-02
   1.8318597e-02
   1.8725173e-02
   1.8533924e-02
   1.8161737e-02
   1.7995184e-02
   1.8887297e-02
   1.8849821e-02
   1.7729271e-02
   1.7953651e-02
   1.8604397e-02
   1.8383530e-02
   1.9124221e-02
   1.7467106e-02
   1.8769105e-02
   1.9252249e-02
   1.9094737e-02
   1.8020808e-02
   1.9549249e-02
   1.8958441e-02
   1.7752259e-02
   1.9242930e-02
   1.8681962e-02
   1.8620089e-02
   1.8555779e-02
   1.8756747e-02
   1.9109570e-02
   1.7555131e-02
   1.8631508e-02
   1.8149904e-02
   1.9138199e-02
   1.7707481e-02
   1.7941516e-02
   1.7452619e-02
   1.8095569e-02
   1.8946507e-02
   1.7612846e-02
   1.7412589e-02
   1.9223571e-02
   1.7377221e-02
   1.9647136e-02
   1.8984729e-02
   1.8199618e-02
   1.8487964e-02
   1.8736691e-02
   1.8198489e-02
   1.9299261e-02
   1.8112631e-02
   1.8499848e-02
   1.8063293e-02
   1.7621668e-02
   1.7804979e-02
   1.8964903e-02
   1.7617084e-02
   1.7815865e-02
   1.7935167e-02
   1.8296343e-02
   1.8336135e-02
   1.7603736e-02
   1.7633207e-02
   1.7746538e-02
   1.7886429e-02
   1.8188023e-02
   1.8280873e-02
   1.9013741e-02
   1.9326074e-02
   1.7385898e-02
   1.9440037e-02
   1.9442743e-02
   1.8971236e-02
   1.7595403e-02
   1.7556710e-02
   1.9708066e-02
   1.9440739e-02
   1.7622896e-02
   1.8430924e-02
   1.8754665e-02
   1.7627066e-02
   1.8900770e-02
   1.7943313e-02
   1.8700349e-02
   1.9498728e-02
   1.9658461e-02
   1.8478374e-02
   1.8912341e-02
   1.9034484e-02
   1.8166660e-02
   1.9257779e-02
   1.7610295e-02
   1.8406759e-02
   1.8390601e-02
   1.7926559e-02
   1.8741443e-02
   1.8129606e-02
   1.8311358e-02
   1.8339055e-02
   1.7944234e-02
   1.8920362e-02
   1.9230193e-02
   1.9237241e-02
   1.9632113e-02
   1.9486761e-02
   1.7862745e-02
   1.9146593e-02
   1.8697218e-02
   1.8191561e-02
   1.7949489e-02
   1.8149827e-02
   1.7880133e-02
   1.8441892e-02
   1.7363312e-02
   1.9348864e-02
   1.8141583e-02
   1.8963692e-02
   1.8403171e-02
   1.8109006e-02
   1.8910202e-02
   1.7871680e-02
   1.8039485e-02
   1.7983214e-02
   1.8548479e-02
   1.9262763e-02
   1.8908722e-02
   1.7321500e-02
   1.8145013e-02
   1.8252086e-02
   1.9370885e-02
   1.7937892e-02
   1.8390929e-02
   1.9270974e-02
   1.9008812e-02
   1.9123142e-02
   1.8308415e-02
   1.8741239e-02
   1.8224011e-02
   1.7759734e-02
   1.8735883e-02
   1.8730401e-02
   1.7885179e-02
   1.7541977e-02
   1.9532372e-02
   1.9262119e-02
   1.8839652e-02
   1.7724629e-02
   1.9112528e-02
   1.7264773e-02
   1.8396796e-02
   1.9195094e-02
   1.9812256e-02
   1.7355649e-02
   1.8098683e-02
   1.8413777e-02
   1.8268456e-02
   1.8615650e-02
   1.7408561e-02
   1.8272241e-02
   1.8235414e-02
   1.8493632e-02
   1.8756672e-02
   1.9354413e-02
   1.8748013e-02
   1.7497018e-02
   1.7506868e-02
   1.8657309e-02
   1.7786066e-02
   1.7648444e-02
   1.7525894e-02
   1.8059759e-02
   1.7788031e-02
   1.9298744e-02
   1.7485631e-02
   1.8326313e-02
   1.7280131e-02
   1.9028836e-02
   1.7762246e-02
   1.7295837e-02
   1.8261285e-02
   1.9220150e-02
   1.8552110e-02
   1.7707833e-02
   1.9641246e-02
   1.7463463e-02
   1.9262796e-02
   1.8970555e-02
   1.9554169e-02
   1.9196197e-02
   1.8686404e-02
   1.8871274e-02
   1.8161264e-02
   1.8050585e-02
   1.8851391e-02
   1.8465825e-02
   1.8953907e-02
   1.7554954e-02
   1.9366143e-02
   1.8491419e-02
   1.8224632e-02
   1.8296423e-02
   1.8822143e-02
   1.7668130e-02
   1.8096956e-02
   1.8674412e-02
   1.7487732e-02
   1.8813318e-02
   1.8294555e-02
