   1.8702289e-02
   1.8825911e-02
   1.8443598e-02
   1.8441837e-02
   1.8531284e-02
   1.8626853e-02
   1.8709396e-02
   1.8480699e-02
   1.8434290e-02
   1.8626376e-02
   1.8609105e-02
   1.8602044e-02
   1.8615183e-02
   1.8550915e-02
   1.8531134e-02
   1.8756539e-02
   1.8634421e-02
   1.8703819e-02
   1.8736867e-02
   1.8685439e-02
   1.8489905e-02
   1.8679181e-02
   1.8585400e-02
   1.8231198e-02
   1.8509255e-02
   1.8418955e-02
   1.8613466e-02
   1.8892351e-02
   1.8796684e-02
   1.8316967e-02
   1.8544459e-02
   1.8756499e-02
   1.8431136e-02
   1.8727372e-02
   1.8495039e-02
   1.8535399e-02
   1.8720892e-02
   1.8482847e-02
   1.8596469e-02
   1.8528872e-02
   1.8381025e-02
   1.8455647e-02
   1.8702860e-02
   1.8790804e-02
   1.8673804e-02
   1.8509937e-02
   1.8603360e-02
   1.8785852e-02
   1.8547468e-02
   1.8688170e-02
   1.8398646e-02
   1.8636559e-02
   1.8702772e-02
   1.8751158e-02
   1.8710743e-02
   1.8622964e-02
   1.8810452e-02
   1.8629828e-02
   1.8758210e-02
   1.8717978e-02
   1.8646033e-02
   1.8794041e-02
   1.8630423e-02
   1.8209171e-02
   1.8727581e-02
   1.8527202e-02
   1.8562663e-02
   1.8608846e-02
   1.8623607e-02
   1.8445389e-02
   1.8665166e-02
   1.8751879e-02
   1.8793657e-02
   1.8712143e-02
   1.8587202e-02
   1.8602429e-02
   1.8531964e-02
   1.8545269e-02
   1.8614176e-02
   1.8667064e-02
   1.8615770e-02
   1.8700278e-02
   1.8397584e-02
   1.8588484e-02
   1.8319731e-02
   1.8496805e-02
   1.8588318e-02
   1.8400934e-02
   1.8812001e-02
   1.8820156e-02
   1.8587722e-02
   1.8492116e-02
   1.8661810e-02
   1.8485608e-02
   1.8700617e-02
   1.8278774e-02
   1.8685309e-02
   1.8404456e-02
   1.8481752e-02
   1.8590077e-02
   1.8658207e-02
   1.8619742e-02
   1.8620391e-02
   1.8692230e-02
   1.8308060e-02
   1.8616575e-02
   1.8518327e-02
   1.8756198e-02
   1.8389197e-02
   1.8598688e-02
   1.8571705e-02
   1.8711430e-02
   1.8515903e-02
   1.8502407e-02
   1.8789028e-02
   1.8690455e-02
   1.8651272e-02
   1.8569706e-02
   1.8809105e-02
   1.8740439e-02
   1.8745592e-02
   1.8806469e-02
   1.8597290e-02
   1.8321335e-02
   1.8795399e-02
   1.8649975e-02
   1.8428464e-02
   1.8475215e-02
   1.8526158e-02
   1.8624406e-02
   1.8622087e-02
   1.8618180e-02
   1.8469076e-02
   1.8542941e-02
   1.8675048e-02
   1.8707589e-02
   1.8598661e-02
   1.8720019e-02
   1.8634728e-02
   1.8645534e-02
   1.8508492e-02
   1.8727233e-02
   1.8736337e-02
   1.8726212e-02
   1.8671573e-02
   1.8692381e-02
   1.8593401e-02
   1.8689543e-02
   1.8564511e-02
   1.8492426e-02
   1.8700957e-02
   1.8496894e-02
   1.8442538e-02
   1.8371431e-02
   1.8318698e-02
   1.8726379e-02
   1.8494725e-02
   1.8611813e-02
   1.8517284e-02
   1.8562560e-02
   1.8620781e-02
   1.8589239e-02
   1.8439475e-02
   1.8659530e-02
   1.8616181e-02
   1.8566709e-02
   1.8662101e-02
   1.8710572e-02
   1.8376295e-02
   1.8811769e-02
   1.8699129e-02
   1.8616631e-02
   1.8529341e-02
   1.8626478e-02
   1.8446372e-02
   1.8675594e-02
   1.8576222e-02
   1.8621943e-02
   1.8380619e-02
   1.8657421e-02
   1.8497774e-02
   1.8513899e-02
   1.8777989e-02
   1.8537998e-02
   1.8408307e-02
   1.8671059e-02
   1.8619467e-02
   1.8826373e-02
   1.8700334e-02
   1.8456813e-02
   1.8603063e-02
   1.8488918e-02
   1.8699260e-02
   1.8672969e-02
   1.8478913e-02
   1.8328932e-02
   1.8485027e-02
   1.8549808e-02
   1.8487177e-02
   1.8615417e-02
   1.8495575e-02
   1.8656096e-02
   1.8491330e-02
   1.8654220e-02
   1.8433806e-02
   1.8548280e-02
   1.8587373e-02
   1.8597311e-02
   1.8366096e-02
   1.8435857e-02
   1.8675970e-02
   1.8547999e-02
   1.8794438e-02
   1.8586000e-02
   1.8803228e-02
   1.8682099e-02
   1.8592350e-02
   1.8393492e-02
   1.8532858e-02
   1.8592840e-02
   1.8778790e-02
   1.8751503e-02
   1.8553674e-02
   1.8740033e-02
   1.8213774e-02
   1.8615871e-02
   1.8760320e-02
   1.8574053e-02
   1.8571296e-02
   1.8552466e-02
   1.8440649e-02
   1.8714016e-02
   1.8487185e-02
   1.8306046e-02
   1.8709785e-02
   1.8680973e-02
   1.8454544e-02
   1.8849114e-02
   1.8695943e-02
   1.8600946e-02
   1.8245946e-02
   1.8416906e-02
   1.8722173e-02
   1.8726532e-02
   1.8665816e-02
   1.8400348e-02
   1.8288850e-02
   1.8601375e-02
   1.8742391e-02
   1.8810743e-02
   1.8610880e-02
   1.8691065e-02
   1.8622789e-02
   1.8536667e-02
   1.8559037e-02
   1.8499393e-02
   1.8466978e-02
   1.8867142e-02
   1.8535015e-02
   1.8808001e-02
   1.8656425e-02
   1.8384609e-02
   1.8641748e-02
   1.8540432e-02
   1.8561778e-02
   1.8587702e-02
   1.8663190e-02
   1.8636494e-02
   1.8773094e-02
   1.8637407e-02
   1.8619643e-02
   1.8319047e-02
   1.8385896e-02
   1.8688298e-02
   1.8717012e-02
   1.8741201e-02
   1.8498708e-02
   1.8722586e-02
   1.8809508e-02
   1.8857080e-02
   1.8495374e-02
   1.8834269e-02
   1.8414016e-02
   1.8667270e-02
   1.8589717e-02
   1.8560377e-02
   1.8788470e-02
   1.8712206e-02
   1.8755823e-02
   1.8765781e-02
   1.8757797e-02
   1.8704992e-02
   1.8763805e-02
   1.8430405e-02
   1.8505840e-02
   1.8501204e-02
   1.8567179e-02
   1.8862107e-02
   1.8471678e-02
   1.8491053e-02
