   2.0550686e-02
   2.1075662e-02
   2.1089978e-02
   2.1191370e-02
   2.0529022e-02
   2.0784718e-02
   2.0633706e-02
   2.1052801e-02
   2.0627144e-02
   2.1053676e-02
   2.0607395e-02
   2.1074071e-02
   2.0422068e-02
   2.1097013e-02
   2.1162022e-02
   2.0430381e-02
   2.0693787e-02
   2.1023208e-02
   2.0415075e-02
   2.0749547e-02
   2.1047618e-02
   2.0779962e-02
   2.0983276e-02
   2.0305881e-02
   2.1108053e-02
   2.1151509e-02
   2.1061059e-02
   2.1073815e-02
   2.0959322e-02
   2.1033125e-02
   2.0673694e-02
   2.0544211e-02
   2.1175513e-02
   2.1197735e-02
   2.1029733e-02
   2.0744124e-02
   2.0864448e-02
   2.1030503e-02
   2.1106241e-02
   2.1186110e-02
   2.0889601e-02
   2.0991362e-02
   2.1106316e-02
   2.0931042e-02
   2.0644234e-02
   2.0398969e-02
   2.1134364e-02
   2.1128967e-02
   2.0760081e-02
   2.0681969e-02
   2.1103359e-02
   2.0567507e-02
   2.1129011e-02
   2.0677607e-02
   2.1044686e-02
   2.0513227e-02
   2.0458818e-02
   2.0656028e-02
   2.1161305e-02
   2.1088102e-02
   2.1082594e-02
   2.1169709e-02
   2.0724115e-02
   2.1190343e-02
   2.1072912e-02
   2.0900668e-02
   2.1024471e-02
   2.1082397e-02
   2.1079905e-02
   2.0693889e-02
   2.0528904e-02
   2.1161708e-02
   2.1096839e-02
   2.0852570e-02
   2.1063652e-02
   2.0674483e-02
   2.1000324e-02
   2.1193355e-02
   2.0650745e-02
   2.1084670e-02
   2.1085707e-02
   2.1036857e-02
   2.0976430e-02
   2.1123970e-02
   2.0853494e-02
   2.0596462e-02
   2.1089181e-02
   2.0409858e-02
   2.1095606e-02
   2.1064186e-02
   2.0931649e-02
   2.0492259e-02
   2.0678166e-02
   2.0836132e-02
   2.0932196e-02
   2.0399180e-02
   2.0540512e-02
   2.0339961e-02
   2.0443172e-02
   2.0764662e-02
   2.1087926e-02
   2.0410873e-02
   2.1036392e-02
   2.0719917e-02
   2.1077809e-02
   2.1020104e-02
   2.0879971e-02
   2.0840100e-02
   2.0427197e-02
   2.0849805e-02
   2.0645327e-02
   2.0660161e-02
   2.0712969e-02
   2.0747003e-02
   2.0645214e-02
   2.0619822e-02
   2.1033279e-02
   2.0922676e-02
   2.0846023e-02
   2.1133606e-02
   2.0837890e-02
   2.0855696e-02
   2.1085902e-02
   2.0825674e-02
   2.0584538e-02
   2.1160155e-02
   2.0643971e-02
   2.1061169e-02
   2.0471878e-02
   2.0719283e-02
   2.1089185e-02
   2.0729523e-02
   2.1097678e-02
   2.0587841e-02
   2.1135978e-02
   2.0348386e-02
   2.1100107e-02
   2.0546009e-02
   2.0260606e-02
   2.1079362e-02
   2.0593417e-02
   2.0837278e-02
   2.0829714e-02
   2.1076782e-02
   2.1113108e-02
   2.0464855e-02
   2.0585245e-02
   2.0999626e-02
   2.1091463e-02
   2.0976671e-02
   2.0746447e-02
   2.0705718e-02
   2.1012858e-02
   2.0875916e-02
   2.0684495e-02
   2.1083657e-02
   2.1101465e-02
   2.0611127e-02
   2.0562457e-02
   2.1163569e-02
   2.0528050e-02
   2.1073131e-02
   2.1226138e-02
   2.0467861e-02
   2.1061808e-02
   2.1086026e-02
   2.1098662e-02
   2.0758062e-02
   2.1075536e-02
   2.1066536e-02
   2.0775772e-02
   2.0432160e-02
   2.0459729e-02
   2.0798522e-02
   2.0521504e-02
   2.0631887e-02
   2.0329410e-02
   2.1163586e-02
   2.0815955e-02
   2.1124459e-02
   2.1179635e-02
   2.1051882e-02
   2.0632055e-02
   2.0515688e-02
   2.0494811e-02
   2.1049270e-02
   2.1164018e-02
   2.0819431e-02
   2.0794593e-02
   2.1031288e-02
   2.0876380e-02
   2.1076902e-02
   2.1127925e-02
   2.0490828e-02
   2.1081763e-02
   2.0349375e-02
   2.0828685e-02
   2.0702343e-02
   2.1011845e-02
   2.0846505e-02
   2.0616875e-02
   2.0978123e-02
   2.1095694e-02
   2.0792244e-02
   2.0799482e-02
   2.0552211e-02
   2.0676531e-02
   2.1037241e-02
   2.1157103e-02
   2.0718951e-02
   2.1231609e-02
   2.0802588e-02
   2.0667617e-02
   2.0882569e-02
   2.0613619e-02
   2.0434715e-02
   2.1025046e-02
   2.1182223e-02
   2.0723493e-02
   2.0353699e-02
   2.0701609e-02
   2.1123090e-02
   2.0968548e-02
   2.1154035e-02
   2.0523044e-02
   2.0657216e-02
   2.1102156e-02
   2.1187793e-02
   2.1092599e-02
   2.0780162e-02
   2.0617735e-02
   2.1122616e-02
   2.0616957e-02
   2.1088027e-02
   2.0818882e-02
   2.0825998e-02
   2.0822308e-02
   2.1118221e-02
   2.0370852e-02
   2.1072401e-02
   2.1137666e-02
   2.1087993e-02
   2.1154728e-02
   2.1159364e-02
   2.0819826e-02
   2.0546578e-02
   2.0969305e-02
   2.0310040e-02
   2.1103313e-02
   2.1040832e-02
   2.1244750e-02
   2.1041964e-02
   2.1069091e-02
   2.1159510e-02
   2.0797171e-02
   2.0760152e-02
   2.1074855e-02
   2.0923238e-02
   2.0901837e-02
   2.0638549e-02
   2.0840852e-02
   2.1134769e-02
   2.1035914e-02
   2.1179465e-02
   2.1023329e-02
   2.0653457e-02
   2.0845448e-02
   2.1053041e-02
   2.0855376e-02
   2.1046454e-02
   2.0622497e-02
   2.0521639e-02
   2.0656446e-02
   2.1030156e-02
   2.1083890e-02
   2.1089199e-02
   2.0978694e-02
   2.0990353e-02
   2.0881834e-02
   2.1014804e-02
   2.1122144e-02
   2.0379070e-02
   2.0695565e-02
   2.0881345e-02
   2.1122248e-02
   2.0854875e-02
   2.1118474e-02
   2.0438236e-02
   2.1026404e-02
   2.1088566e-02
   2.1086501e-02
   2.1223228e-02
   2.1138670e-02
   2.1040979e-02
   2.1111045e-02
   2.1167282e-02
   2.0527294e-02
   2.1063614e-02
   2.0381730e-02
   2.1082636e-02
