   2.2353125e-02
   2.2555440e-02
   2.0973261e-02
   2.1438910e-02
   2.1568382e-02
   2.2302836e-02
   2.2302798e-02
   2.2797276e-02
   2.2187232e-02
   2.1744672e-02
   2.0871846e-02
   2.2051016e-02
   2.1093665e-02
   2.1868117e-02
   2.1458985e-02
   2.2399609e-02
   2.2105928e-02
   2.1481386e-02
   2.2231482e-02
   2.2152136e-02
   2.1470165e-02
   2.2152917e-02
   2.2378494e-02
   2.0973614e-02
   2.2652653e-02
   2.1783102e-02
   2.1827173e-02
   2.1707058e-02
   2.1759143e-02
   2.1906430e-02
   2.1357381e-02
   2.2203702e-02
   2.1915178e-02
   2.2100406e-02
   2.0867258e-02
   2.1566973e-02
   2.2669358e-02
   2.0722012e-02
   2.0927650e-02
   2.2618332e-02
   2.0727322e-02
   2.1018920e-02
   2.2278691e-02
   2.1413679e-02
   2.1929266e-02
   2.2169390e-02
   2.1569199e-02
   2.1175913e-02
   2.2500862e-02
   2.1343548e-02
   2.2542542e-02
   2.2324336e-02
   2.1815490e-02
   2.2001825e-02
   2.1369196e-02
   2.2078331e-02
   2.2208637e-02
   2.1850561e-02
   2.1789559e-02
   2.1178781e-02
   2.2186647e-02
   2.1654703e-02
   2.1446840e-02
   2.2077675e-02
   2.0884250e-02
   2.2578056e-02
   2.1641196e-02
   2.1215555e-02
   2.2176186e-02
   2.2202104e-02
   2.2295639e-02
   2.1262664e-02
   2.2086243e-02
   2.1629655e-02
   2.0733303e-02
   2.2251051e-02
   2.1218750e-02
   2.1402642e-02
   2.1835877e-02
   2.2652103e-02
   2.1685051e-02
   2.1680039e-02
   2.1287002e-02
   2.1530481e-02
   2.0919156e-02
   2.1286571e-02
   2.2232053e-02
   2.1973122e-02
   2.2206145e-02
   2.2525118e-02
   2.2080018e-02
   2.2385772e-02
   2.2688525e-02
   2.1500658e-02
   2.2158971e-02
   2.1176031e-02
   2.1375877e-02
   2.2503880e-02
   2.2456735e-02
   2.2211825e-02
   2.1444754e-02
   2.1017263e-02
   2.2749689e-02
   2.2005625e-02
   2.1142853e-02
   2.1038318e-02
   2.2069012e-02
   2.2133263e-02
   2.1736684e-02
   2.1072882e-02
   2.0776093e-02
   2.2837861e-02
   2.1329942e-02
   2.0929808e-02
   2.1137609e-02
   2.1766451e-02
   2.1788601e-02
   2.0917614e-02
   2.1377627e-02
   2.1677094e-02
   2.1894059e-02
   2.1426891e-02
   2.1890259e-02
   2.2247752e-02
   2.2128362e-02
   2.0825329e-02
   2.1485281e-02
   2.0751976e-02
   2.0717184e-02
   2.2200470e-02
   2.1951998e-02
   2.1632115e-02
   2.2868519e-02
   2.1401872e-02
   2.0985921e-02
   2.1200138e-02
   2.2787612e-02
   2.1671968e-02
   2.1626772e-02
   2.1902916e-02
   2.0732123e-02
   2.2514563e-02
   2.2151970e-02
   2.1803740e-02
   2.2162289e-02
   2.2416151e-02
   2.1770001e-02
   2.2221184e-02
   2.1909858e-02
   2.0863641e-02
   2.2984618e-02
   2.2351327e-02
   2.0953692e-02
   2.2265654e-02
   2.2779713e-02
   2.1480919e-02
   2.2203241e-02
   2.1856079e-02
   2.0767842e-02
   2.2465323e-02
   2.0743686e-02
   2.1057957e-02
   2.0895785e-02
   2.2591645e-02
   2.1991918e-02
   2.2588748e-02
   2.2193533e-02
   2.1323464e-02
   2.2242211e-02
   2.0750792e-02
   2.1572945e-02
   2.2229602e-02
   2.2025509e-02
   2.1009070e-02
   2.1541502e-02
   2.0964080e-02
   2.2901817e-02
   2.2359006e-02
   2.1704190e-02
   2.1359412e-02
   2.1984630e-02
   2.0847416e-02
   2.0992068e-02
   2.0715530e-02
   2.2209704e-02
   2.2272096e-02
   2.2763928e-02
   2.2046753e-02
   2.1936170e-02
   2.2479765e-02
   2.2950481e-02
   2.2256897e-02
   2.1243770e-02
   2.1940519e-02
   2.1202224e-02
   2.0846861e-02
   2.2312828e-02
   2.2091806e-02
   2.2478915e-02
   2.2227954e-02
   2.1079064e-02
   2.1678807e-02
   2.2494843e-02
   2.1913364e-02
   2.0854820e-02
   2.2168750e-02
   2.2231712e-02
   2.2167480e-02
   2.0894553e-02
   2.1339060e-02
   2.1441046e-02
   2.0734921e-02
   2.1032251e-02
   2.2556626e-02
   2.1529517e-02
   2.2130378e-02
   2.1940545e-02
   2.1039295e-02
   2.2149611e-02
   2.1837774e-02
   2.1809369e-02
   2.0772437e-02
   2.2650726e-02
   2.2159942e-02
   2.1207960e-02
   2.2090994e-02
   2.2197771e-02
   2.0805096e-02
   2.0768843e-02
   2.1526461e-02
   2.1473620e-02
   2.2413675e-02
   2.2439564e-02
   2.2175201e-02
   2.2052048e-02
   2.2252661e-02
   2.2429134e-02
   2.2682009e-02
   2.2294574e-02
   2.2079378e-02
   2.1513917e-02
   2.2798399e-02
   2.2123763e-02
   2.1587274e-02
   2.2336257e-02
   2.1718081e-02
   2.1070162e-02
   2.1950544e-02
   2.2754617e-02
   2.1009000e-02
   2.2169807e-02
   2.2077751e-02
   2.1472645e-02
   2.2031939e-02
   2.1450255e-02
   2.2213560e-02
   2.0881200e-02
   2.1627235e-02
   2.2066740e-02
   2.1270138e-02
   2.1035940e-02
   2.1853321e-02
   2.1350566e-02
   2.1822859e-02
   2.1135318e-02
   2.1891079e-02
   2.1770806e-02
   2.0888599e-02
   2.1570591e-02
   2.2766660e-02
   2.0935240e-02
   2.2816932e-02
   2.1006408e-02
   2.2307203e-02
   2.1563559e-02
   2.2211812e-02
   2.1804076e-02
   2.2208508e-02
   2.2334620e-02
   2.1764310e-02
   2.2027943e-02
   2.1275658e-02
   2.2111105e-02
   2.1760039e-02
   2.2319296e-02
   2.0793328e-02
   2.0793091e-02
   2.1649860e-02
   2.1396800e-02
   2.2439124e-02
   2.2237361e-02
   2.1991393e-02
   2.2573357e-02
   2.2497920e-02
   2.1943272e-02
   2.0820210e-02
   2.1135753e-02
   2.2263913e-02
   2.1116482e-02
   2.2567177e-02
