   2.1824589e-02
   2.8868362e-02
   2.4022225e-02
   2.2757092e-02
   2.5902509e-02
   2.3234757e-02
   2.1111775e-02
   2.5923792e-02
   2.4979960e-02
   2.2380783e-02
   2.3466791e-02
   2.4514528e-02
   2.6228322e-02
   2.1069915e-02
   2.4760044e-02
   2.7423617e-02
   2.2590736e-02
   2.8346483e-02
   2.4022724e-02
   2.7306544e-02
   2.4692206e-02
   2.2590026e-02
   2.2827438e-02
   2.2391525e-02
   2.7466545e-02
   2.5462245e-02
   2.8021596e-02
   2.4076225e-02
   2.5040617e-02
   2.4408144e-02
   2.4446030e-02
   2.2881224e-02
   2.3728074e-02
   2.4843350e-02
   2.6897515e-02
   2.0984002e-02
   2.7864339e-02
   2.3584008e-02
   2.4370542e-02
   2.7613104e-02
   2.6598213e-02
   2.2268543e-02
   2.0827192e-02
   2.5272820e-02
   2.3630772e-02
   2.4859302e-02
   2.1799571e-02
   2.1271700e-02
   2.8221430e-02
   2.1047213e-02
   2.3600673e-02
   2.3999793e-02
   2.3733061e-02
   2.6370503e-02
   2.6823009e-02
   2.2162425e-02
   2.2766306e-02
   2.4255470e-02
   2.4326726e-02
   2.2292671e-02
   2.2673300e-02
   2.7485759e-02
   2.4470757e-02
   2.4381673e-02
   2.5434033e-02
   2.3065765e-02
   2.2419997e-02
   2.2696132e-02
   2.7648266e-02
   2.8232622e-02
   2.5703425e-02
   2.2233358e-02
   2.7863237e-02
   2.2941977e-02
   2.7786879e-02
   2.6924669e-02
   2.1459310e-02
   2.1170839e-02
   2.4586519e-02
   2.7440566e-02
   2.7409319e-02
   2.2560868e-02
   2.0620195e-02
   2.2314712e-02
   2.2746707e-02
   2.2487671e-02
   2.2542856e-02
   2.6722815e-02
   2.2787167e-02
   2.5532300e-02
   2.2812097e-02
   2.2957134e-02
   2.8286232e-02
   2.6123199e-02
   2.4291593e-02
   2.1147316e-02
   2.7000526e-02
   2.1522427e-02
   2.3683889e-02
   2.2966908e-02
   2.3166110e-02
   2.7165450e-02
   2.7576969e-02
   2.4197810e-02
   2.5372699e-02
   2.8803934e-02
   2.1260742e-02
   2.6069933e-02
   2.8040721e-02
   2.2236788e-02
   2.8398709e-02
   2.4421661e-02
   2.6507537e-02
   2.4134730e-02
   2.4156921e-02
   2.2601842e-02
   2.5064832e-02
   2.6586379e-02
   2.0652314e-02
   2.2725539e-02
   2.2341666e-02
   2.1961990e-02
   2.4716275e-02
   2.2659581e-02
   2.1968097e-02
   2.3886355e-02
   2.0895284e-02
   2.4087004e-02
   2.2287253e-02
   2.4697603e-02
   2.4786254e-02
   2.2429529e-02
   2.4824424e-02
   2.5908479e-02
   2.1835386e-02
   2.1655343e-02
   2.3732211e-02
   2.2335122e-02
   2.3673455e-02
   2.4949624e-02
   2.5399655e-02
   2.3732776e-02
   2.3642725e-02
   2.4889492e-02
   2.3167580e-02
   2.5977191e-02
   2.2480336e-02
   2.2715961e-02
   2.3541616e-02
   2.4541676e-02
   2.6757346e-02
   2.8176989e-02
   2.2780853e-02
   2.5787831e-02
   2.4541699e-02
   2.0953186e-02
   2.1069494e-02
   2.6188591e-02
   2.3999652e-02
   2.1481794e-02
   2.1381095e-02
   2.4561495e-02
   2.8156018e-02
   2.3141996e-02
   2.2627225e-02
   2.8636269e-02
   2.2147891e-02
   2.3355055e-02
   2.4548294e-02
   2.1348372e-02
   2.3888149e-02
   2.7520166e-02
   2.6126064e-02
   2.5320866e-02
   2.8106614e-02
   2.2135287e-02
   2.1782831e-02
   2.1760216e-02
   2.0699837e-02
   2.3025971e-02
   2.5976914e-02
   2.0667993e-02
   2.2052127e-02
   2.6037532e-02
   2.7657929e-02
   2.1833523e-02
   2.1905052e-02
   2.5226878e-02
   2.5087599e-02
   2.4335280e-02
   2.3712135e-02
   2.1467536e-02
   2.2498009e-02
   2.1531714e-02
   2.1465211e-02
   2.2542508e-02
   2.4257359e-02
   2.1528665e-02
   2.0877367e-02
   2.8221090e-02
   2.6702797e-02
   2.0974945e-02
   2.8376963e-02
   2.8556745e-02
   2.1625064e-02
   2.1381742e-02
   2.6881753e-02
   2.3781730e-02
   2.2929318e-02
   2.5035623e-02
   2.2107456e-02
   2.2552666e-02
   2.0600829e-02
   2.0676559e-02
   2.7695281e-02
   2.8082880e-02
   2.2381498e-02
   2.3826738e-02
   2.1364427e-02
   2.5049288e-02
   2.1845099e-02
   2.6389261e-02
   2.7708331e-02
   2.6104092e-02
   2.7901682e-02
   2.3961840e-02
   2.1899625e-02
   2.5976497e-02
   2.8533745e-02
   2.4962108e-02
   2.6587151e-02
   2.1918592e-02
   2.8448070e-02
   2.4998798e-02
   2.3234683e-02
   2.3214993e-02
   2.6438953e-02
   2.2469823e-02
   2.6456808e-02
   2.5027626e-02
   2.8621386e-02
   2.1035683e-02
   2.4265178e-02
   2.1404381e-02
   2.5424359e-02
   2.1084608e-02
   2.4696513e-02
   2.7266273e-02
   2.1751129e-02
   2.5429919e-02
   2.1098834e-02
   2.4214004e-02
   2.2850422e-02
   2.1055876e-02
   2.1020611e-02
   2.6206274e-02
   2.3213240e-02
   2.6430213e-02
   2.4488567e-02
   2.8476709e-02
   2.1007734e-02
   2.0710366e-02
   2.3409107e-02
   2.0720532e-02
   2.4811278e-02
   2.7807689e-02
   2.8463313e-02
   2.1012284e-02
   2.2823600e-02
   2.6375168e-02
   2.2893386e-02
   2.0651623e-02
   2.2991479e-02
   2.4899329e-02
   2.1876463e-02
   2.5865920e-02
   2.2022006e-02
   2.8044793e-02
   2.5343767e-02
   2.3131914e-02
   2.5505076e-02
   2.8223931e-02
   2.5058756e-02
   2.3475025e-02
   2.1844163e-02
   2.6261355e-02
   2.6913918e-02
   2.4441913e-02
   2.8634176e-02
   2.8003483e-02
   2.1034791e-02
   2.1615998e-02
   2.6931914e-02
   2.1937759e-02
   2.7342079e-02
   2.2450808e-02
   2.3548155e-02
   2.1440633e-02
   2.3541163e-02
   2.4381932e-02
