   2.2182763e-02
   2.0461311e-02
   2.1842730e-02
   2.0516120e-02
   2.1962033e-02
   1.9529341e-02
   2.3002393e-02
   2.2146771e-02
   2.0652071e-02
   2.1359823e-02
   2.2884823e-02
   2.2774053e-02
   2.2031313e-02
   2.1315854e-02
   2.0782062e-02
   2.1599056e-02
   2.0782459e-02
   2.1840291e-02
   2.1865840e-02
   1.9963574e-02
   2.2790836e-02
   2.2650318e-02
   2.1551416e-02
   2.1226029e-02
   2.1947060e-02
   2.1826761e-02
   2.0410818e-02
   2.2221799e-02
   2.1211778e-02
   2.3042038e-02
   1.9609934e-02
   2.0592543e-02
   1.9549887e-02
   2.0500786e-02
   2.1015267e-02
   2.1969796e-02
   1.9963112e-02
   2.2265593e-02
   2.2127161e-02
   2.0261262e-02
   2.0291794e-02
   1.9650034e-02
   2.1498543e-02
   2.1793334e-02
   1.9774869e-02
   1.9526662e-02
   2.0144245e-02
   2.0335219e-02
   2.3021599e-02
   2.1127184e-02
   2.2517523e-02
   2.2693729e-02
   2.2942223e-02
   2.1760242e-02
   2.1332794e-02
   2.2173662e-02
   2.1621803e-02
   2.2651434e-02
   2.0012146e-02
   2.1912364e-02
   2.2078465e-02
   2.0598195e-02
   2.0937353e-02
   2.2178603e-02
   2.2509440e-02
   2.1852543e-02
   2.2709247e-02
   2.2802216e-02
   1.9583059e-02
   2.0136661e-02
   2.2099228e-02
   1.9602296e-02
   2.2545482e-02
   2.1618354e-02
   2.0377780e-02
   2.0546041e-02
   2.1141837e-02
   1.9701852e-02
   2.1192739e-02
   2.0188523e-02
   2.2618321e-02
   2.1491274e-02
   2.0777677e-02
   2.1417400e-02
   1.9730707e-02
   2.2762078e-02
   2.1940092e-02
   2.2967476e-02
   2.1154287e-02
   2.2651799e-02
   2.2939733e-02
   2.0253204e-02
   1.9671303e-02
   2.1705251e-02
   2.0247916e-02
   2.0622611e-02
   2.0159429e-02
   2.0889487e-02
   2.1905286e-02
   2.2113775e-02
   2.0506097e-02
   2.0870514e-02
   1.9650485e-02
   2.2939662e-02
   2.1180008e-02
   2.1261200e-02
   2.2568905e-02
   2.1091244e-02
   2.2265647e-02
   2.1758751e-02
   2.0019485e-02
   1.9504173e-02
   2.2132654e-02
   2.2764578e-02
   2.2404226e-02
   2.0247347e-02
   2.2834809e-02
   2.2373221e-02
   2.2233112e-02
   2.2704875e-02
   2.2310725e-02
   2.1089502e-02
   2.1227998e-02
   2.1869529e-02
   2.0122999e-02
   2.2440279e-02
   2.1777476e-02
   2.1361666e-02
   1.9969731e-02
   2.0568290e-02
   2.2423956e-02
   2.1978942e-02
   2.1399123e-02
   2.2211308e-02
   2.0493394e-02
   1.9416748e-02
   1.9596052e-02
   2.2203015e-02
   2.0157063e-02
   2.2119409e-02
   2.1062358e-02
   2.1283118e-02
   2.0117331e-02
   2.2084143e-02
   2.2062139e-02
   2.0494348e-02
   2.1842167e-02
   1.9643704e-02
   1.9596822e-02
   2.1732063e-02
   1.9477739e-02
   2.0418335e-02
   2.1209717e-02
   2.0520458e-02
   2.1260342e-02
   2.1985276e-02
   2.0880200e-02
   2.0392563e-02
   2.1085410e-02
   2.2234796e-02
   2.2809867e-02
   2.1056708e-02
   1.9575899e-02
   1.9421285e-02
   2.2830766e-02
   2.2135608e-02
   2.0688858e-02
   2.1044471e-02
   2.1591140e-02
   2.0041185e-02
   2.2877304e-02
   2.2159700e-02
   2.0831577e-02
   1.9937425e-02
   1.9971494e-02
   2.2241126e-02
   2.1099654e-02
   1.9824552e-02
   2.2905976e-02
   1.9535103e-02
   2.1331741e-02
   2.2222951e-02
   2.2713079e-02
   2.0736131e-02
   2.1673305e-02
   2.2989307e-02
   2.1055233e-02
   2.1550800e-02
   2.2713669e-02
   2.0330112e-02
   2.2306019e-02
   2.2589693e-02
   2.0621624e-02
   2.2081640e-02
   2.0580602e-02
   2.0497616e-02
   2.0730398e-02
   1.9948695e-02
   2.1551706e-02
   2.0036692e-02
   2.0273624e-02
   2.1643658e-02
   2.1672201e-02
   2.1935094e-02
   2.2618210e-02
   2.1123714e-02
   2.1845116e-02
   2.1077708e-02
   1.9515645e-02
   2.1837813e-02
   2.1677952e-02
   2.2335178e-02
   2.2798451e-02
   2.1342557e-02
   2.1220904e-02
   2.0526866e-02
   2.2065157e-02
   1.9778125e-02
   2.1262352e-02
   2.2377472e-02
   2.1832740e-02
   2.0087007e-02
   1.9630611e-02
   2.0656178e-02
   1.9443080e-02
   1.9782747e-02
   1.9914554e-02
   2.0575393e-02
   2.2237826e-02
   2.0053897e-02
   2.0559706e-02
   2.2187719e-02
   2.2491630e-02
   1.9781394e-02
   2.2967202e-02
   2.2287459e-02
   2.2804093e-02
   2.1619521e-02
   2.2770157e-02
   2.0732146e-02
   2.2636064e-02
   2.1959676e-02
   2.2832644e-02
   2.1266970e-02
   2.0803600e-02
   2.2423801e-02
   2.2147233e-02
   2.1980359e-02
   2.2818605e-02
   2.0399946e-02
   2.0310120e-02
   2.2247670e-02
   2.1321604e-02
   2.2974435e-02
   2.2106349e-02
   2.2654912e-02
   2.1276081e-02
   2.2051940e-02
   1.9890065e-02
   2.2139697e-02
   2.1852750e-02
   2.2556597e-02
   2.2022762e-02
   2.1213741e-02
   2.2791797e-02
   2.1348567e-02
   2.0513377e-02
   1.9727418e-02
   1.9714826e-02
   2.1510467e-02
   2.1637231e-02
   2.1613452e-02
   2.2299034e-02
   2.0097003e-02
   2.1784902e-02
   1.9566290e-02
   2.0527343e-02
   2.2340076e-02
   2.1456131e-02
   1.9734010e-02
   2.1660512e-02
   1.9979722e-02
   2.2268176e-02
   2.0944847e-02
   2.1991475e-02
   2.0673680e-02
   1.9917045e-02
   2.2309268e-02
   2.2202093e-02
   2.2200389e-02
   2.1589029e-02
   1.9984259e-02
   2.0889438e-02
   1.9557745e-02
   2.2366912e-02
   2.2631828e-02
   2.0841479e-02
   2.1336045e-02
   2.0458396e-02
   2.0727017e-02
