   1.4919792e-02
   1.6221112e-02
   1.7941846e-02
   1.5188673e-02
   1.8407563e-02
   1.8268191e-02
   1.6909369e-02
   1.5997264e-02
   1.5000466e-02
   1.7800086e-02
   1.5850897e-02
   1.4497070e-02
   1.7999137e-02
   1.4362060e-02
   1.7344051e-02
   1.5150152e-02
   1.5192336e-02
   1.5718127e-02
   1.7284570e-02
   1.7210637e-02
   1.4967252e-02
   1.7126078e-02
   1.6971736e-02
   1.5412414e-02
   1.7218489e-02
   1.5080424e-02
   1.8399356e-02
   1.4840706e-02
   1.6479383e-02
   1.5822342e-02
   1.5934678e-02
   1.4833444e-02
   1.4412857e-02
   1.6698162e-02
   1.5838589e-02
   1.6852744e-02
   1.5748926e-02
   1.4514642e-02
   1.6313163e-02
   1.6961447e-02
   1.6268518e-02
   1.4605106e-02
   1.4632630e-02
   1.6161577e-02
   1.6712860e-02
   1.7243628e-02
   1.5147522e-02
   1.7133473e-02
   1.7413519e-02
   1.7276115e-02
   1.5571752e-02
   1.4472703e-02
   1.8076044e-02
   1.8220213e-02
   1.7024167e-02
   1.4490650e-02
   1.5548968e-02
   1.6089395e-02
   1.5630334e-02
   1.5098919e-02
   1.7888306e-02
   1.5583028e-02
   1.7457498e-02
   1.5724180e-02
   1.5724450e-02
   1.5536621e-02
   1.4511316e-02
   1.5542508e-02
   1.4769918e-02
   1.4438943e-02
   1.6359423e-02
   1.5965304e-02
   1.4861038e-02
   1.4996358e-02
   1.5361771e-02
   1.5520201e-02
   1.7939063e-02
   1.6980588e-02
   1.4699869e-02
   1.4680518e-02
   1.5404951e-02
   1.8275364e-02
   1.6474783e-02
   1.6824976e-02
   1.7288717e-02
   1.7938699e-02
   1.5766153e-02
   1.4450298e-02
   1.5363850e-02
   1.5971968e-02
   1.6803708e-02
   1.5708373e-02
   1.7279659e-02
   1.4273909e-02
   1.8586786e-02
   1.4469728e-02
   1.5751081e-02
   1.7287414e-02
   1.5346147e-02
   1.6413894e-02
   1.6142795e-02
   1.5727801e-02
   1.6804282e-02
   1.5878876e-02
   1.6234957e-02
   1.7311904e-02
   1.4372566e-02
   1.6017585e-02
   1.6992656e-02
   1.7256045e-02
   1.7939459e-02
   1.5942836e-02
   1.7226598e-02
   1.6299402e-02
   1.7423454e-02
   1.5899251e-02
   1.5407996e-02
   1.7771921e-02
   1.4415986e-02
   1.4289695e-02
   1.8424469e-02
   1.5042572e-02
   1.6066843e-02
   1.4474606e-02
   1.6755666e-02
   1.4573100e-02
   1.6034789e-02
   1.7714419e-02
   1.4744371e-02
   1.7732459e-02
   1.6393979e-02
   1.8094595e-02
   1.4321064e-02
   1.8292118e-02
   1.6889352e-02
   1.4535525e-02
   1.7474442e-02
   1.5639545e-02
   1.4374397e-02
   1.4484841e-02
   1.6238756e-02
   1.6836475e-02
   1.7023791e-02
   1.5093182e-02
   1.4696679e-02
   1.5889781e-02
   1.5060716e-02
   1.4963396e-02
   1.5302123e-02
   1.5247618e-02
   1.5471545e-02
   1.7471787e-02
   1.6576241e-02
   1.8153341e-02
   1.6113005e-02
   1.4782623e-02
   1.7871455e-02
   1.5274682e-02
   1.8155958e-02
   1.5449099e-02
   1.6293527e-02
   1.5816507e-02
   1.7397455e-02
   1.7797569e-02
   1.6830763e-02
   1.7972756e-02
   1.8551112e-02
   1.7423215e-02
   1.7203758e-02
   1.7047121e-02
   1.5966154e-02
   1.5238678e-02
   1.6536317e-02
   1.4313415e-02
   1.5709078e-02
   1.5303426e-02
   1.4585401e-02
   1.6085103e-02
   1.6234316e-02
   1.7448906e-02
   1.8050101e-02
   1.6480169e-02
   1.6400822e-02
   1.6571695e-02
   1.6982387e-02
   1.7774984e-02
   1.5203195e-02
   1.4924931e-02
   1.6263549e-02
   1.5045149e-02
   1.6161242e-02
   1.5555428e-02
   1.7568545e-02
   1.6195438e-02
   1.4592888e-02
   1.7302049e-02
   1.5712647e-02
   1.4666158e-02
   1.6463685e-02
   1.4501443e-02
   1.4327341e-02
   1.5932169e-02
   1.6975130e-02
   1.6225518e-02
   1.4324633e-02
   1.5501792e-02
   1.6924482e-02
   1.5871436e-02
   1.4445335e-02
   1.8398305e-02
   1.8593857e-02
   1.6897512e-02
   1.6730799e-02
   1.7181159e-02
   1.4283934e-02
   1.7966249e-02
   1.5149880e-02
   1.6808913e-02
   1.7788094e-02
   1.7797693e-02
   1.5170856e-02
   1.4736575e-02
   1.5712697e-02
   1.4535549e-02
   1.5351666e-02
   1.6250214e-02
   1.7588904e-02
   1.7008517e-02
   1.6686824e-02
   1.7983962e-02
   1.5240906e-02
   1.6762160e-02
   1.7863493e-02
   1.6738301e-02
   1.5222022e-02
   1.4529555e-02
   1.6418557e-02
   1.7219175e-02
   1.8387797e-02
   1.5917743e-02
   1.6821690e-02
   1.6281503e-02
   1.6378239e-02
   1.5566462e-02
   1.7528660e-02
   1.4471238e-02
   1.8085206e-02
   1.5965075e-02
   1.6310606e-02
   1.4918596e-02
   1.6712223e-02
   1.6905503e-02
   1.6726227e-02
   1.5470642e-02
   1.6843578e-02
   1.7939042e-02
   1.7376233e-02
   1.7168906e-02
   1.8338299e-02
   1.7619771e-02
   1.6549267e-02
   1.6034315e-02
   1.6190129e-02
   1.7171988e-02
   1.5327313e-02
   1.4644480e-02
   1.6967760e-02
   1.7593417e-02
   1.5619738e-02
   1.4563850e-02
   1.4508205e-02
   1.7137585e-02
   1.4860169e-02
   1.5355629e-02
   1.5952128e-02
   1.7512462e-02
   1.4752280e-02
   1.5920667e-02
   1.8504540e-02
   1.7278261e-02
   1.6964532e-02
   1.4573181e-02
   1.4389658e-02
   1.7942454e-02
   1.4364501e-02
   1.8016412e-02
   1.6933258e-02
   1.4379569e-02
   1.4699153e-02
   1.7447738e-02
   1.7327097e-02
   1.6844129e-02
   1.4757224e-02
   1.4326843e-02
   1.6741229e-02
   1.7808467e-02
   1.8336987e-02
   1.6405223e-02
   1.7981206e-02
   1.7448774e-02
