   2.4829831e-02
   2.7476307e-02
   2.4733273e-02
   2.6270304e-02
   2.5766137e-02
   2.4302313e-02
   2.5332936e-02
   2.6572410e-02
   2.7937491e-02
   2.4695360e-02
   2.3652446e-02
   2.8286003e-02
   2.3874552e-02
   2.7118510e-02
   2.7286207e-02
   2.7391544e-02
   2.4015410e-02
   2.5215840e-02
   2.7338315e-02
   2.8827877e-02
   2.6401477e-02
   2.7046926e-02
   2.6921754e-02
   2.3514857e-02
   2.7540769e-02
   2.8601920e-02
   2.6444754e-02
   2.5277025e-02
   2.3914750e-02
   2.5709298e-02
   2.8956670e-02
   2.4711037e-02
   2.6677002e-02
   2.4110396e-02
   2.6102244e-02
   2.4759162e-02
   2.7732228e-02
   2.6818259e-02
   2.6227309e-02
   2.5504512e-02
   2.6732319e-02
   2.5090540e-02
   2.4051839e-02
   2.7159511e-02
   2.7228052e-02
   2.7352385e-02
   2.3514762e-02
   2.5172827e-02
   2.8053372e-02
   2.7430976e-02
   2.5696792e-02
   2.5568007e-02
   2.7520048e-02
   2.5351090e-02
   2.6330561e-02
   2.3743332e-02
   2.6703992e-02
   2.4473200e-02
   2.5376742e-02
   2.9035040e-02
   2.6457634e-02
   2.6089907e-02
   2.7504274e-02
   2.4229193e-02
   2.4861568e-02
   2.7228141e-02
   2.6386580e-02
   2.4566507e-02
   2.3498593e-02
   2.5527978e-02
   2.8970881e-02
   2.8096809e-02
   2.4595414e-02
   2.3822372e-02
   2.7158524e-02
   2.8977239e-02
   2.4808561e-02
   2.5207267e-02
   2.7250409e-02
   2.3535769e-02
   2.8497510e-02
   2.7919456e-02
   2.6774699e-02
   2.8832531e-02
   2.6634431e-02
   2.8628466e-02
   2.7810390e-02
   2.8850950e-02
   2.7541372e-02
   2.8394395e-02
   2.5764574e-02
   2.6316476e-02
   2.7291252e-02
   2.4020905e-02
   2.7058444e-02
   2.6956893e-02
   2.7023950e-02
   2.6290231e-02
   2.3714584e-02
   2.5641061e-02
   2.4110980e-02
   2.3848090e-02
   2.4204268e-02
   2.4090944e-02
   2.3603855e-02
   2.4203612e-02
   2.6111154e-02
   2.3548520e-02
   2.4197367e-02
   2.7493697e-02
   2.4661022e-02
   2.6307632e-02
   2.5638644e-02
   2.3624602e-02
   2.6547956e-02
   2.7721772e-02
   2.3800993e-02
   2.8089435e-02
   2.4124488e-02
   2.3835081e-02
   2.7404097e-02
   2.7268160e-02
   2.4854792e-02
   2.5108085e-02
   2.4830742e-02
   2.6504779e-02
   2.8029923e-02
   2.8334128e-02
   2.7298439e-02
   2.5681677e-02
   2.4810441e-02
   2.6728811e-02
   2.3582902e-02
   2.5967295e-02
   2.8986726e-02
   2.7632531e-02
   2.3569677e-02
   2.5200075e-02
   2.5229782e-02
   2.7007888e-02
   2.3763618e-02
   2.3940709e-02
   2.7153929e-02
   2.7361797e-02
   2.8467014e-02
   2.5499568e-02
   2.6876078e-02
   2.4800558e-02
   2.7984749e-02
   2.5522420e-02
   2.8300205e-02
   2.7109222e-02
   2.4985322e-02
   2.4773346e-02
   2.6197620e-02
   2.4472679e-02
   2.4355923e-02
   2.5775528e-02
   2.4446218e-02
   2.4838781e-02
   2.4868796e-02
   2.7074041e-02
   2.4123974e-02
   2.6254359e-02
   2.6042373e-02
   2.4501445e-02
   2.6792811e-02
   2.5622473e-02
   2.7250915e-02
   2.7092785e-02
   2.7001979e-02
   2.6017942e-02
   2.8074367e-02
   2.5174040e-02
   2.4072609e-02
   2.5817542e-02
   2.8314428e-02
   2.6565438e-02
   2.6372647e-02
   2.6577431e-02
   2.3847430e-02
   2.5090514e-02
   2.6233569e-02
   2.8731721e-02
   2.8663979e-02
   2.6577583e-02
   2.6565313e-02
   2.8637087e-02
   2.7519162e-02
   2.5650611e-02
   2.4438466e-02
   2.7486084e-02
   2.5983257e-02
   2.7203012e-02
   2.8695779e-02
   2.5965094e-02
   2.6679985e-02
   2.6467703e-02
   2.5324320e-02
   2.6343888e-02
   2.5589508e-02
   2.8904592e-02
   2.4278609e-02
   2.4142618e-02
   2.7446752e-02
   2.7025540e-02
   2.6766683e-02
   2.5430425e-02
   2.7046785e-02
   2.4991811e-02
   2.5528379e-02
   2.6153047e-02
   2.6098400e-02
   2.8389410e-02
   2.7911578e-02
   2.6165149e-02
   2.4746685e-02
   2.6325127e-02
   2.4413475e-02
   2.3586286e-02
   2.7524689e-02
   2.7633663e-02
   2.7864045e-02
   2.6553964e-02
   2.4172720e-02
   2.7428129e-02
   2.5161835e-02
   2.3485255e-02
   2.7664178e-02
   2.5970872e-02
   2.8086220e-02
   2.5480116e-02
   2.5461044e-02
   2.7499425e-02
   2.7008906e-02
   2.7194458e-02
   2.6112142e-02
   2.6631520e-02
   2.7774289e-02
   2.4127970e-02
   2.7539634e-02
   2.4523556e-02
   2.8978350e-02
   2.8192962e-02
   2.8867162e-02
   2.6470142e-02
   2.7946399e-02
   2.8268684e-02
   2.9116669e-02
   2.7051606e-02
   2.6372264e-02
   2.8005389e-02
   2.5562290e-02
   2.5371159e-02
   2.7479077e-02
   2.6673732e-02
   2.8493934e-02
   2.4295877e-02
   2.6597010e-02
   2.4172494e-02
   2.7239367e-02
   2.5344431e-02
   2.8974807e-02
   2.5141243e-02
   2.8630646e-02
   2.8220219e-02
   2.5994723e-02
   2.6755211e-02
   2.5851910e-02
   2.6484826e-02
   2.6300815e-02
   2.6858425e-02
   2.3618450e-02
   2.4632826e-02
   2.8613583e-02
   2.4610604e-02
   2.7803316e-02
   2.8831530e-02
   2.4633421e-02
   2.7234539e-02
   2.3930662e-02
   2.4998415e-02
   2.7788811e-02
   2.7058485e-02
   2.5572569e-02
   2.7566249e-02
   2.5220691e-02
   2.5594793e-02
   2.3617950e-02
   2.6362301e-02
   2.8846839e-02
   2.8069146e-02
   2.6067155e-02
   2.5611804e-02
   2.6190772e-02
   2.8293338e-02
   2.7390941e-02
   2.8944807e-02
   2.9106648e-02
   2.7129988e-02
