   2.1997183e-02
   2.0059382e-02
   2.1312360e-02
   2.2272167e-02
   2.1560975e-02
   2.1062632e-02
   2.0538865e-02
   2.0804973e-02
   2.0948466e-02
   2.1205998e-02
   2.2076278e-02
   2.0671475e-02
   2.2061005e-02
   2.0185109e-02
   1.8901309e-02
   2.0761451e-02
   2.1691699e-02
   2.2100385e-02
   1.9818070e-02
   2.2591342e-02
   2.0384997e-02
   1.9043125e-02
   2.1796735e-02
   2.2373980e-02
   2.2192536e-02
   1.8998354e-02
   2.0834640e-02
   2.1582723e-02
   2.0308236e-02
   2.0608782e-02
   1.9987928e-02
   2.1581244e-02
   1.9827709e-02
   2.0392076e-02
   2.2090396e-02
   2.0942909e-02
   2.2045226e-02
   2.0531773e-02
   2.1110172e-02
   1.9506670e-02
   2.0478907e-02
   2.0383407e-02
   2.1664633e-02
   1.9058109e-02
   2.2467650e-02
   2.0627249e-02
   2.2327849e-02
   1.9195517e-02
   2.1211072e-02
   2.0942537e-02
   2.1302414e-02
   2.1895278e-02
   1.8991701e-02
   2.2055249e-02
   1.8845626e-02
   2.2755533e-02
   1.9217684e-02
   1.9046787e-02
   2.0432399e-02
   2.0711715e-02
   2.1143814e-02
   2.2912814e-02
   2.0346628e-02
   1.9333277e-02
   2.1558707e-02
   1.9936768e-02
   1.9871644e-02
   2.1070604e-02
   1.8938426e-02
   2.1337213e-02
   1.9538928e-02
   2.2252607e-02
   2.1857254e-02
   1.9656661e-02
   1.9612820e-02
   2.0393211e-02
   2.1723604e-02
   2.2764835e-02
   2.2335027e-02
   2.1183347e-02
   2.1781700e-02
   2.1331889e-02
   2.1175861e-02
   1.9474287e-02
   1.9652212e-02
   2.0334065e-02
   2.1328315e-02
   2.1186146e-02
   2.2044926e-02
   2.0010604e-02
   1.9394910e-02
   2.1397200e-02
   2.1701475e-02
   2.0078098e-02
   2.0171706e-02
   1.9085783e-02
   2.1552970e-02
   1.9228613e-02
   1.8932822e-02
   2.1474361e-02
   2.1530599e-02
   2.0808532e-02
   2.1878931e-02
   2.1836335e-02
   2.1166082e-02
   1.9093119e-02
   2.0446540e-02
   2.2023146e-02
   1.9276983e-02
   2.1585484e-02
   2.0291791e-02
   2.0731821e-02
   2.0137226e-02
   2.0183458e-02
   2.1503537e-02
   2.0330299e-02
   2.0662933e-02
   2.0502392e-02
   1.9211096e-02
   2.0822957e-02
   1.9276807e-02
   2.1037583e-02
   2.0633714e-02
   1.9129613e-02
   1.9069460e-02
   2.0005196e-02
   2.1015333e-02
   2.0643269e-02
   1.9759768e-02
   1.9281925e-02
   1.9872130e-02
   2.2341191e-02
   2.2590766e-02
   2.0018872e-02
   2.0580943e-02
   2.0339411e-02
   2.1781640e-02
   2.0359213e-02
   2.2286928e-02
   2.2402722e-02
   2.1544107e-02
   2.2732009e-02
   1.9900343e-02
   1.8948924e-02
   2.1768717e-02
   2.0458808e-02
   2.1220984e-02
   2.2152452e-02
   2.0585560e-02
   2.1583294e-02
   2.1791887e-02
   2.0666797e-02
   2.1356902e-02
   2.1364026e-02
   1.9922786e-02
   2.0136188e-02
   2.1432292e-02
   2.0207104e-02
   2.1585864e-02
   1.8912319e-02
   2.0989155e-02
   1.9632770e-02
   2.1795415e-02
   2.1608749e-02
   2.1542345e-02
   2.2398548e-02
   1.9412457e-02
   2.0334625e-02
   2.0750273e-02
   2.0573013e-02
   1.8803025e-02
   2.0255811e-02
   2.2310380e-02
   1.9486624e-02
   2.0912187e-02
   2.0805178e-02
   2.1846026e-02
   2.2169687e-02
   1.9775486e-02
   2.1326689e-02
   1.9595247e-02
   2.1733708e-02
   2.1581323e-02
   1.8867972e-02
   2.1230888e-02
   2.1951431e-02
   2.1667134e-02
   2.2126272e-02
   2.1808316e-02
   2.1263183e-02
   2.1943722e-02
   2.1206406e-02
   2.0805015e-02
   2.2434430e-02
   2.2181261e-02
   2.2471013e-02
   1.9457211e-02
   2.2279747e-02
   1.8862377e-02
   2.1716691e-02
   2.1095765e-02
   2.0479341e-02
   1.9145995e-02
   2.0638336e-02
   1.9686984e-02
   1.9074439e-02
   1.8821145e-02
   1.9612887e-02
   1.9135510e-02
   2.2650262e-02
   2.0578529e-02
   2.2133687e-02
   2.0000800e-02
   1.9069938e-02
   2.0407645e-02
   2.0351090e-02
   2.0419775e-02
   2.2825466e-02
   2.2898546e-02
   2.0849952e-02
   2.0224242e-02
   2.0432821e-02
   1.9905097e-02
   2.0832626e-02
   2.2418494e-02
   2.0041284e-02
   1.8846248e-02
   2.0016720e-02
   1.9107550e-02
   2.0187015e-02
   2.2354595e-02
   2.2009533e-02
   2.1073321e-02
   2.2148251e-02
   2.0621024e-02
   1.9796538e-02
   2.1994128e-02
   2.0223682e-02
   2.1042245e-02
   1.9501801e-02
   1.9195229e-02
   2.1521996e-02
   1.9832060e-02
   2.1951251e-02
   1.9491502e-02
   1.9507865e-02
   2.0029661e-02
   1.9624143e-02
   2.1597219e-02
   2.0515317e-02
   2.2005230e-02
   2.1452075e-02
   2.2722510e-02
   2.1923630e-02
   2.0331301e-02
   1.9452106e-02
   1.9029576e-02
   1.9857853e-02
   2.1299424e-02
   1.8922345e-02
   2.0564405e-02
   2.0432337e-02
   2.1219561e-02
   2.1502906e-02
   1.9473886e-02
   2.0367973e-02
   1.9673105e-02
   1.8886035e-02
   2.0428666e-02
   1.9798452e-02
   1.9313061e-02
   2.0551258e-02
   2.2662278e-02
   2.1809199e-02
   2.1565613e-02
   2.1832783e-02
   1.8916536e-02
   2.2558558e-02
   2.1805097e-02
   2.0244634e-02
   2.1206256e-02
   2.1246374e-02
   2.1313628e-02
   2.1197823e-02
   2.2128279e-02
   1.9189455e-02
   2.1959628e-02
   2.2844821e-02
   2.1802095e-02
   2.0760026e-02
   2.0445267e-02
   1.9739119e-02
   2.1342542e-02
   2.1331677e-02
   2.0736406e-02
   1.9268387e-02
   2.1703561e-02
   2.0203551e-02
   2.0560877e-02
   2.0844119e-02
