   2.1048908e-02
   2.2090520e-02
   2.1416381e-02
   2.2362628e-02
   2.1433865e-02
   2.1085646e-02
   1.9923969e-02
   1.8911650e-02
   2.1611359e-02
   2.1297929e-02
   2.2641548e-02
   2.1056951e-02
   2.0771365e-02
   1.9433048e-02
   2.0482512e-02
   1.9907809e-02
   1.9840306e-02
   2.3018603e-02
   1.9209850e-02
   2.1405077e-02
   2.2302765e-02
   2.2280493e-02
   1.9977868e-02
   2.1147493e-02
   2.0753859e-02
   2.2033991e-02
   2.1010516e-02
   1.9035513e-02
   1.9387421e-02
   2.0378921e-02
   2.0535849e-02
   1.9361044e-02
   2.1215522e-02
   1.8930230e-02
   2.1448283e-02
   2.1209730e-02
   2.2120773e-02
   2.1851224e-02
   2.1200918e-02
   2.0422322e-02
   2.2058218e-02
   1.8925220e-02
   1.9409855e-02
   2.0353629e-02
   2.2572894e-02
   2.1891762e-02
   2.2012584e-02
   2.1781541e-02
   1.9348239e-02
   2.0958181e-02
   2.0616811e-02
   1.9726353e-02
   1.9519310e-02
   2.0431722e-02
   2.0007584e-02
   1.9862846e-02
   2.0831713e-02
   1.9971651e-02
   2.0328567e-02
   2.1437615e-02
   2.1874000e-02
   2.1396725e-02
   2.1485416e-02
   2.0648722e-02
   2.2369313e-02
   2.1659212e-02
   2.1161770e-02
   1.9154442e-02
   2.2786468e-02
   2.2818323e-02
   2.1508077e-02
   2.1218631e-02
   2.2089855e-02
   2.2393657e-02
   1.9335975e-02
   1.9189458e-02
   2.2074248e-02
   2.1589357e-02
   2.1692935e-02
   2.0058952e-02
   1.9697954e-02
   2.1537379e-02
   2.3015824e-02
   2.1732044e-02
   2.1120927e-02
   2.2546608e-02
   1.9377219e-02
   1.9952256e-02
   2.0838999e-02
   2.0512185e-02
   1.8889116e-02
   1.9138893e-02
   2.0877069e-02
   2.2054283e-02
   2.0943361e-02
   2.0403724e-02
   1.9988514e-02
   2.0210800e-02
   1.9641349e-02
   1.9216664e-02
   2.2001389e-02
   2.1851137e-02
   1.9697539e-02
   2.1301498e-02
   2.2458589e-02
   2.0964603e-02
   2.1299094e-02
   1.9896497e-02
   2.0671690e-02
   2.1038852e-02
   2.2243815e-02
   2.2217564e-02
   2.1254882e-02
   2.1296883e-02
   2.2255128e-02
   2.0814724e-02
   1.8953132e-02
   2.2847541e-02
   1.9547194e-02
   2.1394596e-02
   2.0653953e-02
   2.1657776e-02
   2.2945705e-02
   1.9666283e-02
   2.2633665e-02
   2.0751253e-02
   2.1271453e-02
   2.0873544e-02
   1.9801321e-02
   2.2884870e-02
   2.0839408e-02
   1.9149158e-02
   2.2446106e-02
   2.0889029e-02
   1.9158994e-02
   2.0260044e-02
   2.0552852e-02
   2.2272946e-02
   2.1399940e-02
   2.0835104e-02
   2.0153972e-02
   2.0822336e-02
   1.8907482e-02
   2.0456693e-02
   2.0310920e-02
   2.0953973e-02
   1.8967445e-02
   2.1137812e-02
   2.2290091e-02
   2.0476223e-02
   1.9060121e-02
   2.0353320e-02
   2.1998417e-02
   2.1941295e-02
   2.1899591e-02
   2.2886178e-02
   1.9620528e-02
   2.2301063e-02
   2.1083027e-02
   2.0694655e-02
   2.0388415e-02
   2.1998153e-02
   2.1174896e-02
   2.1826718e-02
   2.1507329e-02
   2.1340591e-02
   2.1438904e-02
   1.9791099e-02
   1.9804141e-02
   2.0323989e-02
   2.2175995e-02
   2.0562135e-02
   2.2994404e-02
   2.2232843e-02
   2.2452179e-02
   2.1090043e-02
   2.1006360e-02
   2.2136569e-02
   1.9797429e-02
   1.9341034e-02
   1.9030373e-02
   2.0467980e-02
   2.0763766e-02
   2.0783791e-02
   1.8948233e-02
   1.8920758e-02
   1.9992244e-02
   2.1616513e-02
   2.1460512e-02
   1.9977568e-02
   1.9128859e-02
   1.9242055e-02
   1.9279015e-02
   2.0277569e-02
   1.9243048e-02
   2.0524772e-02
   2.0897482e-02
   2.0382443e-02
   2.0118811e-02
   2.0043431e-02
   2.2016892e-02
   2.0792204e-02
   2.2519673e-02
   2.1005489e-02
   2.2828174e-02
   1.9962206e-02
   1.9300013e-02
   1.9243297e-02
   2.1417605e-02
   2.0674804e-02
   2.2240190e-02
   2.0462628e-02
   2.0048424e-02
   2.1441993e-02
   2.2826720e-02
   1.9542574e-02
   2.1246573e-02
   2.0501665e-02
   2.2592703e-02
   1.9667595e-02
   1.9533722e-02
   2.0205322e-02
   2.2142876e-02
   2.1061286e-02
   1.9386422e-02
   2.0911057e-02
   2.1243288e-02
   1.9115311e-02
   1.9548412e-02
   2.1794840e-02
   2.0863870e-02
   2.0544142e-02
   1.9829684e-02
   2.0621859e-02
   2.2579762e-02
   1.8971172e-02
   2.0233850e-02
   2.2007484e-02
   1.9381837e-02
   1.9803599e-02
   2.0446435e-02
   2.0570360e-02
   2.1246926e-02
   2.1524290e-02
   2.2862381e-02
   2.1605754e-02
   2.2243930e-02
   1.9763220e-02
   2.2660700e-02
   2.0872557e-02
   2.2292092e-02
   2.1326082e-02
   2.1731939e-02
   2.0697302e-02
   2.1666656e-02
   2.0709909e-02
   1.9666399e-02
   2.2266907e-02
   1.9768784e-02
   1.8952815e-02
   1.8980432e-02
   2.2706906e-02
   2.1279742e-02
   1.9533757e-02
   2.1936430e-02
   2.0329117e-02
   2.2750545e-02
   2.0124905e-02
   2.2029056e-02
   2.2899808e-02
   2.1998144e-02
   1.9341125e-02
   2.0178539e-02
   2.0215425e-02
   2.0953000e-02
   2.2634707e-02
   2.2325598e-02
   2.2216511e-02
   2.0135783e-02
   2.0269546e-02
   2.1638083e-02
   2.1178023e-02
   2.0746034e-02
   1.9084289e-02
   1.9686834e-02
   2.0541609e-02
   2.1820979e-02
   1.9676735e-02
   2.0585560e-02
   2.0501312e-02
   2.1481157e-02
   2.1564007e-02
   2.1706317e-02
   2.2053207e-02
   1.9321069e-02
   2.2143406e-02
   2.1610918e-02
   2.2262207e-02
   2.1317941e-02
   2.2995820e-02
