   3.4039597e-02
   3.0844367e-02
   3.7783688e-02
   3.2694499e-02
   3.5868168e-02
   3.4604385e-02
   3.1909907e-02
   3.8110452e-02
   3.1087113e-02
   3.5170242e-02
   3.7234038e-02
   3.3162074e-02
   3.6951999e-02
   3.0913592e-02
   3.5403887e-02
   3.3070651e-02
   3.3877398e-02
   3.3817797e-02
   3.3334611e-02
   3.3530724e-02
   3.1964077e-02
   3.4215411e-02
   3.5118595e-02
   3.5880152e-02
   3.6760913e-02
   3.7025493e-02
   3.1037543e-02
   3.3817347e-02
   3.2711685e-02
   3.4164739e-02
   3.4079955e-02
   3.7242809e-02
   3.3674016e-02
   3.1888309e-02
   3.6147424e-02
   3.2723335e-02
   3.3161602e-02
   3.1951153e-02
   3.3574097e-02
   3.2197882e-02
   3.2345301e-02
   3.4482888e-02
   3.7942686e-02
   3.8388497e-02
   3.1823070e-02
   3.1264201e-02
   3.5204952e-02
   3.7838169e-02
   3.5485159e-02
   3.5593716e-02
   3.7562373e-02
   3.4155596e-02
   3.2118298e-02
   3.3925575e-02
   3.4442340e-02
   3.8595305e-02
   3.7942323e-02
   3.5628863e-02
   3.2103289e-02
   3.3222833e-02
   3.6079397e-02
   3.8122029e-02
   3.6503453e-02
   3.2604585e-02
   3.2613402e-02
   3.5788450e-02
   3.7277346e-02
   3.1938809e-02
   3.2859062e-02
   3.7311126e-02
   3.7420352e-02
   3.2198785e-02
   3.6929378e-02
   3.3353446e-02
   3.6291996e-02
   3.7203085e-02
   3.4939046e-02
   3.6847341e-02
   3.6919015e-02
   3.8207014e-02
   3.8323323e-02
   3.8593891e-02
   3.8612100e-02
   3.3086156e-02
   3.1932184e-02
   3.7190845e-02
   3.5484125e-02
   3.0923415e-02
   3.6511091e-02
   3.2698143e-02
   3.7449532e-02
   3.2822668e-02
   3.2925659e-02
   3.6841969e-02
   3.1197110e-02
   3.7754392e-02
   3.8400717e-02
   3.5887103e-02
   3.4544764e-02
   3.0989369e-02
   3.3267172e-02
   3.7157258e-02
   3.4544635e-02
   3.7193300e-02
   3.3498949e-02
   3.7057406e-02
   3.4734736e-02
   3.2438940e-02
   3.8070546e-02
   3.2769185e-02
   3.6273669e-02
   3.4152339e-02
   3.6284566e-02
   3.3685853e-02
   3.2035644e-02
   3.3076024e-02
   3.2145641e-02
   3.5796262e-02
   3.0845711e-02
   3.7430242e-02
   3.6657543e-02
   3.5971695e-02
   3.4018964e-02
   3.2168478e-02
   3.8483989e-02
   3.1012574e-02
   3.4007448e-02
   3.6403023e-02
   3.8964908e-02
   3.1638654e-02
   3.8479761e-02
   3.2432200e-02
   3.4770953e-02
   3.7751334e-02
   3.1740582e-02
   3.5686038e-02
   3.3512338e-02
   3.7993354e-02
   3.3733350e-02
   3.9082606e-02
   3.8485959e-02
   3.2939521e-02
   3.6138977e-02
   3.5232204e-02
   3.7023384e-02
   3.4901950e-02
   3.7193868e-02
   3.4907946e-02
   3.3861503e-02
   3.6283993e-02
   3.5595246e-02
   3.3176036e-02
   3.2892799e-02
   3.9217110e-02
   3.1578814e-02
   3.3107435e-02
   3.5802539e-02
   3.0990581e-02
   3.9189349e-02
   3.8206781e-02
   3.8908914e-02
   3.4374316e-02
   3.2314888e-02
   3.1088198e-02
   3.1232085e-02
   3.1664353e-02
   3.6385796e-02
   3.8056268e-02
   3.0833790e-02
   3.5616507e-02
   3.3018110e-02
   3.1964721e-02
   3.5079717e-02
   3.6590970e-02
   3.6578913e-02
   3.2827161e-02
   3.1917717e-02
   3.4177242e-02
   3.5979197e-02
   3.2593652e-02
   3.4889940e-02
   3.6322734e-02
   3.3926450e-02
   3.2534129e-02
   3.6695412e-02
   3.3738867e-02
   3.6617393e-02
   3.1917876e-02
   3.8370124e-02
   3.4376397e-02
   3.2138393e-02
   3.0990292e-02
   3.7859712e-02
   3.4924851e-02
   3.4017215e-02
   3.3872095e-02
   3.6285113e-02
   3.1153308e-02
   3.2798168e-02
   3.7439462e-02
   3.6440791e-02
   3.2571844e-02
   3.2751886e-02
   3.0889702e-02
   3.7862318e-02
   3.3251990e-02
   3.2335984e-02
   3.6720868e-02
   3.1132774e-02
   3.4745018e-02
   3.3231427e-02
   3.8664567e-02
   3.6510590e-02
   3.1097956e-02
   3.2073594e-02
   3.1121297e-02
   3.2169651e-02
   3.6081547e-02
   3.6118242e-02
   3.7141899e-02
   3.2731253e-02
   3.0923588e-02
   3.2283528e-02
   3.3927770e-02
   3.1517868e-02
   3.3127273e-02
   3.1950650e-02
   3.5519554e-02
   3.3407873e-02
   3.1076858e-02
   3.8936551e-02
   3.1529822e-02
   3.8373993e-02
   3.4154856e-02
   3.2315154e-02
   3.7022834e-02
   3.2565283e-02
   3.3107936e-02
   3.7676835e-02
   3.5445149e-02
   3.0833773e-02
   3.8714239e-02
   3.3945814e-02
   3.3498656e-02
   3.8955557e-02
   3.5684947e-02
   3.8530010e-02
   3.6470181e-02
   3.3926974e-02
   3.4782470e-02
   3.5378790e-02
   3.7184936e-02
   3.4974443e-02
   3.5486559e-02
   3.3334257e-02
   3.2891437e-02
   3.6133888e-02
   3.2316250e-02
   3.3569615e-02
   3.2078971e-02
   3.2287044e-02
   3.3104896e-02
   3.3887769e-02
   3.4362398e-02
   3.0890225e-02
   3.3431827e-02
   3.7297099e-02
   3.7118572e-02
   3.8891761e-02
   3.6719302e-02
   3.4927073e-02
   3.4070103e-02
   3.7731377e-02
   3.8310954e-02
   3.4344903e-02
   3.1487041e-02
   3.1273621e-02
   3.1352888e-02
   3.7731322e-02
   3.7312116e-02
   3.6686877e-02
   3.5297597e-02
   3.4811676e-02
   3.2339908e-02
   3.7110532e-02
   3.2075501e-02
   3.3095754e-02
   3.2532006e-02
   3.5868075e-02
   3.5530472e-02
   3.7277763e-02
   3.4841743e-02
   3.3005620e-02
   3.1783898e-02
   3.1594847e-02
   3.7029567e-02
   3.8498018e-02
   3.1574553e-02
   3.7226298e-02
   3.9217374e-02
