   1.8963279e-01
   1.9836925e-01
   1.8424912e-01
   1.8659760e-01
   1.8446695e-01
   1.9441928e-01
   1.9806364e-01
   1.9532459e-01
   1.9312086e-01
   1.8928933e-01
   1.9536235e-01
   1.8859851e-01
   1.8460550e-01
   1.8166826e-01
   1.8764077e-01
   1.9111736e-01
   1.8797844e-01
   1.9698329e-01
   1.9651610e-01
   1.8003580e-01
   1.8602829e-01
   1.8548808e-01
   1.9257570e-01
   1.9692693e-01
   1.8364308e-01
   1.8371322e-01
   1.8868935e-01
   1.8588595e-01
   1.8956231e-01
   1.8222190e-01
   1.8823682e-01
   1.8747341e-01
   1.8772840e-01
   1.9731245e-01
   1.8369358e-01
   1.9170768e-01
   1.8519864e-01
   1.8546432e-01
   1.8609457e-01
   1.8499974e-01
   1.8471197e-01
   1.8908504e-01
   1.8500194e-01
   1.8654686e-01
   1.8900154e-01
   1.8068091e-01
   1.9727685e-01
   1.8500804e-01
   1.8986348e-01
   1.9270172e-01
   1.8094416e-01
   2.0001624e-01
   1.9327331e-01
   1.8689775e-01
   1.9751640e-01
   1.8093102e-01
   1.8960100e-01
   1.8053010e-01
   1.8893293e-01
   1.8960662e-01
   1.8669924e-01
   1.7948247e-01
   1.9206880e-01
   1.9305060e-01
   1.9535431e-01
   1.9859498e-01
   1.9707492e-01
   1.8384229e-01
   1.9556245e-01
   1.9095446e-01
   1.8542879e-01
   1.9180178e-01
   1.8976891e-01
   1.9729281e-01
   1.8403712e-01
   1.9866147e-01
   1.9220567e-01
   1.8688896e-01
   1.9713428e-01
   1.9893260e-01
   1.7958058e-01
   1.8396735e-01
   1.8841066e-01
   1.8929186e-01
   1.8658401e-01
   1.8713705e-01
   1.8639521e-01
   1.8460037e-01
   1.8703112e-01
   1.8836363e-01
   1.9696669e-01
   1.8617503e-01
   1.8630162e-01
   1.8680673e-01
   1.9163007e-01
   1.9614087e-01
   1.8055841e-01
   1.8933987e-01
   1.9602676e-01
   1.8559859e-01
   1.8632828e-01
   1.8911701e-01
   1.9882226e-01
   1.8819410e-01
   1.9470649e-01
   1.9751325e-01
   1.8957953e-01
   1.8955626e-01
   1.9163721e-01
   1.9722324e-01
   1.8832422e-01
   1.8406947e-01
   1.8210612e-01
   2.0379106e-01
   1.8587478e-01
   1.8516973e-01
   1.8861076e-01
   1.8710430e-01
   1.9014083e-01
   1.9433939e-01
   1.8737165e-01
   1.9031032e-01
   1.8556881e-01
   2.0259981e-01
   1.8767378e-01
   1.9152694e-01
   1.9203731e-01
   1.9735228e-01
   1.8921913e-01
   1.8968609e-01
   1.9535403e-01
   1.9811502e-01
   1.8876819e-01
   1.9236387e-01
   1.9303963e-01
   1.8736932e-01
   1.9018361e-01
   1.8457001e-01
   1.9678825e-01
   1.9672694e-01
   1.9290488e-01
   1.8826377e-01
   1.8810503e-01
   1.8948690e-01
   1.9584275e-01
   1.8532436e-01
   2.0000316e-01
   1.8650277e-01
   1.8372598e-01
   1.9092777e-01
   1.8685105e-01
   1.8542383e-01
   1.9253238e-01
   1.8786390e-01
   1.8601309e-01
   1.8530892e-01
   1.9716960e-01
   1.8980002e-01
   1.8493096e-01
   1.9771106e-01
   1.8510578e-01
   1.9798828e-01
   1.9008877e-01
   1.9016245e-01
   1.9657282e-01
   1.9585412e-01
   1.8749462e-01
   1.8330919e-01
   1.9689843e-01
   1.8986235e-01
   1.9322511e-01
   1.8161337e-01
   1.8022303e-01
   1.8632537e-01
   1.9178652e-01
   1.9050319e-01
   2.0297546e-01
   1.8453586e-01
   1.9712303e-01
   1.9161403e-01
   1.9772931e-01
   1.9565712e-01
   1.8912509e-01
   1.9634467e-01
   1.9726398e-01
   1.8435652e-01
   1.8498163e-01
   1.9728144e-01
   1.9667385e-01
   1.8605260e-01
   1.9698535e-01
   1.9414980e-01
   1.8542399e-01
   1.9077383e-01
   1.8551303e-01
   1.9157430e-01
   1.8494715e-01
   1.8311613e-01
   1.8505300e-01
   1.9653601e-01
   1.9772541e-01
   1.9976972e-01
   1.8641132e-01
   1.9421923e-01
   1.9282716e-01
   1.9841577e-01
   2.0458472e-01
   1.9407182e-01
   1.9700623e-01
   1.7961749e-01
   1.9956238e-01
   1.8464466e-01
   1.9738507e-01
   1.8447743e-01
   1.8962649e-01
   1.9664069e-01
   1.9199185e-01
   2.0092047e-01
   2.0067008e-01
   1.9321911e-01
   1.8928131e-01
   1.8458179e-01
   1.9661632e-01
   1.8962551e-01
   1.9550453e-01
   1.9530459e-01
   1.8820370e-01
   1.9334574e-01
   1.8289130e-01
   2.0009176e-01
   1.8821486e-01
   2.0109423e-01
   1.9541570e-01
   1.9174351e-01
   1.8992081e-01
   1.8666713e-01
   1.8709221e-01
   1.8148885e-01
   1.9728141e-01
   1.9789796e-01
   1.9050723e-01
   2.0436485e-01
   1.8135793e-01
   2.0329481e-01
   1.8565215e-01
   1.9184386e-01
   1.8298804e-01
   2.0017244e-01
   2.0072649e-01
   1.9658999e-01
   1.8644035e-01
   1.9750012e-01
   1.8380484e-01
   1.8721443e-01
   1.8980265e-01
   1.8617108e-01
   1.8692100e-01
   1.8659137e-01
   1.8550423e-01
   1.9542912e-01
   1.9860395e-01
   2.0138525e-01
   1.8856365e-01
   1.9727763e-01
   2.0345098e-01
   1.8624655e-01
   1.8080595e-01
   1.8858979e-01
   1.9877163e-01
   1.9168119e-01
   1.9566692e-01
   1.9138910e-01
   1.8560138e-01
   1.9890631e-01
   2.0325928e-01
   1.9184299e-01
   1.9996445e-01
   1.8523399e-01
   1.8669650e-01
   1.8637664e-01
   1.8184426e-01
   1.8719599e-01
   1.8846500e-01
   1.9789314e-01
   1.8555714e-01
   1.8938359e-01
   1.8804199e-01
   2.0298134e-01
   1.8793867e-01
   1.8705062e-01
   1.8954531e-01
   1.9215629e-01
   1.9286115e-01
   2.0181518e-01
   1.8165252e-01
   1.8183853e-01
   1.8610019e-01
   1.9020549e-01
   1.9092922e-01
   1.9960203e-01
