   2.3758903e-02
   2.3012209e-02
   2.2759949e-02
   2.4995364e-02
   2.3348966e-02
   2.4646301e-02
   2.0947765e-02
   2.3342408e-02
   2.6575696e-02
   2.4838286e-02
   2.4275294e-02
   2.3836901e-02
   2.4859755e-02
   2.5352345e-02
   2.2596266e-02
   2.5282819e-02
   2.2718922e-02
   2.2708193e-02
   2.0818372e-02
   2.2158852e-02
   2.4992637e-02
   2.3319530e-02
   2.4137646e-02
   2.3000852e-02
   2.5544294e-02
   2.4613667e-02
   2.4270852e-02
   2.2420418e-02
   2.3598528e-02
   2.4286142e-02
   2.2758291e-02
   2.6097092e-02
   2.4364479e-02
   2.6197202e-02
   2.5175339e-02
   2.3994146e-02
   2.3720114e-02
   2.6981680e-02
   2.3909711e-02
   2.5586206e-02
   2.3553820e-02
   2.5103899e-02
   2.3143196e-02
   2.2068395e-02
   2.3874463e-02
   2.1763072e-02
   2.5444615e-02
   2.3742831e-02
   2.3571349e-02
   2.5998797e-02
   2.6149868e-02
   2.3481270e-02
   2.4677448e-02
   2.4544183e-02
   2.3856042e-02
   2.4410735e-02
   2.5920054e-02
   2.1215528e-02
   2.3525849e-02
   2.1922929e-02
   2.3031771e-02
   2.3246255e-02
   2.6473188e-02
   2.4518037e-02
   2.1257440e-02
   2.5519565e-02
   2.4690740e-02
   2.2762164e-02
   2.3576680e-02
   2.2614795e-02
   2.2261050e-02
   2.3227963e-02
   2.2927945e-02
   2.5051402e-02
   2.1794862e-02
   2.1486593e-02
   2.2954002e-02
   2.2048635e-02
   2.7172321e-02
   2.6292307e-02
   2.2997223e-02
   2.6563905e-02
   2.5413644e-02
   2.4210132e-02
   2.4415587e-02
   2.5336789e-02
   2.3598999e-02
   2.3667008e-02
   2.3391314e-02
   2.5382314e-02
   2.1878963e-02
   2.3657478e-02
   2.6948838e-02
   2.1910163e-02
   2.6890069e-02
   2.6155200e-02
   2.2160906e-02
   2.2163018e-02
   2.5427132e-02
   2.3206749e-02
   2.3412335e-02
   2.4483680e-02
   2.4201641e-02
   2.3746323e-02
   2.6610069e-02
   2.4720062e-02
   2.4077800e-02
   2.5340315e-02
   2.3018196e-02
   2.6454218e-02
   2.2452199e-02
   2.3602706e-02
   2.1175982e-02
   2.2953556e-02
   2.6256911e-02
   2.3584061e-02
   2.4332364e-02
   2.6590407e-02
   2.5409948e-02
   2.2468732e-02
   2.3701004e-02
   2.2831820e-02
   2.4173696e-02
   2.3690334e-02
   2.3496604e-02
   2.3096119e-02
   2.4806159e-02
   2.2599157e-02
   2.4113348e-02
   2.2393081e-02
   2.2612087e-02
   2.3029753e-02
   2.0949209e-02
   2.2853603e-02
   2.4718034e-02
   2.2873920e-02
   2.2105643e-02
   2.1511766e-02
   2.4034300e-02
   2.6597548e-02
   2.4967450e-02
   2.4737647e-02
   2.4242234e-02
   2.1964541e-02
   2.6461527e-02
   2.5217235e-02
   2.5395833e-02
   2.3301648e-02
   2.4007637e-02
   2.1568380e-02
   2.5366786e-02
   2.4654263e-02
   2.5164462e-02
   2.3760037e-02
   2.6045570e-02
   2.4534092e-02
   2.6013659e-02
   2.2412999e-02
   2.6177880e-02
   2.4071376e-02
   2.4022269e-02
   2.3286353e-02
   2.5965831e-02
   2.4596959e-02
   2.3474932e-02
   2.1849769e-02
   2.6364453e-02
   2.6235631e-02
   2.4267165e-02
   2.6667485e-02
   2.2359830e-02
   2.2312030e-02
   2.5845146e-02
   2.2857419e-02
   2.4882642e-02
   2.1290240e-02
   2.3458251e-02
   2.6835104e-02
   2.4964439e-02
   2.6339547e-02
   2.4813091e-02
   2.3465673e-02
   2.3975349e-02
   2.2935302e-02
   2.3479211e-02
   2.2761046e-02
   2.4761988e-02
   2.0801866e-02
   2.2840247e-02
   2.5802351e-02
   2.3226504e-02
   2.3830566e-02
   2.3015682e-02
   2.3000069e-02
   2.3262778e-02
   2.6410761e-02
   2.1684441e-02
   2.1985837e-02
   2.4679787e-02
   2.3998575e-02
   2.5068581e-02
   2.4282297e-02
   2.1956239e-02
   2.3332738e-02
   2.3592775e-02
   2.2873403e-02
   2.3923924e-02
   2.4504092e-02
   2.4611469e-02
   2.3370779e-02
   2.6453767e-02
   2.2649788e-02
   2.5392985e-02
   2.2103202e-02
   2.5263784e-02
   2.0817432e-02
   2.2029338e-02
   2.5140572e-02
   2.4465372e-02
   2.1629795e-02
   2.5551218e-02
   2.2329000e-02
   2.2136821e-02
   2.7087143e-02
   2.2968495e-02
   2.3663182e-02
   2.6902526e-02
   2.3504186e-02
   2.5958386e-02
   2.5734081e-02
   2.4302918e-02
   2.2351698e-02
   2.3318368e-02
   2.4639391e-02
   2.2065415e-02
   2.3048998e-02
   2.4363925e-02
   2.4506928e-02
   2.5639037e-02
   2.3301231e-02
   2.4715179e-02
   2.5576282e-02
   2.3278928e-02
   2.5102274e-02
   2.4179108e-02
   2.3344640e-02
   2.4725135e-02
   2.3107555e-02
   2.4804429e-02
   2.5539918e-02
   2.3603121e-02
   2.2096520e-02
   2.3368155e-02
   2.1367581e-02
   2.5206820e-02
   2.5010990e-02
   2.4991683e-02
   2.3257516e-02
   2.3804432e-02
   2.1974241e-02
   2.1228424e-02
   2.1815851e-02
   2.4901610e-02
   2.1245012e-02
   2.4277474e-02
   2.4753917e-02
   2.5692487e-02
   2.6325744e-02
   2.2953844e-02
   2.4573507e-02
   2.5555977e-02
   2.5931884e-02
   2.2967702e-02
   2.5218348e-02
   2.4152560e-02
   2.5042441e-02
   2.4051375e-02
   2.5554369e-02
   2.3422377e-02
   2.2529833e-02
   2.4370710e-02
   2.6978733e-02
   2.5042960e-02
   2.2477925e-02
   2.5585366e-02
   2.3085984e-02
   2.3519981e-02
   2.5501632e-02
   2.0909761e-02
   2.2086448e-02
   2.4704602e-02
   2.6658669e-02
   2.6077263e-02
   2.5706734e-02
   2.5035461e-02
   2.2650095e-02
   2.2812668e-02
   2.5209621e-02
   2.6705985e-02
   2.5996880e-02
