   2.1664205e-01
   2.2190304e-01
   2.2819253e-01
   2.1575926e-01
   2.2110597e-01
   2.2447255e-01
   2.1405487e-01
   2.1245535e-01
   2.2826337e-01
   2.1623924e-01
   2.2365116e-01
   2.1598914e-01
   2.2014520e-01
   2.1964694e-01
   2.1991823e-01
   2.1806163e-01
   2.1746176e-01
   2.1693093e-01
   2.1609041e-01
   2.1114491e-01
   2.2579347e-01
   2.2313269e-01
   2.1825697e-01
   2.2380149e-01
   2.1134218e-01
   2.2077760e-01
   2.2717018e-01
   2.1825464e-01
   2.2221403e-01
   2.2297551e-01
   2.1586997e-01
   2.1916314e-01
   2.1149602e-01
   2.1184771e-01
   2.1587807e-01
   2.2495175e-01
   2.1770816e-01
   2.2031522e-01
   2.1892868e-01
   2.1741299e-01
   2.1741943e-01
   2.1612351e-01
   2.1012710e-01
   2.1706379e-01
   2.2268793e-01
   2.2927516e-01
   2.2063062e-01
   2.2407980e-01
   2.1344067e-01
   2.1666026e-01
   2.2387588e-01
   2.2928180e-01
   2.1867977e-01
   2.2209313e-01
   2.2954383e-01
   2.2264666e-01
   2.2867254e-01
   2.2991806e-01
   2.2696845e-01
   2.2077049e-01
   2.1121830e-01
   2.2669526e-01
   2.1562436e-01
   2.1795108e-01
   2.2679116e-01
   2.1827303e-01
   2.2297998e-01
   2.2167300e-01
   2.2708576e-01
   2.2120851e-01
   2.2354795e-01
   2.1143456e-01
   2.2232239e-01
   2.2006861e-01
   2.1572625e-01
   2.1035488e-01
   2.2803414e-01
   2.1579400e-01
   2.2817116e-01
   2.1782727e-01
   2.1684465e-01
   2.2302295e-01
   2.1828212e-01
   2.2165892e-01
   2.1736142e-01
   2.2133885e-01
   2.1594234e-01
   2.2020386e-01
   2.0984745e-01
   2.1905617e-01
   2.1779902e-01
   2.2443411e-01
   2.2152568e-01
   2.2308178e-01
   2.1844293e-01
   2.2821858e-01
   2.1543743e-01
   2.2763171e-01
   2.2224176e-01
   2.2324671e-01
   2.1482425e-01
   2.2314833e-01
   2.0903239e-01
   2.1571226e-01
   2.2273998e-01
   2.1686674e-01
   2.2564793e-01
   2.3023133e-01
   2.2707108e-01
   2.1865204e-01
   2.1648274e-01
   2.1631804e-01
   2.1974038e-01
   2.2336017e-01
   2.1752313e-01
   2.1412264e-01
   2.2821296e-01
   2.1702016e-01
   2.2015000e-01
   2.2922235e-01
   2.0969934e-01
   2.1454511e-01
   2.1673636e-01
   2.2435795e-01
   2.1277225e-01
   2.1864874e-01
   2.1243530e-01
   2.1566791e-01
   2.2044972e-01
   2.2318628e-01
   2.1364790e-01
   2.1742917e-01
   2.1678363e-01
   2.1677177e-01
   2.2139307e-01
   2.2328634e-01
   2.1808850e-01
   2.2824076e-01
   2.1890540e-01
   2.1896774e-01
   2.2762401e-01
   2.1783430e-01
   2.1926297e-01
   2.2282327e-01
   2.2091262e-01
   2.1998889e-01
   2.2728321e-01
   2.1790745e-01
   2.3071955e-01
   2.1773195e-01
   2.1640223e-01
   2.1595657e-01
   2.1512445e-01
   2.2110115e-01
   2.2720781e-01
   2.1805808e-01
   2.1795546e-01
   2.2759316e-01
   2.1704088e-01
   2.1633305e-01
   2.1860087e-01
   2.1368562e-01
   2.2244629e-01
   2.2132786e-01
   2.2867716e-01
   2.2804095e-01
   2.1562281e-01
   2.2241874e-01
   2.1176729e-01
   2.2589182e-01
   2.1754213e-01
   2.2884294e-01
   2.2564735e-01
   2.1605520e-01
   2.1595392e-01
   2.2477335e-01
   2.2632459e-01
   2.1752665e-01
   2.1852970e-01
   2.2796827e-01
   2.2422827e-01
   2.2924962e-01
   2.2418650e-01
   2.2462062e-01
   2.1741101e-01
   2.1951277e-01
   2.1765385e-01
   2.1568516e-01
   2.1050599e-01
   2.2428095e-01
   2.1562858e-01
   2.2765027e-01
   2.1612717e-01
   2.1526320e-01
   2.3138991e-01
   2.1129377e-01
   2.2971639e-01
   2.1676500e-01
   2.1863910e-01
   2.1231838e-01
   2.1720883e-01
   2.1838904e-01
   2.2899306e-01
   2.2445138e-01
   2.1051598e-01
   2.1222941e-01
   2.1567468e-01
   2.2822038e-01
   2.2705630e-01
   2.1531895e-01
   2.1897878e-01
   2.1914427e-01
   2.1948416e-01
   2.2010750e-01
   2.2004245e-01
   2.1496565e-01
   2.1732950e-01
   2.1779374e-01
   2.1587220e-01
   2.1599931e-01
   2.2901097e-01
   2.1719566e-01
   2.2157961e-01
   2.2902103e-01
   2.2434475e-01
   2.2536973e-01
   2.2470188e-01
   2.1857224e-01
   2.1681575e-01
   2.1444276e-01
   2.1615345e-01
   2.2413979e-01
   2.1957408e-01
   2.2378270e-01
   2.2587485e-01
   2.1814126e-01
   2.2904030e-01
   2.1687107e-01
   2.1286336e-01
   2.2883287e-01
   2.2715622e-01
   2.2647397e-01
   2.2951987e-01
   2.1340106e-01
   2.2105027e-01
   2.2879258e-01
   2.1360389e-01
   2.1311280e-01
   2.2340959e-01
   2.2204469e-01
   2.1757227e-01
   2.1880214e-01
   2.2729635e-01
   2.2790320e-01
   2.0964580e-01
   2.1242598e-01
   2.1803118e-01
   2.1738393e-01
   2.2326683e-01
   2.2853518e-01
   2.1910027e-01
   2.1876618e-01
   2.1617912e-01
   2.1863123e-01
   2.2761217e-01
   2.1048393e-01
   2.1760417e-01
   2.2309788e-01
   2.1704587e-01
   2.2998079e-01
   2.1654122e-01
   2.1604069e-01
   2.1589322e-01
   2.1565631e-01
   2.2268135e-01
   2.1378707e-01
   2.3112041e-01
   2.2115540e-01
   2.2163651e-01
   2.1866229e-01
   2.3149790e-01
   2.2953789e-01
   2.1692066e-01
   2.2566312e-01
   2.1854212e-01
   2.3008688e-01
   2.2723251e-01
   2.1432070e-01
   2.0952401e-01
   2.1823532e-01
   2.2888817e-01
   2.2297443e-01
   2.2401458e-01
   2.1705016e-01
   2.2868662e-01
   2.1833594e-01
   2.2741973e-01
   2.2504834e-01
   2.0944309e-01
   2.2085126e-01
