   2.3050373e-01
   2.1739473e-01
   2.0413549e-01
   2.1659456e-01
   2.1723829e-01
   2.2510499e-01
   2.1866867e-01
   2.2328960e-01
   2.1520166e-01
   2.2661193e-01
   2.1702264e-01
   2.1541596e-01
   2.2268723e-01
   2.1033711e-01
   2.1221119e-01
   2.1381196e-01
   2.1852169e-01
   2.1588893e-01
   2.0980204e-01
   2.3061121e-01
   2.1560343e-01
   2.0229265e-01
   2.2672867e-01
   2.2238476e-01
   2.1630076e-01
   2.2609194e-01
   2.2115039e-01
   2.2570189e-01
   2.0310301e-01
   2.2555068e-01
   2.2759819e-01
   2.1689316e-01
   2.0879537e-01
   2.1505889e-01
   2.2479418e-01
   2.1610765e-01
   2.2513548e-01
   2.0112698e-01
   2.2056027e-01
   2.2631802e-01
   2.2426096e-01
   2.1552123e-01
   2.2366456e-01
   2.2484843e-01
   2.1703441e-01
   2.0803858e-01
   2.2109380e-01
   2.0218965e-01
   2.1640660e-01
   2.1620578e-01
   2.1650657e-01
   2.2718046e-01
   2.1082688e-01
   2.2030250e-01
   2.0365101e-01
   2.1844233e-01
   2.1522065e-01
   2.2856712e-01
   2.2586626e-01
   2.1664067e-01
   2.2465545e-01
   2.2423256e-01
   2.2617379e-01
   2.2942458e-01
   2.2096477e-01
   2.0803344e-01
   2.0873720e-01
   2.1711378e-01
   2.1234620e-01
   2.1543535e-01
   2.2060299e-01
   2.2069787e-01
   2.2876409e-01
   2.1793345e-01
   2.1795549e-01
   2.0925441e-01
   2.1671481e-01
   2.0976020e-01
   2.0676899e-01
   2.1677062e-01
   2.2879924e-01
   2.1737394e-01
   2.1336369e-01
   2.2211132e-01
   2.2249413e-01
   2.1495760e-01
   2.1700586e-01
   2.2688453e-01
   2.0807730e-01
   2.1610520e-01
   2.1700674e-01
   2.1802167e-01
   2.1808705e-01
   2.1847589e-01
   2.2866527e-01
   2.2758193e-01
   2.2334523e-01
   2.3182059e-01
   2.1443098e-01
   2.1596459e-01
   2.3320556e-01
   2.2483633e-01
   2.1163272e-01
   2.2729408e-01
   2.2089397e-01
   2.2317334e-01
   2.1053881e-01
   2.1455739e-01
   2.2914371e-01
   2.2534447e-01
   2.0851380e-01
   2.1646283e-01
   2.1302582e-01
   2.2481006e-01
   2.1582566e-01
   2.2496146e-01
   2.1898918e-01
   2.1693830e-01
   2.2297986e-01
   2.2127657e-01
   2.1831730e-01
   2.0692650e-01
   2.2065781e-01
   2.2736617e-01
   2.1633852e-01
   2.2682796e-01
   2.0866558e-01
   2.2692680e-01
   2.1683986e-01
   2.2628233e-01
   2.2592981e-01
   2.2066306e-01
   2.1586469e-01
   2.2443261e-01
   2.1472421e-01
   2.1130596e-01
   2.1656309e-01
   2.2558462e-01
   2.1632879e-01
   2.1759071e-01
   2.2519057e-01
   2.2229048e-01
   2.2413602e-01
   2.1612275e-01
   2.2791752e-01
   2.1018047e-01
   2.1782293e-01
   2.1629561e-01
   2.1590319e-01
   2.1622717e-01
   2.2638856e-01
   2.2227684e-01
   2.0385398e-01
   2.2771934e-01
   2.1718050e-01
   2.2016120e-01
   2.2484454e-01
   2.0820377e-01
   2.1786439e-01
   2.1711460e-01
   2.1547672e-01
   2.2875445e-01
   2.1530222e-01
   2.1660993e-01
   2.0576994e-01
   2.0843295e-01
   2.1602435e-01
   2.0139213e-01
   2.2645313e-01
   2.0963755e-01
   2.2553540e-01
   2.1946018e-01
   2.1808131e-01
   2.1496187e-01
   2.0154855e-01
   2.1646037e-01
   2.1749930e-01
   2.0206709e-01
   2.2477051e-01
   2.1671456e-01
   2.2726764e-01
   2.2378291e-01
   2.1955974e-01
   2.0953806e-01
   2.2638653e-01
   2.1554994e-01
   2.2631031e-01
   2.2755576e-01
   2.2915462e-01
   2.1854910e-01
   2.1640609e-01
   2.2624762e-01
   2.0839299e-01
   2.1601806e-01
   2.1950578e-01
   2.2106584e-01
   2.1213799e-01
   2.2967258e-01
   2.2193496e-01
   2.1897585e-01
   2.1707643e-01
   2.2122172e-01
   2.2850071e-01
   2.2372725e-01
   2.1985437e-01
   2.1649276e-01
   2.2598342e-01
   2.2897803e-01
   2.2383220e-01
   2.2287633e-01
   2.2382299e-01
   2.2676305e-01
   2.2608083e-01
   2.1667086e-01
   2.1520207e-01
   2.1572167e-01
   2.1695607e-01
   2.2494209e-01
   2.1007422e-01
   2.2641154e-01
   2.1683783e-01
   2.2581874e-01
   2.1561486e-01
   2.1615864e-01
   2.1602664e-01
   2.1632038e-01
   2.1963390e-01
   2.2088867e-01
   2.1722332e-01
   2.3045056e-01
   2.1582198e-01
   2.2412242e-01
   2.3152690e-01
   2.0498803e-01
   2.2012954e-01
   2.1928708e-01
   2.1708764e-01
   2.1822954e-01
   2.2645907e-01
   2.0381594e-01
   2.1712337e-01
   2.2079465e-01
   2.1855932e-01
   2.1842610e-01
   2.2871889e-01
   2.0450659e-01
   2.2903030e-01
   2.2886671e-01
   2.0782816e-01
   2.2826244e-01
   2.2609918e-01
   2.1564139e-01
   2.2466969e-01
   2.1723682e-01
   2.2177309e-01
   2.2676920e-01
   2.1758453e-01
   2.2735534e-01
   2.1597035e-01
   2.1758803e-01
   2.2532158e-01
   2.2389613e-01
   2.1136685e-01
   2.2640235e-01
   2.1141572e-01
   2.2782389e-01
   2.2755254e-01
   2.1532281e-01
   2.1912889e-01
   2.2686268e-01
   2.2204373e-01
   2.2973209e-01
   2.1574523e-01
   2.2690407e-01
   2.1792767e-01
   2.2030474e-01
   2.1892139e-01
   2.1813921e-01
   2.2605385e-01
   2.2704953e-01
   2.3014035e-01
   2.1906012e-01
   2.2568319e-01
   2.1661835e-01
   2.2525289e-01
   2.1818522e-01
   2.1590555e-01
   2.2383244e-01
   2.2034801e-01
   2.0923473e-01
   2.2950507e-01
   2.2387085e-01
   2.2174213e-01
   2.2700906e-01
   2.1598427e-01
   2.0945136e-01
   2.3032933e-01
   2.0232364e-01
   2.0438975e-01
   2.2488892e-01
