   5.4877636e-02
   5.3719578e-02
   5.4900086e-02
   5.4952483e-02
   5.5672428e-02
   5.5115146e-02
   5.4306508e-02
   5.4385013e-02
   5.2994602e-02
   5.4306801e-02
   5.2513970e-02
   5.4839430e-02
   5.4357785e-02
   5.4540014e-02
   5.5053318e-02
   5.5168631e-02
   5.5083905e-02
   5.4404690e-02
   5.6041590e-02
   5.4941758e-02
   5.3897441e-02
   5.5720941e-02
   5.4814660e-02
   5.4952067e-02
   5.2858958e-02
   5.4547550e-02
   5.4849009e-02
   5.5073335e-02
   5.2692043e-02
   5.4318214e-02
   5.5486769e-02
   5.4799345e-02
   5.2933595e-02
   5.4296127e-02
   5.5573492e-02
   5.4388990e-02
   5.2593609e-02
   5.2536266e-02
   5.4708574e-02
   5.5920405e-02
   5.4802355e-02
   5.5059992e-02
   5.4648753e-02
   5.4295464e-02
   5.4303634e-02
   5.5015139e-02
   5.4288926e-02
   5.4668004e-02
   5.4761964e-02
   5.4382111e-02
   5.2720266e-02
   5.4748499e-02
   5.4913025e-02
   5.4311560e-02
   5.2541840e-02
   5.4459712e-02
   5.4378440e-02
   5.4977540e-02
   5.3041800e-02
   5.4314187e-02
   5.5005448e-02
   5.2474525e-02
   5.4531114e-02
   5.4334734e-02
   5.5050127e-02
   5.3309429e-02
   5.5067210e-02
   5.5077163e-02
   5.4495876e-02
   5.2797629e-02
   5.4370184e-02
   5.5321527e-02
   5.6212423e-02
   5.5158974e-02
   5.5756402e-02
   5.4834525e-02
   5.4554680e-02
   5.4425443e-02
   5.4664976e-02
   5.4779742e-02
   5.4308891e-02
   5.4921412e-02
   5.4696632e-02
   5.3797119e-02
   5.4236466e-02
   5.4295368e-02
   5.4486553e-02
   5.6160965e-02
   5.6333113e-02
   5.4718263e-02
   5.2655386e-02
   5.5060021e-02
   5.6071334e-02
   5.4431132e-02
   5.5955608e-02
   5.4645684e-02
   5.6273298e-02
   5.5508082e-02
   5.4696056e-02
   5.4774118e-02
   5.5635123e-02
   5.6232450e-02
   5.2626702e-02
   5.4641656e-02
   5.4641058e-02
   5.6124614e-02
   5.3911053e-02
   5.2586368e-02
   5.2735215e-02
   5.5083691e-02
   5.5023006e-02
   5.5168182e-02
   5.5150744e-02
   5.4767576e-02
   5.2872322e-02
   5.5069391e-02
   5.4494404e-02
   5.4359279e-02
   5.6237009e-02
   5.3182688e-02
   5.2546519e-02
   5.4322093e-02
   5.5440346e-02
   5.4316709e-02
   5.4809814e-02
   5.5791212e-02
   5.3049356e-02
   5.4360115e-02
   5.4433476e-02
   5.6039372e-02
   5.3804223e-02
   5.3314396e-02
   5.5733822e-02
   5.4623264e-02
   5.5850126e-02
   5.3861866e-02
   5.3306040e-02
   5.2531962e-02
   5.4312170e-02
   5.4304846e-02
   5.4789784e-02
   5.2702105e-02
   5.2675072e-02
   5.4837348e-02
   5.6315750e-02
   5.4703548e-02
   5.4679984e-02
   5.4701065e-02
   5.5685242e-02
   5.5151518e-02
   5.5053421e-02
   5.4746895e-02
   5.4336039e-02
   5.4313459e-02
   5.5745334e-02
   5.3548946e-02
   5.4523859e-02
   5.5128666e-02
   5.5169735e-02
   5.5078598e-02
   5.4123184e-02
   5.4298102e-02
   5.3257369e-02
   5.4408743e-02
   5.4342723e-02
   5.5164626e-02
   5.4374024e-02
   5.5647331e-02
   5.2555071e-02
   5.4891139e-02
   5.5017534e-02
   5.2633036e-02
   5.4301173e-02
   5.5084495e-02
   5.2519938e-02
   5.4533429e-02
   5.2643202e-02
   5.5361794e-02
   5.5039211e-02
   5.4883660e-02
   5.4343597e-02
   5.5405999e-02
   5.3748738e-02
   5.5861097e-02
   5.4912942e-02
   5.4292274e-02
   5.3282999e-02
   5.5079695e-02
   5.5167318e-02
   5.2705023e-02
   5.4581988e-02
   5.4463908e-02
   5.4418884e-02
   5.4963242e-02
   5.4148427e-02
   5.4306894e-02
   5.2882967e-02
   5.4986209e-02
   5.5173972e-02
   5.5165292e-02
   5.3359186e-02
   5.4916035e-02
   5.4433009e-02
   5.6323360e-02
   5.2639936e-02
   5.4840401e-02
   5.4949086e-02
   5.4752844e-02
   5.4531104e-02
   5.4966565e-02
   5.4395855e-02
   5.3136934e-02
   5.5048017e-02
   5.4382582e-02
   5.5154748e-02
   5.5321218e-02
   5.6094654e-02
   5.4275002e-02
   5.4378641e-02
   5.4145020e-02
   5.6304655e-02
   5.4074543e-02
   5.4665242e-02
   5.2672767e-02
   5.2623060e-02
   5.4808439e-02
   5.4554429e-02
   5.4696450e-02
   5.2635444e-02
   5.2567243e-02
   5.2515716e-02
   5.4991669e-02
   5.4868110e-02
   5.2990787e-02
   5.5105710e-02
   5.2491621e-02
   5.2675320e-02
   5.3933840e-02
   5.4447985e-02
   5.5497173e-02
   5.4992333e-02
   5.4997782e-02
   5.2765055e-02
   5.5168110e-02
   5.4879721e-02
   5.2839416e-02
   5.4700630e-02
   5.4481904e-02
   5.5109828e-02
   5.4422352e-02
   5.4991678e-02
   5.4462748e-02
   5.4848016e-02
   5.5611213e-02
   5.4786147e-02
   5.4909668e-02
   5.2709061e-02
   5.5023288e-02
   5.4369364e-02
   5.4112458e-02
   5.5097560e-02
   5.4767716e-02
   5.4434292e-02
   5.2692290e-02
   5.3660118e-02
   5.2755896e-02
   5.4285146e-02
   5.5140422e-02
   5.5130049e-02
   5.4912598e-02
   5.4507080e-02
   5.6268312e-02
   5.4368760e-02
   5.5103732e-02
   5.3107007e-02
   5.5595560e-02
   5.5756871e-02
   5.6345251e-02
   5.2792476e-02
   5.6315312e-02
   5.2636457e-02
   5.5067575e-02
   5.4679140e-02
   5.2545520e-02
   5.5045057e-02
   5.4614362e-02
   5.2967115e-02
   5.4291100e-02
   5.4308830e-02
   5.5085025e-02
   5.5173553e-02
   5.4573783e-02
   5.4423635e-02
   5.4699638e-02
   5.2603774e-02
   5.2911618e-02
   5.6008947e-02
   5.4432172e-02
   5.4165598e-02
   5.4837897e-02
