   2.2778431e-02
   2.2845729e-02
   2.3131637e-02
   2.2675489e-02
   2.2541501e-02
   2.2796274e-02
   2.2557357e-02
   2.3151232e-02
   2.2740433e-02
   2.2855380e-02
   2.2739102e-02
   2.2738220e-02
   2.2678488e-02
   2.2765410e-02
   2.2665691e-02
   2.2605140e-02
   2.2454256e-02
   2.2567198e-02
   2.3037310e-02
   2.3196896e-02
   2.2446880e-02
   2.3134731e-02
   2.2627645e-02
   2.2559607e-02
   2.2575601e-02
   2.3241212e-02
   2.2399078e-02
   2.2696096e-02
   2.2910312e-02
   2.2895416e-02
   2.2665116e-02
   2.2528447e-02
   2.2985601e-02
   2.2788037e-02
   2.2578817e-02
   2.2800104e-02
   2.2643739e-02
   2.2828441e-02
   2.2473807e-02
   2.2769734e-02
   2.3172862e-02
   2.2667096e-02
   2.2977112e-02
   2.2732987e-02
   2.2462073e-02
   2.2550758e-02
   2.2474193e-02
   2.2587586e-02
   2.2614147e-02
   2.2606259e-02
   2.2389132e-02
   2.2437521e-02
   2.2799156e-02
   2.2667701e-02
   2.2817571e-02
   2.3314407e-02
   2.2889488e-02
   2.2751682e-02
   2.2860425e-02
   2.3012746e-02
   2.2566860e-02
   2.3105781e-02
   2.2765780e-02
   2.3149990e-02
   2.2551098e-02
   2.2416961e-02
   2.2988137e-02
   2.2745544e-02
   2.3342413e-02
   2.3036836e-02
   2.3220673e-02
   2.2692183e-02
   2.2493940e-02
   2.3012122e-02
   2.2687156e-02
   2.3054835e-02
   2.3286979e-02
   2.2718919e-02
   2.3076735e-02
   2.2903441e-02
   2.2905174e-02
   2.2470329e-02
   2.2473152e-02
   2.2851277e-02
   2.3231599e-02
   2.2799369e-02
   2.2579802e-02
   2.2434954e-02
   2.3083924e-02
   2.3254771e-02
   2.2708213e-02
   2.2701692e-02
   2.2959399e-02
   2.2776245e-02
   2.2551709e-02
   2.2301348e-02
   2.2830798e-02
   2.2462391e-02
   2.2553643e-02
   2.2581026e-02
   2.2908159e-02
   2.2679277e-02
   2.2667186e-02
   2.3043878e-02
   2.2559381e-02
   2.2890349e-02
   2.3058539e-02
   2.2406129e-02
   2.3240702e-02
   2.2525891e-02
   2.2708520e-02
   2.2553619e-02
   2.2814337e-02
   2.2676725e-02
   2.2470700e-02
   2.2459811e-02
   2.2547609e-02
   2.3239716e-02
   2.3234097e-02
   2.2497173e-02
   2.2977124e-02
   2.3034850e-02
   2.2774040e-02
   2.3006841e-02
   2.2784915e-02
   2.2820548e-02
   2.3245337e-02
   2.2960147e-02
   2.2796820e-02
   2.2438800e-02
   2.2917186e-02
   2.2797039e-02
   2.2564773e-02
   2.3158897e-02
   2.2548155e-02
   2.3115356e-02
   2.2566966e-02
   2.3049664e-02
   2.2512644e-02
   2.2684437e-02
   2.2573219e-02
   2.2723269e-02
   2.3208103e-02
   2.2314997e-02
   2.2461190e-02
   2.2803150e-02
   2.3097506e-02
   2.3004101e-02
   2.3258379e-02
   2.2710596e-02
   2.2923011e-02
   2.2632719e-02
   2.3264985e-02
   2.2861413e-02
   2.2745903e-02
   2.2413550e-02
   2.2277998e-02
   2.2706652e-02
   2.2461515e-02
   2.3085057e-02
   2.2728470e-02
   2.2509086e-02
   2.2427708e-02
   2.2830100e-02
   2.3003712e-02
   2.2486943e-02
   2.3204986e-02
   2.2784270e-02
   2.2994196e-02
   2.2732602e-02
   2.2417001e-02
   2.2757374e-02
   2.2774009e-02
   2.3255847e-02
   2.2838087e-02
   2.2888671e-02
   2.2617497e-02
   2.2718738e-02
   2.2777168e-02
   2.2504046e-02
   2.2634134e-02
   2.2610682e-02
   2.2641939e-02
   2.2612796e-02
   2.3381862e-02
   2.3170780e-02
   2.2613328e-02
   2.2602275e-02
   2.2791244e-02
   2.2591455e-02
   2.2858011e-02
   2.2422771e-02
   2.2864185e-02
   2.2753707e-02
   2.2615609e-02
   2.2775651e-02
   2.2851180e-02
   2.2876438e-02
   2.2693150e-02
   2.2834285e-02
   2.2764653e-02
   2.3097111e-02
   2.2473833e-02
   2.2568816e-02
   2.2868401e-02
   2.2791745e-02
   2.2296191e-02
   2.2783137e-02
   2.3395503e-02
   2.3155767e-02
   2.2615890e-02
   2.3038458e-02
   2.2725052e-02
   2.2787828e-02
   2.2405045e-02
   2.2716888e-02
   2.3106411e-02
   2.2615067e-02
   2.2891954e-02
   2.2696503e-02
   2.2854021e-02
   2.2743152e-02
   2.2480597e-02
   2.2858236e-02
   2.2683239e-02
   2.2309466e-02
   2.2712154e-02
   2.3003254e-02
   2.3171960e-02
   2.2854224e-02
   2.2572926e-02
   2.2960044e-02
   2.2484531e-02
   2.2760562e-02
   2.3229701e-02
   2.3091166e-02
   2.3069704e-02
   2.2855787e-02
   2.2861536e-02
   2.2634059e-02
   2.2695883e-02
   2.2576467e-02
   2.2787930e-02
   2.2718018e-02
   2.2646943e-02
   2.2590581e-02
   2.2713698e-02
   2.2926210e-02
   2.2981941e-02
   2.2945859e-02
   2.2841602e-02
   2.2642983e-02
   2.2380975e-02
   2.2785729e-02
   2.2414381e-02
   2.2458631e-02
   2.3060269e-02
   2.2555554e-02
   2.2957887e-02
   2.2756368e-02
   2.2562946e-02
   2.2776228e-02
   2.3093657e-02
   2.2879891e-02
   2.3249068e-02
   2.2623228e-02
   2.2982875e-02
   2.2623415e-02
   2.2727921e-02
   2.2710340e-02
   2.3093231e-02
   2.2684189e-02
   2.2926867e-02
   2.3148973e-02
   2.2618458e-02
   2.2906517e-02
   2.2661055e-02
   2.3252520e-02
   2.2555722e-02
   2.2742943e-02
   2.2683923e-02
   2.3095085e-02
   2.2416650e-02
   2.2687243e-02
   2.2950665e-02
   2.2681151e-02
   2.2543800e-02
   2.2930102e-02
   2.3039518e-02
   2.3143420e-02
   2.2936342e-02
   2.2581966e-02
   2.2876624e-02
   2.2515455e-02
   2.3265634e-02
   2.2656630e-02
   2.2762204e-02
   2.2410499e-02
   2.2973527e-02
   2.2673100e-02
