   1.5767896e-01
   1.5919295e-01
   1.5790255e-01
   1.6320191e-01
   1.5833530e-01
   1.5793158e-01
   1.5937066e-01
   1.5713784e-01
   1.5652838e-01
   1.5324919e-01
   1.5175990e-01
   1.5634851e-01
   1.6091708e-01
   1.6219771e-01
   1.6187941e-01
   1.6237585e-01
   1.6062492e-01
   1.5865347e-01
   1.6408743e-01
   1.5892583e-01
   1.5658293e-01
   1.6343093e-01
   1.5901998e-01
   1.6103544e-01
   1.5890322e-01
   1.5622059e-01
   1.5763111e-01
   1.5985186e-01
   1.6394897e-01
   1.6365726e-01
   1.5600855e-01
   1.6085444e-01
   1.5954601e-01
   1.6066230e-01
   1.6471823e-01
   1.5725268e-01
   1.6351976e-01
   1.6027109e-01
   1.6127883e-01
   1.5739567e-01
   1.5168266e-01
   1.5929191e-01
   1.5786425e-01
   1.5442843e-01
   1.5230321e-01
   1.5857887e-01
   1.5684327e-01
   1.6150421e-01
   1.5935329e-01
   1.5123729e-01
   1.5490010e-01
   1.5693559e-01
   1.6039024e-01
   1.6250713e-01
   1.5939431e-01
   1.5816542e-01
   1.5993233e-01
   1.6568195e-01
   1.5911019e-01
   1.5868035e-01
   1.5545269e-01
   1.6102318e-01
   1.5462241e-01
   1.5830153e-01
   1.5724099e-01
   1.5800653e-01
   1.6024375e-01
   1.6119336e-01
   1.5733939e-01
   1.5887333e-01
   1.6022486e-01
   1.5797562e-01
   1.6362944e-01
   1.5854493e-01
   1.5880360e-01
   1.5889052e-01
   1.5890647e-01
   1.5402049e-01
   1.5899137e-01
   1.5905895e-01
   1.6010868e-01
   1.5479869e-01
   1.5805411e-01
   1.5852308e-01
   1.6061209e-01
   1.5817989e-01
   1.6037515e-01
   1.5925823e-01
   1.5769738e-01
   1.5696291e-01
   1.5746896e-01
   1.5879183e-01
   1.5882531e-01
   1.5761386e-01
   1.6394856e-01
   1.5671705e-01
   1.5795337e-01
   1.6378972e-01
   1.6412916e-01
   1.5901542e-01
   1.5875866e-01
   1.6045851e-01
   1.6161641e-01
   1.5432961e-01
   1.5741938e-01
   1.6030861e-01
   1.6043144e-01
   1.6055679e-01
   1.6044780e-01
   1.6080799e-01
   1.6425527e-01
   1.5753628e-01
   1.5828754e-01
   1.5479705e-01
   1.5386768e-01
   1.5504758e-01
   1.5748029e-01
   1.5823661e-01
   1.5588282e-01
   1.5571395e-01
   1.6642706e-01
   1.6202218e-01
   1.5855727e-01
   1.5881123e-01
   1.5618218e-01
   1.5839029e-01
   1.5096015e-01
   1.5862132e-01
   1.5957991e-01
   1.5847200e-01
   1.6120715e-01
   1.6351289e-01
   1.5264128e-01
   1.5515387e-01
   1.5893388e-01
   1.5769240e-01
   1.5938396e-01
   1.5427053e-01
   1.5685828e-01
   1.5584987e-01
   1.6034418e-01
   1.5524218e-01
   1.5656715e-01
   1.5597917e-01
   1.6173814e-01
   1.5874258e-01
   1.6203087e-01
   1.6376646e-01
   1.6057006e-01
   1.6019581e-01
   1.5499588e-01
   1.5610713e-01
   1.5579344e-01
   1.5821192e-01
   1.6019152e-01
   1.6007313e-01
   1.6042646e-01
   1.5775981e-01
   1.5889552e-01
   1.5629290e-01
   1.6372253e-01
   1.5416848e-01
   1.5960440e-01
   1.6700169e-01
   1.6222387e-01
   1.5870664e-01
   1.5754901e-01
   1.5877061e-01
   1.5815141e-01
   1.5767887e-01
   1.5697276e-01
   1.5862525e-01
   1.5974120e-01
   1.5928930e-01
   1.6081410e-01
   1.5953820e-01
   1.6141207e-01
   1.5244270e-01
   1.6240381e-01
   1.5981796e-01
   1.5948236e-01
   1.6018486e-01
   1.5790390e-01
   1.6016065e-01
   1.6352805e-01
   1.6443416e-01
   1.6055764e-01
   1.6388167e-01
   1.5689741e-01
   1.5390938e-01
   1.6207605e-01
   1.5892928e-01
   1.5486480e-01
   1.6132177e-01
   1.6110503e-01
   1.5747137e-01
   1.5323414e-01
   1.6401337e-01
   1.5583401e-01
   1.6317240e-01
   1.5643736e-01
   1.5709910e-01
   1.5770565e-01
   1.6049655e-01
   1.5700453e-01
   1.5403045e-01
   1.5769765e-01
   1.6850368e-01
   1.6223618e-01
   1.6087095e-01
   1.5538776e-01
   1.6460805e-01
   1.5900050e-01
   1.6374731e-01
   1.5212543e-01
   1.6038914e-01
   1.5149213e-01
   1.6235150e-01
   1.5381602e-01
   1.5727043e-01
   1.6033964e-01
   1.6424713e-01
   1.5840350e-01
   1.6176811e-01
   1.5797479e-01
   1.5821970e-01
   1.5492634e-01
   1.5908128e-01
   1.5685592e-01
   1.5792985e-01
   1.6200373e-01
   1.5208114e-01
   1.6104019e-01
   1.5839797e-01
   1.5785937e-01
   1.5770022e-01
   1.5599768e-01
   1.5745050e-01
   1.5772270e-01
   1.5596021e-01
   1.5895697e-01
   1.6077075e-01
   1.5738850e-01
   1.6318730e-01
   1.6301695e-01
   1.6103462e-01
   1.5519346e-01
   1.6463619e-01
   1.6089991e-01
   1.6083032e-01
   1.6469718e-01
   1.6377563e-01
   1.6039132e-01
   1.5631285e-01
   1.6360131e-01
   1.5534427e-01
   1.6162198e-01
   1.5792883e-01
   1.5879652e-01
   1.5785544e-01
   1.5771965e-01
   1.5813447e-01
   1.5126141e-01
   1.6195732e-01
   1.6054100e-01
   1.5328859e-01
   1.5802498e-01
   1.6537741e-01
   1.6050462e-01
   1.5883382e-01
   1.5913529e-01
   1.5517769e-01
   1.5688942e-01
   1.5400772e-01
   1.6500157e-01
   1.6150441e-01
   1.5714032e-01
   1.5364015e-01
   1.6033379e-01
   1.6246487e-01
   1.5705581e-01
   1.5715197e-01
   1.5762260e-01
   1.6083725e-01
   1.6040272e-01
   1.5538412e-01
   1.6048426e-01
   1.6268912e-01
   1.5790909e-01
   1.5878371e-01
   1.6126028e-01
   1.6088217e-01
   1.6269440e-01
   1.6056515e-01
   1.5795931e-01
   1.5860018e-01
   1.6444864e-01
   1.5963139e-01
   1.5758964e-01
   1.5713314e-01
