   6.1252746e-02
   8.5699247e-02
   8.0995453e-02
   7.5325522e-02
   1.0279761e-01
   6.4909059e-02
   6.6192934e-02
   9.6634531e-02
   1.0529040e-01
   1.0753419e-01
   7.7973425e-02
   9.9223745e-02
   7.5035590e-02
   1.0067403e-01
   1.0419067e-01
   6.1613748e-02
   7.5063490e-02
   1.1179974e-01
   9.1386329e-02
   7.6087655e-02
   6.9019962e-02
   9.5353199e-02
   1.0387021e-01
   8.7421869e-02
   7.7139503e-02
   9.9067100e-02
   8.5390374e-02
   9.0517309e-02
   8.9181409e-02
   9.1243987e-02
   7.8074071e-02
   8.6919479e-02
   7.4486416e-02
   6.6816220e-02
   1.1735973e-01
   1.0223794e-01
   9.4477503e-02
   1.1340351e-01
   9.9380260e-02
   9.8577120e-02
   9.8488799e-02
   1.0706924e-01
   7.6114984e-02
   6.3488217e-02
   7.7898164e-02
   9.9615873e-02
   9.8122132e-02
   9.5825704e-02
   9.8070218e-02
   7.1605469e-02
   8.8717805e-02
   7.8164236e-02
   6.5471861e-02
   7.4525804e-02
   9.6922425e-02
   7.5898530e-02
   7.3705698e-02
   9.2024768e-02
   9.5161453e-02
   7.3116638e-02
   9.9347154e-02
   9.6998114e-02
   9.2346986e-02
   1.0486000e-01
   1.1382908e-01
   8.6930286e-02
   1.0075947e-01
   6.5118925e-02
   9.8457413e-02
   9.6483066e-02
   9.3803175e-02
   7.8755581e-02
   9.4332482e-02
   1.1509873e-01
   9.0699078e-02
   1.0363781e-01
   1.0940993e-01
   1.0103843e-01
   7.8238419e-02
   5.6596883e-02
   5.6336012e-02
   7.4638989e-02
   1.0866848e-01
   8.9707417e-02
   8.4810570e-02
   9.6816408e-02
   8.3936538e-02
   6.9129769e-02
   9.8112666e-02
   1.0424780e-01
   8.0926567e-02
   9.5530948e-02
   7.4003483e-02
   7.0575775e-02
   7.9713114e-02
   7.4529776e-02
   9.3029832e-02
   6.5717077e-02
   1.0558364e-01
   1.0100903e-01
   8.3077694e-02
   1.0200553e-01
   9.5454381e-02
   9.5556502e-02
   9.9690210e-02
   7.5655162e-02
   6.8963602e-02
   9.6502780e-02
   9.2399350e-02
   6.7125915e-02
   9.5757524e-02
   7.8792901e-02
   6.5328838e-02
   9.1403444e-02
   6.2540224e-02
   8.5321534e-02
   7.2080938e-02
   9.0326933e-02
   9.9981585e-02
   8.9502415e-02
   9.3740196e-02
   9.9054810e-02
   1.0131306e-01
   9.1420102e-02
   6.5614646e-02
   7.2476811e-02
   9.3123297e-02
   8.2326711e-02
   6.2263261e-02
   1.1641076e-01
   1.0683301e-01
   1.1770918e-01
   5.9724786e-02
   8.6522601e-02
   9.4610848e-02
   1.0196278e-01
   7.4811770e-02
   8.2442909e-02
   7.5470399e-02
   7.7152162e-02
   8.7774548e-02
   1.0598183e-01
   8.9284780e-02
   9.2958322e-02
   1.1274776e-01
   1.1560072e-01
   7.9162880e-02
   1.0353926e-01
   9.1840461e-02
   7.7946505e-02
   8.7423946e-02
   1.0742971e-01
   9.6735699e-02
   9.8805516e-02
   6.6256312e-02
   1.1127865e-01
   6.4436619e-02
   9.3470739e-02
   7.2362196e-02
   1.0080467e-01
   9.4356017e-02
   9.1686696e-02
   1.0248504e-01
   8.9915361e-02
   7.6357394e-02
   6.5874164e-02
   7.5306594e-02
   8.5933490e-02
   6.2940952e-02
   8.9305039e-02
   1.1216125e-01
   8.9760643e-02
   1.0362362e-01
   7.3843982e-02
   8.5177484e-02
   7.1805903e-02
   9.5073813e-02
   9.7515720e-02
   9.5089873e-02
   9.8626841e-02
   8.7545881e-02
   7.1384065e-02
   1.0966685e-01
   9.0564381e-02
   6.3237424e-02
   7.0883890e-02
   9.2782744e-02
   7.9383418e-02
   9.2927478e-02
   9.8659629e-02
   9.6330907e-02
   8.5973718e-02
   1.0270068e-01
   1.1039262e-01
   1.0118275e-01
   8.8686942e-02
   1.0104240e-01
   1.0322656e-01
   9.8120721e-02
   1.0149676e-01
   6.0194030e-02
   8.6373264e-02
   6.9536296e-02
   1.0366813e-01
   9.5049442e-02
   8.4108822e-02
   7.0712901e-02
   6.5635349e-02
   8.9851072e-02
   9.3391959e-02
   9.3236933e-02
   8.2615905e-02
   5.6854208e-02
   1.1016275e-01
   8.0441391e-02
   6.9787799e-02
   6.1535529e-02
   7.9146485e-02
   9.7019576e-02
   6.5484406e-02
   7.0688335e-02
   9.6437784e-02
   1.0032652e-01
   8.9200100e-02
   1.1339405e-01
   9.3582242e-02
   8.8541412e-02
   8.4891373e-02
   8.5021672e-02
   6.8131067e-02
   8.6340748e-02
   9.8918966e-02
   9.6391975e-02
   7.1165411e-02
   7.6238414e-02
   8.5237920e-02
   8.3957830e-02
   6.4527026e-02
   7.0616286e-02
   7.4429072e-02
   9.1056474e-02
   1.0449255e-01
   9.6594037e-02
   9.1904452e-02
   8.2849457e-02
   1.0869407e-01
   1.0990252e-01
   8.7074796e-02
   8.9090310e-02
   1.1492990e-01
   7.1368954e-02
   8.8222612e-02
   1.0004075e-01
   9.4735510e-02
   7.9533600e-02
   1.0620764e-01
   7.5058019e-02
   9.6262907e-02
   7.7216843e-02
   7.2290989e-02
   9.5448111e-02
   7.5986351e-02
   1.0419746e-01
   8.0930618e-02
   8.9660820e-02
   7.4156337e-02
   8.6733950e-02
   1.1125113e-01
   6.9874411e-02
   1.0331784e-01
   6.8150676e-02
   9.4642032e-02
   9.2470502e-02
   7.5438080e-02
   5.8312878e-02
   6.2755467e-02
   7.1979088e-02
   9.6574348e-02
   7.5466316e-02
   6.5744315e-02
   7.5441894e-02
   1.0763506e-01
   9.3589418e-02
   8.8453164e-02
   9.5281270e-02
   7.1846350e-02
   8.7213310e-02
   1.1433326e-01
   9.7940881e-02
   1.1488882e-01
   6.7289113e-02
   9.3564211e-02
   7.9840491e-02
   8.6054398e-02
   8.4589193e-02
   8.3937187e-02
   1.0805551e-01
   7.3502340e-02
   1.0505549e-01
   1.0616337e-01
