   1.3345800e-02
   1.3119108e-02
   1.3007457e-02
   1.4234887e-02
   1.2891373e-02
   1.3093551e-02
   1.2666211e-02
   1.3170198e-02
   1.2836583e-02
   1.3322688e-02
   1.3523621e-02
   1.3394088e-02
   1.2480141e-02
   1.2421954e-02
   1.3322998e-02
   1.2943918e-02
   1.2671515e-02
   1.3534428e-02
   1.4031794e-02
   1.2305782e-02
   1.3083600e-02
   1.3816369e-02
   1.3884195e-02
   1.3761463e-02
   1.2462298e-02
   1.3381834e-02
   1.2781221e-02
   1.3252931e-02
   1.3716568e-02
   1.4479757e-02
   1.2224410e-02
   1.2518148e-02
   1.2238012e-02
   1.3763343e-02
   1.4366815e-02
   1.4467173e-02
   1.4542525e-02
   1.4114233e-02
   1.3018305e-02
   1.4419801e-02
   1.2770359e-02
   1.2818851e-02
   1.3045366e-02
   1.4340788e-02
   1.4213880e-02
   1.3375607e-02
   1.3409595e-02
   1.3347383e-02
   1.3338449e-02
   1.3997521e-02
   1.2289611e-02
   1.4329610e-02
   1.4100680e-02
   1.2490891e-02
   1.2362309e-02
   1.2511470e-02
   1.2427530e-02
   1.2481635e-02
   1.3615149e-02
   1.2224851e-02
   1.3971243e-02
   1.2884861e-02
   1.2608596e-02
   1.3727061e-02
   1.3121730e-02
   1.3716836e-02
   1.4306314e-02
   1.4178376e-02
   1.3358764e-02
   1.2444255e-02
   1.4293837e-02
   1.3808032e-02
   1.3977872e-02
   1.2477702e-02
   1.2763467e-02
   1.2327373e-02
   1.3361785e-02
   1.2303289e-02
   1.3798134e-02
   1.2503039e-02
   1.4365520e-02
   1.3064110e-02
   1.3011780e-02
   1.2375868e-02
   1.2231520e-02
   1.2865877e-02
   1.2539148e-02
   1.2402340e-02
   1.4547320e-02
   1.3398474e-02
   1.2601913e-02
   1.2356755e-02
   1.3489280e-02
   1.3515056e-02
   1.3282018e-02
   1.3311195e-02
   1.2275596e-02
   1.2995313e-02
   1.3937842e-02
   1.3649757e-02
   1.2639874e-02
   1.2690521e-02
   1.4497211e-02
   1.4230315e-02
   1.3515769e-02
   1.2260719e-02
   1.2442916e-02
   1.4166412e-02
   1.4489287e-02
   1.2261452e-02
   1.4475312e-02
   1.2367814e-02
   1.3070386e-02
   1.2909072e-02
   1.3061928e-02
   1.3426375e-02
   1.2514855e-02
   1.2547779e-02
   1.4513459e-02
   1.3511672e-02
   1.3341833e-02
   1.4319189e-02
   1.3861953e-02
   1.3485050e-02
   1.4316600e-02
   1.4198010e-02
   1.4247914e-02
   1.2329509e-02
   1.4336683e-02
   1.3339551e-02
   1.3450219e-02
   1.2530814e-02
   1.3176395e-02
   1.3682063e-02
   1.4079797e-02
   1.3418469e-02
   1.4501079e-02
   1.4538009e-02
   1.2988877e-02
   1.2545507e-02
   1.2282394e-02
   1.2251096e-02
   1.2613035e-02
   1.4202321e-02
   1.2960497e-02
   1.2391069e-02
   1.2768688e-02
   1.4560208e-02
   1.3485014e-02
   1.2303867e-02
   1.3107435e-02
   1.2608778e-02
   1.3729197e-02
   1.4013295e-02
   1.3094971e-02
   1.3203718e-02
   1.3498721e-02
   1.2570651e-02
   1.2571650e-02
   1.2499481e-02
   1.4383573e-02
   1.2433782e-02
   1.3182698e-02
   1.3075192e-02
   1.2395885e-02
   1.3877461e-02
   1.3675200e-02
   1.3791611e-02
   1.3714098e-02
   1.3405691e-02
   1.2352921e-02
   1.3401447e-02
   1.2297199e-02
   1.2313515e-02
   1.4438999e-02
   1.2496582e-02
   1.4027315e-02
   1.3141928e-02
   1.3221958e-02
   1.3720876e-02
   1.3383251e-02
   1.4524446e-02
   1.3983224e-02
   1.4020646e-02
   1.2996084e-02
   1.2854499e-02
   1.2430419e-02
   1.2322300e-02
   1.4416872e-02
   1.3960931e-02
   1.4104248e-02
   1.3684465e-02
   1.3107169e-02
   1.3430606e-02
   1.4408460e-02
   1.2430097e-02
   1.3635899e-02
   1.4322516e-02
   1.2366917e-02
   1.2541991e-02
   1.4498757e-02
   1.2482286e-02
   1.3488774e-02
   1.3676926e-02
   1.3946926e-02
   1.2554884e-02
   1.3571709e-02
   1.4338779e-02
   1.2372396e-02
   1.3363409e-02
   1.4510141e-02
   1.3239634e-02
   1.3041882e-02
   1.2499096e-02
   1.3451638e-02
   1.2917527e-02
   1.4498782e-02
   1.4059668e-02
   1.4315303e-02
   1.3556019e-02
   1.4229805e-02
   1.3100507e-02
   1.2801931e-02
   1.3367540e-02
   1.3005141e-02
   1.3193526e-02
   1.3935263e-02
   1.3405246e-02
   1.3144399e-02
   1.3933326e-02
   1.3397715e-02
   1.4247908e-02
   1.2292645e-02
   1.4461245e-02
   1.2833469e-02
   1.3253362e-02
   1.2274861e-02
   1.3649540e-02
   1.3183065e-02
   1.3928386e-02
   1.3497791e-02
   1.3493974e-02
   1.3580531e-02
   1.3011697e-02
   1.4206349e-02
   1.2881873e-02
   1.2951179e-02
   1.4523766e-02
   1.2588964e-02
   1.3031810e-02
   1.4159409e-02
   1.3494843e-02
   1.2856015e-02
   1.3128994e-02
   1.4499088e-02
   1.2811905e-02
   1.2611551e-02
   1.3140010e-02
   1.2911643e-02
   1.3355418e-02
   1.3931940e-02
   1.3393150e-02
   1.4136138e-02
   1.2284174e-02
   1.4393973e-02
   1.3094382e-02
   1.3782018e-02
   1.3026694e-02
   1.2908220e-02
   1.2949815e-02
   1.3778034e-02
   1.3549616e-02
   1.2290737e-02
   1.2809398e-02
   1.3763279e-02
   1.3896661e-02
   1.3214086e-02
   1.2812085e-02
   1.4146462e-02
   1.2353017e-02
   1.4064806e-02
   1.2895222e-02
   1.2890436e-02
   1.2628309e-02
   1.4424592e-02
   1.2311695e-02
   1.3158512e-02
   1.3309515e-02
   1.3211479e-02
   1.3077981e-02
   1.3716659e-02
   1.2608609e-02
   1.2732048e-02
   1.2344816e-02
   1.2698883e-02
   1.2893088e-02
   1.3979996e-02
   1.2836961e-02
   1.2318059e-02
   1.3667955e-02
