   1.8621423e-01
   1.9028204e-01
   1.8400662e-01
   1.8900999e-01
   1.8228254e-01
   1.8011539e-01
   1.9079429e-01
   1.7930244e-01
   1.8871768e-01
   1.9159504e-01
   1.8359888e-01
   1.8462081e-01
   1.8655366e-01
   1.8192187e-01
   1.8730589e-01
   1.8161151e-01
   1.8225666e-01
   1.7931328e-01
   1.8472016e-01
   1.8761513e-01
   1.7891321e-01
   1.8957565e-01
   1.8010830e-01
   1.8613290e-01
   1.8206046e-01
   1.8216018e-01
   1.9430504e-01
   1.9456565e-01
   1.7920613e-01
   1.7657411e-01
   1.8760407e-01
   1.7990221e-01
   1.8581003e-01
   1.8880265e-01
   1.8573938e-01
   1.8264313e-01
   1.8226777e-01
   1.8339158e-01
   1.8326643e-01
   1.7007324e-01
   1.8300479e-01
   1.9505604e-01
   1.7963723e-01
   1.8253363e-01
   1.8863406e-01
   1.7691687e-01
   1.8819058e-01
   1.8885278e-01
   1.8137367e-01
   1.8050931e-01
   1.8321269e-01
   1.9177896e-01
   1.7380528e-01
   1.9470163e-01
   1.9052832e-01
   1.8827393e-01
   1.7961477e-01
   1.8032502e-01
   1.8114400e-01
   1.8249365e-01
   1.8221662e-01
   1.7298398e-01
   1.7991971e-01
   1.9442402e-01
   1.7984142e-01
   1.8097201e-01
   1.8070869e-01
   1.9174552e-01
   1.8114936e-01
   1.8326565e-01
   1.8596612e-01
   1.8365638e-01
   1.8631083e-01
   1.8140536e-01
   1.8128899e-01
   1.8017550e-01
   1.8328414e-01
   1.8288730e-01
   1.8058084e-01
   1.8875688e-01
   1.8352311e-01
   1.7869969e-01
   1.9237242e-01
   1.8554990e-01
   1.8370435e-01
   1.8387182e-01
   1.8002922e-01
   1.8369975e-01
   1.8262725e-01
   1.8110837e-01
   1.9252898e-01
   1.8035362e-01
   1.9181850e-01
   1.9033601e-01
   1.7490314e-01
   1.9496410e-01
   1.8706129e-01
   1.8184588e-01
   1.7275178e-01
   1.9386594e-01
   1.7899859e-01
   1.8217275e-01
   1.8367546e-01
   1.9038765e-01
   1.7248580e-01
   1.8294036e-01
   1.7327989e-01
   1.8425328e-01
   1.8457883e-01
   1.8047975e-01
   1.9501227e-01
   1.8343241e-01
   1.8670244e-01
   1.8379635e-01
   1.8360057e-01
   1.9201659e-01
   1.8453183e-01
   1.7904457e-01
   1.8024395e-01
   1.7467656e-01
   1.8278251e-01
   1.7326594e-01
   1.8133614e-01
   1.7991255e-01
   1.9392194e-01
   1.8203919e-01
   1.7999136e-01
   1.8797334e-01
   1.9638788e-01
   1.7954184e-01
   1.8858448e-01
   1.8278849e-01
   1.8509731e-01
   1.8572888e-01
   1.8865144e-01
   1.8461261e-01
   1.8378457e-01
   1.8328324e-01
   1.7876126e-01
   1.7400551e-01
   1.8778717e-01
   1.8172746e-01
   1.9224375e-01
   1.7992057e-01
   1.8317736e-01
   1.8204518e-01
   1.8370637e-01
   1.8188011e-01
   1.8305564e-01
   1.8421573e-01
   1.8582382e-01
   1.8424010e-01
   1.8559231e-01
   1.8867270e-01
   1.8693738e-01
   1.8061593e-01
   1.9257661e-01
   1.8059896e-01
   1.8825858e-01
   1.8800839e-01
   1.8729456e-01
   1.7850152e-01
   1.7124202e-01
   1.8620396e-01
   1.7876456e-01
   1.7971819e-01
   1.8311556e-01
   1.9161366e-01
   1.7659871e-01
   1.8232009e-01
   1.8098656e-01
   1.8401672e-01
   1.9457251e-01
   1.7443362e-01
   1.8292267e-01
   1.7880258e-01
   1.8806757e-01
   1.8799548e-01
   1.8558352e-01
   1.8496497e-01
   1.7201928e-01
   1.8259672e-01
   1.8322901e-01
   1.8106346e-01
   1.9252244e-01
   1.8026322e-01
   1.8305885e-01
   1.6927261e-01
   1.8271237e-01
   1.7405937e-01
   1.8065959e-01
   1.7968288e-01
   1.8241707e-01
   1.8173328e-01
   1.9367384e-01
   1.8036025e-01
   1.9397027e-01
   1.8040863e-01
   1.6993118e-01
   1.8465130e-01
   1.9321838e-01
   1.8217361e-01
   1.8959481e-01
   1.6974025e-01
   1.8449392e-01
   1.8873303e-01
   1.8319861e-01
   1.9442192e-01
   1.8389090e-01
   1.8387536e-01
   1.9264912e-01
   1.7983867e-01
   1.8581177e-01
   1.8505858e-01
   1.8261132e-01
   1.9029219e-01
   1.8409171e-01
   1.9017062e-01
   1.9564361e-01
   1.9240414e-01
   1.8334368e-01
   1.8026348e-01
   1.9167670e-01
   1.8423743e-01
   1.8243544e-01
   1.8300276e-01
   1.7159407e-01
   1.8020805e-01
   1.8090091e-01
   1.9067571e-01
   1.7669304e-01
   1.7822965e-01
   1.8200188e-01
   1.8342295e-01
   1.8167155e-01
   1.8032416e-01
   1.8268196e-01
   1.8491361e-01
   1.7334452e-01
   1.7333980e-01
   1.9505836e-01
   1.8218738e-01
   1.9619795e-01
   1.8385645e-01
   1.7913291e-01
   1.7380225e-01
   1.8922991e-01
   1.7946769e-01
   1.8274915e-01
   1.8357212e-01
   1.7784301e-01
   1.7224972e-01
   1.8368814e-01
   1.7791635e-01
   1.8132219e-01
   1.8338759e-01
   1.7112660e-01
   1.8608172e-01
   1.8170065e-01
   1.8317635e-01
   1.8067230e-01
   1.7895181e-01
   1.7336227e-01
   1.8297262e-01
   1.8321709e-01
   1.9217172e-01
   1.8207508e-01
   1.8864959e-01
   1.8235594e-01
   1.8695320e-01
   1.7844156e-01
   1.8577093e-01
   1.8337306e-01
   1.9545777e-01
   1.9301159e-01
   1.9506520e-01
   1.7971371e-01
   1.7200178e-01
   1.8363556e-01
   1.8839014e-01
   1.8117190e-01
   1.9536955e-01
   1.9209437e-01
   1.7420872e-01
   1.7501335e-01
   1.9281411e-01
   1.8056260e-01
   1.8597411e-01
   1.8820615e-01
   1.8869966e-01
   1.8760341e-01
   1.8353940e-01
   1.7171911e-01
   1.8329505e-01
   1.8835514e-01
   1.7954122e-01
   1.8767096e-01
   1.9479183e-01
   1.8041127e-01
   1.8533246e-01
