   1.7607332e-01
   1.8885524e-01
   1.7812331e-01
   1.8315225e-01
   1.9227436e-01
   1.8826424e-01
   1.7860918e-01
   1.8928550e-01
   1.7285812e-01
   1.8137394e-01
   1.7434943e-01
   1.8760071e-01
   1.7416154e-01
   1.8262801e-01
   1.8764102e-01
   1.7302616e-01
   1.7655305e-01
   1.8198637e-01
   1.7950624e-01
   1.7353286e-01
   1.7425781e-01
   1.7679098e-01
   1.7459938e-01
   1.8903090e-01
   1.8136595e-01
   1.8764903e-01
   1.7926970e-01
   1.9438801e-01
   1.7808650e-01
   1.6733568e-01
   1.7774192e-01
   1.7187649e-01
   1.6835182e-01
   1.8323552e-01
   1.7626840e-01
   1.9391897e-01
   1.8664243e-01
   1.8882029e-01
   1.8865585e-01
   1.7708063e-01
   1.9538541e-01
   1.8861154e-01
   1.7283844e-01
   1.7235892e-01
   1.8278609e-01
   1.8962755e-01
   1.8737320e-01
   1.8366923e-01
   1.6610510e-01
   1.7740821e-01
   1.8197010e-01
   1.8878731e-01
   1.8371726e-01
   1.7389109e-01
   1.7375357e-01
   1.7951066e-01
   1.8496387e-01
   1.6590771e-01
   1.8977463e-01
   1.7246552e-01
   1.7515197e-01
   1.7706837e-01
   1.7142213e-01
   1.9077931e-01
   1.7179830e-01
   1.8446534e-01
   1.8850030e-01
   1.7911315e-01
   1.6873329e-01
   1.7672204e-01
   1.9329300e-01
   1.7319790e-01
   2.0024004e-01
   1.8958856e-01
   1.7167598e-01
   1.8403333e-01
   1.7489767e-01
   1.7357643e-01
   1.6802818e-01
   1.9382911e-01
   1.9274812e-01
   1.7387860e-01
   1.7483597e-01
   1.7430185e-01
   1.7095905e-01
   1.9111018e-01
   1.9027636e-01
   1.7486618e-01
   1.7221767e-01
   1.7454491e-01
   1.7814624e-01
   1.8867542e-01
   1.8190709e-01
   1.7344524e-01
   1.9071747e-01
   1.8322963e-01
   1.6832887e-01
   1.7459131e-01
   1.8978234e-01
   1.9483494e-01
   1.6961467e-01
   1.6634301e-01
   1.7432829e-01
   1.7210137e-01
   1.8715025e-01
   1.7006519e-01
   1.7373156e-01
   1.7291535e-01
   1.7735547e-01
   1.7773464e-01
   1.8177967e-01
   1.6514262e-01
   1.6695996e-01
   1.9017199e-01
   1.9716147e-01
   1.8759027e-01
   1.7636664e-01
   2.0135162e-01
   1.6734919e-01
   1.8327293e-01
   1.6704114e-01
   1.6814975e-01
   1.8467635e-01
   1.9214157e-01
   1.6982906e-01
   1.8073524e-01
   1.6858337e-01
   1.7321805e-01
   1.7347090e-01
   1.7310945e-01
   1.8533823e-01
   1.7670180e-01
   1.8093444e-01
   1.7329984e-01
   1.7916914e-01
   1.6972163e-01
   1.6876851e-01
   1.7522420e-01
   1.7927462e-01
   1.7782034e-01
   1.8898371e-01
   1.8434858e-01
   1.7571403e-01
   1.8613620e-01
   1.8701455e-01
   1.7767188e-01
   1.7508943e-01
   1.7945640e-01
   1.8029922e-01
   1.7443470e-01
   1.7716772e-01
   1.7048300e-01
   1.8418900e-01
   1.6901444e-01
   1.8945202e-01
   1.7557468e-01
   1.6847650e-01
   1.7245640e-01
   1.6496431e-01
   1.7874369e-01
   1.6511978e-01
   1.6557208e-01
   1.6528791e-01
   1.8426489e-01
   1.8242732e-01
   1.9067948e-01
   1.7646782e-01
   1.7003679e-01
   1.8194813e-01
   1.7045780e-01
   1.7450861e-01
   1.7014488e-01
   1.8879875e-01
   1.8193754e-01
   1.8886558e-01
   1.7414828e-01
   1.6780256e-01
   1.8787653e-01
   1.7323354e-01
   1.6931267e-01
   1.8099615e-01
   1.8163053e-01
   1.7326244e-01
   1.8197738e-01
   1.8140316e-01
   1.7241746e-01
   1.8947299e-01
   1.9729949e-01
   1.8843013e-01
   1.8801944e-01
   1.7952623e-01
   1.6874176e-01
   1.9238378e-01
   1.7262482e-01
   1.7008594e-01
   1.7984065e-01
   1.9985671e-01
   1.8756769e-01
   1.9210024e-01
   1.7456859e-01
   1.8047414e-01
   1.8723914e-01
   1.6831985e-01
   1.9087060e-01
   1.8610139e-01
   1.8390491e-01
   1.9907744e-01
   1.7765985e-01
   1.8174208e-01
   1.6472125e-01
   1.7365075e-01
   2.0078635e-01
   1.6506187e-01
   1.8522223e-01
   1.7039255e-01
   1.6721091e-01
   1.7386412e-01
   1.6867541e-01
   1.8094688e-01
   1.9063019e-01
   1.7855310e-01
   1.7309788e-01
   1.7391563e-01
   1.7716688e-01
   1.7374817e-01
   1.7913582e-01
   1.7705486e-01
   1.8913771e-01
   1.7225534e-01
   1.7681396e-01
   1.8189181e-01
   1.8396344e-01
   1.7061788e-01
   1.7552416e-01
   1.8941564e-01
   1.7596997e-01
   1.7429567e-01
   1.7985750e-01
   1.7616587e-01
   1.9612524e-01
   1.6637343e-01
   1.6692498e-01
   1.7264267e-01
   1.9558597e-01
   1.8224651e-01
   1.8952831e-01
   1.9812837e-01
   1.7400068e-01
   1.8364051e-01
   1.8381423e-01
   1.7384896e-01
   1.7530709e-01
   1.7489695e-01
   1.8501123e-01
   1.8843806e-01
   1.9929605e-01
   1.7670563e-01
   1.8538006e-01
   1.8213466e-01
   1.7854968e-01
   1.6647890e-01
   1.7295024e-01
   1.7489118e-01
   1.9273680e-01
   1.7901686e-01
   1.9145239e-01
   1.9679271e-01
   1.9220601e-01
   1.7905925e-01
   1.6779756e-01
   1.8344092e-01
   1.8573431e-01
   1.7774071e-01
   1.8072887e-01
   1.7141711e-01
   1.9120594e-01
   1.7554760e-01
   1.8436453e-01
   1.8592323e-01
   1.7445158e-01
   1.8878135e-01
   1.8894518e-01
   1.6912115e-01
   1.7776144e-01
   1.7609875e-01
   1.7714931e-01
   1.8238754e-01
   1.7565396e-01
   1.7554482e-01
   1.7472096e-01
   1.7290920e-01
   1.6800243e-01
   1.7837610e-01
   1.6716253e-01
   1.9051122e-01
   1.8879203e-01
   1.7377229e-01
   1.7599330e-01
   1.8782103e-01
   1.8241466e-01
