   2.6882783e-02
   2.6734254e-02
   2.9693510e-02
   2.9646151e-02
   2.6786828e-02
   2.5268478e-02
   2.6425924e-02
   2.9045369e-02
   2.6510101e-02
   2.5418463e-02
   2.7276215e-02
   2.4963686e-02
   2.8244854e-02
   2.9083424e-02
   2.9520306e-02
   2.9079266e-02
   2.8918826e-02
   2.6896487e-02
   2.6225579e-02
   2.3866397e-02
   2.4509176e-02
   2.6101315e-02
   2.4498907e-02
   2.7555563e-02
   2.4804435e-02
   2.8857874e-02
   2.7366825e-02
   2.6656560e-02
   2.3330776e-02
   2.7953074e-02
   2.8666449e-02
   2.7879708e-02
   2.6351094e-02
   2.6089148e-02
   2.4516716e-02
   2.5628129e-02
   2.8920492e-02
   2.5013717e-02
   2.5245688e-02
   2.7713977e-02
   2.3587027e-02
   2.8269558e-02
   2.9335855e-02
   2.9271574e-02
   2.6490197e-02
   2.8199745e-02
   2.5629935e-02
   2.2319606e-02
   2.6849248e-02
   2.8867571e-02
   2.5347906e-02
   2.2956724e-02
   2.4474315e-02
   2.2671967e-02
   2.2464972e-02
   2.8402416e-02
   2.2661945e-02
   2.4227048e-02
   2.3238201e-02
   2.3985023e-02
   2.5054168e-02
   2.7325850e-02
   2.4250193e-02
   2.3072629e-02
   2.9279916e-02
   2.7212299e-02
   2.4047264e-02
   2.5001329e-02
   2.6083052e-02
   2.4780629e-02
   2.6370167e-02
   2.4789457e-02
   2.3078081e-02
   2.3284636e-02
   2.7450316e-02
   2.5933858e-02
   2.8699646e-02
   2.7181388e-02
   2.5416258e-02
   2.3424562e-02
   2.5431133e-02
   2.6489991e-02
   2.4453450e-02
   2.4169643e-02
   2.9515333e-02
   2.5998446e-02
   2.3101827e-02
   2.6435265e-02
   2.5250225e-02
   2.3578324e-02
   2.6422991e-02
   2.4014455e-02
   2.5782243e-02
   2.8490438e-02
   2.6656028e-02
   2.8265362e-02
   2.2115583e-02
   2.8861649e-02
   2.3685036e-02
   2.3619645e-02
   2.4570913e-02
   2.4893635e-02
   2.4273652e-02
   2.6943282e-02
   2.8221832e-02
   2.5373055e-02
   2.5991119e-02
   2.2600454e-02
   2.4593692e-02
   2.5707903e-02
   2.8317041e-02
   2.4790767e-02
   2.8562965e-02
   2.8236281e-02
   2.6236617e-02
   2.4457221e-02
   2.6266969e-02
   2.4597281e-02
   2.5720452e-02
   2.6439735e-02
   2.6226675e-02
   2.6758898e-02
   2.6526694e-02
   2.5984809e-02
   2.4525176e-02
   2.8113246e-02
   2.6594107e-02
   2.4492685e-02
   2.3333622e-02
   2.9308259e-02
   2.5879748e-02
   2.4207704e-02
   2.8596724e-02
   2.4252516e-02
   2.7917738e-02
   2.6763101e-02
   2.3577183e-02
   2.3279706e-02
   2.9577107e-02
   2.2504294e-02
   2.4120931e-02
   2.6261243e-02
   2.4716633e-02
   2.9438444e-02
   2.6702650e-02
   2.6264727e-02
   2.5609998e-02
   2.5162625e-02
   2.7824456e-02
   2.4193971e-02
   2.6493602e-02
   2.8343317e-02
   2.3591380e-02
   2.9230999e-02
   2.5060514e-02
   2.9088018e-02
   2.8503256e-02
   2.8722650e-02
   2.7356511e-02
   2.7982391e-02
   2.5308241e-02
   2.5033141e-02
   2.8190691e-02
   2.4790734e-02
   2.5618019e-02
   2.5924125e-02
   2.5078568e-02
   2.8268286e-02
   2.6451293e-02
   2.6520348e-02
   2.5147837e-02
   2.9003663e-02
   2.5332060e-02
   2.9617172e-02
   2.5861576e-02
   2.8671945e-02
   2.7078683e-02
   2.8239875e-02
   2.3959875e-02
   2.5773115e-02
   2.6396320e-02
   2.7227524e-02
   2.7952582e-02
   2.3599982e-02
   2.3221571e-02
   2.4491680e-02
   2.7317230e-02
   2.8708175e-02
   2.4536344e-02
   2.7278084e-02
   2.9544644e-02
   2.5181782e-02
   2.9072011e-02
   2.4540111e-02
   2.3963382e-02
   2.3879965e-02
   2.5707953e-02
   2.6079889e-02
   2.8117897e-02
   2.6844600e-02
   2.7860430e-02
   2.4018960e-02
   2.5014948e-02
   2.4579461e-02
   2.8994921e-02
   2.8202977e-02
   2.7489340e-02
   2.4580780e-02
   2.2680979e-02
   2.2797349e-02
   2.8516636e-02
   2.5176878e-02
   2.6820493e-02
   2.6158379e-02
   2.2595016e-02
   2.7391775e-02
   2.9516034e-02
   2.5239618e-02
   2.4371983e-02
   2.8657935e-02
   2.6595335e-02
   2.8357964e-02
   2.9021347e-02
   2.4654975e-02
   2.8050297e-02
   2.8118470e-02
   2.5310702e-02
   2.6170585e-02
   2.4353671e-02
   2.7527051e-02
   2.9976583e-02
   2.9306905e-02
   2.5658074e-02
   2.4782352e-02
   2.7859942e-02
   2.7995757e-02
   2.2935606e-02
   2.8064702e-02
   2.5705913e-02
   2.5748020e-02
   2.7346253e-02
   2.6060545e-02
   2.4663783e-02
   2.5663199e-02
   2.7289117e-02
   2.5779514e-02
   2.9090118e-02
   2.3943407e-02
   2.9382336e-02
   2.5621886e-02
   2.7098498e-02
   2.3248764e-02
   2.6208698e-02
   2.7573244e-02
   2.7701318e-02
   2.5906177e-02
   2.8125867e-02
   2.6089128e-02
   2.7657424e-02
   2.3981665e-02
   2.4256745e-02
   2.7755917e-02
   2.3290237e-02
   2.3570709e-02
   2.7639792e-02
   2.9128100e-02
   2.4614885e-02
   2.4768787e-02
   2.8129821e-02
   2.2670469e-02
   2.6774856e-02
   2.5621366e-02
   2.7160537e-02
   2.2697632e-02
   2.4693202e-02
   2.4811535e-02
   2.5777764e-02
   2.4110958e-02
   2.6073716e-02
   2.3517608e-02
   2.8988819e-02
   2.5634487e-02
   2.3683356e-02
   2.3821026e-02
   2.2584522e-02
   2.5125777e-02
   2.3645111e-02
   2.3507059e-02
   2.4373068e-02
   2.5103848e-02
   2.2198549e-02
   2.5804153e-02
   2.4219727e-02
   2.6205896e-02
   2.4202819e-02
   2.8068256e-02
   2.9786713e-02
   2.3709550e-02
   2.6465036e-02
   2.9748886e-02
