   1.9108543e-02
   2.2842113e-02
   2.1819019e-02
   2.0468852e-02
   1.8853101e-02
   2.0056863e-02
   2.1460635e-02
   2.2071335e-02
   2.1787407e-02
   1.9312146e-02
   2.0066269e-02
   2.2474818e-02
   1.9517337e-02
   1.8465828e-02
   1.9251213e-02
   1.9618495e-02
   2.2648068e-02
   1.8874643e-02
   1.9627103e-02
   1.8726020e-02
   1.8421854e-02
   1.9845312e-02
   2.0366766e-02
   2.1641210e-02
   1.9049187e-02
   2.2580918e-02
   2.0670996e-02
   2.0453580e-02
   2.0273662e-02
   1.9670881e-02
   1.9496157e-02
   2.0061827e-02
   2.1054902e-02
   2.2326033e-02
   2.0513125e-02
   2.1505285e-02
   1.7826062e-02
   2.1089852e-02
   1.8652588e-02
   2.0061525e-02
   2.1079662e-02
   1.8248519e-02
   1.9377580e-02
   1.8695009e-02
   2.2505878e-02
   1.8130707e-02
   2.2070134e-02
   2.1736132e-02
   1.9950726e-02
   2.2157715e-02
   1.9285527e-02
   1.9330505e-02
   2.0041946e-02
   1.8340028e-02
   2.0920027e-02
   1.9713904e-02
   1.9686760e-02
   2.2839440e-02
   1.8109646e-02
   1.8623414e-02
   1.9086977e-02
   2.0775826e-02
   2.0619284e-02
   2.0009624e-02
   1.8895801e-02
   1.8012969e-02
   2.2703728e-02
   1.7927257e-02
   1.9580179e-02
   1.8651493e-02
   1.8025450e-02
   2.0098341e-02
   1.9743767e-02
   2.0927368e-02
   2.0656570e-02
   1.8549866e-02
   1.9494992e-02
   2.0709249e-02
   2.0071680e-02
   2.1117967e-02
   1.7848458e-02
   1.9048586e-02
   1.9500469e-02
   2.0511030e-02
   1.8026958e-02
   2.2062271e-02
   1.9926622e-02
   1.9365912e-02
   2.1644130e-02
   1.9461336e-02
   1.9927045e-02
   1.9101189e-02
   2.1345690e-02
   2.1486331e-02
   2.0059018e-02
   2.2863892e-02
   2.2186645e-02
   1.8802317e-02
   1.9730610e-02
   1.9405470e-02
   2.0619391e-02
   2.2525123e-02
   2.1479105e-02
   1.8512851e-02
   1.9929972e-02
   1.8939575e-02
   2.1223650e-02
   2.2419589e-02
   2.1789899e-02
   1.8709864e-02
   2.0943883e-02
   1.9500940e-02
   1.8099724e-02
   1.9652284e-02
   2.2171185e-02
   1.9483311e-02
   1.8970595e-02
   1.9646427e-02
   2.1687318e-02
   2.1797434e-02
   2.0396043e-02
   2.1384160e-02
   1.9755047e-02
   2.2875489e-02
   2.1698081e-02
   1.9633027e-02
   2.1148344e-02
   2.0127355e-02
   1.9940551e-02
   2.1947312e-02
   2.1679730e-02
   2.1157661e-02
   2.2328201e-02
   2.2461721e-02
   2.2297049e-02
   1.9236081e-02
   1.8932630e-02
   2.1308008e-02
   2.0932693e-02
   2.2077564e-02
   1.9677364e-02
   1.9658967e-02
   1.9409096e-02
   1.9685886e-02
   1.9236204e-02
   1.9756798e-02
   1.9498530e-02
   2.1105859e-02
   1.8359594e-02
   2.0356341e-02
   2.0384494e-02
   2.0382647e-02
   1.9953696e-02
   1.8429779e-02
   2.2262356e-02
   1.9810460e-02
   2.2782624e-02
   2.2857906e-02
   2.0636158e-02
   2.2693529e-02
   1.9604712e-02
   1.9704293e-02
   1.9739995e-02
   2.0701305e-02
   1.8569335e-02
   1.9682736e-02
   1.9166986e-02
   2.2733754e-02
   2.1628771e-02
   1.9747987e-02
   1.8438865e-02
   1.8380977e-02
   2.2137173e-02
   1.9792357e-02
   1.9357290e-02
   2.2302767e-02
   2.1272267e-02
   2.2630128e-02
   1.9307809e-02
   2.1949842e-02
   1.9654453e-02
   1.9308687e-02
   1.8697797e-02
   2.0524910e-02
   1.7887173e-02
   1.9013439e-02
   2.2077244e-02
   1.9516936e-02
   1.9805690e-02
   1.9516646e-02
   2.1212754e-02
   1.9874781e-02
   1.9618047e-02
   2.0175718e-02
   2.1850464e-02
   1.8208242e-02
   2.0178150e-02
   2.1741879e-02
   1.8458218e-02
   2.1913148e-02
   1.8943498e-02
   1.8911588e-02
   1.9466133e-02
   1.8748996e-02
   1.9699078e-02
   1.8925248e-02
   1.9100435e-02
   1.7750105e-02
   2.1521868e-02
   2.2815633e-02
   1.9779277e-02
   1.9124965e-02
   2.0921248e-02
   1.8005183e-02
   2.0677591e-02
   1.9392806e-02
   2.1027319e-02
   2.0984378e-02
   1.9709397e-02
   2.1912007e-02
   2.0438655e-02
   1.9754764e-02
   1.9874002e-02
   1.7791031e-02
   2.1527320e-02
   2.0593735e-02
   2.1917302e-02
   2.0251353e-02
   2.0067381e-02
   1.9824383e-02
   2.1935155e-02
   2.0067660e-02
   1.9794634e-02
   2.0639251e-02
   1.8326551e-02
   2.2348830e-02
   1.9190302e-02
   1.9917190e-02
   1.9007923e-02
   2.1449576e-02
   2.2338539e-02
   1.9530140e-02
   2.0701448e-02
   2.0687080e-02
   1.9313796e-02
   2.0772448e-02
   1.8642120e-02
   2.2972467e-02
   1.8352973e-02
   2.1686882e-02
   2.0182364e-02
   1.9127215e-02
   2.1045173e-02
   2.1891949e-02
   2.0616960e-02
   1.8772517e-02
   2.2371122e-02
   2.2062553e-02
   1.9930074e-02
   2.0919389e-02
   1.9645935e-02
   2.0656255e-02
   1.9891916e-02
   1.8035813e-02
   1.8593928e-02
   1.9409970e-02
   1.8237934e-02
   1.8912741e-02
   2.0890398e-02
   2.2161563e-02
   2.0174774e-02
   1.9238990e-02
   2.0567432e-02
   2.2159742e-02
   1.9040984e-02
   1.9754620e-02
   2.1363230e-02
   1.8932539e-02
   1.9698421e-02
   1.9166943e-02
   2.1762965e-02
   1.7815125e-02
   1.8463215e-02
   1.9707659e-02
   1.9756952e-02
   1.8060525e-02
   1.9182626e-02
   2.1058429e-02
   1.9774888e-02
   1.9336930e-02
   1.9537566e-02
   2.0852693e-02
   1.9801579e-02
   2.1410478e-02
   1.8082771e-02
   2.1963020e-02
   1.9848328e-02
   1.7804922e-02
   1.9631312e-02
   1.9848137e-02
