   2.9980741e-02
   3.0301698e-02
   3.1946243e-02
   2.9852272e-02
   3.0056087e-02
   3.3229298e-02
   2.7953300e-02
   3.2619673e-02
   2.8973833e-02
   3.2170594e-02
   3.0824078e-02
   3.2213375e-02
   2.8916108e-02
   3.1407448e-02
   3.1313254e-02
   2.7414528e-02
   2.7127748e-02
   3.2918540e-02
   3.0845816e-02
   2.8786132e-02
   2.9519350e-02
   2.7751656e-02
   2.9614784e-02
   2.9808887e-02
   3.0309001e-02
   2.8198865e-02
   2.9925352e-02
   2.8360072e-02
   3.3312713e-02
   2.7963453e-02
   3.2187101e-02
   3.0145526e-02
   2.7436577e-02
   2.8675084e-02
   3.2725441e-02
   3.2543777e-02
   3.1605521e-02
   3.2286680e-02
   3.1798698e-02
   2.8373305e-02
   2.9929214e-02
   2.8287582e-02
   2.9111397e-02
   3.1533777e-02
   3.2506073e-02
   3.2498802e-02
   3.1133538e-02
   2.8676165e-02
   3.3729315e-02
   3.2520123e-02
   2.9231283e-02
   3.1331141e-02
   3.4146944e-02
   3.2548011e-02
   3.3143516e-02
   3.0154708e-02
   3.1017456e-02
   3.1144155e-02
   2.9883314e-02
   3.1039433e-02
   3.0989321e-02
   3.2048472e-02
   2.8969189e-02
   2.8392923e-02
   2.9989310e-02
   2.9702199e-02
   3.2452088e-02
   3.2729387e-02
   3.0614374e-02
   2.8734911e-02
   2.7560835e-02
   3.0659051e-02
   2.9134625e-02
   3.2565466e-02
   3.4161548e-02
   3.0038688e-02
   3.2978508e-02
   3.3576077e-02
   3.0651542e-02
   3.2932902e-02
   3.2733674e-02
   2.9799504e-02
   3.1879344e-02
   3.1613234e-02
   2.8135951e-02
   3.0652134e-02
   3.1663611e-02
   3.0555595e-02
   3.0111289e-02
   3.3817415e-02
   3.3164570e-02
   3.3196947e-02
   3.0364445e-02
   3.1664884e-02
   3.2051031e-02
   3.3571857e-02
   3.1602548e-02
   2.8075210e-02
   3.0881611e-02
   2.7659236e-02
   3.0531781e-02
   3.1770735e-02
   3.3803335e-02
   3.2192264e-02
   2.9447362e-02
   3.2548711e-02
   2.9913864e-02
   3.4105200e-02
   3.4158145e-02
   3.2887455e-02
   2.8936891e-02
   3.0830591e-02
   2.9649825e-02
   3.3028347e-02
   3.1879275e-02
   3.3314236e-02
   3.1396500e-02
   3.1734117e-02
   2.8984205e-02
   3.3552388e-02
   3.0837944e-02
   2.8862539e-02
   3.3506305e-02
   3.1386070e-02
   3.1879275e-02
   3.0094873e-02
   3.1454468e-02
   3.2067926e-02
   2.9112776e-02
   2.9577395e-02
   2.8827605e-02
   3.1880730e-02
   3.0012974e-02
   3.3073736e-02
   3.2332510e-02
   2.9355990e-02
   3.0677242e-02
   3.1824829e-02
   3.1860535e-02
   3.1424086e-02
   3.0210042e-02
   2.9983578e-02
   2.9294728e-02
   3.2355295e-02
   3.3476738e-02
   3.1597129e-02
   2.7847774e-02
   3.2109187e-02
   2.9320829e-02
   3.0503856e-02
   2.8719331e-02
   3.2099633e-02
   3.0118509e-02
   2.9850608e-02
   3.0234693e-02
   3.0142932e-02
   3.0686387e-02
   3.1529356e-02
   2.9676505e-02
   3.0728037e-02
   3.1163914e-02
   3.2027020e-02
   3.2705533e-02
   3.1060816e-02
   2.9754310e-02
   3.3189021e-02
   2.9088246e-02
   2.8428374e-02
   2.8590556e-02
   2.8285403e-02
   2.9936586e-02
   2.9947939e-02
   2.7735339e-02
   3.1608071e-02
   2.7423142e-02
   2.8405569e-02
   3.1732630e-02
   3.1756449e-02
   3.4058182e-02
   3.1449504e-02
   3.4020679e-02
   3.1491979e-02
   3.1295403e-02
   3.0116838e-02
   3.0093906e-02
   3.0746739e-02
   2.8525870e-02
   3.2089071e-02
   2.7313927e-02
   3.0004582e-02
   3.2961081e-02
   3.0731073e-02
   3.1844421e-02
   3.2410087e-02
   3.2743332e-02
   3.3772844e-02
   2.9424637e-02
   2.9589510e-02
   3.2703735e-02
   3.0310309e-02
   3.1198703e-02
   3.1735252e-02
   3.3206310e-02
   2.9867146e-02
   2.9191289e-02
   3.0146704e-02
   3.0728127e-02
   3.2876518e-02
   3.1504331e-02
   3.1865603e-02
   3.2492668e-02
   3.0173062e-02
   3.0298417e-02
   3.0858027e-02
   2.7928080e-02
   3.1493833e-02
   3.2235100e-02
   2.9629513e-02
   3.1946411e-02
   3.2262695e-02
   3.0431212e-02
   3.0718351e-02
   2.8941635e-02
   3.1251794e-02
   3.2567834e-02
   3.0361542e-02
   3.1836646e-02
   3.3846552e-02
   3.2345135e-02
   3.2235665e-02
   2.8734492e-02
   3.0556680e-02
   3.1092851e-02
   3.0837838e-02
   2.8708377e-02
   2.8149106e-02
   3.3109485e-02
   2.7778937e-02
   3.2668911e-02
   2.7869923e-02
   3.2186933e-02
   3.1391403e-02
   2.8469501e-02
   3.1583037e-02
   2.7939150e-02
   3.2390091e-02
   3.1752006e-02
   2.8036548e-02
   2.8419942e-02
   2.8755736e-02
   2.8244223e-02
   3.0221116e-02
   3.1637007e-02
   3.1770759e-02
   3.1389232e-02
   3.2289025e-02
   2.8299515e-02
   3.3650993e-02
   2.7354948e-02
   3.1417206e-02
   2.8970199e-02
   3.1380777e-02
   2.7216115e-02
   3.2535927e-02
   3.3081556e-02
   3.3827915e-02
   3.4106187e-02
   3.1368602e-02
   2.9708173e-02
   2.8275847e-02
   3.1345649e-02
   3.1375147e-02
   3.1826997e-02
   2.8157339e-02
   3.2140914e-02
   3.1117478e-02
   2.9140052e-02
   3.3951288e-02
   3.1870260e-02
   3.0600744e-02
   3.3940222e-02
   3.0769583e-02
   2.9374431e-02
   3.2510441e-02
   3.1234548e-02
   3.1292693e-02
   3.2327927e-02
   3.0158298e-02
   2.9159803e-02
   3.1469991e-02
   3.3404687e-02
   2.9016477e-02
   2.8798468e-02
   2.9635829e-02
   2.9619859e-02
   2.9765278e-02
   3.2646096e-02
   3.0506802e-02
   2.9415758e-02
   2.9576890e-02
