   1.8423955e-01
   2.0037011e-01
   1.9912824e-01
   1.9446602e-01
   1.9863785e-01
   1.7986125e-01
   2.1295409e-01
   1.8037132e-01
   1.7997364e-01
   1.9032427e-01
   1.8408077e-01
   1.9983399e-01
   1.9252346e-01
   2.0261263e-01
   1.8001654e-01
   1.8246479e-01
   1.9956573e-01
   1.9803988e-01
   1.7996467e-01
   1.8468134e-01
   1.7801119e-01
   1.8226592e-01
   1.9646628e-01
   1.9694486e-01
   2.0735953e-01
   2.1455187e-01
   2.0179729e-01
   1.9698483e-01
   1.7900076e-01
   1.8856020e-01
   1.9965023e-01
   1.9723523e-01
   2.1640445e-01
   1.8318648e-01
   1.9039584e-01
   1.9430607e-01
   1.9244591e-01
   2.0556679e-01
   1.7797863e-01
   2.0202175e-01
   1.7840631e-01
   1.9740433e-01
   1.9569764e-01
   1.9689176e-01
   1.9939953e-01
   1.7956605e-01
   1.9733883e-01
   1.8337355e-01
   2.0761406e-01
   1.9362247e-01
   1.8103731e-01
   1.8499972e-01
   1.8199711e-01
   2.0101368e-01
   1.9116542e-01
   1.9998218e-01
   1.8361732e-01
   1.9382352e-01
   2.0548787e-01
   1.8651615e-01
   2.0055430e-01
   1.7887802e-01
   1.8139068e-01
   1.8765020e-01
   1.8480366e-01
   1.8475885e-01
   2.0237011e-01
   2.0734708e-01
   1.9868684e-01
   2.0751366e-01
   1.8885577e-01
   1.9210966e-01
   1.9727322e-01
   1.8855303e-01
   1.7792028e-01
   2.0138546e-01
   1.7901006e-01
   1.9453734e-01
   1.9558813e-01
   1.8126907e-01
   1.9595514e-01
   1.9837736e-01
   1.9254270e-01
   1.8836631e-01
   1.9942643e-01
   1.8145528e-01
   2.0675006e-01
   2.0785829e-01
   1.9402712e-01
   2.0059675e-01
   1.8168565e-01
   1.9192819e-01
   2.0160375e-01
   1.9039629e-01
   1.8916008e-01
   1.9834013e-01
   1.8562497e-01
   1.9743572e-01
   1.9547459e-01
   1.8331222e-01
   2.0033884e-01
   2.0161251e-01
   1.8390673e-01
   2.1452279e-01
   1.8237002e-01
   2.1579724e-01
   1.8142407e-01
   2.0372748e-01
   2.0183623e-01
   1.9302207e-01
   1.7800178e-01
   1.9445330e-01
   1.8397460e-01
   1.9678623e-01
   1.8701053e-01
   2.0878768e-01
   1.8523874e-01
   1.9745921e-01
   1.8399071e-01
   2.0164305e-01
   1.9920533e-01
   2.0969326e-01
   1.8367109e-01
   2.0310272e-01
   1.8866444e-01
   1.9410600e-01
   1.9595320e-01
   1.9840299e-01
   1.7795014e-01
   1.8163814e-01
   1.8740532e-01
   2.0033152e-01
   1.8529422e-01
   1.9513931e-01
   2.0665755e-01
   1.9741717e-01
   1.9009922e-01
   1.9464512e-01
   1.9860970e-01
   2.1361800e-01
   1.8747884e-01
   1.8159608e-01
   1.8053736e-01
   1.9524102e-01
   2.0784716e-01
   2.0524761e-01
   1.9857824e-01
   1.9954929e-01
   1.7980446e-01
   1.8432331e-01
   1.9653999e-01
   1.9578796e-01
   1.8039851e-01
   2.0683389e-01
   2.0810650e-01
   1.9846065e-01
   1.9041434e-01
   2.0564145e-01
   1.9292138e-01
   2.0652006e-01
   1.8668343e-01
   2.0669811e-01
   1.8355031e-01
   1.8068953e-01
   1.9388585e-01
   1.7979544e-01
   1.8556817e-01
   1.8125131e-01
   1.8407812e-01
   1.7995392e-01
   1.9462869e-01
   1.9735262e-01
   1.9623058e-01
   1.8595034e-01
   1.9834360e-01
   1.9401180e-01
   1.9868265e-01
   1.8868805e-01
   1.9367172e-01
   1.9708772e-01
   1.7758886e-01
   1.9453464e-01
   1.8753812e-01
   1.8234085e-01
   1.9826472e-01
   1.9319488e-01
   2.0410469e-01
   2.0995179e-01
   1.8428776e-01
   1.8780876e-01
   1.9254172e-01
   1.9719556e-01
   1.9727331e-01
   1.8615250e-01
   1.8792481e-01
   2.1470549e-01
   1.8975420e-01
   1.8655264e-01
   1.9288972e-01
   1.9821397e-01
   1.9402442e-01
   1.7760034e-01
   1.8613347e-01
   1.9330937e-01
   1.8046358e-01
   2.0054244e-01
   1.9419016e-01
   1.8406069e-01
   1.8190059e-01
   1.8789835e-01
   1.9137477e-01
   1.9356946e-01
   1.8888084e-01
   2.0204670e-01
   1.8552940e-01
   1.7767453e-01
   2.0731546e-01
   1.9508888e-01
   1.9265341e-01
   2.0536667e-01
   1.9517007e-01
   1.7745579e-01
   1.9008242e-01
   1.9802383e-01
   1.7851173e-01
   1.9995559e-01
   2.0449530e-01
   2.0056632e-01
   1.8671301e-01
   1.8511306e-01
   2.0635733e-01
   1.9289714e-01
   1.9778798e-01
   1.8067649e-01
   1.9458313e-01
   2.1164209e-01
   1.9229392e-01
   2.0138504e-01
   1.8060925e-01
   1.8010354e-01
   1.9533783e-01
   1.8036429e-01
   1.9723258e-01
   1.9582605e-01
   1.9520819e-01
   1.8278417e-01
   1.9199177e-01
   1.9465406e-01
   1.9910350e-01
   1.8458970e-01
   1.8753386e-01
   2.0677038e-01
   2.0320011e-01
   1.9286790e-01
   1.8634915e-01
   1.7833137e-01
   1.8029092e-01
   1.8536132e-01
   1.8315326e-01
   1.8724867e-01
   1.9923237e-01
   1.8057454e-01
   2.1267797e-01
   2.0145500e-01
   1.9150829e-01
   1.9245743e-01
   1.8001817e-01
   1.7783369e-01
   1.8538494e-01
   1.9979207e-01
   1.9822455e-01
   1.8457453e-01
   1.8012308e-01
   1.9129222e-01
   2.0674245e-01
   1.9127038e-01
   2.0155040e-01
   1.9051509e-01
   1.9161031e-01
   1.8384508e-01
   1.8266325e-01
   2.1679051e-01
   2.1640856e-01
   2.0109720e-01
   1.8038642e-01
   1.8481747e-01
   2.0762933e-01
   1.8088138e-01
   1.9524950e-01
   2.0034952e-01
   1.8757953e-01
   1.7813490e-01
   1.7872517e-01
   2.0759662e-01
   1.9202599e-01
   1.9994442e-01
   1.8888398e-01
   1.9139243e-01
   1.9914788e-01
   1.8690230e-01
