   2.4567333e-02
   2.2851708e-02
   2.2806555e-02
   2.2679779e-02
   2.4962928e-02
   2.1809362e-02
   2.3091694e-02
   2.2795276e-02
   2.4291267e-02
   2.5161052e-02
   2.1275473e-02
   2.6309261e-02
   2.4293760e-02
   2.7697852e-02
   2.3109090e-02
   2.2181111e-02
   2.4110468e-02
   2.1611169e-02
   2.2432379e-02
   2.4881520e-02
   2.2840722e-02
   2.2608753e-02
   2.3640778e-02
   2.1930202e-02
   2.3447927e-02
   2.2571678e-02
   2.3072817e-02
   2.2036890e-02
   2.2818265e-02
   2.3745966e-02
   2.4739544e-02
   2.2914729e-02
   2.3011409e-02
   2.2075102e-02
   2.5218286e-02
   2.4906345e-02
   2.5109376e-02
   2.1868385e-02
   2.6214467e-02
   2.3650938e-02
   2.2686302e-02
   2.2172406e-02
   2.2086824e-02
   2.1838141e-02
   2.2950326e-02
   2.4424853e-02
   2.5410570e-02
   2.2195119e-02
   2.2459981e-02
   2.2395551e-02
   2.6589933e-02
   2.2647208e-02
   2.2677268e-02
   2.4383332e-02
   2.1092331e-02
   2.3543896e-02
   2.2372289e-02
   2.2256602e-02
   2.4255736e-02
   2.1862991e-02
   2.3450963e-02
   2.2284445e-02
   2.4918576e-02
   2.6015044e-02
   2.2534845e-02
   2.2550271e-02
   2.4198497e-02
   2.3540236e-02
   2.2445948e-02
   2.3908816e-02
   2.3747678e-02
   2.1375297e-02
   2.2853514e-02
   2.2027812e-02
   2.2283271e-02
   2.2141044e-02
   2.1139986e-02
   2.2595891e-02
   2.2467834e-02
   2.3559206e-02
   2.3019550e-02
   2.4210824e-02
   2.2534624e-02
   2.4934193e-02
   2.4561973e-02
   2.2786562e-02
   2.1914360e-02
   2.2036864e-02
   2.2429382e-02
   2.3005542e-02
   2.1473441e-02
   2.3983511e-02
   2.4319529e-02
   2.2722652e-02
   2.2615471e-02
   2.4397437e-02
   2.3775128e-02
   2.1480603e-02
   2.3383181e-02
   2.2629646e-02
   2.2225867e-02
   2.4842186e-02
   2.2914419e-02
   2.2719059e-02
   2.4822767e-02
   2.2361917e-02
   2.5267953e-02
   2.4557342e-02
   2.1329623e-02
   2.2038285e-02
   2.4836343e-02
   2.6207138e-02
   2.5165313e-02
   2.5052456e-02
   2.3974169e-02
   2.5435231e-02
   2.1865699e-02
   2.2263067e-02
   2.7036969e-02
   2.3379393e-02
   2.2230887e-02
   2.5173010e-02
   2.5347612e-02
   2.3387308e-02
   2.4612449e-02
   2.2285088e-02
   2.3090279e-02
   2.1782270e-02
   2.3622633e-02
   2.2065085e-02
   2.2773292e-02
   2.5435792e-02
   2.2218367e-02
   2.2502001e-02
   2.1729765e-02
   2.4089453e-02
   2.2276570e-02
   2.5394979e-02
   2.2464851e-02
   2.6466377e-02
   2.1950745e-02
   2.2480639e-02
   2.2043542e-02
   2.1238982e-02
   2.1999748e-02
   2.2289195e-02
   2.4331022e-02
   2.2433500e-02
   2.4367651e-02
   2.5076550e-02
   2.1375894e-02
   2.1415172e-02
   2.3596477e-02
   2.1903413e-02
   2.2834092e-02
   2.3317331e-02
   2.2553782e-02
   2.5106963e-02
   2.2300042e-02
   2.4517594e-02
   2.4451384e-02
   2.6406771e-02
   2.5691986e-02
   2.3623437e-02
   2.3061175e-02
   2.2179563e-02
   2.4010926e-02
   2.3696291e-02
   2.2110505e-02
   2.2062149e-02
   2.3409561e-02
   2.1870452e-02
   2.1636111e-02
   2.4930472e-02
   2.2957853e-02
   2.2530104e-02
   2.2665959e-02
   2.4740764e-02
   2.3458292e-02
   2.1955617e-02
   2.1500022e-02
   2.2325975e-02
   2.4905416e-02
   2.2470234e-02
   2.2324109e-02
   2.3441221e-02
   2.2512650e-02
   2.3210017e-02
   2.2971226e-02
   2.2982717e-02
   2.2079577e-02
   2.2324014e-02
   2.2410070e-02
   2.5260675e-02
   2.1872429e-02
   2.2603926e-02
   2.1662348e-02
   2.2140461e-02
   2.3488078e-02
   2.2588705e-02
   2.2432656e-02
   2.4500876e-02
   2.2409867e-02
   2.3473790e-02
   2.2263419e-02
   2.4004706e-02
   2.3260062e-02
   2.3122176e-02
   2.1963580e-02
   2.3000027e-02
   2.2741357e-02
   2.1903932e-02
   2.2563920e-02
   2.2908664e-02
   2.3047548e-02
   2.2488202e-02
   2.1988393e-02
   2.5013025e-02
   2.2652731e-02
   2.1221830e-02
   2.2167147e-02
   2.3448199e-02
   2.1430152e-02
   2.3481481e-02
   2.4865351e-02
   2.2377197e-02
   2.2435577e-02
   2.4255720e-02
   2.3279257e-02
   2.5470574e-02
   2.2296151e-02
   2.2734486e-02
   2.4523723e-02
   2.6757314e-02
   2.5055218e-02
   2.5718007e-02
   2.4314222e-02
   2.2505539e-02
   2.4184840e-02
   2.2605968e-02
   2.3282076e-02
   2.2628255e-02
   2.5575660e-02
   2.1750822e-02
   2.2180086e-02
   2.5048405e-02
   2.4660059e-02
   2.3125366e-02
   2.4058395e-02
   2.1447824e-02
   2.5130450e-02
   2.3782930e-02
   2.1135458e-02
   2.6421581e-02
   2.3596657e-02
   2.2078364e-02
   2.1903492e-02
   2.2731804e-02
   2.3465682e-02
   2.1944779e-02
   2.2009245e-02
   2.2876328e-02
   2.1716142e-02
   2.1835253e-02
   2.2629383e-02
   2.3845537e-02
   2.2509805e-02
   2.3944589e-02
   2.2295132e-02
   2.2839809e-02
   2.2678830e-02
   2.2381577e-02
   2.1780330e-02
   2.2888661e-02
   2.6321230e-02
   2.4955755e-02
   2.5840582e-02
   2.2813360e-02
   2.3988962e-02
   2.5361227e-02
   2.1441504e-02
   2.1322812e-02
   2.4741017e-02
   2.2822777e-02
   2.2422704e-02
   2.3223226e-02
   2.2466835e-02
   2.6274150e-02
   2.4694462e-02
   2.3065667e-02
   2.2396309e-02
   2.2307551e-02
   2.3386352e-02
   2.2737385e-02
   2.4182187e-02
   2.1524217e-02
   2.1752199e-02
   2.2093567e-02
   2.2167081e-02
   2.1283924e-02
