   1.8552337e-01
   1.8822201e-01
   1.7958477e-01
   1.8058795e-01
   1.8887857e-01
   1.7613512e-01
   1.7389591e-01
   1.9176370e-01
   1.8519046e-01
   1.8074753e-01
   1.8363920e-01
   1.8476190e-01
   1.7824563e-01
   1.8811406e-01
   1.7600895e-01
   1.9069537e-01
   1.8049441e-01
   1.7746913e-01
   1.9261571e-01
   1.8669613e-01
   1.8802004e-01
   1.7685842e-01
   1.8205887e-01
   1.8060293e-01
   1.8047525e-01
   1.8053024e-01
   1.8084517e-01
   1.8514648e-01
   1.8328706e-01
   1.8547284e-01
   1.8677396e-01
   1.8526171e-01
   1.8414069e-01
   1.8233703e-01
   1.8399428e-01
   1.9194180e-01
   1.7848732e-01
   1.7906722e-01
   1.8176876e-01
   1.8091333e-01
   1.7659251e-01
   1.7968929e-01
   1.8670670e-01
   1.8319400e-01
   1.8010544e-01
   1.7539761e-01
   1.7889656e-01
   1.8931102e-01
   1.7626769e-01
   1.7505253e-01
   1.7188507e-01
   1.8182995e-01
   1.8695728e-01
   1.8041513e-01
   1.7655309e-01
   1.8461515e-01
   1.7627387e-01
   1.9283790e-01
   1.8693217e-01
   1.7874397e-01
   1.7630969e-01
   1.7645047e-01
   1.8223364e-01
   1.8183806e-01
   1.8350186e-01
   1.7233572e-01
   1.7686161e-01
   1.7696244e-01
   1.7433455e-01
   1.7591739e-01
   1.7803029e-01
   1.7942446e-01
   1.8632518e-01
   1.8532671e-01
   1.7889589e-01
   1.8770861e-01
   1.8128703e-01
   1.7808899e-01
   1.8526930e-01
   1.8332983e-01
   1.8385350e-01
   1.7739098e-01
   1.8428354e-01
   1.9246139e-01
   1.8408424e-01
   1.7706536e-01
   1.7950622e-01
   1.8316956e-01
   1.7687717e-01
   1.7959221e-01
   1.8971154e-01
   1.8247157e-01
   1.7503324e-01
   1.7417532e-01
   1.8817586e-01
   1.9224520e-01
   1.8193394e-01
   1.8383041e-01
   1.8837991e-01
   1.8271819e-01
   1.8850099e-01
   1.9287641e-01
   1.7654497e-01
   1.8102510e-01
   1.8206364e-01
   1.8333459e-01
   1.8961901e-01
   1.7932157e-01
   1.9293814e-01
   1.8887382e-01
   1.9077567e-01
   1.8548879e-01
   1.7676450e-01
   1.8048332e-01
   1.8610741e-01
   1.8738723e-01
   1.8325570e-01
   1.9246699e-01
   1.7771930e-01
   1.8239672e-01
   1.8544054e-01
   1.9356271e-01
   1.9095434e-01
   1.7563687e-01
   1.7282145e-01
   1.7744997e-01
   1.8360061e-01
   1.7786212e-01
   1.9089597e-01
   1.8074761e-01
   1.8089465e-01
   1.8525587e-01
   1.7450237e-01
   1.7667566e-01
   1.8396663e-01
   1.9169174e-01
   1.7945238e-01
   1.7947267e-01
   1.7903553e-01
   1.9008682e-01
   1.9298007e-01
   1.8236150e-01
   1.8761331e-01
   1.8405446e-01
   1.8302649e-01
   1.9035839e-01
   1.8355683e-01
   1.9229888e-01
   1.8366611e-01
   1.8181488e-01
   1.7652266e-01
   1.7756969e-01
   1.9395412e-01
   1.9258508e-01
   1.9206914e-01
   1.8933194e-01
   1.7646370e-01
   1.8314330e-01
   1.7728471e-01
   1.7745724e-01
   1.7895638e-01
   1.7767323e-01
   1.8368662e-01
   1.7644808e-01
   1.7844887e-01
   1.7854057e-01
   1.9114621e-01
   1.8291049e-01
   1.7619146e-01
   1.9151209e-01
   1.8258660e-01
   1.8552994e-01
   1.8992921e-01
   1.8169020e-01
   1.9031838e-01
   1.8108225e-01
   1.8303793e-01
   1.8173875e-01
   1.8534395e-01
   1.8682726e-01
   1.8047842e-01
   1.7784579e-01
   1.8160588e-01
   1.7851961e-01
   1.9196954e-01
   1.8871503e-01
   1.7597259e-01
   1.7677855e-01
   1.7960561e-01
   1.8322079e-01
   1.8576272e-01
   1.9071539e-01
   1.7894424e-01
   1.9049991e-01
   1.8781421e-01
   1.8853363e-01
   1.8801331e-01
   1.8690839e-01
   1.8031333e-01
   1.7511387e-01
   1.8428192e-01
   1.8442548e-01
   1.8270388e-01
   1.7751545e-01
   1.7770340e-01
   1.7725109e-01
   1.7767339e-01
   1.7847346e-01
   1.7434965e-01
   1.8405221e-01
   1.8030639e-01
   1.7722354e-01
   1.8692589e-01
   1.7310529e-01
   1.7576912e-01
   1.8388219e-01
   1.8006293e-01
   1.8108098e-01
   1.8015064e-01
   1.9060222e-01
   1.7842162e-01
   1.7943900e-01
   1.8179785e-01
   1.7270249e-01
   1.7834800e-01
   1.8515876e-01
   1.7923026e-01
   1.8805423e-01
   1.7415553e-01
   1.9130518e-01
   1.9297645e-01
   1.8246291e-01
   1.8415566e-01
   1.9311106e-01
   1.8245769e-01
   1.7769445e-01
   1.7966456e-01
   1.7571806e-01
   1.9031902e-01
   1.7976023e-01
   1.7815421e-01
   1.8103872e-01
   1.8128986e-01
   1.8373428e-01
   1.7720949e-01
   1.8324208e-01
   1.8347869e-01
   1.8087019e-01
   1.9055375e-01
   1.8825143e-01
   1.8148786e-01
   1.8737557e-01
   1.8659500e-01
   1.8255853e-01
   1.7972047e-01
   1.7829084e-01
   1.9149706e-01
   1.8265984e-01
   1.8445903e-01
   1.7783729e-01
   1.8144903e-01
   1.8845180e-01
   1.7709479e-01
   1.7649719e-01
   1.7430709e-01
   1.7437073e-01
   1.9044581e-01
   1.7745546e-01
   1.8584419e-01
   1.7639835e-01
   1.8362109e-01
   1.8250748e-01
   1.8048023e-01
   1.9267347e-01
   1.7522063e-01
   1.7700747e-01
   1.8600247e-01
   1.7955195e-01
   1.7668645e-01
   1.8439996e-01
   1.9288964e-01
   1.7607193e-01
   1.8560701e-01
   1.8458877e-01
   1.9212497e-01
   1.8962931e-01
   1.8243615e-01
   1.8544353e-01
   1.8528328e-01
   1.9216768e-01
   1.7489216e-01
   1.7840387e-01
   1.9034499e-01
   1.7929493e-01
   1.8504899e-01
   1.8284596e-01
   1.7878477e-01
   1.7833752e-01
   1.8024298e-01
   1.9095641e-01
