   2.2924211e-02
   2.4635330e-02
   2.6206504e-02
   2.3848967e-02
   2.4991273e-02
   2.2883469e-02
   2.2345866e-02
   2.5152743e-02
   2.4160783e-02
   2.3011442e-02
   2.4570995e-02
   2.4206675e-02
   2.3050183e-02
   2.3335448e-02
   2.3130779e-02
   2.5333300e-02
   2.6016829e-02
   2.4116662e-02
   2.2977821e-02
   2.5286555e-02
   2.4901962e-02
   2.2874628e-02
   2.5399520e-02
   2.1905928e-02
   2.3715510e-02
   2.3508549e-02
   2.4991319e-02
   2.1768262e-02
   2.4292949e-02
   2.4068096e-02
   2.4848764e-02
   2.4202751e-02
   2.3270575e-02
   2.2773767e-02
   2.2748618e-02
   2.3819477e-02
   2.2519706e-02
   2.2292946e-02
   2.5707959e-02
   2.2332650e-02
   2.3814118e-02
   2.3383666e-02
   2.5190756e-02
   2.2850439e-02
   2.4481231e-02
   2.2800151e-02
   2.4909508e-02
   2.2670313e-02
   2.3639584e-02
   2.1934745e-02
   2.4754995e-02
   2.2404323e-02
   2.5955757e-02
   2.3485741e-02
   2.4136017e-02
   2.3401954e-02
   2.6090744e-02
   2.2566916e-02
   2.5653159e-02
   2.2640547e-02
   2.2111292e-02
   2.3504853e-02
   2.2464853e-02
   2.2277231e-02
   2.2730504e-02
   2.4142739e-02
   2.3995566e-02
   2.3874554e-02
   2.3244570e-02
   2.5236249e-02
   2.3906814e-02
   2.5175107e-02
   2.4327825e-02
   2.2878197e-02
   2.2548035e-02
   2.1834600e-02
   2.5930626e-02
   2.2264211e-02
   2.3056190e-02
   2.3146708e-02
   2.4433566e-02
   2.3181964e-02
   2.4933220e-02
   2.3746317e-02
   2.4639699e-02
   2.4579825e-02
   2.4997752e-02
   2.3027263e-02
   2.3489187e-02
   2.5376113e-02
   2.3906954e-02
   2.4286116e-02
   2.4133962e-02
   2.2231131e-02
   2.4156824e-02
   2.3533150e-02
   2.3023455e-02
   2.4910522e-02
   2.1867733e-02
   2.4744044e-02
   2.5935467e-02
   2.4440173e-02
   2.4260112e-02
   2.3281573e-02
   2.2771060e-02
   2.2956457e-02
   2.3094560e-02
   2.4316978e-02
   2.3540889e-02
   2.3237122e-02
   2.4001676e-02
   2.4201456e-02
   2.3634121e-02
   2.3248022e-02
   2.1900393e-02
   2.3205179e-02
   2.3647979e-02
   2.5083505e-02
   2.3453930e-02
   2.4607538e-02
   2.3461520e-02
   2.5137772e-02
   2.4147087e-02
   2.3521742e-02
   2.2083188e-02
   2.5389915e-02
   2.5664778e-02
   2.5215596e-02
   2.3310052e-02
   2.4255485e-02
   2.3533483e-02
   2.3170149e-02
   2.3934680e-02
   2.3225634e-02
   2.4786702e-02
   2.2305297e-02
   2.2934303e-02
   2.3036911e-02
   2.2946370e-02
   2.2952798e-02
   2.4570128e-02
   2.3420190e-02
   2.2231529e-02
   2.4907704e-02
   2.2873505e-02
   2.1872514e-02
   2.4029364e-02
   2.5634644e-02
   2.4662439e-02
   2.6071949e-02
   2.4589316e-02
   2.3740022e-02
   2.4454315e-02
   2.3218718e-02
   2.3332025e-02
   2.3404481e-02
   2.3963657e-02
   2.5076982e-02
   2.3525625e-02
   2.4172584e-02
   2.4913069e-02
   2.2020682e-02
   2.5309433e-02
   2.3070288e-02
   2.4821189e-02
   2.3953930e-02
   2.3335426e-02
   2.3693513e-02
   2.1762230e-02
   2.4603968e-02
   2.2542544e-02
   2.2020693e-02
   2.1867198e-02
   2.3824104e-02
   2.4974488e-02
   2.6175189e-02
   2.5583645e-02
   2.2574237e-02
   2.2574626e-02
   2.5999707e-02
   2.3722193e-02
   2.5022911e-02
   2.2036534e-02
   2.4531332e-02
   2.3031512e-02
   2.3346534e-02
   2.1994544e-02
   2.2286316e-02
   2.5422538e-02
   2.4883199e-02
   2.5858841e-02
   2.4311905e-02
   2.4639693e-02
   2.3731581e-02
   2.3521627e-02
   2.3212951e-02
   2.2895800e-02
   2.4278637e-02
   2.1928890e-02
   2.6175259e-02
   2.2987687e-02
   2.5119879e-02
   2.3201370e-02
   2.3405037e-02
   2.3386433e-02
   2.3744580e-02
   2.4620682e-02
   2.2762484e-02
   2.5847133e-02
   2.3357589e-02
   2.4879811e-02
   2.4754600e-02
   2.3353788e-02
   2.4306454e-02
   2.3638947e-02
   2.4154622e-02
   2.1851212e-02
   2.4700515e-02
   2.4705189e-02
   2.2479775e-02
   2.3969072e-02
   2.3320899e-02
   2.5016564e-02
   2.5497351e-02
   2.5403636e-02
   2.2088779e-02
   2.4501683e-02
   2.3757030e-02
   2.3801812e-02
   2.3665715e-02
   2.3807086e-02
   2.4624934e-02
   2.2994701e-02
   2.4012609e-02
   2.4480700e-02
   2.1993484e-02
   2.2637503e-02
   2.3578256e-02
   2.5117775e-02
   2.1972062e-02
   2.3689763e-02
   2.2370901e-02
   2.1946175e-02
   2.3084463e-02
   2.5438655e-02
   2.4131426e-02
   2.4800324e-02
   2.5760302e-02
   2.4542261e-02
   2.1977254e-02
   2.5229496e-02
   2.5293970e-02
   2.5972644e-02
   2.3281169e-02
   2.1975803e-02
   2.2400404e-02
   2.3147500e-02
   2.4804220e-02
   2.1845521e-02
   2.2026642e-02
   2.4759718e-02
   2.5827664e-02
   2.5201339e-02
   2.5834968e-02
   2.3175058e-02
   2.4787315e-02
   2.3772779e-02
   2.2024661e-02
   2.5397238e-02
   2.4853982e-02
   2.5869667e-02
   2.2105397e-02
   2.2605676e-02
   2.3648307e-02
   2.2444653e-02
   2.4357901e-02
   2.3320980e-02
   2.5217386e-02
   2.5635822e-02
   2.4233460e-02
   2.1929030e-02
   2.5714581e-02
   2.1752294e-02
   2.3725519e-02
   2.4328138e-02
   2.4002319e-02
   2.4992177e-02
   2.3007207e-02
   2.4892155e-02
   2.3590611e-02
   2.5010796e-02
   2.2020670e-02
   2.4754720e-02
   2.5611034e-02
   2.5531898e-02
   2.5834234e-02
   2.3590241e-02
   2.4951468e-02
   2.4366810e-02
   2.5167676e-02
