   1.8958457e-02
   1.9245063e-02
   1.9558837e-02
   1.8340977e-02
   2.1856417e-02
   2.2194804e-02
   1.9279568e-02
   2.1303377e-02
   1.9747601e-02
   1.8877215e-02
   1.9852124e-02
   1.9158191e-02
   2.0412291e-02
   2.1462708e-02
   2.1066147e-02
   2.0783103e-02
   1.9687482e-02
   2.2607339e-02
   1.8697293e-02
   1.9889034e-02
   2.0165443e-02
   1.9809937e-02
   2.1649659e-02
   2.1781475e-02
   1.8635981e-02
   2.0965710e-02
   1.9028998e-02
   2.0758653e-02
   2.1722481e-02
   2.1130909e-02
   2.3159491e-02
   2.0695272e-02
   1.9106428e-02
   2.0945867e-02
   1.8865283e-02
   2.1785401e-02
   1.9064523e-02
   2.0800557e-02
   2.1586202e-02
   2.0060667e-02
   2.2754677e-02
   2.1581302e-02
   2.1847193e-02
   2.2298293e-02
   1.9589627e-02
   2.0710306e-02
   2.2433423e-02
   1.9430332e-02
   1.8507057e-02
   1.8985534e-02
   2.0915481e-02
   1.8455685e-02
   2.3063678e-02
   2.1906663e-02
   1.9962914e-02
   2.1959346e-02
   1.9251888e-02
   2.2954985e-02
   2.2880146e-02
   1.8963900e-02
   1.8527944e-02
   2.2924014e-02
   2.1515622e-02
   2.0298731e-02
   1.9085800e-02
   2.1485660e-02
   2.1197491e-02
   2.0412984e-02
   1.9154283e-02
   2.2139421e-02
   1.9986220e-02
   2.1528567e-02
   1.8758585e-02
   2.2958062e-02
   2.0727393e-02
   1.9450890e-02
   2.0288578e-02
   1.9139891e-02
   2.2495229e-02
   2.0775068e-02
   2.0025672e-02
   2.0213083e-02
   2.3168946e-02
   1.8769177e-02
   1.9737477e-02
   1.8316810e-02
   1.8679754e-02
   1.8790268e-02
   2.1216763e-02
   2.1071032e-02
   1.9004254e-02
   1.9149144e-02
   2.0850088e-02
   1.8885796e-02
   1.9507566e-02
   1.9011170e-02
   1.9215270e-02
   2.2876974e-02
   1.8790235e-02
   2.1468795e-02
   2.2537528e-02
   1.8449581e-02
   2.2922044e-02
   1.9906758e-02
   1.9215867e-02
   2.0079781e-02
   1.8526738e-02
   2.0108543e-02
   2.0151172e-02
   1.9039393e-02
   2.1448591e-02
   2.0682236e-02
   1.9930808e-02
   2.1242285e-02
   1.9024800e-02
   2.3195615e-02
   1.9395531e-02
   2.0551720e-02
   2.1581569e-02
   1.8716891e-02
   1.8853455e-02
   2.2262812e-02
   1.9070217e-02
   2.1690184e-02
   2.0671161e-02
   2.0109431e-02
   2.1552172e-02
   2.2137434e-02
   1.9286145e-02
   1.9679337e-02
   2.0269434e-02
   2.0804561e-02
   2.1001628e-02
   1.9352825e-02
   2.1303197e-02
   2.3146420e-02
   2.0201505e-02
   2.2098984e-02
   2.1304500e-02
   2.3206000e-02
   2.0657658e-02
   2.2589758e-02
   2.1625457e-02
   1.9451590e-02
   1.9642529e-02
   2.1756110e-02
   2.2814171e-02
   1.9714737e-02
   2.0955813e-02
   2.2738838e-02
   1.8574991e-02
   2.1196196e-02
   1.8437640e-02
   1.8315455e-02
   2.0381497e-02
   2.0708573e-02
   1.8510891e-02
   2.0891309e-02
   1.8989497e-02
   1.8747921e-02
   2.0037041e-02
   2.3067402e-02
   1.9968863e-02
   2.0540027e-02
   1.8968984e-02
   1.9603413e-02
   2.2527200e-02
   2.1736247e-02
   2.0894395e-02
   2.1960303e-02
   2.3365564e-02
   1.8404981e-02
   2.1628060e-02
   2.1524834e-02
   1.9227723e-02
   1.9307451e-02
   1.9182134e-02
   2.0905664e-02
   2.1504205e-02
   2.0857800e-02
   1.8716797e-02
   1.9059987e-02
   2.3170178e-02
   2.1608421e-02
   1.9431735e-02
   2.0453401e-02
   1.9630974e-02
   2.1078955e-02
   2.0103295e-02
   1.8471080e-02
   1.9379226e-02
   1.9513203e-02
   2.0603917e-02
   2.0908089e-02
   2.1999224e-02
   2.3363356e-02
   2.0306266e-02
   1.8420771e-02
   1.9015097e-02
   2.2970128e-02
   1.8753859e-02
   1.8675346e-02
   2.1735285e-02
   1.9049342e-02
   2.2128809e-02
   2.3142903e-02
   1.9080400e-02
   2.2026179e-02
   2.0130935e-02
   2.0240029e-02
   1.9420641e-02
   2.0722312e-02
   2.0976810e-02
   2.1761389e-02
   2.1287522e-02
   2.1036343e-02
   2.0930297e-02
   1.9410309e-02
   2.1123619e-02
   1.9625666e-02
   1.9200180e-02
   1.8429811e-02
   2.0489821e-02
   1.8881294e-02
   2.3226239e-02
   2.0452590e-02
   1.9470032e-02
   2.1040607e-02
   1.9715832e-02
   2.1069049e-02
   2.1875109e-02
   1.9117547e-02
   1.8786014e-02
   2.2376545e-02
   2.1929127e-02
   2.2699238e-02
   2.3131390e-02
   2.1250559e-02
   2.0670278e-02
   2.0552010e-02
   2.2727175e-02
   2.2249514e-02
   2.0370537e-02
   1.8441497e-02
   2.3010477e-02
   2.0176077e-02
   2.1452697e-02
   1.9419658e-02
   2.0364048e-02
   2.1252669e-02
   1.9157034e-02
   2.2252241e-02
   1.9267350e-02
   1.9872672e-02
   2.0182601e-02
   2.1706240e-02
   2.0381647e-02
   1.8471217e-02
   2.0109213e-02
   1.8626171e-02
   1.8469913e-02
   1.9985831e-02
   2.0037668e-02
   2.1679679e-02
   2.2031329e-02
   1.8737667e-02
   1.9345619e-02
   2.1453775e-02
   1.9987983e-02
   2.3086397e-02
   2.2444283e-02
   2.1465648e-02
   2.0509850e-02
   2.1275614e-02
   1.9775769e-02
   2.1294968e-02
   2.0334888e-02
   1.9402173e-02
   2.1508262e-02
   2.0323696e-02
   2.0160599e-02
   1.9671550e-02
   1.9820448e-02
   2.2341586e-02
   1.9441810e-02
   2.0976803e-02
   1.9965167e-02
   2.0262334e-02
   2.3345127e-02
   2.0453993e-02
   1.9826234e-02
   2.2198808e-02
   2.0791621e-02
   1.8768706e-02
   2.2374394e-02
   1.8858821e-02
   2.1299097e-02
   2.2214179e-02
   1.9764123e-02
   2.3223923e-02
