   1.4452267e-01
   1.5955491e-01
   1.5052517e-01
   1.5367120e-01
   1.4751998e-01
   1.5133828e-01
   1.4559026e-01
   1.5230348e-01
   1.5411407e-01
   1.5051002e-01
   1.6362871e-01
   1.5915693e-01
   1.5005798e-01
   1.4918991e-01
   1.4754195e-01
   1.5305261e-01
   1.6135191e-01
   1.5430897e-01
   1.5693686e-01
   1.5161650e-01
   1.5238618e-01
   1.5216190e-01
   1.5253535e-01
   1.5037607e-01
   1.6154367e-01
   1.4857373e-01
   1.5054796e-01
   1.4888128e-01
   1.5907868e-01
   1.5318403e-01
   1.4691098e-01
   1.4748884e-01
   1.5137242e-01
   1.4932337e-01
   1.5259338e-01
   1.5111576e-01
   1.5011280e-01
   1.5550340e-01
   1.5433565e-01
   1.4965367e-01
   1.6152847e-01
   1.5106327e-01
   1.5671247e-01
   1.4417410e-01
   1.5711802e-01
   1.5176693e-01
   1.5213245e-01
   1.5085210e-01
   1.5174748e-01
   1.4695076e-01
   1.5353559e-01
   1.5636634e-01
   1.5112067e-01
   1.4987044e-01
   1.4897652e-01
   1.5420895e-01
   1.5305374e-01
   1.5741307e-01
   1.5219658e-01
   1.6225539e-01
   1.5505829e-01
   1.5137152e-01
   1.5363633e-01
   1.5025347e-01
   1.5733120e-01
   1.4774864e-01
   1.4663329e-01
   1.4951428e-01
   1.5186763e-01
   1.5851513e-01
   1.5124785e-01
   1.5633134e-01
   1.6117342e-01
   1.5641736e-01
   1.4894354e-01
   1.4783467e-01
   1.6022665e-01
   1.5259175e-01
   1.4698413e-01
   1.5196565e-01
   1.5109799e-01
   1.5179389e-01
   1.4986699e-01
   1.4915501e-01
   1.5099058e-01
   1.5023291e-01
   1.5830180e-01
   1.4842855e-01
   1.5084102e-01
   1.5552873e-01
   1.4978000e-01
   1.4874347e-01
   1.4853786e-01
   1.5138720e-01
   1.4587588e-01
   1.5103792e-01
   1.5059874e-01
   1.5096209e-01
   1.5174560e-01
   1.5031911e-01
   1.4960767e-01
   1.5090729e-01
   1.5796437e-01
   1.4853775e-01
   1.4480829e-01
   1.4654228e-01
   1.4653204e-01
   1.5098716e-01
   1.5702688e-01
   1.5017185e-01
   1.5140447e-01
   1.5066246e-01
   1.5018595e-01
   1.5673944e-01
   1.5106264e-01
   1.5508367e-01
   1.5349193e-01
   1.5698496e-01
   1.5419311e-01
   1.5373558e-01
   1.4994255e-01
   1.5001670e-01
   1.5173759e-01
   1.6294807e-01
   1.5701910e-01
   1.4563189e-01
   1.5530788e-01
   1.5037556e-01
   1.5318286e-01
   1.5147427e-01
   1.6030719e-01
   1.4421815e-01
   1.5257145e-01
   1.4460883e-01
   1.5543474e-01
   1.5278654e-01
   1.5214351e-01
   1.5003963e-01
   1.5137082e-01
   1.5016118e-01
   1.5416014e-01
   1.5658671e-01
   1.5061058e-01
   1.5341184e-01
   1.4876142e-01
   1.4888779e-01
   1.5400461e-01
   1.4867271e-01
   1.5140771e-01
   1.4693720e-01
   1.5649771e-01
   1.5159904e-01
   1.5011555e-01
   1.5138620e-01
   1.5054078e-01
   1.5900840e-01
   1.4760668e-01
   1.4756753e-01
   1.5191368e-01
   1.5813408e-01
   1.4672404e-01
   1.5971293e-01
   1.5320488e-01
   1.5516910e-01
   1.6279263e-01
   1.4992963e-01
   1.4860690e-01
   1.5087500e-01
   1.4863982e-01
   1.5076256e-01
   1.4924759e-01
   1.6026809e-01
   1.4999202e-01
   1.4776361e-01
   1.4999437e-01
   1.5810235e-01
   1.5067987e-01
   1.5195999e-01
   1.5023246e-01
   1.5312939e-01
   1.4669106e-01
   1.4999336e-01
   1.5911167e-01
   1.6623447e-01
   1.5084567e-01
   1.4939107e-01
   1.4531162e-01
   1.5699112e-01
   1.4889283e-01
   1.5913733e-01
   1.4966714e-01
   1.5825599e-01
   1.4780857e-01
   1.5043962e-01
   1.4846394e-01
   1.4883293e-01
   1.4772469e-01
   1.5121900e-01
   1.5092968e-01
   1.4922686e-01
   1.5128756e-01
   1.5059101e-01
   1.4839909e-01
   1.5138570e-01
   1.5132080e-01
   1.6312823e-01
   1.5127009e-01
   1.5106969e-01
   1.4772667e-01
   1.5017252e-01
   1.5605787e-01
   1.6338923e-01
   1.5879816e-01
   1.4438449e-01
   1.4941601e-01
   1.4751881e-01
   1.5098343e-01
   1.4956035e-01
   1.5324059e-01
   1.5134238e-01
   1.5103348e-01
   1.4995795e-01
   1.5018720e-01
   1.5137699e-01
   1.4995767e-01
   1.6661308e-01
   1.5006881e-01
   1.5267084e-01
   1.5573006e-01
   1.5670732e-01
   1.5181463e-01
   1.5401896e-01
   1.4901462e-01
   1.5413061e-01
   1.5394933e-01
   1.6044591e-01
   1.4909688e-01
   1.5628512e-01
   1.4965785e-01
   1.4777609e-01
   1.4978645e-01
   1.5003760e-01
   1.4462488e-01
   1.5177250e-01
   1.4951929e-01
   1.5061023e-01
   1.5041426e-01
   1.5089823e-01
   1.4774175e-01
   1.6740928e-01
   1.5641143e-01
   1.5243106e-01
   1.5589058e-01
   1.4978654e-01
   1.4959298e-01
   1.4899109e-01
   1.5051719e-01
   1.5234538e-01
   1.4402378e-01
   1.4939072e-01
   1.5008243e-01
   1.6275133e-01
   1.5019334e-01
   1.6123172e-01
   1.5227773e-01
   1.4909329e-01
   1.5774310e-01
   1.5317667e-01
   1.4947705e-01
   1.4705092e-01
   1.5136842e-01
   1.5783181e-01
   1.5165281e-01
   1.4884927e-01
   1.5924023e-01
   1.5561994e-01
   1.5229482e-01
   1.5739854e-01
   1.5158943e-01
   1.4936027e-01
   1.4793438e-01
   1.5870407e-01
   1.5684975e-01
   1.5708262e-01
   1.4871173e-01
   1.5793362e-01
   1.5069022e-01
   1.5842337e-01
   1.4997027e-01
   1.5657537e-01
   1.5012634e-01
   1.5444051e-01
   1.5038365e-01
   1.5100476e-01
   1.4987205e-01
   1.5030160e-01
   1.5415298e-01
   1.5515162e-01
   1.5158410e-01
   1.4929202e-01
