   2.1823672e-02
   2.2395436e-02
   2.2352561e-02
   2.2121426e-02
   2.2245640e-02
   2.2865951e-02
   2.3706933e-02
   2.1780212e-02
   2.2203291e-02
   2.3134315e-02
   2.3675532e-02
   2.2617890e-02
   2.1934870e-02
   2.2085763e-02
   2.3506633e-02
   2.3432368e-02
   2.3066035e-02
   2.2128140e-02
   2.2366852e-02
   2.3494401e-02
   2.0919460e-02
   2.4003489e-02
   2.2053991e-02
   2.2675720e-02
   2.3674496e-02
   2.2113180e-02
   2.3391144e-02
   2.2774993e-02
   2.4399704e-02
   2.3347062e-02
   2.2145599e-02
   2.2242101e-02
   2.3116224e-02
   2.2670980e-02
   2.2233673e-02
   2.1762642e-02
   2.2241812e-02
   2.2671656e-02
   2.2610822e-02
   2.2249243e-02
   2.2246211e-02
   2.1478785e-02
   2.1347503e-02
   2.2371179e-02
   2.3948769e-02
   2.2805599e-02
   2.2019890e-02
   2.3362115e-02
   2.2469001e-02
   2.2161534e-02
   2.2511072e-02
   2.1946802e-02
   2.1159219e-02
   2.2271659e-02
   2.2885488e-02
   2.2317687e-02
   2.3836438e-02
   2.2990520e-02
   2.2785028e-02
   2.3841142e-02
   2.4077629e-02
   2.2708490e-02
   2.3756199e-02
   2.2483632e-02
   2.2127487e-02
   2.3095786e-02
   2.2246794e-02
   2.3094603e-02
   2.3578339e-02
   2.3093258e-02
   2.2276508e-02
   2.1809512e-02
   2.1604933e-02
   2.3093650e-02
   2.1761367e-02
   2.2091720e-02
   2.2077395e-02
   2.3897045e-02
   2.3076892e-02
   2.2899777e-02
   2.1047127e-02
   2.2284237e-02
   2.3754302e-02
   2.2710861e-02
   2.1165218e-02
   2.2186137e-02
   2.2169608e-02
   2.1667114e-02
   2.1915445e-02
   2.2158422e-02
   2.2890971e-02
   2.2050837e-02
   2.2330081e-02
   2.3019793e-02
   2.1510274e-02
   2.2723828e-02
   2.1515515e-02
   2.2347795e-02
   2.2498911e-02
   2.4648720e-02
   2.3859130e-02
   2.1862791e-02
   2.1674066e-02
   2.3693915e-02
   2.4067017e-02
   2.2443052e-02
   2.2830084e-02
   2.2888061e-02
   2.1835025e-02
   2.1757133e-02
   2.1830050e-02
   2.1838656e-02
   2.3200567e-02
   2.3105620e-02
   2.3035481e-02
   2.2210420e-02
   2.1317721e-02
   2.2291378e-02
   2.1743299e-02
   2.2792859e-02
   2.1744431e-02
   2.3000599e-02
   2.4237992e-02
   2.1322938e-02
   2.3928771e-02
   2.1787235e-02
   2.2738241e-02
   2.2794948e-02
   2.1554034e-02
   2.4476287e-02
   2.4183093e-02
   2.2825882e-02
   2.2365130e-02
   2.1071878e-02
   2.1532197e-02
   2.2399160e-02
   2.2409548e-02
   2.2635090e-02
   2.2295589e-02
   2.1436199e-02
   2.1416590e-02
   2.1789399e-02
   2.2147707e-02
   2.2777260e-02
   2.2394831e-02
   2.1773573e-02
   2.3065318e-02
   2.1641680e-02
   2.3287073e-02
   2.2524638e-02
   2.1210835e-02
   2.2754856e-02
   2.2002730e-02
   2.1658191e-02
   2.2483100e-02
   2.3741570e-02
   2.2483487e-02
   2.2300237e-02
   2.1905350e-02
   2.2630291e-02
   2.4568893e-02
   2.3724783e-02
   2.1059968e-02
   2.4368434e-02
   2.1947966e-02
   2.2727314e-02
   2.2401251e-02
   2.4563252e-02
   2.2505842e-02
   2.3959841e-02
   2.1750270e-02
   2.3290357e-02
   2.3581228e-02
   2.3106326e-02
   2.2797345e-02
   2.3413342e-02
   2.2353954e-02
   2.3626079e-02
   2.4362651e-02
   2.2536816e-02
   2.2215538e-02
   2.2082737e-02
   2.2340945e-02
   2.4627924e-02
   2.3244397e-02
   2.2154359e-02
   2.2880912e-02
   2.1958665e-02
   2.3576868e-02
   2.3028915e-02
   2.2118059e-02
   2.3027798e-02
   2.2807300e-02
   2.2649823e-02
   2.2383184e-02
   2.2059521e-02
   2.3084888e-02
   2.1786685e-02
   2.2876313e-02
   2.1515858e-02
   2.2704779e-02
   2.2854593e-02
   2.2822502e-02
   2.4394337e-02
   2.2809020e-02
   2.2572609e-02
   2.2833290e-02
   2.2811541e-02
   2.2757372e-02
   2.1774158e-02
   2.3031375e-02
   2.3416653e-02
   2.2087958e-02
   2.2906274e-02
   2.2077119e-02
   2.1442915e-02
   2.1818510e-02
   2.2655603e-02
   2.3484047e-02
   2.2964070e-02
   2.3445261e-02
   2.2307450e-02
   2.2155954e-02
   2.3256080e-02
   2.2864469e-02
   2.1430770e-02
   2.1634037e-02
   2.2981154e-02
   2.4129282e-02
   2.1423407e-02
   2.3852315e-02
   2.2627438e-02
   2.2344520e-02
   2.1289105e-02
   2.2649187e-02
   2.2056937e-02
   2.2388711e-02
   2.0886704e-02
   2.2587852e-02
   2.2609787e-02
   2.2876447e-02
   2.2027683e-02
   2.2740787e-02
   2.2490865e-02
   2.1927876e-02
   2.1626723e-02
   2.2118642e-02
   2.4316170e-02
   2.2437800e-02
   2.2852640e-02
   2.1136612e-02
   2.3268825e-02
   2.1994274e-02
   2.2677099e-02
   2.2209472e-02
   2.1768194e-02
   2.2816105e-02
   2.3907661e-02
   2.3194467e-02
   2.2758027e-02
   2.1791697e-02
   2.3403531e-02
   2.1389909e-02
   2.2280107e-02
   2.1392206e-02
   2.1872267e-02
   2.2475378e-02
   2.3945660e-02
   2.3192920e-02
   2.1443845e-02
   2.1680060e-02
   2.1576108e-02
   2.2171335e-02
   2.1992357e-02
   2.2713500e-02
   2.2960693e-02
   2.1528575e-02
   2.1237577e-02
   2.2396028e-02
   2.1687287e-02
   2.4084576e-02
   2.2255354e-02
   2.1432317e-02
   2.1991349e-02
   2.2744233e-02
   2.2732206e-02
   2.2389337e-02
   2.2594698e-02
   2.2205843e-02
   2.1463354e-02
   2.2417592e-02
   2.1598698e-02
   2.1839646e-02
   2.1868841e-02
   2.2371544e-02
   2.1794084e-02
   2.1283647e-02
   2.2841248e-02
   2.2210920e-02
   2.1514701e-02
