   2.2586622e-02
   2.2380766e-02
   2.2901787e-02
   2.3355289e-02
   2.1336324e-02
   2.2837240e-02
   2.0596780e-02
   2.3725295e-02
   2.2510139e-02
   2.0152058e-02
   2.2352310e-02
   2.1209570e-02
   2.1697553e-02
   2.3404378e-02
   2.2027052e-02
   2.3564859e-02
   2.3613969e-02
   2.3361976e-02
   2.0377892e-02
   2.2809870e-02
   2.1163516e-02
   2.1719292e-02
   2.2878896e-02
   2.2608865e-02
   1.9922082e-02
   2.2427119e-02
   1.9567069e-02
   2.2993912e-02
   2.1101193e-02
   2.0795524e-02
   2.3991480e-02
   2.3085951e-02
   2.2179387e-02
   2.2185493e-02
   2.1317052e-02
   2.1145353e-02
   2.1239785e-02
   1.9942774e-02
   2.2138656e-02
   2.1970584e-02
   2.1786748e-02
   2.2768513e-02
   2.3603211e-02
   2.2471281e-02
   2.2948812e-02
   1.9742616e-02
   2.3391987e-02
   2.2541190e-02
   2.2491865e-02
   2.1069232e-02
   2.1104188e-02
   2.1441250e-02
   1.9583899e-02
   2.0450803e-02
   2.0031001e-02
   2.3259869e-02
   2.3875830e-02
   2.2140747e-02
   2.1031077e-02
   2.2571520e-02
   2.2922207e-02
   2.1373720e-02
   2.1628658e-02
   2.3116823e-02
   2.1323378e-02
   1.9723155e-02
   2.2304511e-02
   2.2324938e-02
   2.3273520e-02
   2.1097987e-02
   2.1167090e-02
   2.3240637e-02
   2.1014706e-02
   2.2389532e-02
   1.9740104e-02
   2.0407098e-02
   2.2258574e-02
   2.2769766e-02
   2.2935362e-02
   2.1050009e-02
   2.2389889e-02
   2.1737487e-02
   1.9965773e-02
   2.2741741e-02
   2.1901753e-02
   2.2742241e-02
   2.2717381e-02
   2.1754522e-02
   2.1950043e-02
   2.2641870e-02
   2.2811545e-02
   2.1728775e-02
   2.1001988e-02
   2.1813105e-02
   2.3628603e-02
   2.1249997e-02
   2.1185475e-02
   2.2690690e-02
   2.3718756e-02
   2.3190092e-02
   2.0967519e-02
   1.9597272e-02
   2.2723095e-02
   2.1971908e-02
   2.2193867e-02
   2.1771711e-02
   2.0280858e-02
   2.2149762e-02
   2.1777956e-02
   2.2140641e-02
   2.2218808e-02
   2.1494865e-02
   2.2096113e-02
   2.0381524e-02
   2.2246540e-02
   2.0618201e-02
   2.2386532e-02
   2.3107458e-02
   2.2579791e-02
   2.2009367e-02
   2.1526600e-02
   2.1094019e-02
   2.1259106e-02
   2.3819426e-02
   2.1398039e-02
   2.1153370e-02
   2.1427180e-02
   1.9508935e-02
   2.2905251e-02
   2.2614004e-02
   2.3243284e-02
   2.0264101e-02
   2.0491036e-02
   1.9857669e-02
   2.1862459e-02
   2.2967600e-02
   2.2631375e-02
   2.1631221e-02
   2.1790748e-02
   2.2834414e-02
   2.2885402e-02
   2.0184606e-02
   1.9683510e-02
   1.9983662e-02
   2.1594761e-02
   2.2907427e-02
   2.2432497e-02
   2.0657806e-02
   2.1832735e-02
   2.2730714e-02
   2.1863005e-02
   2.1513875e-02
   2.2743833e-02
   2.2451863e-02
   2.0522846e-02
   2.3054272e-02
   2.2205506e-02
   2.0310901e-02
   2.3406240e-02
   2.2739087e-02
   2.1425896e-02
   2.1585827e-02
   2.1085534e-02
   2.1148995e-02
   2.1182069e-02
   2.3034964e-02
   1.9350842e-02
   2.2407022e-02
   2.2348027e-02
   2.4067732e-02
   2.0040889e-02
   2.3775655e-02
   2.2495467e-02
   1.9207030e-02
   2.2306866e-02
   2.1668804e-02
   2.3747555e-02
   2.2136760e-02
   2.3137184e-02
   2.2290454e-02
   2.3465374e-02
   2.0698043e-02
   2.2777442e-02
   2.1476026e-02
   2.3449338e-02
   2.3525059e-02
   2.2592910e-02
   2.1382783e-02
   2.2994153e-02
   2.3119385e-02
   2.1341441e-02
   2.2205459e-02
   2.0028560e-02
   2.2045597e-02
   2.1579158e-02
   2.3650342e-02
   2.0600398e-02
   2.2547185e-02
   2.3237087e-02
   2.1414860e-02
   2.1121505e-02
   2.0695554e-02
   2.2744029e-02
   2.3700927e-02
   2.1024631e-02
   2.0552971e-02
   2.1037578e-02
   2.2082040e-02
   2.3100211e-02
   2.3083530e-02
   2.3114074e-02
   2.1863952e-02
   2.2675896e-02
   2.3007885e-02
   2.2368663e-02
   2.3280231e-02
   2.2031307e-02
   2.3671857e-02
   2.1514788e-02
   2.1832891e-02
   2.0034555e-02
   2.0484726e-02
   2.3772740e-02
   2.2758962e-02
   2.2228261e-02
   2.1194497e-02
   2.2404336e-02
   2.2844252e-02
   2.2289870e-02
   2.3720406e-02
   2.2071724e-02
   2.1784021e-02
   2.1740681e-02
   2.3750605e-02
   2.2641316e-02
   2.3063659e-02
   2.3363019e-02
   2.2427022e-02
   2.0780096e-02
   2.1323955e-02
   2.1254148e-02
   2.3215172e-02
   2.3747266e-02
   2.2886791e-02
   2.3080201e-02
   2.2062803e-02
   2.2645521e-02
   2.2684020e-02
   2.3043087e-02
   2.1499566e-02
   2.0776707e-02
   2.2045597e-02
   2.0954951e-02
   2.1543776e-02
   2.0660209e-02
   1.9568225e-02
   2.2549947e-02
   2.1143926e-02
   2.3195711e-02
   2.3882292e-02
   2.2346352e-02
   2.1434470e-02
   2.3181472e-02
   2.0781825e-02
   2.2177272e-02
   2.3320291e-02
   1.9400774e-02
   2.1542195e-02
   2.1359730e-02
   2.4075417e-02
   2.2781544e-02
   2.3571028e-02
   2.1010077e-02
   2.3694816e-02
   2.2658135e-02
   2.2019467e-02
   2.2353458e-02
   2.0518063e-02
   2.3477288e-02
   2.2519630e-02
   2.2320039e-02
   2.2307460e-02
   2.1348981e-02
   2.1866840e-02
   2.2734594e-02
   2.3075622e-02
   2.2893394e-02
   2.2922236e-02
   2.1359369e-02
   2.1486916e-02
   2.0778421e-02
   2.2782727e-02
   2.1542341e-02
   2.1052948e-02
   2.0140592e-02
   2.2565932e-02
   2.2914032e-02
   2.3463828e-02
   2.2248626e-02
   2.3604405e-02
