   1.5946971e-02
   1.5935944e-02
   1.5964894e-02
   1.5942015e-02
   1.5891867e-02
   1.5947954e-02
   1.5961739e-02
   1.5938421e-02
   1.5966033e-02
   1.5956169e-02
   1.5931309e-02
   1.5910189e-02
   1.5966670e-02
   1.5935219e-02
   1.5960932e-02
   1.5929248e-02
   1.5927136e-02
   1.5929192e-02
   1.5947469e-02
   1.5973720e-02
   1.5944352e-02
   1.5938690e-02
   1.5951007e-02
   1.5964891e-02
   1.5927968e-02
   1.5966718e-02
   1.5929063e-02
   1.5966699e-02
   1.5929581e-02
   1.5966430e-02
   1.5940107e-02
   1.5964196e-02
   1.5948825e-02
   1.5950187e-02
   1.5970824e-02
   1.5963101e-02
   1.5973410e-02
   1.5963437e-02
   1.5972687e-02
   1.5937066e-02
   1.5968758e-02
   1.5955675e-02
   1.5929968e-02
   1.5927639e-02
   1.5939022e-02
   1.5930114e-02
   1.5928777e-02
   1.5936228e-02
   1.5944526e-02
   1.5886436e-02
   1.5946930e-02
   1.5866635e-02
   1.5942325e-02
   1.5930915e-02
   1.5938015e-02
   1.5934371e-02
   1.5937136e-02
   1.5936830e-02
   1.5964386e-02
   1.5932082e-02
   1.5929835e-02
   1.5927689e-02
   1.5945559e-02
   1.5959532e-02
   1.5965178e-02
   1.5972762e-02
   1.5973982e-02
   1.5947880e-02
   1.5952518e-02
   1.5927971e-02
   1.5947704e-02
   1.5927743e-02
   1.5963944e-02
   1.5966390e-02
   1.5910242e-02
   1.5933071e-02
   1.5947932e-02
   1.5952585e-02
   1.5932518e-02
   1.5966580e-02
   1.5884964e-02
   1.5940374e-02
   1.5966080e-02
   1.5958299e-02
   1.5941209e-02
   1.5890493e-02
   1.5966167e-02
   1.5970608e-02
   1.5962769e-02
   1.5911267e-02
   1.5944804e-02
   1.5932839e-02
   1.5966390e-02
   1.5933246e-02
   1.5930435e-02
   1.5931982e-02
   1.5943251e-02
   1.5951784e-02
   1.5946407e-02
   1.5964473e-02
   1.5970521e-02
   1.5963233e-02
   1.5919334e-02
   1.5971208e-02
   1.5959328e-02
   1.5951575e-02
   1.5956858e-02
   1.5955141e-02
   1.5934628e-02
   1.5941977e-02
   1.5882185e-02
   1.5933079e-02
   1.5957264e-02
   1.5953339e-02
   1.5970608e-02
   1.5961361e-02
   1.5937140e-02
   1.5965403e-02
   1.5948991e-02
   1.5951030e-02
   1.5927844e-02
   1.5966611e-02
   1.5970611e-02
   1.5950053e-02
   1.5942019e-02
   1.5972428e-02
   1.5929410e-02
   1.5929558e-02
   1.5958283e-02
   1.5932048e-02
   1.5966743e-02
   1.5943299e-02
   1.5930296e-02
   1.5960156e-02
   1.5931833e-02
   1.5974001e-02
   1.5934875e-02
   1.5935237e-02
   1.5965408e-02
   1.5859035e-02
   1.5941692e-02
   1.5922849e-02
   1.5947046e-02
   1.5958860e-02
   1.5940890e-02
   1.5958968e-02
   1.5939837e-02
   1.5940956e-02
   1.5954839e-02
   1.5928083e-02
   1.5927408e-02
   1.5973833e-02
   1.5938915e-02
   1.5965897e-02
   1.5886669e-02
   1.5966643e-02
   1.5949127e-02
   1.5958893e-02
   1.5930770e-02
   1.5931381e-02
   1.5927652e-02
   1.5954089e-02
   1.5940939e-02
   1.5952937e-02
   1.5961194e-02
   1.5932502e-02
   1.5928462e-02
   1.5948996e-02
   1.5934244e-02
   1.5933029e-02
   1.5948114e-02
   1.5925187e-02
   1.5961573e-02
   1.5936261e-02
   1.5947911e-02
   1.5928194e-02
   1.5967911e-02
   1.5932773e-02
   1.5939402e-02
   1.5966932e-02
   1.5969336e-02
   1.5888026e-02
   1.5966682e-02
   1.5955024e-02
   1.5945338e-02
   1.5951963e-02
   1.5938271e-02
   1.5970170e-02
   1.5947406e-02
   1.5969738e-02
   1.5962605e-02
   1.5966372e-02
   1.5957492e-02
   1.5933256e-02
   1.5943974e-02
   1.5928206e-02
   1.5974083e-02
   1.5931804e-02
   1.5969131e-02
   1.5943840e-02
   1.5953951e-02
   1.5878254e-02
   1.5966582e-02
   1.5935221e-02
   1.5967149e-02
   1.5945519e-02
   1.5966479e-02
   1.5966886e-02
   1.5934227e-02
   1.5932814e-02
   1.5929392e-02
   1.5960083e-02
   1.5931267e-02
   1.5913392e-02
   1.5937179e-02
   1.5928035e-02
   1.5932602e-02
   1.5927095e-02
   1.5945475e-02
   1.5961961e-02
   1.5966182e-02
   1.5960252e-02
   1.5941554e-02
   1.5937907e-02
   1.5868272e-02
   1.5932212e-02
   1.5962850e-02
   1.5972292e-02
   1.5936655e-02
   1.5973979e-02
   1.5937071e-02
   1.5953463e-02
   1.5967242e-02
   1.5966679e-02
   1.5953484e-02
   1.5932717e-02
   1.5863901e-02
   1.5935816e-02
   1.5921093e-02
   1.5956139e-02
   1.5966677e-02
   1.5957900e-02
   1.5950326e-02
   1.5947337e-02
   1.5928065e-02
   1.5932953e-02
   1.5860139e-02
   1.5940152e-02
   1.5947757e-02
   1.5936649e-02
   1.5965436e-02
   1.5935084e-02
   1.5973699e-02
   1.5961833e-02
   1.5973927e-02
   1.5946799e-02
   1.5913400e-02
   1.5952866e-02
   1.5932865e-02
   1.5949217e-02
   1.5968000e-02
   1.5930920e-02
   1.5935009e-02
   1.5965107e-02
   1.5928063e-02
   1.5966475e-02
   1.5933084e-02
   1.5930809e-02
   1.5952662e-02
   1.5927957e-02
   1.5953607e-02
   1.5935785e-02
   1.5963850e-02
   1.5939549e-02
   1.5944712e-02
   1.5932535e-02
   1.5931034e-02
   1.5907923e-02
   1.5958512e-02
   1.5940938e-02
   1.5927996e-02
   1.5857611e-02
   1.5952854e-02
   1.5927176e-02
   1.5927290e-02
   1.5957432e-02
   1.5929813e-02
   1.5967340e-02
   1.5944596e-02
   1.5927109e-02
   1.5944180e-02
   1.5887694e-02
   1.5964664e-02
   1.5973998e-02
   1.5933982e-02
   1.5966031e-02
   1.5934545e-02
   1.5973736e-02
   1.5946784e-02
   1.5966907e-02
