   3.1021819e-02
   3.0627127e-02
   3.2236668e-02
   3.1200907e-02
   3.2197724e-02
   3.0465688e-02
   3.2935286e-02
   3.0918127e-02
   3.2498903e-02
   3.1110510e-02
   3.1784816e-02
   3.2498961e-02
   3.2258172e-02
   3.2197420e-02
   3.3123102e-02
   3.1140974e-02
   3.2303850e-02
   3.2848216e-02
   3.2857736e-02
   3.2384859e-02
   3.3336875e-02
   3.0468660e-02
   3.0621411e-02
   3.1982859e-02
   3.1289249e-02
   3.2103009e-02
   3.0653909e-02
   3.2038524e-02
   3.3249192e-02
   3.0797952e-02
   3.1408086e-02
   3.0893139e-02
   3.0897033e-02
   3.2134808e-02
   3.3021793e-02
   3.2498979e-02
   3.0416785e-02
   3.1855141e-02
   3.1985947e-02
   3.1629957e-02
   3.0467035e-02
   3.2367589e-02
   3.2332936e-02
   3.1430880e-02
   3.1595075e-02
   3.2150109e-02
   3.0874075e-02
   3.1141085e-02
   3.1673351e-02
   3.0852606e-02
   3.3389603e-02
   3.3128343e-02
   3.3332117e-02
   3.2869841e-02
   3.1548187e-02
   3.1806216e-02
   3.0607097e-02
   3.2768315e-02
   3.1543036e-02
   3.1032743e-02
   3.2653269e-02
   3.1081983e-02
   3.0768827e-02
   3.3205494e-02
   3.2814975e-02
   3.3103472e-02
   3.0800561e-02
   3.1031860e-02
   3.2893299e-02
   3.2972677e-02
   3.1272585e-02
   3.1210169e-02
   3.1439808e-02
   3.1620494e-02
   3.0525594e-02
   3.3110902e-02
   3.2655486e-02
   3.2297671e-02
   3.3207276e-02
   3.1120169e-02
   3.2197230e-02
   3.2208222e-02
   3.1031446e-02
   3.2513117e-02
   3.1727304e-02
   3.2643861e-02
   3.2383067e-02
   3.1378701e-02
   3.2796292e-02
   3.2741910e-02
   3.3637053e-02
   3.2406720e-02
   3.1399753e-02
   3.1063988e-02
   3.3350949e-02
   3.2731098e-02
   3.2604938e-02
   3.0968887e-02
   3.1107322e-02
   3.2979544e-02
   3.2525829e-02
   3.3048190e-02
   3.1112109e-02
   3.2832078e-02
   3.2783560e-02
   3.2891229e-02
   3.0659036e-02
   3.1349681e-02
   3.2843657e-02
   3.3295912e-02
   3.0713678e-02
   3.1431380e-02
   3.0783781e-02
   3.2121837e-02
   3.1724289e-02
   3.0869070e-02
   3.0979300e-02
   3.0559274e-02
   3.0371263e-02
   3.0942756e-02
   3.2296014e-02
   3.2072511e-02
   3.3323263e-02
   3.2274511e-02
   3.1660863e-02
   3.1623523e-02
   3.0299727e-02
   3.1280592e-02
   3.1780228e-02
   3.1295775e-02
   3.0981838e-02
   3.0676521e-02
   3.0289407e-02
   3.3017017e-02
   3.1205121e-02
   3.2412943e-02
   3.1669908e-02
   3.1208084e-02
   3.1120959e-02
   3.1207319e-02
   3.0494619e-02
   3.2689483e-02
   3.1230309e-02
   3.0440297e-02
   3.1290246e-02
   3.2981442e-02
   3.0841005e-02
   3.1426380e-02
   3.2109460e-02
   3.1920056e-02
   3.2949392e-02
   3.0631503e-02
   3.2984325e-02
   3.3104674e-02
   3.2563597e-02
   3.0773031e-02
   3.0676598e-02
   3.1175806e-02
   3.1440194e-02
   3.2342358e-02
   3.2804433e-02
   3.2707029e-02
   3.2525004e-02
   3.1800485e-02
   3.1472495e-02
   3.1949535e-02
   3.2142557e-02
   3.0628604e-02
   3.3064955e-02
   3.1754914e-02
   3.0866749e-02
   3.1514368e-02
   3.1953038e-02
   3.2383761e-02
   3.2784975e-02
   3.2614246e-02
   3.2261905e-02
   3.2029513e-02
   3.1351701e-02
   3.2831812e-02
   3.1848546e-02
   3.1707166e-02
   3.0774208e-02
   3.2783161e-02
   3.0829141e-02
   3.2830159e-02
   3.0447608e-02
   3.2579286e-02
   3.1339700e-02
   3.1709218e-02
   3.0489218e-02
   3.1603948e-02
   3.2789921e-02
   3.3316189e-02
   3.2731403e-02
   3.0862124e-02
   3.1440757e-02
   3.2962183e-02
   3.0830518e-02
   3.2831597e-02
   3.1732747e-02
   3.3324380e-02
   3.1917469e-02
   3.1988012e-02
   3.3084249e-02
   3.1051965e-02
   3.1194569e-02
   3.0796831e-02
   3.2688085e-02
   3.2140231e-02
   3.2200648e-02
   3.2690125e-02
   3.0755699e-02
   3.3236108e-02
   3.0660997e-02
   3.2972305e-02
   3.0642215e-02
   3.3146211e-02
   3.2134009e-02
   3.2812481e-02
   3.2680710e-02
   3.3193556e-02
   3.0906825e-02
   3.0600760e-02
   3.0524584e-02
   3.3343808e-02
   3.3206630e-02
   3.3106343e-02
   3.2499853e-02
   3.0819779e-02
   3.2280839e-02
   3.1617667e-02
   3.2420411e-02
   3.1122599e-02
   3.3484185e-02
   3.0633043e-02
   3.3101242e-02
   3.2410968e-02
   3.1464605e-02
   3.3023317e-02
   3.1452291e-02
   3.1682757e-02
   3.2900233e-02
   3.3243509e-02
   3.0957148e-02
   3.2672361e-02
   3.2741068e-02
   3.2310710e-02
   3.1665997e-02
   3.0841611e-02
   3.0603400e-02
   3.1129393e-02
   3.0910261e-02
   3.1070785e-02
   3.3197062e-02
   3.2223106e-02
   3.2350610e-02
   3.1068274e-02
   3.2807364e-02
   3.0469377e-02
   3.0885239e-02
   3.2276505e-02
   3.2989814e-02
   3.1561677e-02
   3.2630473e-02
   3.2912855e-02
   3.0507842e-02
   3.1363635e-02
   3.3164377e-02
   3.2104576e-02
   3.2816267e-02
   3.2861514e-02
   3.2729922e-02
   3.3315751e-02
   3.2575487e-02
   3.0804900e-02
   3.1174384e-02
   3.0993096e-02
   3.0774971e-02
   3.1200907e-02
   3.1157712e-02
   3.1042332e-02
   3.1918017e-02
   3.1412524e-02
   3.1236709e-02
   3.0636478e-02
   3.3289217e-02
   3.0770270e-02
   3.2317551e-02
   3.0291436e-02
   3.2952128e-02
   3.2029366e-02
   3.3181986e-02
   3.0473529e-02
   3.2681290e-02
   3.2727497e-02
   3.2301223e-02
   3.1979117e-02
   3.1882431e-02
   3.1718725e-02
