   1.3982966e-02
   1.4443226e-02
   1.5202381e-02
   1.4093626e-02
   1.4092211e-02
   1.4172317e-02
   1.4013308e-02
   1.3924008e-02
   1.4550151e-02
   1.4520834e-02
   1.5101759e-02
   1.4860036e-02
   1.4492891e-02
   1.4102369e-02
   1.3946592e-02
   1.3937669e-02
   1.5162776e-02
   1.4778939e-02
   1.3939521e-02
   1.4505872e-02
   1.4307180e-02
   1.4166272e-02
   1.5299925e-02
   1.3966218e-02
   1.5371379e-02
   1.4689832e-02
   1.4610555e-02
   1.5183273e-02
   1.5143938e-02
   1.4300251e-02
   1.4285788e-02
   1.4440586e-02
   1.4157736e-02
   1.4356434e-02
   1.5319543e-02
   1.5291130e-02
   1.4745936e-02
   1.4240756e-02
   1.4679803e-02
   1.4927313e-02
   1.5091880e-02
   1.5095465e-02
   1.4378825e-02
   1.4610587e-02
   1.4419405e-02
   1.3949305e-02
   1.5155598e-02
   1.4571110e-02
   1.4520216e-02
   1.4603071e-02
   1.5207268e-02
   1.4587966e-02
   1.4670818e-02
   1.4773228e-02
   1.5286936e-02
   1.4082550e-02
   1.3967347e-02
   1.4811019e-02
   1.4799210e-02
   1.4723916e-02
   1.4620956e-02
   1.4655268e-02
   1.4691604e-02
   1.4005668e-02
   1.4033493e-02
   1.5393418e-02
   1.4073574e-02
   1.4488999e-02
   1.4857773e-02
   1.5186053e-02
   1.4104035e-02
   1.4239442e-02
   1.4202334e-02
   1.4132433e-02
   1.5342296e-02
   1.4007096e-02
   1.3896828e-02
   1.4223373e-02
   1.4156169e-02
   1.5234150e-02
   1.4342792e-02
   1.5200144e-02
   1.4948215e-02
   1.4670741e-02
   1.4615212e-02
   1.4712822e-02
   1.4330778e-02
   1.3998362e-02
   1.4408173e-02
   1.3984417e-02
   1.4164165e-02
   1.4552869e-02
   1.4278256e-02
   1.5124061e-02
   1.4763863e-02
   1.4645170e-02
   1.4281476e-02
   1.3949291e-02
   1.4260394e-02
   1.5195400e-02
   1.5232225e-02
   1.5312623e-02
   1.5305616e-02
   1.5347802e-02
   1.4268632e-02
   1.3911450e-02
   1.4589133e-02
   1.4562424e-02
   1.4619379e-02
   1.4422377e-02
   1.4710448e-02
   1.4399375e-02
   1.4123205e-02
   1.4242019e-02
   1.3897347e-02
   1.3961495e-02
   1.4270268e-02
   1.4487234e-02
   1.4115827e-02
   1.4261539e-02
   1.3921786e-02
   1.5158164e-02
   1.4190999e-02
   1.4447159e-02
   1.4093515e-02
   1.4072057e-02
   1.5058472e-02
   1.5400476e-02
   1.4389750e-02
   1.5150510e-02
   1.4452459e-02
   1.4794722e-02
   1.4425182e-02
   1.4161320e-02
   1.4606136e-02
   1.4466208e-02
   1.5139324e-02
   1.4164044e-02
   1.4671092e-02
   1.4478415e-02
   1.5283751e-02
   1.4168021e-02
   1.4643612e-02
   1.5243082e-02
   1.5134096e-02
   1.5202771e-02
   1.4137626e-02
   1.5183204e-02
   1.4221880e-02
   1.4172468e-02
   1.5143091e-02
   1.4090522e-02
   1.4230745e-02
   1.4517534e-02
   1.4441166e-02
   1.5410564e-02
   1.4211515e-02
   1.4828901e-02
   1.4389906e-02
   1.4622666e-02
   1.4323068e-02
   1.4272631e-02
   1.4252131e-02
   1.4854747e-02
   1.4429726e-02
   1.5081818e-02
   1.4005945e-02
   1.4416323e-02
   1.4572121e-02
   1.5009560e-02
   1.4186157e-02
   1.4681935e-02
   1.5390386e-02
   1.4987424e-02
   1.4773971e-02
   1.3966366e-02
   1.4019850e-02
   1.5238859e-02
   1.4217641e-02
   1.4082746e-02
   1.4372371e-02
   1.4528595e-02
   1.4021207e-02
   1.4801717e-02
   1.4184720e-02
   1.5200239e-02
   1.4621071e-02
   1.5307382e-02
   1.4924002e-02
   1.4442861e-02
   1.5047074e-02
   1.3962551e-02
   1.4588151e-02
   1.4214598e-02
   1.4531616e-02
   1.4288609e-02
   1.4778135e-02
   1.4211616e-02
   1.5302452e-02
   1.5205079e-02
   1.4316718e-02
   1.5146300e-02
   1.5111701e-02
   1.4145029e-02
   1.4351468e-02
   1.4633397e-02
   1.4014816e-02
   1.4862351e-02
   1.3917724e-02
   1.5043753e-02
   1.4438529e-02
   1.5242673e-02
   1.4599093e-02
   1.4206813e-02
   1.4778477e-02
   1.4579890e-02
   1.4442213e-02
   1.4002886e-02
   1.4813197e-02
   1.4585624e-02
   1.5314449e-02
   1.4156351e-02
   1.4159012e-02
   1.4061441e-02
   1.4997953e-02
   1.4273692e-02
   1.4759632e-02
   1.4253374e-02
   1.5281849e-02
   1.4375681e-02
   1.4134074e-02
   1.4284604e-02
   1.5199979e-02
   1.4019452e-02
   1.4503295e-02
   1.4821271e-02
   1.3991895e-02
   1.5174056e-02
   1.4021296e-02
   1.4435748e-02
   1.3957862e-02
   1.4574507e-02
   1.4149835e-02
   1.4004004e-02
   1.4965127e-02
   1.3944510e-02
   1.5076618e-02
   1.5347959e-02
   1.4797065e-02
   1.4840640e-02
   1.4166293e-02
   1.5106436e-02
   1.4033915e-02
   1.4255017e-02
   1.5362657e-02
   1.3927903e-02
   1.4452290e-02
   1.5278364e-02
   1.4475612e-02
   1.4377129e-02
   1.4275985e-02
   1.5155576e-02
   1.4398264e-02
   1.4176240e-02
   1.5402137e-02
   1.4209808e-02
   1.5359628e-02
   1.4510014e-02
   1.4578513e-02
   1.4529932e-02
   1.4630375e-02
   1.4291299e-02
   1.4719932e-02
   1.4545715e-02
   1.4406877e-02
   1.3926787e-02
   1.4680120e-02
   1.4041544e-02
   1.3959118e-02
   1.4232472e-02
   1.5263503e-02
   1.3988997e-02
   1.4589142e-02
   1.4216596e-02
   1.4638258e-02
   1.4176852e-02
   1.4203781e-02
   1.4898278e-02
   1.4665109e-02
   1.4998544e-02
   1.4660032e-02
   1.3959180e-02
   1.5396226e-02
   1.4108860e-02
   1.4636630e-02
   1.4651853e-02
   1.4271351e-02
   1.4290033e-02
   1.5145851e-02
   1.4905753e-02
