   1.4174194e-02
   1.4157463e-02
   1.4316919e-02
   1.4098857e-02
   1.5115964e-02
   1.3504377e-02
   1.4947689e-02
   1.3952084e-02
   1.3531004e-02
   1.4092915e-02
   1.4346557e-02
   1.5940917e-02
   1.4068666e-02
   1.4832516e-02
   1.3880253e-02
   1.4028413e-02
   1.5348064e-02
   1.4727339e-02
   1.4618958e-02
   1.4901442e-02
   1.4130103e-02
   1.5129924e-02
   1.2946823e-02
   1.3215611e-02
   1.3985863e-02
   1.3313255e-02
   1.5388507e-02
   1.3995248e-02
   1.5599480e-02
   1.5430841e-02
   1.4090238e-02
   1.4288973e-02
   1.5874425e-02
   1.5425954e-02
   1.4319967e-02
   1.3268494e-02
   1.2911333e-02
   1.5451502e-02
   1.2963850e-02
   1.3877822e-02
   1.3361745e-02
   1.2936935e-02
   1.3097064e-02
   1.3308923e-02
   1.5311917e-02
   1.3057909e-02
   1.5893836e-02
   1.3145352e-02
   1.3846364e-02
   1.3749587e-02
   1.4841249e-02
   1.2899886e-02
   1.2897539e-02
   1.4006105e-02
   1.3098871e-02
   1.3766945e-02
   1.4988246e-02
   1.4194921e-02
   1.2925904e-02
   1.4549246e-02
   1.4993314e-02
   1.3955066e-02
   1.5256398e-02
   1.4100900e-02
   1.5157181e-02
   1.5389016e-02
   1.4474283e-02
   1.5964673e-02
   1.3426973e-02
   1.2905419e-02
   1.4735597e-02
   1.4696999e-02
   1.4288726e-02
   1.5950565e-02
   1.4098254e-02
   1.5357563e-02
   1.3700953e-02
   1.5551699e-02
   1.4245791e-02
   1.4033336e-02
   1.3568000e-02
   1.3944084e-02
   1.3846462e-02
   1.3989782e-02
   1.2963844e-02
   1.3673800e-02
   1.4254864e-02
   1.2949817e-02
   1.4915182e-02
   1.3079275e-02
   1.3226127e-02
   1.4857722e-02
   1.5262950e-02
   1.4264259e-02
   1.3108786e-02
   1.4066463e-02
   1.5532617e-02
   1.4245332e-02
   1.3063171e-02
   1.4052740e-02
   1.4132846e-02
   1.5311826e-02
   1.2906404e-02
   1.4734262e-02
   1.3736290e-02
   1.4688735e-02
   1.3904063e-02
   1.4174127e-02
   1.5451461e-02
   1.4168493e-02
   1.5879339e-02
   1.5383387e-02
   1.4567626e-02
   1.3241896e-02
   1.4092783e-02
   1.4239470e-02
   1.2992704e-02
   1.3696342e-02
   1.4342345e-02
   1.3591046e-02
   1.5292046e-02
   1.3790105e-02
   1.3071448e-02
   1.4206112e-02
   1.3137349e-02
   1.3966370e-02
   1.3461265e-02
   1.4592944e-02
   1.4679814e-02
   1.3109124e-02
   1.4348647e-02
   1.3429617e-02
   1.3124186e-02
   1.3241609e-02
   1.3364649e-02
   1.5673695e-02
   1.3225902e-02
   1.3063159e-02
   1.2928486e-02
   1.3507318e-02
   1.4033361e-02
   1.3966213e-02
   1.4474994e-02
   1.3706700e-02
   1.3093699e-02
   1.5757647e-02
   1.3197586e-02
   1.3638477e-02
   1.3081824e-02
   1.3410000e-02
   1.5551515e-02
   1.5577934e-02
   1.5960797e-02
   1.4715085e-02
   1.3156327e-02
   1.3574626e-02
   1.3249865e-02
   1.3027573e-02
   1.3308065e-02
   1.4743107e-02
   1.4073963e-02
   1.5717807e-02
   1.4488461e-02
   1.3679394e-02
   1.3746967e-02
   1.4574890e-02
   1.3117543e-02
   1.5155400e-02
   1.3994440e-02
   1.3815561e-02
   1.4742557e-02
   1.3590566e-02
   1.3127121e-02
   1.4731241e-02
   1.4326297e-02
   1.3515836e-02
   1.4557589e-02
   1.4596526e-02
   1.3387005e-02
   1.4288719e-02
   1.4140850e-02
   1.4397836e-02
   1.3534002e-02
   1.3574442e-02
   1.3602806e-02
   1.2931565e-02
   1.4857904e-02
   1.4054972e-02
   1.5165200e-02
   1.3534168e-02
   1.3294437e-02
   1.3083800e-02
   1.4973550e-02
   1.3076104e-02
   1.3635707e-02
   1.5615503e-02
   1.4631503e-02
   1.4604669e-02
   1.5967096e-02
   1.4458491e-02
   1.5261479e-02
   1.3179139e-02
   1.5742211e-02
   1.4893911e-02
   1.3558956e-02
   1.4127681e-02
   1.5419858e-02
   1.4879589e-02
   1.5286746e-02
   1.4149482e-02
   1.2974230e-02
   1.5578049e-02
   1.4268146e-02
   1.3513054e-02
   1.3270832e-02
   1.5044762e-02
   1.4755333e-02
   1.4124866e-02
   1.5923793e-02
   1.3484985e-02
   1.4339271e-02
   1.4517015e-02
   1.3109274e-02
   1.4613264e-02
   1.4992664e-02
   1.3276019e-02
   1.4888691e-02
   1.3851758e-02
   1.3262642e-02
   1.4441968e-02
   1.4019820e-02
   1.3069044e-02
   1.2964061e-02
   1.4157438e-02
   1.4030657e-02
   1.5006228e-02
   1.3060640e-02
   1.4418274e-02
   1.4998888e-02
   1.4298477e-02
   1.5577668e-02
   1.4122070e-02
   1.3590594e-02
   1.4722308e-02
   1.3332272e-02
   1.5374840e-02
   1.4910541e-02
   1.3226413e-02
   1.3050933e-02
   1.2930731e-02
   1.4401101e-02
   1.3897704e-02
   1.3854482e-02
   1.3911675e-02
   1.3619847e-02
   1.4227253e-02
   1.4022289e-02
   1.3096551e-02
   1.4707845e-02
   1.4604147e-02
   1.3989253e-02
   1.4008572e-02
   1.3215625e-02
   1.5933140e-02
   1.4111322e-02
   1.2931119e-02
   1.4150120e-02
   1.4548856e-02
   1.4699163e-02
   1.4788138e-02
   1.5662870e-02
   1.3989186e-02
   1.4323194e-02
   1.3083914e-02
   1.4502603e-02
   1.4191495e-02
   1.4457705e-02
   1.3745319e-02
   1.2925717e-02
   1.4394154e-02
   1.4783436e-02
   1.3215636e-02
   1.4205681e-02
   1.4270503e-02
   1.3158457e-02
   1.3440896e-02
   1.2944841e-02
   1.5758724e-02
   1.3153353e-02
   1.4820086e-02
   1.3063099e-02
   1.5466778e-02
   1.5744224e-02
   1.3500978e-02
   1.5514403e-02
   1.4914695e-02
   1.3989059e-02
   1.3189944e-02
   1.3070679e-02
   1.3070881e-02
