   1.8273995e-01
   1.7662906e-01
   1.7743490e-01
   1.8041350e-01
   1.8107594e-01
   1.7923986e-01
   1.7817165e-01
   1.7590259e-01
   1.8211451e-01
   1.7848422e-01
   1.7733788e-01
   1.7946006e-01
   1.7818251e-01
   1.7905083e-01
   1.7781827e-01
   1.7326046e-01
   1.7871440e-01
   1.7253829e-01
   1.7495647e-01
   1.8087469e-01
   1.7580555e-01
   1.8219465e-01
   1.7348471e-01
   1.7795357e-01
   1.7727282e-01
   1.8112496e-01
   1.7334181e-01
   1.7581071e-01
   1.7893515e-01
   1.7837805e-01
   1.8174432e-01
   1.7979524e-01
   1.8090016e-01
   1.7990090e-01
   1.7314057e-01
   1.7663590e-01
   1.7828189e-01
   1.8196703e-01
   1.8202939e-01
   1.7648746e-01
   1.8194089e-01
   1.8259981e-01
   1.7815996e-01
   1.7620403e-01
   1.7875980e-01
   1.8035593e-01
   1.7840270e-01
   1.8208037e-01
   1.7700758e-01
   1.7979989e-01
   1.7974822e-01
   1.7661988e-01
   1.7862566e-01
   1.7664758e-01
   1.7699559e-01
   1.7982100e-01
   1.7698825e-01
   1.7804125e-01
   1.7965001e-01
   1.7257866e-01
   1.7652648e-01
   1.7889498e-01
   1.7290410e-01
   1.8055663e-01
   1.7743738e-01
   1.7337506e-01
   1.7286559e-01
   1.7974583e-01
   1.7626035e-01
   1.7921790e-01
   1.7670040e-01
   1.7898222e-01
   1.7924457e-01
   1.7310076e-01
   1.7281438e-01
   1.7362556e-01
   1.7763100e-01
   1.7580861e-01
   1.7544474e-01
   1.7534447e-01
   1.8093948e-01
   1.7842875e-01
   1.8132075e-01
   1.7662494e-01
   1.7823777e-01
   1.8169647e-01
   1.7635088e-01
   1.7687137e-01
   1.8030222e-01
   1.7806930e-01
   1.7902644e-01
   1.7530447e-01
   1.7611289e-01
   1.7792023e-01
   1.7413981e-01
   1.7514494e-01
   1.7981806e-01
   1.8276631e-01
   1.7662172e-01
   1.8142840e-01
   1.7264025e-01
   1.7393260e-01
   1.7315476e-01
   1.8099585e-01
   1.7872068e-01
   1.7824949e-01
   1.7676567e-01
   1.7848941e-01
   1.7613334e-01
   1.7731166e-01
   1.7625880e-01
   1.7783193e-01
   1.7367006e-01
   1.7785602e-01
   1.7795859e-01
   1.8136383e-01
   1.7698008e-01
   1.7901083e-01
   1.7573228e-01
   1.8097916e-01
   1.7895835e-01
   1.7240162e-01
   1.7757685e-01
   1.7957097e-01
   1.7932363e-01
   1.7801098e-01
   1.7608412e-01
   1.7755630e-01
   1.7818832e-01
   1.7931926e-01
   1.7685781e-01
   1.8234822e-01
   1.8276469e-01
   1.7752026e-01
   1.7601163e-01
   1.8302449e-01
   1.7752733e-01
   1.8019227e-01
   1.7767115e-01
   1.7743951e-01
   1.7571560e-01
   1.7681997e-01
   1.7889753e-01
   1.8084014e-01
   1.7248596e-01
   1.7848590e-01
   1.8326272e-01
   1.7778373e-01
   1.7634512e-01
   1.7617348e-01
   1.7670799e-01
   1.7907652e-01
   1.7779106e-01
   1.7672162e-01
   1.7589834e-01
   1.7788412e-01
   1.8179676e-01
   1.7654676e-01
   1.8115095e-01
   1.7877704e-01
   1.7941505e-01
   1.8125941e-01
   1.7886770e-01
   1.7889615e-01
   1.7723434e-01
   1.7609250e-01
   1.8143028e-01
   1.7376458e-01
   1.7832524e-01
   1.8145856e-01
   1.7880473e-01
   1.7927386e-01
   1.7872882e-01
   1.7507327e-01
   1.7852110e-01
   1.7916653e-01
   1.7803191e-01
   1.7934426e-01
   1.7678286e-01
   1.7677554e-01
   1.7695750e-01
   1.7908014e-01
   1.7650027e-01
   1.7803055e-01
   1.8011064e-01
   1.7772006e-01
   1.7684327e-01
   1.7920015e-01
   1.7579547e-01
   1.7763018e-01
   1.7326566e-01
   1.7308301e-01
   1.7605364e-01
   1.7998266e-01
   1.7877920e-01
   1.7842535e-01
   1.7925095e-01
   1.7685137e-01
   1.7894733e-01
   1.7886968e-01
   1.7607969e-01
   1.7627293e-01
   1.8187205e-01
   1.7889086e-01
   1.7477453e-01
   1.7864418e-01
   1.7814515e-01
   1.8003642e-01
   1.8007437e-01
   1.7770003e-01
   1.7316342e-01
   1.8122989e-01
   1.7824010e-01
   1.7963232e-01
   1.7869500e-01
   1.7256844e-01
   1.7791900e-01
   1.8089582e-01
   1.7560468e-01
   1.7881752e-01
   1.8018202e-01
   1.7610452e-01
   1.7541493e-01
   1.7893717e-01
   1.7584002e-01
   1.7684462e-01
   1.8219480e-01
   1.8007872e-01
   1.7609817e-01
   1.7960384e-01
   1.7640206e-01
   1.7691023e-01
   1.7619010e-01
   1.7947205e-01
   1.7933957e-01
   1.7463586e-01
   1.7879785e-01
   1.8163316e-01
   1.7657497e-01
   1.7951274e-01
   1.7745131e-01
   1.7714452e-01
   1.7762473e-01
   1.7831617e-01
   1.8147683e-01
   1.7665099e-01
   1.7741181e-01
   1.7871978e-01
   1.7932654e-01
   1.7687506e-01
   1.7574741e-01
   1.8204761e-01
   1.8067465e-01
   1.8013120e-01
   1.8210323e-01
   1.7997540e-01
   1.7868870e-01
   1.7601804e-01
   1.7776856e-01
   1.7639324e-01
   1.7290444e-01
   1.7877270e-01
   1.7699223e-01
   1.7699448e-01
   1.7880430e-01
   1.7762353e-01
   1.7637601e-01
   1.7915674e-01
   1.8234200e-01
   1.7350438e-01
   1.7901079e-01
   1.7918346e-01
   1.8081834e-01
   1.7544301e-01
   1.7998746e-01
   1.7592731e-01
   1.8324653e-01
   1.7677551e-01
   1.7835143e-01
   1.7865038e-01
   1.7755496e-01
   1.7784674e-01
   1.7257456e-01
   1.7967905e-01
   1.8210169e-01
   1.7581813e-01
   1.8246804e-01
   1.7760738e-01
   1.8018970e-01
   1.8138860e-01
   1.7914029e-01
   1.7627772e-01
   1.8034971e-01
   1.7949790e-01
   1.7579608e-01
   1.7724672e-01
   1.7649129e-01
   1.7243053e-01
   1.8045432e-01
   1.7688023e-01
