   4.6668277e-02
   4.6802038e-02
   4.6642566e-02
   4.6291176e-02
   4.8176192e-02
   5.2539818e-02
   4.6604509e-02
   4.7106034e-02
   4.6640316e-02
   4.6693396e-02
   4.8919831e-02
   4.6294463e-02
   4.6525635e-02
   4.7606027e-02
   4.6146364e-02
   4.6754128e-02
   4.6523041e-02
   5.2413181e-02
   4.6644607e-02
   4.8119926e-02
   4.6121119e-02
   4.7179393e-02
   4.8832703e-02
   4.7636123e-02
   5.1934655e-02
   4.7726173e-02
   4.8317564e-02
   4.8025704e-02
   4.6452166e-02
   5.1747950e-02
   4.8689609e-02
   4.6245713e-02
   5.2199925e-02
   4.7794498e-02
   4.7194250e-02
   4.9421133e-02
   4.9668240e-02
   5.0570297e-02
   4.6459144e-02
   4.6758588e-02
   4.6947133e-02
   5.2254873e-02
   5.3715637e-02
   4.6515934e-02
   5.1988096e-02
   4.8982297e-02
   4.6908079e-02
   4.7942158e-02
   4.6419587e-02
   4.8190036e-02
   4.8588595e-02
   4.6616485e-02
   5.0325240e-02
   5.0484746e-02
   4.6819465e-02
   4.6746724e-02
   4.7507341e-02
   5.2908444e-02
   4.8936199e-02
   4.6449392e-02
   5.1957217e-02
   4.9819022e-02
   4.6067009e-02
   5.3044646e-02
   4.6526170e-02
   4.9709570e-02
   4.6881653e-02
   4.6882441e-02
   4.7040450e-02
   4.6682697e-02
   4.6286250e-02
   4.8849154e-02
   4.7852791e-02
   5.1142663e-02
   4.6738338e-02
   4.6569810e-02
   4.8649343e-02
   4.6797783e-02
   4.9163858e-02
   4.6230795e-02
   4.6612132e-02
   4.7342992e-02
   4.6354473e-02
   4.6548194e-02
   5.0091837e-02
   5.2950473e-02
   5.0779256e-02
   5.0451225e-02
   4.6727657e-02
   4.6594822e-02
   4.9221779e-02
   5.0055923e-02
   4.6793039e-02
   4.6653652e-02
   4.6721127e-02
   4.7633344e-02
   4.7903826e-02
   4.8716315e-02
   4.7627389e-02
   4.6495007e-02
   5.2730704e-02
   4.6790134e-02
   4.7774740e-02
   4.7803789e-02
   4.8744725e-02
   5.0652209e-02
   5.0544919e-02
   4.6585235e-02
   4.6391025e-02
   4.9723713e-02
   4.8613506e-02
   4.8716180e-02
   4.7632338e-02
   4.7979901e-02
   4.6965965e-02
   5.2117123e-02
   4.6897446e-02
   4.6984371e-02
   4.6241879e-02
   4.8536847e-02
   4.8723409e-02
   4.6411616e-02
   4.8683683e-02
   4.7013929e-02
   4.6688436e-02
   4.7630437e-02
   4.6875605e-02
   4.7165211e-02
   4.6896283e-02
   4.6727630e-02
   4.8677110e-02
   4.6627605e-02
   4.8197669e-02
   4.6515973e-02
   4.6436639e-02
   4.6764556e-02
   4.7168065e-02
   4.6704173e-02
   4.9684551e-02
   4.6577047e-02
   4.8766314e-02
   5.0089353e-02
   4.7009082e-02
   4.6803467e-02
   4.8768923e-02
   4.6380982e-02
   4.6374833e-02
   4.9073439e-02
   4.9251418e-02
   4.6525404e-02
   5.1272935e-02
   4.6557207e-02
   4.6599116e-02
   4.8312698e-02
   4.6572082e-02
   4.6632705e-02
   4.9793145e-02
   5.0678305e-02
   4.9165964e-02
   4.6286860e-02
   5.1146850e-02
   4.6729460e-02
   4.7193480e-02
   4.6670817e-02
   4.9205259e-02
   4.6306699e-02
   4.8535922e-02
   4.6522118e-02
   4.6459243e-02
   4.6945154e-02
   4.6745048e-02
   4.6726031e-02
   4.6763494e-02
   4.6088181e-02
   4.6575125e-02
   4.6416550e-02
   4.6521823e-02
   4.7357270e-02
   4.7014401e-02
   4.6964071e-02
   4.6520497e-02
   4.9720103e-02
   4.6544625e-02
   4.7209482e-02
   5.2057654e-02
   4.8048014e-02
   5.0805164e-02
   4.6598655e-02
   5.3209438e-02
   4.6782466e-02
   4.9607880e-02
   4.8473033e-02
   4.6808859e-02
   4.8563195e-02
   4.6438507e-02
   4.6749215e-02
   5.1091899e-02
   4.7427213e-02
   4.6640798e-02
   4.7245578e-02
   5.0237438e-02
   4.7577703e-02
   4.7676322e-02
   4.6852421e-02
   4.6443965e-02
   4.6665164e-02
   4.6936703e-02
   4.6576405e-02
   4.6792682e-02
   4.8733716e-02
   5.0919007e-02
   4.6402201e-02
   4.6739710e-02
   4.9209584e-02
   5.2394210e-02
   4.6965208e-02
   4.6710471e-02
   5.0320761e-02
   4.7513559e-02
   4.6819632e-02
   5.2235959e-02
   4.7778791e-02
   4.9104322e-02
   4.9154679e-02
   4.6901981e-02
   4.9774938e-02
   4.6560925e-02
   4.9809727e-02
   4.8308572e-02
   4.6688972e-02
   4.8684325e-02
   5.0271724e-02
   4.7796513e-02
   4.9822064e-02
   5.1182325e-02
   4.8674995e-02
   4.7080301e-02
   4.6161284e-02
   4.7056978e-02
   5.1152057e-02
   4.6422623e-02
   4.6306623e-02
   4.6986096e-02
   4.9414009e-02
   5.0175493e-02
   4.6696564e-02
   5.2640755e-02
   4.6647458e-02
   4.6729613e-02
   5.2777457e-02
   4.7879317e-02
   4.8306732e-02
   4.6662609e-02
   4.7007268e-02
   4.6616430e-02
   4.7554312e-02
   5.1148235e-02
   4.7474157e-02
   4.6884123e-02
   4.6828954e-02
   4.6790532e-02
   4.9890106e-02
   4.6988156e-02
   4.6571932e-02
   4.7004955e-02
   4.6278786e-02
   4.6226393e-02
   4.6567548e-02
   4.6360643e-02
   4.7577435e-02
   4.6909966e-02
   4.6575715e-02
   4.7622476e-02
   4.8058074e-02
   4.7971354e-02
   4.7145183e-02
   4.6715488e-02
   4.6544261e-02
   4.7090954e-02
   4.6263974e-02
   4.9938301e-02
   5.0742856e-02
   5.1580483e-02
   5.0075051e-02
   4.6925362e-02
   4.7755482e-02
   4.7571672e-02
   4.7069515e-02
   4.6476957e-02
   4.6263309e-02
   5.0341429e-02
   4.6798870e-02
   4.6443450e-02
   4.7931452e-02
   4.6983543e-02
   5.2382510e-02
   4.8463174e-02
   4.7650379e-02
   4.7058381e-02
   4.6573740e-02
