   2.0259240e-02
   1.9696995e-02
   2.0246499e-02
   2.1374788e-02
   1.9961857e-02
   2.0185439e-02
   1.9808562e-02
   1.9718005e-02
   2.1013251e-02
   2.0256401e-02
   1.9824136e-02
   2.0603674e-02
   2.0820601e-02
   1.9828141e-02
   1.9766618e-02
   2.0256755e-02
   1.9734682e-02
   2.1681271e-02
   2.0116071e-02
   2.1333832e-02
   2.0261317e-02
   2.0258613e-02
   1.9755509e-02
   2.0109681e-02
   1.9912567e-02
   2.1018097e-02
   1.9972282e-02
   2.0264989e-02
   1.9711913e-02
   2.1526328e-02
   2.0263827e-02
   2.0186764e-02
   2.0190251e-02
   1.9698988e-02
   1.9724677e-02
   2.0210774e-02
   1.9691928e-02
   1.9888169e-02
   2.1626164e-02
   2.0262807e-02
   1.9720509e-02
   1.9693468e-02
   2.0141658e-02
   2.0256316e-02
   1.9711781e-02
   1.9721983e-02
   2.0066078e-02
   2.0257977e-02
   2.0245231e-02
   2.0206650e-02
   2.0224873e-02
   2.0030220e-02
   2.0208672e-02
   1.9700742e-02
   2.0103703e-02
   1.9872999e-02
   1.9704463e-02
   2.0124655e-02
   1.9903410e-02
   1.9846109e-02
   2.0257664e-02
   1.9832145e-02
   1.9890004e-02
   1.9720021e-02
   1.9881744e-02
   1.9883531e-02
   1.9982609e-02
   2.1565362e-02
   2.0264153e-02
   2.1936118e-02
   2.0250546e-02
   1.9934996e-02
   2.0240175e-02
   2.1281321e-02
   1.9720045e-02
   2.0224038e-02
   1.9925999e-02
   1.9808422e-02
   2.0265391e-02
   1.9738195e-02
   1.9866970e-02
   1.9942093e-02
   2.0199244e-02
   2.2062452e-02
   2.0232551e-02
   1.9939857e-02
   2.0264237e-02
   2.1069482e-02
   2.0257211e-02
   2.0261174e-02
   1.9714385e-02
   2.0857566e-02
   2.0224859e-02
   2.0263786e-02
   1.9692775e-02
   2.0873332e-02
   1.9692773e-02
   1.9860725e-02
   2.0055582e-02
   2.0017431e-02
   2.2006337e-02
   1.9759515e-02
   1.9921140e-02
   2.0263583e-02
   1.9718376e-02
   2.0198056e-02
   2.0943168e-02
   2.0832193e-02
   2.0260660e-02
   2.0218059e-02
   2.1262259e-02
   2.0048695e-02
   1.9773613e-02
   2.0981608e-02
   2.0258317e-02
   2.2087845e-02
   1.9970613e-02
   1.9958277e-02
   1.9891197e-02
   2.0231332e-02
   1.9821294e-02
   2.0265268e-02
   2.0204218e-02
   2.0262441e-02
   2.0121714e-02
   1.9995185e-02
   2.0259718e-02
   2.0569073e-02
   2.0066356e-02
   1.9836676e-02
   1.9708823e-02
   1.9882046e-02
   1.9858997e-02
   2.0237033e-02
   1.9706363e-02
   1.9774731e-02
   2.0025919e-02
   1.9974589e-02
   2.0248707e-02
   2.0207630e-02
   2.0188940e-02
   2.0063016e-02
   1.9859858e-02
   2.0262961e-02
   2.0043330e-02
   1.9692609e-02
   2.0186646e-02
   2.0072599e-02
   1.9793196e-02
   2.0256774e-02
   2.1614763e-02
   1.9876318e-02
   2.0031178e-02
   1.9943085e-02
   2.0867021e-02
   2.0012020e-02
   2.0261392e-02
   2.1212699e-02
   1.9818865e-02
   1.9826619e-02
   2.0240174e-02
   1.9807894e-02
   1.9872859e-02
   1.9775330e-02
   1.9849573e-02
   1.9713699e-02
   1.9740206e-02
   2.0247399e-02
   2.0128683e-02
   1.9946528e-02
   1.9908409e-02
   2.1830467e-02
   1.9937507e-02
   1.9749868e-02
   1.9911296e-02
   2.0144159e-02
   2.1615945e-02
   1.9893499e-02
   1.9911739e-02
   1.9694749e-02
   2.0258040e-02
   1.9779258e-02
   2.0258696e-02
   2.1642925e-02
   2.0075167e-02
   1.9857399e-02
   2.0257635e-02
   1.9692027e-02
   1.9696135e-02
   1.9775680e-02
   2.0257762e-02
   1.9796674e-02
   1.9730944e-02
   1.9812156e-02
   1.9745690e-02
   2.0845123e-02
   2.0635703e-02
   1.9926325e-02
   1.9715347e-02
   2.0265354e-02
   2.1032857e-02
   1.9946543e-02
   1.9698548e-02
   2.1734776e-02
   1.9691925e-02
   1.9888292e-02
   1.9998305e-02
   2.0121546e-02
   1.9747222e-02
   1.9915490e-02
   2.0260849e-02
   1.9895012e-02
   2.0257892e-02
   2.0081718e-02
   2.0129586e-02
   2.0008440e-02
   2.0091170e-02
   2.1470652e-02
   2.1303070e-02
   2.0017504e-02
   2.0242529e-02
   1.9825881e-02
   1.9769806e-02
   1.9897440e-02
   1.9728077e-02
   2.0259431e-02
   2.0264456e-02
   2.0246964e-02
   2.0237327e-02
   2.0043668e-02
   1.9692877e-02
   1.9976493e-02
   1.9790699e-02
   1.9709785e-02
   1.9724155e-02
   2.0257689e-02
   1.9972460e-02
   2.0245529e-02
   1.9824918e-02
   1.9889846e-02
   2.0135068e-02
   1.9966308e-02
   1.9866043e-02
   2.1289531e-02
   2.0118013e-02
   2.0100931e-02
   2.0257843e-02
   2.0169417e-02
   2.0257874e-02
   2.0055508e-02
   2.0264240e-02
   2.0089186e-02
   2.0264231e-02
   1.9717718e-02
   2.0135991e-02
   2.1953842e-02
   2.0262778e-02
   1.9938673e-02
   2.0262487e-02
   2.0263274e-02
   1.9761567e-02
   1.9748985e-02
   1.9916560e-02
   1.9834959e-02
   1.9755399e-02
   1.9696168e-02
   1.9935769e-02
   1.9961436e-02
   2.1189023e-02
   1.9692002e-02
   1.9889528e-02
   1.9981772e-02
   1.9708776e-02
   2.0097216e-02
   2.0237017e-02
   1.9757090e-02
   2.0264594e-02
   2.0208691e-02
   2.0234783e-02
   2.0012178e-02
   2.0091252e-02
   2.1881935e-02
   2.1205570e-02
   1.9924949e-02
   2.0234782e-02
   1.9834910e-02
   1.9745706e-02
   2.0043430e-02
   1.9770794e-02
   1.9900538e-02
   1.9994486e-02
   1.9736638e-02
   1.9845122e-02
   2.0211825e-02
   1.9812662e-02
   1.9894641e-02
   1.9824136e-02
   1.9764407e-02
   2.0100850e-02
   1.9781704e-02
