   1.1853064e-02
   1.2024967e-02
   1.2282432e-02
   1.1805359e-02
   1.1392678e-02
   1.2162682e-02
   1.1835103e-02
   1.2113635e-02
   1.2225589e-02
   1.1698305e-02
   1.2179491e-02
   1.1358736e-02
   1.2194091e-02
   1.1959769e-02
   1.1998412e-02
   1.1992745e-02
   1.1882319e-02
   1.1757501e-02
   1.2152582e-02
   1.1796992e-02
   1.2282339e-02
   1.2121467e-02
   1.2231296e-02
   1.1973354e-02
   1.2034265e-02
   1.2184445e-02
   1.1670589e-02
   1.2194028e-02
   1.2193320e-02
   1.2173672e-02
   1.2217055e-02
   1.2042081e-02
   1.1813706e-02
   1.2155005e-02
   1.2140143e-02
   1.1278285e-02
   1.2210075e-02
   1.2035737e-02
   1.2124844e-02
   1.1460536e-02
   1.2131810e-02
   1.2177643e-02
   1.2300715e-02
   1.2234325e-02
   1.1911359e-02
   1.1987826e-02
   1.1871094e-02
   1.2275321e-02
   1.2267300e-02
   1.2157849e-02
   1.2275660e-02
   1.1758167e-02
   1.2137568e-02
   1.2232000e-02
   1.1394744e-02
   1.2175560e-02
   1.2177291e-02
   1.2043683e-02
   1.2019305e-02
   1.1973529e-02
   1.1586119e-02
   1.1945220e-02
   1.1791208e-02
   1.2330279e-02
   1.1821220e-02
   1.1963586e-02
   1.1642584e-02
   1.2171744e-02
   1.2213675e-02
   1.2264678e-02
   1.1906567e-02
   1.2261807e-02
   1.1393162e-02
   1.2217334e-02
   1.2020866e-02
   1.1648441e-02
   1.1918740e-02
   1.2299392e-02
   1.1929637e-02
   1.2268200e-02
   1.1925902e-02
   1.1532101e-02
   1.1882120e-02
   1.1940065e-02
   1.2220625e-02
   1.1881347e-02
   1.1650499e-02
   1.1377907e-02
   1.1958766e-02
   1.2004877e-02
   1.1973654e-02
   1.1779270e-02
   1.1714852e-02
   1.2214304e-02
   1.1657518e-02
   1.2247513e-02
   1.2245677e-02
   1.2296443e-02
   1.2247064e-02
   1.2289677e-02
   1.2023233e-02
   1.1993184e-02
   1.1646278e-02
   1.2065653e-02
   1.1950828e-02
   1.2171586e-02
   1.2067289e-02
   1.1735318e-02
   1.2270761e-02
   1.2230718e-02
   1.2266223e-02
   1.1953388e-02
   1.2016138e-02
   1.1660934e-02
   1.1971490e-02
   1.2237547e-02
   1.2056284e-02
   1.2126785e-02
   1.1421024e-02
   1.2273685e-02
   1.1727373e-02
   1.2220772e-02
   1.2247156e-02
   1.2177219e-02
   1.2260242e-02
   1.2113822e-02
   1.2202908e-02
   1.2216216e-02
   1.1949797e-02
   1.1829692e-02
   1.1718733e-02
   1.2169936e-02
   1.2169433e-02
   1.2126494e-02
   1.2062256e-02
   1.1728157e-02
   1.1790254e-02
   1.2185391e-02
   1.2208684e-02
   1.2192231e-02
   1.2162971e-02
   1.2269617e-02
   1.1647738e-02
   1.2268085e-02
   1.1735913e-02
   1.1997129e-02
   1.2320916e-02
   1.1896554e-02
   1.2187529e-02
   1.1550646e-02
   1.2166979e-02
   1.1871127e-02
   1.2212341e-02
   1.2262250e-02
   1.1761805e-02
   1.1972717e-02
   1.1964683e-02
   1.2277537e-02
   1.2243900e-02
   1.2233799e-02
   1.1523884e-02
   1.1859701e-02
   1.2144826e-02
   1.1697150e-02
   1.1968872e-02
   1.1476878e-02
   1.1802623e-02
   1.1527901e-02
   1.1215321e-02
   1.2303514e-02
   1.2174265e-02
   1.2010172e-02
   1.2209752e-02
   1.1753632e-02
   1.2301767e-02
   1.2101102e-02
   1.2021146e-02
   1.2299235e-02
   1.1971753e-02
   1.1868498e-02
   1.1540671e-02
   1.2070373e-02
   1.1382089e-02
   1.2038220e-02
   1.1922897e-02
   1.1399168e-02
   1.2309616e-02
   1.2172583e-02
   1.2194676e-02
   1.1239583e-02
   1.2255615e-02
   1.2109267e-02
   1.1601794e-02
   1.2103083e-02
   1.2245592e-02
   1.1697309e-02
   1.1871947e-02
   1.2169980e-02
   1.2310263e-02
   1.2059375e-02
   1.2167891e-02
   1.1372375e-02
   1.1684352e-02
   1.2230629e-02
   1.1635769e-02
   1.1862320e-02
   1.1250839e-02
   1.2297065e-02
   1.2153785e-02
   1.1511617e-02
   1.2388715e-02
   1.1972740e-02
   1.2069636e-02
   1.2296799e-02
   1.1291047e-02
   1.2200839e-02
   1.2135428e-02
   1.1881468e-02
   1.2385209e-02
   1.2192630e-02
   1.1849980e-02
   1.2032184e-02
   1.2045884e-02
   1.1282312e-02
   1.1727875e-02
   1.1467847e-02
   1.1679387e-02
   1.1410859e-02
   1.1957721e-02
   1.2182522e-02
   1.2214000e-02
   1.1990247e-02
   1.1228121e-02
   1.2053110e-02
   1.2292008e-02
   1.1829172e-02
   1.1632950e-02
   1.2152171e-02
   1.1398215e-02
   1.2175169e-02
   1.2318094e-02
   1.2279554e-02
   1.2204554e-02
   1.2104263e-02
   1.2075644e-02
   1.1931569e-02
   1.2159399e-02
   1.2155702e-02
   1.1695368e-02
   1.2249745e-02
   1.1918278e-02
   1.1965180e-02
   1.2155510e-02
   1.2380437e-02
   1.2033586e-02
   1.2166759e-02
   1.1840015e-02
   1.1579311e-02
   1.1816589e-02
   1.2229878e-02
   1.2201287e-02
   1.1719567e-02
   1.1892921e-02
   1.1840922e-02
   1.2175076e-02
   1.1986568e-02
   1.1675831e-02
   1.2166819e-02
   1.1605234e-02
   1.2330892e-02
   1.1510933e-02
   1.1617989e-02
   1.2229905e-02
   1.2023165e-02
   1.1797151e-02
   1.2161028e-02
   1.2323759e-02
   1.1872567e-02
   1.2164933e-02
   1.1980138e-02
   1.2205211e-02
   1.2102047e-02
   1.1803462e-02
   1.2147564e-02
   1.2175660e-02
   1.2030018e-02
   1.1664984e-02
   1.2254049e-02
   1.2176707e-02
   1.1975364e-02
   1.1718756e-02
   1.2227128e-02
   1.2016147e-02
   1.1918827e-02
   1.2242582e-02
   1.1442708e-02
   1.2147344e-02
   1.1982101e-02
   1.1950696e-02
   1.1474225e-02
