   1.5777637e-01
   1.4865946e-01
   1.5932080e-01
   1.6077645e-01
   1.5429203e-01
   1.5905399e-01
   1.5418448e-01
   1.5084958e-01
   1.6659641e-01
   1.5147555e-01
   1.4908373e-01
   1.5801476e-01
   1.5940859e-01
   1.5039800e-01
   1.6695064e-01
   1.6689987e-01
   1.4921345e-01
   1.4924733e-01
   1.5533700e-01
   1.5421959e-01
   1.6683281e-01
   1.5435603e-01
   1.5146917e-01
   1.5960836e-01
   1.5471329e-01
   1.5515307e-01
   1.7051505e-01
   1.5885405e-01
   1.5858724e-01
   1.5626528e-01
   1.6757041e-01
   1.4788082e-01
   1.4926267e-01
   1.5696573e-01
   1.6601354e-01
   1.6447522e-01
   1.6202038e-01
   1.6842534e-01
   1.5757649e-01
   1.5753045e-01
   1.4719909e-01
   1.5125135e-01
   1.6767736e-01
   1.6055094e-01
   1.5743040e-01
   1.5634509e-01
   1.6024917e-01
   1.5533303e-01
   1.6586215e-01
   1.5804095e-01
   1.5474487e-01
   1.5494321e-01
   1.5680120e-01
   1.4922531e-01
   1.5459134e-01
   1.6749139e-01
   1.5768132e-01
   1.5654450e-01
   1.6346333e-01
   1.5128361e-01
   1.5524176e-01
   1.6043232e-01
   1.5912138e-01
   1.5769834e-01
   1.5446690e-01
   1.5561580e-01
   1.5973193e-01
   1.5476858e-01
   1.5440750e-01
   1.5176789e-01
   1.5501488e-01
   1.5886531e-01
   1.5759008e-01
   1.5484755e-01
   1.6370284e-01
   1.5782701e-01
   1.5723059e-01
   1.5759007e-01
   1.5445542e-01
   1.5643157e-01
   1.4908163e-01
   1.5870677e-01
   1.5877968e-01
   1.6440607e-01
   1.6936985e-01
   1.4910640e-01
   1.6376981e-01
   1.5859125e-01
   1.5419767e-01
   1.4867478e-01
   1.5824110e-01
   1.5532188e-01
   1.5475755e-01
   1.6680283e-01
   1.5679769e-01
   1.5881061e-01
   1.6263142e-01
   1.5669177e-01
   1.6200125e-01
   1.6058106e-01
   1.5397793e-01
   1.5422676e-01
   1.5522863e-01
   1.5548559e-01
   1.5558978e-01
   1.5510471e-01
   1.6411312e-01
   1.5686548e-01
   1.5501626e-01
   1.5514770e-01
   1.6201669e-01
   1.4890290e-01
   1.5420365e-01
   1.6597248e-01
   1.6681721e-01
   1.5465536e-01
   1.5451397e-01
   1.5419498e-01
   1.6715957e-01
   1.5327987e-01
   1.5160250e-01
   1.5925888e-01
   1.5619304e-01
   1.5840911e-01
   1.5145043e-01
   1.5297810e-01
   1.5951121e-01
   1.5536834e-01
   1.6017778e-01
   1.6306062e-01
   1.6210376e-01
   1.5978985e-01
   1.5356080e-01
   1.5414863e-01
   1.5811749e-01
   1.5463656e-01
   1.6077244e-01
   1.5039025e-01
   1.5400397e-01
   1.5331768e-01
   1.5907842e-01
   1.6403394e-01
   1.5415828e-01
   1.4965383e-01
   1.6296836e-01
   1.4870820e-01
   1.5449930e-01
   1.5400997e-01
   1.5915414e-01
   1.5511904e-01
   1.5817450e-01
   1.6503937e-01
   1.5479258e-01
   1.5457890e-01
   1.6131755e-01
   1.5649690e-01
   1.5123421e-01
   1.5988737e-01
   1.6156793e-01
   1.6224722e-01
   1.5572198e-01
   1.6037457e-01
   1.7005489e-01
   1.5864509e-01
   1.5682925e-01
   1.5931295e-01
   1.6191919e-01
   1.5720762e-01
   1.5774027e-01
   1.5393405e-01
   1.5472157e-01
   1.7628804e-01
   1.7240656e-01
   1.5605940e-01
   1.5850400e-01
   1.6179849e-01
   1.5433634e-01
   1.5835930e-01
   1.4998974e-01
   1.5959555e-01
   1.6683090e-01
   1.7204011e-01
   1.5376650e-01
   1.6653676e-01
   1.7316111e-01
   1.5701863e-01
   1.5453590e-01
   1.5653015e-01
   1.5861369e-01
   1.6100974e-01
   1.6968285e-01
   1.7269311e-01
   1.6930042e-01
   1.4730576e-01
   1.5128115e-01
   1.5597395e-01
   1.5508751e-01
   1.5935828e-01
   1.6188768e-01
   1.5858448e-01
   1.5773225e-01
   1.6599297e-01
   1.4887599e-01
   1.5830323e-01
   1.5544367e-01
   1.5932891e-01
   1.4857438e-01
   1.6358382e-01
   1.5928758e-01
   1.6494268e-01
   1.7136759e-01
   1.5413911e-01
   1.5798018e-01
   1.5877641e-01
   1.5470950e-01
   1.4846121e-01
   1.5559810e-01
   1.5536529e-01
   1.5553170e-01
   1.5952447e-01
   1.6873521e-01
   1.6000258e-01
   1.5461913e-01
   1.5422424e-01
   1.5591826e-01
   1.5572613e-01
   1.5751043e-01
   1.5539356e-01
   1.5426586e-01
   1.5060347e-01
   1.5861413e-01
   1.5909274e-01
   1.6801133e-01
   1.5599271e-01
   1.6365254e-01
   1.5429642e-01
   1.5686214e-01
   1.5268682e-01
   1.4829580e-01
   1.6572428e-01
   1.5427207e-01
   1.5946817e-01
   1.6796391e-01
   1.5905215e-01
   1.6191259e-01
   1.5500271e-01
   1.5945631e-01
   1.6329656e-01
   1.5462906e-01
   1.6210650e-01
   1.5643968e-01
   1.5389122e-01
   1.5902114e-01
   1.6523386e-01
   1.5802758e-01
   1.7445138e-01
   1.5733368e-01
   1.6028357e-01
   1.6049149e-01
   1.5774002e-01
   1.4964574e-01
   1.6110917e-01
   1.6266825e-01
   1.5366079e-01
   1.5747383e-01
   1.5457733e-01
   1.7246501e-01
   1.6015808e-01
   1.5912904e-01
   1.5495422e-01
   1.6714310e-01
   1.5711805e-01
   1.5912688e-01
   1.6145231e-01
   1.5712067e-01
   1.5420781e-01
   1.5262940e-01
   1.5446867e-01
   1.6138423e-01
   1.5400097e-01
   1.5925049e-01
   1.6444702e-01
   1.5487074e-01
   1.7523009e-01
   1.5813573e-01
   1.4828657e-01
   1.4929000e-01
   1.5575314e-01
   1.5060200e-01
   1.7277355e-01
   1.6141174e-01
   1.6384961e-01
   1.5151592e-01
   1.7627955e-01
   1.6865538e-01
   1.5993323e-01
   1.6075515e-01
   1.4875188e-01
   1.5649232e-01
   1.6222381e-01
