   1.7809226e-02
   1.7780854e-02
   1.7763370e-02
   1.7815936e-02
   1.7754587e-02
   1.7689847e-02
   1.7766227e-02
   1.7810083e-02
   1.7758675e-02
   1.7827841e-02
   1.7727282e-02
   1.7764609e-02
   1.7803108e-02
   1.7697592e-02
   1.7764578e-02
   1.7684754e-02
   1.7819028e-02
   1.7764376e-02
   1.7686751e-02
   1.7703098e-02
   1.7846952e-02
   1.7619315e-02
   1.7687098e-02
   1.7764687e-02
   1.7607288e-02
   1.7691460e-02
   1.7819037e-02
   1.7765130e-02
   1.7617038e-02
   1.7701856e-02
   1.7764150e-02
   1.7715274e-02
   1.7825757e-02
   1.7832786e-02
   1.7754301e-02
   1.7764593e-02
   1.7726465e-02
   1.7732590e-02
   1.7695891e-02
   1.7614160e-02
   1.7825814e-02
   1.7765106e-02
   1.7687969e-02
   1.7760234e-02
   1.7764577e-02
   1.7763550e-02
   1.7770201e-02
   1.7687626e-02
   1.7843555e-02
   1.7746268e-02
   1.7770197e-02
   1.7853646e-02
   1.7634172e-02
   1.7610418e-02
   1.7802220e-02
   1.7719367e-02
   1.7617033e-02
   1.7759511e-02
   1.7784578e-02
   1.7763128e-02
   1.7704737e-02
   1.7853759e-02
   1.7776946e-02
   1.7660631e-02
   1.7826753e-02
   1.7817169e-02
   1.7625673e-02
   1.7832333e-02
   1.7759750e-02
   1.7686648e-02
   1.7776360e-02
   1.7790973e-02
   1.7821529e-02
   1.7723169e-02
   1.7686598e-02
   1.7764178e-02
   1.7760293e-02
   1.7737961e-02
   1.7764683e-02
   1.7639180e-02
   1.7851422e-02
   1.7844963e-02
   1.7667116e-02
   1.7768902e-02
   1.7686013e-02
   1.7656826e-02
   1.7690407e-02
   1.7686527e-02
   1.7834801e-02
   1.7736940e-02
   1.7750815e-02
   1.7758576e-02
   1.7686765e-02
   1.7605780e-02
   1.7817514e-02
   1.7782437e-02
   1.7771208e-02
   1.7632023e-02
   1.7764628e-02
   1.7687071e-02
   1.7687458e-02
   1.7697687e-02
   1.7755486e-02
   1.7649287e-02
   1.7686826e-02
   1.7744358e-02
   1.7714636e-02
   1.7648550e-02
   1.7852795e-02
   1.7755858e-02
   1.7685316e-02
   1.7763870e-02
   1.7764310e-02
   1.7628440e-02
   1.7764645e-02
   1.7721020e-02
   1.7802215e-02
   1.7687135e-02
   1.7747583e-02
   1.7802518e-02
   1.7764184e-02
   1.7759305e-02
   1.7803154e-02
   1.7689990e-02
   1.7764713e-02
   1.7687700e-02
   1.7833238e-02
   1.7763128e-02
   1.7755061e-02
   1.7759814e-02
   1.7763543e-02
   1.7763854e-02
   1.7697616e-02
   1.7654488e-02
   1.7764926e-02
   1.7744804e-02
   1.7828380e-02
   1.7685870e-02
   1.7829199e-02
   1.7802197e-02
   1.7695410e-02
   1.7680879e-02
   1.7853432e-02
   1.7777386e-02
   1.7842492e-02
   1.7674262e-02
   1.7687248e-02
   1.7702179e-02
   1.7687292e-02
   1.7764168e-02
   1.7721783e-02
   1.7730443e-02
   1.7762151e-02
   1.7790612e-02
   1.7763642e-02
   1.7751317e-02
   1.7733243e-02
   1.7852888e-02
   1.7763976e-02
   1.7853632e-02
   1.7815885e-02
   1.7798799e-02
   1.7746080e-02
   1.7761665e-02
   1.7752530e-02
   1.7774240e-02
   1.7809080e-02
   1.7758230e-02
   1.7686539e-02
   1.7686923e-02
   1.7633255e-02
   1.7841761e-02
   1.7768961e-02
   1.7782488e-02
   1.7782049e-02
   1.7756971e-02
   1.7729459e-02
   1.7825011e-02
   1.7686905e-02
   1.7784886e-02
   1.7686460e-02
   1.7783599e-02
   1.7738142e-02
   1.7723256e-02
   1.7764156e-02
   1.7799375e-02
   1.7852820e-02
   1.7692325e-02
   1.7687422e-02
   1.7692705e-02
   1.7693477e-02
   1.7723222e-02
   1.7686505e-02
   1.7851646e-02
   1.7763465e-02
   1.7762599e-02
   1.7749988e-02
   1.7720247e-02
   1.7784119e-02
   1.7782502e-02
   1.7763497e-02
   1.7754043e-02
   1.7792751e-02
   1.7645061e-02
   1.7685746e-02
   1.7789675e-02
   1.7774620e-02
   1.7689809e-02
   1.7851769e-02
   1.7732613e-02
   1.7658144e-02
   1.7744993e-02
   1.7792374e-02
   1.7822103e-02
   1.7796604e-02
   1.7779273e-02
   1.7847340e-02
   1.7853576e-02
   1.7792985e-02
   1.7763603e-02
   1.7707689e-02
   1.7764579e-02
   1.7787293e-02
   1.7764478e-02
   1.7819173e-02
   1.7688184e-02
   1.7839516e-02
   1.7724712e-02
   1.7845597e-02
   1.7832233e-02
   1.7784544e-02
   1.7764506e-02
   1.7778642e-02
   1.7718617e-02
   1.7820092e-02
   1.7685951e-02
   1.7749224e-02
   1.7775509e-02
   1.7830496e-02
   1.7758241e-02
   1.7777861e-02
   1.7722694e-02
   1.7717244e-02
   1.7671213e-02
   1.7825388e-02
   1.7703740e-02
   1.7830915e-02
   1.7730054e-02
   1.7615052e-02
   1.7748314e-02
   1.7726797e-02
   1.7788726e-02
   1.7832782e-02
   1.7734700e-02
   1.7694528e-02
   1.7749158e-02
   1.7825353e-02
   1.7756920e-02
   1.7756246e-02
   1.7752241e-02
   1.7756685e-02
   1.7687198e-02
   1.7853531e-02
   1.7711316e-02
   1.7634064e-02
   1.7777893e-02
   1.7677352e-02
   1.7709122e-02
   1.7796486e-02
   1.7675602e-02
   1.7658660e-02
   1.7777009e-02
   1.7766539e-02
   1.7748453e-02
   1.7687128e-02
   1.7764919e-02
   1.7762175e-02
   1.7817086e-02
   1.7790538e-02
   1.7757654e-02
   1.7785951e-02
   1.7687296e-02
   1.7846254e-02
   1.7767251e-02
   1.7690507e-02
   1.7643974e-02
   1.7853491e-02
   1.7727181e-02
   1.7635720e-02
   1.7677544e-02
   1.7802454e-02
   1.7686825e-02
   1.7789111e-02
   1.7819288e-02
   1.7834804e-02
   1.7737114e-02
   1.7748732e-02
   1.7644135e-02
   1.7763274e-02
   1.7811439e-02
