   2.0420442e-02
   2.1020460e-02
   2.0547498e-02
   1.8755808e-02
   2.1070502e-02
   1.9906655e-02
   2.0456265e-02
   2.0780827e-02
   1.9780254e-02
   1.9885167e-02
   1.8596722e-02
   2.0581721e-02
   2.0443805e-02
   1.9407095e-02
   2.0791149e-02
   1.8950896e-02
   2.0329273e-02
   2.0806143e-02
   2.0518706e-02
   2.0516749e-02
   1.9904738e-02
   1.9820292e-02
   1.9199513e-02
   1.7734736e-02
   1.8656947e-02
   2.0308267e-02
   2.0548352e-02
   1.9300908e-02
   1.8999735e-02
   2.0393970e-02
   2.0450323e-02
   1.9408941e-02
   2.0538412e-02
   1.9536691e-02
   2.0179399e-02
   1.9808342e-02
   2.0392099e-02
   1.9733719e-02
   1.9440286e-02
   2.0562986e-02
   1.9488579e-02
   2.0367583e-02
   2.1028313e-02
   1.7992600e-02
   1.9642439e-02
   1.8424917e-02
   2.0455331e-02
   2.1048350e-02
   2.0573322e-02
   2.0311898e-02
   2.0919691e-02
   1.8427456e-02
   2.0181929e-02
   2.0918192e-02
   2.0511649e-02
   1.9810403e-02
   1.9353414e-02
   1.9263096e-02
   1.8740539e-02
   1.8908019e-02
   1.8736715e-02
   2.1109840e-02
   1.9746918e-02
   1.8555111e-02
   2.0732192e-02
   2.0101717e-02
   1.9716558e-02
   1.9946312e-02
   1.9985241e-02
   2.0375964e-02
   2.0011394e-02
   1.9489030e-02
   1.8727408e-02
   1.7849815e-02
   2.0249646e-02
   1.9775748e-02
   1.8966985e-02
   1.9651957e-02
   1.9112384e-02
   1.9883807e-02
   2.0482029e-02
   1.9468772e-02
   1.8787194e-02
   1.9957953e-02
   1.9500028e-02
   1.9842268e-02
   2.0307227e-02
   1.9380635e-02
   2.0028066e-02
   1.9941490e-02
   2.0187931e-02
   1.9611402e-02
   2.1157756e-02
   1.9603173e-02
   2.0570939e-02
   1.8387107e-02
   1.9437009e-02
   1.8822597e-02
   2.0761726e-02
   1.9312621e-02
   2.0186730e-02
   2.0183437e-02
   1.9661887e-02
   1.8971551e-02
   1.9159822e-02
   1.8296501e-02
   2.0965903e-02
   1.9553795e-02
   1.9213545e-02
   2.0465275e-02
   1.9283927e-02
   2.0981722e-02
   1.9779781e-02
   2.1250128e-02
   1.9553958e-02
   1.8910268e-02
   1.9606882e-02
   1.8613682e-02
   2.1043907e-02
   2.0192798e-02
   2.0100226e-02
   2.0037751e-02
   1.9582102e-02
   2.0740368e-02
   1.9617815e-02
   2.0422018e-02
   2.0305641e-02
   2.0580999e-02
   2.0787570e-02
   2.0075861e-02
   2.0797580e-02
   2.1001075e-02
   2.0026128e-02
   1.8343570e-02
   2.0182467e-02
   2.0748885e-02
   1.8807855e-02
   2.0977344e-02
   1.9968396e-02
   1.8406875e-02
   2.0580707e-02
   2.0655914e-02
   1.9991953e-02
   2.0046115e-02
   1.9826750e-02
   1.9268434e-02
   2.0129725e-02
   2.1247029e-02
   1.8607804e-02
   2.0787526e-02
   2.0440202e-02
   2.0003753e-02
   1.9946183e-02
   1.9279319e-02
   1.8527427e-02
   2.0699403e-02
   1.8819347e-02
   2.1346765e-02
   2.0168086e-02
   2.1067676e-02
   1.9974963e-02
   2.0680245e-02
   1.8393239e-02
   2.0911240e-02
   1.9606712e-02
   1.9061524e-02
   2.0357078e-02
   2.0726645e-02
   1.8880106e-02
   1.9924768e-02
   1.8891940e-02
   1.7550470e-02
   2.0178908e-02
   1.7279035e-02
   1.9749141e-02
   1.9403248e-02
   2.0612524e-02
   2.0446350e-02
   1.7576669e-02
   2.0637350e-02
   1.9036817e-02
   2.0833931e-02
   1.9431148e-02
   1.9844911e-02
   1.9460760e-02
   1.9259310e-02
   2.0530474e-02
   2.0192627e-02
   1.9738906e-02
   2.0634641e-02
   1.8239951e-02
   1.9481136e-02
   2.0041483e-02
   1.9623511e-02
   2.0667540e-02
   2.0601750e-02
   1.9198972e-02
   1.9760157e-02
   1.9934309e-02
   1.9244181e-02
   1.9765826e-02
   2.0816808e-02
   2.0421468e-02
   2.0776983e-02
   1.8257426e-02
   2.0787230e-02
   1.9229900e-02
   1.9181991e-02
   1.9745234e-02
   2.0478787e-02
   1.9522566e-02
   1.9906165e-02
   2.0210747e-02
   2.0342668e-02
   1.9027839e-02
   2.0210329e-02
   2.1288553e-02
   2.0526508e-02
   1.8472425e-02
   2.0155952e-02
   2.0536578e-02
   1.9784588e-02
   1.7657707e-02
   1.7969542e-02
   1.8100028e-02
   2.0703599e-02
   1.8312924e-02
   1.8181420e-02
   2.1281813e-02
   2.0382114e-02
   1.9036560e-02
   2.0831193e-02
   2.0771097e-02
   1.9554437e-02
   1.9511354e-02
   2.0460158e-02
   2.0538583e-02
   1.9223857e-02
   2.0830419e-02
   2.0810479e-02
   1.9392588e-02
   1.9596073e-02
   1.9366745e-02
   2.0657720e-02
   1.9499244e-02
   2.0974030e-02
   2.0060690e-02
   2.0387409e-02
   2.0567438e-02
   1.8769287e-02
   1.7822206e-02
   1.9474698e-02
   1.9537551e-02
   2.0793132e-02
   1.9815353e-02
   2.0601493e-02
   1.9654183e-02
   1.9864173e-02
   2.0859888e-02
   2.0288063e-02
   1.9653776e-02
   1.8951485e-02
   1.8689978e-02
   2.0312843e-02
   2.0128311e-02
   1.9118610e-02
   2.0876001e-02
   1.9913615e-02
   1.9708945e-02
   2.0961008e-02
   2.0631698e-02
   1.9581707e-02
   1.8627570e-02
   2.0944200e-02
   2.0698117e-02
   1.9549820e-02
   1.9823092e-02
   1.8749555e-02
   1.9131763e-02
   2.0802111e-02
   1.9845928e-02
   2.0294363e-02
   1.9998132e-02
   1.9663382e-02
   2.0313180e-02
   2.0889583e-02
   2.0835596e-02
   2.0899819e-02
   1.9674555e-02
   2.0626938e-02
   1.8314088e-02
   1.9129993e-02
   2.0841121e-02
   2.0167993e-02
   1.7402873e-02
   1.8983521e-02
   2.0241251e-02
   1.9554356e-02
   2.0370879e-02
   2.0714108e-02
