   2.0375034e-02
   2.0223095e-02
   1.9640627e-02
   2.0172417e-02
   1.9628039e-02
   2.0143072e-02
   1.9986540e-02
   1.9856305e-02
   1.9888412e-02
   1.9823489e-02
   1.9293295e-02
   1.9745511e-02
   1.9581039e-02
   2.0236775e-02
   1.9343936e-02
   1.9969897e-02
   1.9671641e-02
   1.9736440e-02
   2.0072339e-02
   2.0397487e-02
   2.0433876e-02
   1.9948065e-02
   1.9950479e-02
   1.9746524e-02
   2.0002620e-02
   1.9773325e-02
   1.9733902e-02
   2.0231897e-02
   1.9324487e-02
   1.9677134e-02
   1.9654616e-02
   1.9255635e-02
   1.9304973e-02
   1.9845282e-02
   1.9631501e-02
   2.0331678e-02
   2.0291971e-02
   1.9745500e-02
   1.9723233e-02
   1.9971849e-02
   1.9255101e-02
   2.0079948e-02
   2.0257134e-02
   1.9884984e-02
   2.0063440e-02
   2.0097418e-02
   2.0144038e-02
   1.9996006e-02
   1.9587381e-02
   1.9743969e-02
   1.9545018e-02
   2.0119279e-02
   1.9980252e-02
   2.0180460e-02
   1.9740901e-02
   1.9456680e-02
   1.9755279e-02
   1.9571908e-02
   1.9894719e-02
   1.9360915e-02
   1.9556777e-02
   1.9741792e-02
   1.9642835e-02
   1.9767489e-02
   1.9751382e-02
   2.0314902e-02
   2.0118481e-02
   1.9749048e-02
   2.0427755e-02
   1.9569025e-02
   2.0363254e-02
   1.9768293e-02
   1.9818785e-02
   1.9226154e-02
   1.9706602e-02
   1.9322488e-02
   1.9753443e-02
   1.9858139e-02
   1.9910109e-02
   1.9533025e-02
   1.9749659e-02
   1.9898678e-02
   1.9555835e-02
   2.0405928e-02
   1.9293355e-02
   1.9929302e-02
   1.9514854e-02
   1.9529427e-02
   2.0221696e-02
   1.9730221e-02
   1.9259825e-02
   2.0414096e-02
   2.0114698e-02
   2.0298622e-02
   1.9775280e-02
   1.9761296e-02
   2.0149414e-02
   1.9750631e-02
   2.0124731e-02
   1.9729557e-02
   1.9795772e-02
   1.9955060e-02
   2.0397016e-02
   1.9406265e-02
   1.9796476e-02
   1.9486280e-02
   2.0179623e-02
   1.9594815e-02
   1.9978214e-02
   2.0355988e-02
   1.9850165e-02
   2.0251038e-02
   1.9796462e-02
   1.9780138e-02
   2.0128161e-02
   2.0104020e-02
   1.9638811e-02
   2.0222893e-02
   1.9229149e-02
   1.9473634e-02
   2.0367280e-02
   1.9740656e-02
   1.9261260e-02
   1.9274811e-02
   1.9758390e-02
   1.9587049e-02
   2.0098794e-02
   2.0427553e-02
   1.9750555e-02
   1.9823535e-02
   1.9495367e-02
   1.9910106e-02
   1.9893021e-02
   1.9685967e-02
   1.9749518e-02
   1.9807266e-02
   2.0124733e-02
   2.0170950e-02
   2.0361278e-02
   1.9314918e-02
   2.0220901e-02
   1.9916557e-02
   1.9669593e-02
   1.9265679e-02
   1.9751100e-02
   1.9644092e-02
   1.9274300e-02
   1.9740897e-02
   2.0352631e-02
   1.9698031e-02
   2.0235472e-02
   1.9801017e-02
   1.9802212e-02
   1.9751375e-02
   1.9382503e-02
   1.9362322e-02
   1.9825185e-02
   1.9750439e-02
   1.9755235e-02
   1.9678867e-02
   1.9750541e-02
   2.0119661e-02
   2.0022118e-02
   1.9367922e-02
   1.9746652e-02
   1.9933953e-02
   2.0061167e-02
   2.0125824e-02
   2.0139020e-02
   1.9750261e-02
   2.0337682e-02
   1.9735707e-02
   1.9325202e-02
   1.9270314e-02
   1.9743528e-02
   1.9799519e-02
   1.9747518e-02
   1.9912382e-02
   1.9229847e-02
   1.9789150e-02
   2.0388579e-02
   2.0295577e-02
   2.0389717e-02
   1.9777805e-02
   1.9884862e-02
   1.9512194e-02
   1.9451368e-02
   1.9449457e-02
   1.9811783e-02
   1.9613307e-02
   1.9207661e-02
   2.0304700e-02
   1.9871622e-02
   1.9419980e-02
   1.9393826e-02
   1.9703847e-02
   1.9338124e-02
   1.9753876e-02
   1.9942535e-02
   2.0239690e-02
   1.9749729e-02
   1.9746531e-02
   1.9761350e-02
   1.9728620e-02
   2.0073502e-02
   1.9908047e-02
   2.0345624e-02
   1.9672918e-02
   1.9384675e-02
   1.9747654e-02
   1.9833499e-02
   1.9650277e-02
   2.0020795e-02
   1.9382979e-02
   1.9740169e-02
   1.9757862e-02
   1.9860383e-02
   1.9751446e-02
   1.9815456e-02
   2.0163269e-02
   1.9843584e-02
   1.9805261e-02
   1.9777214e-02
   1.9469293e-02
   2.0418977e-02
   1.9750931e-02
   1.9812545e-02
   1.9416433e-02
   1.9454253e-02
   1.9731927e-02
   1.9734519e-02
   1.9954023e-02
   1.9733534e-02
   1.9812795e-02
   1.9377805e-02
   2.0172327e-02
   1.9551512e-02
   1.9728479e-02
   1.9756414e-02
   1.9750094e-02
   2.0214281e-02
   1.9945995e-02
   1.9255786e-02
   2.0010705e-02
   1.9748720e-02
   1.9714676e-02
   2.0131476e-02
   1.9467723e-02
   1.9745197e-02
   1.9629847e-02
   1.9863489e-02
   1.9961626e-02
   1.9971264e-02
   1.9732928e-02
   1.9636469e-02
   2.0259697e-02
   1.9982469e-02
   2.0251922e-02
   2.0008746e-02
   2.0421834e-02
   1.9312637e-02
   2.0044193e-02
   1.9975934e-02
   2.0232757e-02
   2.0109594e-02
   2.0044971e-02
   1.9742304e-02
   1.9380390e-02
   2.0072629e-02
   1.9209770e-02
   2.0149761e-02
   1.9677825e-02
   1.9405641e-02
   1.9751374e-02
   1.9629467e-02
   1.9275305e-02
   1.9848119e-02
   1.9600301e-02
   1.9749083e-02
   2.0280524e-02
   1.9609221e-02
   2.0116690e-02
   1.9760401e-02
   2.0223011e-02
   1.9387362e-02
   1.9390223e-02
   1.9750445e-02
   1.9749809e-02
   2.0009062e-02
   2.0076369e-02
   2.0039136e-02
   2.0224419e-02
   2.0008957e-02
   1.9742547e-02
   2.0232100e-02
   1.9751059e-02
   1.9748356e-02
   1.9665326e-02
   1.9916615e-02
   1.9750985e-02
