   1.5480058e-02
   1.4125739e-02
   1.4336690e-02
   1.4318024e-02
   1.3257545e-02
   1.4285544e-02
   1.4193009e-02
   1.4707317e-02
   1.4383560e-02
   1.3363266e-02
   1.4514281e-02
   1.4391763e-02
   1.3632337e-02
   1.4435281e-02
   1.4409145e-02
   1.3455140e-02
   1.5105799e-02
   1.4696581e-02
   1.4338018e-02
   1.4674206e-02
   1.5199910e-02
   1.3282451e-02
   1.4735451e-02
   1.4261037e-02
   1.4335808e-02
   1.3292080e-02
   1.4668229e-02
   1.4741231e-02
   1.4916561e-02
   1.4296624e-02
   1.3906610e-02
   1.3645940e-02
   1.4202264e-02
   1.4506288e-02
   1.3602324e-02
   1.3932194e-02
   1.4374419e-02
   1.5289675e-02
   1.3426035e-02
   1.5017137e-02
   1.4069272e-02
   1.4270455e-02
   1.4075113e-02
   1.4241338e-02
   1.5503642e-02
   1.3799729e-02
   1.4740348e-02
   1.5469639e-02
   1.5419513e-02
   1.4146968e-02
   1.5538137e-02
   1.3709445e-02
   1.4953990e-02
   1.3456123e-02
   1.5513190e-02
   1.4037724e-02
   1.4851109e-02
   1.3309148e-02
   1.4588853e-02
   1.4789419e-02
   1.3461660e-02
   1.3771545e-02
   1.4310623e-02
   1.3800031e-02
   1.4926584e-02
   1.4707356e-02
   1.3255337e-02
   1.4786695e-02
   1.5232872e-02
   1.5447562e-02
   1.4998622e-02
   1.5357695e-02
   1.4975428e-02
   1.5219924e-02
   1.4318802e-02
   1.5401420e-02
   1.4506549e-02
   1.5543048e-02
   1.3443247e-02
   1.5260972e-02
   1.4199955e-02
   1.5327600e-02
   1.5113908e-02
   1.5226220e-02
   1.4766114e-02
   1.4297352e-02
   1.4904063e-02
   1.5551280e-02
   1.4708663e-02
   1.3919538e-02
   1.5217375e-02
   1.4611648e-02
   1.4821740e-02
   1.4094074e-02
   1.4057835e-02
   1.3448628e-02
   1.5089225e-02
   1.3970684e-02
   1.4113645e-02
   1.5266992e-02
   1.5331336e-02
   1.3436268e-02
   1.5454955e-02
   1.5354817e-02
   1.4597472e-02
   1.3452567e-02
   1.4012676e-02
   1.4035016e-02
   1.4199736e-02
   1.5258339e-02
   1.4014572e-02
   1.4376658e-02
   1.4930779e-02
   1.3466075e-02
   1.3582276e-02
   1.5328108e-02
   1.4331511e-02
   1.4318024e-02
   1.4561636e-02
   1.3967109e-02
   1.5178306e-02
   1.4796144e-02
   1.3880856e-02
   1.3710818e-02
   1.3646181e-02
   1.5019571e-02
   1.4942473e-02
   1.5172566e-02
   1.5576519e-02
   1.3864733e-02
   1.4508868e-02
   1.3380523e-02
   1.3419803e-02
   1.5367757e-02
   1.4333536e-02
   1.3872682e-02
   1.4308333e-02
   1.4547473e-02
   1.4857505e-02
   1.3402046e-02
   1.5451035e-02
   1.4991166e-02
   1.3667580e-02
   1.5140005e-02
   1.4263246e-02
   1.3612103e-02
   1.4347319e-02
   1.5351982e-02
   1.5493387e-02
   1.3564227e-02
   1.3982598e-02
   1.4173957e-02
   1.5574661e-02
   1.3369695e-02
   1.3974741e-02
   1.4787031e-02
   1.5105413e-02
   1.5238693e-02
   1.3700889e-02
   1.4299723e-02
   1.3608977e-02
   1.5500761e-02
   1.4080933e-02
   1.5048980e-02
   1.4455468e-02
   1.5057928e-02
   1.4984612e-02
   1.4550788e-02
   1.3452967e-02
   1.4427027e-02
   1.4429588e-02
   1.4963554e-02
   1.5464402e-02
   1.3468463e-02
   1.3724330e-02
   1.4002077e-02
   1.5224002e-02
   1.4416710e-02
   1.4802837e-02
   1.3306542e-02
   1.3577830e-02
   1.4645284e-02
   1.3809360e-02
   1.3462160e-02
   1.4597301e-02
   1.4262159e-02
   1.3938741e-02
   1.3870871e-02
   1.3816054e-02
   1.3537322e-02
   1.5401126e-02
   1.4607872e-02
   1.3540680e-02
   1.3991176e-02
   1.4136881e-02
   1.5526380e-02
   1.3629329e-02
   1.5365953e-02
   1.5463396e-02
   1.5019510e-02
   1.3855742e-02
   1.4352188e-02
   1.3812337e-02
   1.3523627e-02
   1.5249460e-02
   1.3771877e-02
   1.5070167e-02
   1.5525361e-02
   1.4265533e-02
   1.4087558e-02
   1.5129186e-02
   1.3417439e-02
   1.5243371e-02
   1.3786465e-02
   1.5039655e-02
   1.4511652e-02
   1.5328153e-02
   1.5541046e-02
   1.4742710e-02
   1.4202544e-02
   1.5218760e-02
   1.3292012e-02
   1.4609091e-02
   1.4470068e-02
   1.4639066e-02
   1.3660455e-02
   1.4621052e-02
   1.3548765e-02
   1.4816499e-02
   1.4082015e-02
   1.4600831e-02
   1.5161481e-02
   1.3986632e-02
   1.5557759e-02
   1.4694492e-02
   1.4036375e-02
   1.5180579e-02
   1.4642326e-02
   1.4395743e-02
   1.3625782e-02
   1.4331318e-02
   1.3489136e-02
   1.3746034e-02
   1.5083064e-02
   1.4944987e-02
   1.4195364e-02
   1.4130610e-02
   1.5028856e-02
   1.4407671e-02
   1.3998146e-02
   1.3293026e-02
   1.4323244e-02
   1.3514161e-02
   1.4693919e-02
   1.4547783e-02
   1.4094520e-02
   1.3831884e-02
   1.4172530e-02
   1.3684085e-02
   1.5292692e-02
   1.4674187e-02
   1.4331685e-02
   1.5260692e-02
   1.4118736e-02
   1.3468535e-02
   1.5194272e-02
   1.4024232e-02
   1.4227793e-02
   1.4219471e-02
   1.4327060e-02
   1.3784993e-02
   1.4118733e-02
   1.3635677e-02
   1.4715600e-02
   1.4180990e-02
   1.3444978e-02
   1.3379045e-02
   1.5006250e-02
   1.4565584e-02
   1.3295074e-02
   1.4176534e-02
   1.3489731e-02
   1.5289501e-02
   1.4612951e-02
   1.4236324e-02
   1.5361979e-02
   1.4240967e-02
   1.4408147e-02
   1.4786255e-02
   1.4939885e-02
   1.4211339e-02
   1.5134449e-02
   1.3852236e-02
   1.4037692e-02
   1.4008004e-02
   1.4524335e-02
   1.5188509e-02
   1.5374082e-02
   1.5517264e-02
   1.5048377e-02
