   2.0743574e-02
   2.1614653e-02
   2.3268686e-02
   2.1762919e-02
   2.0825048e-02
   2.3631212e-02
   2.1544080e-02
   2.3053285e-02
   2.1696615e-02
   2.0702423e-02
   2.2737413e-02
   2.2331451e-02
   2.0128875e-02
   2.2917134e-02
   2.1405207e-02
   2.1737155e-02
   2.2994510e-02
   2.1849840e-02
   2.0963470e-02
   1.9630932e-02
   2.1544757e-02
   2.1596615e-02
   2.2839171e-02
   2.1563270e-02
   2.2706709e-02
   2.1027044e-02
   2.0721193e-02
   2.1805548e-02
   2.1965167e-02
   2.1884582e-02
   2.0966447e-02
   2.2865692e-02
   1.9578737e-02
   2.2731861e-02
   2.0530813e-02
   2.0685946e-02
   2.2777214e-02
   1.9030807e-02
   2.3423404e-02
   2.2495245e-02
   2.0113542e-02
   2.2230312e-02
   2.0910770e-02
   2.0877655e-02
   2.3124999e-02
   2.1426815e-02
   2.1514178e-02
   2.1155669e-02
   2.1570718e-02
   2.1408464e-02
   2.3073720e-02
   2.2091584e-02
   2.0045049e-02
   2.3543629e-02
   2.4041905e-02
   2.0778033e-02
   2.4098930e-02
   2.2237196e-02
   2.2064714e-02
   2.2259050e-02
   2.1272503e-02
   2.0090867e-02
   2.4174018e-02
   2.1744743e-02
   2.0790461e-02
   2.2976149e-02
   2.2259563e-02
   2.1557999e-02
   2.0977730e-02
   2.2139077e-02
   2.1570794e-02
   2.1442458e-02
   2.0827193e-02
   2.2235823e-02
   2.0870997e-02
   1.9246323e-02
   1.9977652e-02
   2.2804653e-02
   2.0948279e-02
   2.1105462e-02
   2.2436477e-02
   2.1414696e-02
   2.3464808e-02
   2.2853218e-02
   2.3815767e-02
   2.1888534e-02
   2.1663995e-02
   2.0412491e-02
   2.2140944e-02
   2.4286360e-02
   2.2928326e-02
   2.1179164e-02
   2.2589250e-02
   2.1961820e-02
   2.1973652e-02
   2.2882505e-02
   2.1545190e-02
   2.1314862e-02
   2.1249425e-02
   2.0817357e-02
   2.1772149e-02
   2.0739821e-02
   2.0955023e-02
   2.0814298e-02
   2.3256115e-02
   2.1573954e-02
   2.0245529e-02
   2.1663334e-02
   2.1249740e-02
   2.1061513e-02
   2.0986761e-02
   1.9172244e-02
   2.3080547e-02
   2.0622856e-02
   2.1692654e-02
   2.0990846e-02
   2.0599767e-02
   2.1729643e-02
   2.2942035e-02
   2.1815822e-02
   2.1631409e-02
   2.1862426e-02
   2.0761651e-02
   2.0895022e-02
   2.0948307e-02
   2.0300762e-02
   2.2978502e-02
   1.9725990e-02
   2.1477122e-02
   2.1808864e-02
   2.1341125e-02
   2.0724653e-02
   2.0535774e-02
   2.1325041e-02
   2.0441169e-02
   2.2597559e-02
   2.1359991e-02
   2.1200901e-02
   2.0919034e-02
   2.1726366e-02
   2.1469519e-02
   2.1688428e-02
   2.2694245e-02
   2.1140679e-02
   2.0890705e-02
   2.3659542e-02
   2.0492644e-02
   2.1819847e-02
   2.0092103e-02
   2.0745228e-02
   2.1655608e-02
   2.2113714e-02
   2.0800162e-02
   2.1988261e-02
   2.4160158e-02
   2.1620797e-02
   2.3773864e-02
   2.0077960e-02
   2.3587251e-02
   2.1790039e-02
   2.1885525e-02
   2.1173897e-02
   2.1654177e-02
   2.0731802e-02
   1.9886980e-02
   2.4158627e-02
   2.1468643e-02
   2.0968196e-02
   2.2633151e-02
   2.2985986e-02
   2.0418737e-02
   2.4185135e-02
   2.2732297e-02
   2.0449654e-02
   2.3089731e-02
   2.1926874e-02
   2.2458729e-02
   2.3335092e-02
   1.9848535e-02
   2.3917690e-02
   2.0702282e-02
   2.2540838e-02
   2.1682051e-02
   2.1821269e-02
   2.3320280e-02
   2.1909030e-02
   2.0180187e-02
   2.0968411e-02
   2.1615507e-02
   2.2371269e-02
   2.2882924e-02
   2.1250167e-02
   2.1216792e-02
   2.1955026e-02
   2.2552449e-02
   2.0904086e-02
   2.3417560e-02
   2.1214267e-02
   2.1496937e-02
   2.4028815e-02
   2.1736684e-02
   2.3466396e-02
   2.3192059e-02
   2.2269365e-02
   2.0685819e-02
   2.2555687e-02
   2.1387191e-02
   2.1021438e-02
   2.0226780e-02
   2.0786712e-02
   2.1201808e-02
   2.0512724e-02
   2.1861824e-02
   2.0992094e-02
   2.0509657e-02
   2.0273933e-02
   2.1840698e-02
   2.1392332e-02
   2.1535167e-02
   2.0640381e-02
   2.0638607e-02
   1.9693351e-02
   2.1721543e-02
   2.1261496e-02
   2.1538649e-02
   2.3692793e-02
   2.0951983e-02
   2.1680786e-02
   1.9099823e-02
   2.1478560e-02
   2.3557437e-02
   2.3143987e-02
   2.2581774e-02
   2.0998617e-02
   2.1671089e-02
   2.2291566e-02
   2.0199613e-02
   2.0918170e-02
   2.0975285e-02
   2.1729460e-02
   2.1379550e-02
   2.3913977e-02
   2.4053311e-02
   2.3629072e-02
   2.0750515e-02
   2.1820212e-02
   2.0584858e-02
   2.3812661e-02
   2.2611006e-02
   2.1003731e-02
   2.1777889e-02
   2.3688459e-02
   2.3465848e-02
   2.1518670e-02
   2.0438381e-02
   2.3670100e-02
   2.1275251e-02
   2.1506076e-02
   2.1343369e-02
   2.2372443e-02
   2.3980923e-02
   2.0849277e-02
   2.1137701e-02
   2.2936721e-02
   2.0778034e-02
   2.1073330e-02
   2.0347864e-02
   2.3742745e-02
   2.3365990e-02
   2.1811350e-02
   2.0885896e-02
   2.3236562e-02
   2.1033436e-02
   2.4040790e-02
   2.2738975e-02
   2.0496658e-02
   2.1836500e-02
   2.1926836e-02
   2.0424113e-02
   2.2529882e-02
   2.3551492e-02
   2.0642173e-02
   2.1740804e-02
   2.2948411e-02
   2.2486923e-02
   2.3945383e-02
   2.2558043e-02
   2.2720361e-02
   2.3390276e-02
   2.1312179e-02
   2.1724812e-02
   2.1523392e-02
   2.2007166e-02
   2.2980979e-02
   2.1048908e-02
   2.1620615e-02
   2.1246527e-02
   2.1013466e-02
   2.2421807e-02
   1.9808577e-02
