   1.5517847e-01
   1.6281898e-01
   1.5000793e-01
   1.5925514e-01
   1.4045301e-01
   1.5234601e-01
   1.6322046e-01
   1.5257992e-01
   1.4029885e-01
   1.4910987e-01
   1.5248031e-01
   1.5212756e-01
   1.5231051e-01
   1.5582537e-01
   1.5496305e-01
   1.6304059e-01
   1.6482703e-01
   1.4222639e-01
   1.4763221e-01
   1.4934468e-01
   1.6560951e-01
   1.4556796e-01
   1.5163026e-01
   1.4497259e-01
   1.5337842e-01
   1.7050484e-01
   1.5203036e-01
   1.5059086e-01
   1.4409777e-01
   1.6055746e-01
   1.6793315e-01
   1.5465001e-01
   1.5161418e-01
   1.5164233e-01
   1.6389244e-01
   1.5107967e-01
   1.6431610e-01
   1.5222098e-01
   1.4755545e-01
   1.5163026e-01
   1.5133304e-01
   1.6136556e-01
   1.6285198e-01
   1.5151671e-01
   1.5234227e-01
   1.6609369e-01
   1.5023198e-01
   1.5876969e-01
   1.4537626e-01
   1.4816326e-01
   1.6602357e-01
   1.5057465e-01
   1.6927008e-01
   1.4774612e-01
   1.5570109e-01
   1.5511361e-01
   1.5754979e-01
   1.4693991e-01
   1.5096649e-01
   1.4386637e-01
   1.5541626e-01
   1.5141587e-01
   1.6225512e-01
   1.5352196e-01
   1.5311104e-01
   1.5210473e-01
   1.5921526e-01
   1.6433048e-01
   1.4415886e-01
   1.5490441e-01
   1.4849813e-01
   1.6392704e-01
   1.5697188e-01
   1.5821679e-01
   1.6447208e-01
   1.5683751e-01
   1.4416738e-01
   1.5017728e-01
   1.5048744e-01
   1.7012291e-01
   1.5297270e-01
   1.4985724e-01
   1.4849067e-01
   1.5377221e-01
   1.6001677e-01
   1.5417808e-01
   1.5728907e-01
   1.4571015e-01
   1.5882068e-01
   1.4481529e-01
   1.5270911e-01
   1.5616907e-01
   1.5816685e-01
   1.5430904e-01
   1.5766000e-01
   1.5110323e-01
   1.7033002e-01
   1.5398690e-01
   1.5624663e-01
   1.6554098e-01
   1.5731406e-01
   1.7006225e-01
   1.6127356e-01
   1.4008631e-01
   1.6158498e-01
   1.4577697e-01
   1.4599295e-01
   1.4120009e-01
   1.5845471e-01
   1.5965050e-01
   1.4925102e-01
   1.6152344e-01
   1.4757118e-01
   1.5489770e-01
   1.4541702e-01
   1.6252346e-01
   1.5163861e-01
   1.5721477e-01
   1.5050493e-01
   1.4884807e-01
   1.5577163e-01
   1.5678703e-01
   1.6849137e-01
   1.5056777e-01
   1.4660295e-01
   1.4309193e-01
   1.4601636e-01
   1.5972909e-01
   1.5559514e-01
   1.6311303e-01
   1.5326858e-01
   1.6135123e-01
   1.4868851e-01
   1.6050552e-01
   1.6116462e-01
   1.4884381e-01
   1.5280617e-01
   1.5690467e-01
   1.5582650e-01
   1.6280325e-01
   1.4571209e-01
   1.6504440e-01
   1.4278880e-01
   1.6093132e-01
   1.5036108e-01
   1.4483459e-01
   1.5941382e-01
   1.5731287e-01
   1.5384238e-01
   1.5470827e-01
   1.4031862e-01
   1.5464659e-01
   1.5077499e-01
   1.6068355e-01
   1.5901973e-01
   1.4942330e-01
   1.4613377e-01
   1.6436675e-01
   1.5183139e-01
   1.4843468e-01
   1.4443498e-01
   1.5521313e-01
   1.4617047e-01
   1.6623434e-01
   1.5839029e-01
   1.5328375e-01
   1.4825934e-01
   1.5155833e-01
   1.5158251e-01
   1.6031571e-01
   1.5165081e-01
   1.5066394e-01
   1.6565641e-01
   1.6652980e-01
   1.5411360e-01
   1.6648911e-01
   1.4553062e-01
   1.4943919e-01
   1.4374075e-01
   1.6584519e-01
   1.5181916e-01
   1.5928750e-01
   1.4766789e-01
   1.4319046e-01
   1.5209041e-01
   1.4510967e-01
   1.4589931e-01
   1.5077554e-01
   1.5090207e-01
   1.4699775e-01
   1.6284097e-01
   1.6144478e-01
   1.4253820e-01
   1.6193762e-01
   1.4082696e-01
   1.5073506e-01
   1.6470653e-01
   1.4850356e-01
   1.4772373e-01
   1.4607942e-01
   1.6265322e-01
   1.6802195e-01
   1.6722575e-01
   1.7045549e-01
   1.5389377e-01
   1.6363662e-01
   1.6874625e-01
   1.5094909e-01
   1.4630717e-01
   1.4591593e-01
   1.4729943e-01
   1.4917291e-01
   1.4662328e-01
   1.5612815e-01
   1.6307392e-01
   1.5996000e-01
   1.6490722e-01
   1.6469604e-01
   1.4506733e-01
   1.5106288e-01
   1.4454988e-01
   1.5330800e-01
   1.4278242e-01
   1.6514734e-01
   1.5644424e-01
   1.6032261e-01
   1.5181210e-01
   1.4469311e-01
   1.6294139e-01
   1.5198231e-01
   1.5431871e-01
   1.5056962e-01
   1.4280742e-01
   1.5243981e-01
   1.4839824e-01
   1.6052132e-01
   1.5454261e-01
   1.4097882e-01
   1.6357750e-01
   1.4648698e-01
   1.5222019e-01
   1.4422442e-01
   1.5281269e-01
   1.5659834e-01
   1.5082457e-01
   1.5526614e-01
   1.6779974e-01
   1.4028621e-01
   1.5120988e-01
   1.6146106e-01
   1.5764832e-01
   1.5469514e-01
   1.5058834e-01
   1.4686754e-01
   1.5711919e-01
   1.5081618e-01
   1.6746887e-01
   1.4857359e-01
   1.5065315e-01
   1.5433404e-01
   1.5190854e-01
   1.5017782e-01
   1.4685098e-01
   1.4433638e-01
   1.5134401e-01
   1.5406153e-01
   1.6448546e-01
   1.6264137e-01
   1.4548008e-01
   1.5248534e-01
   1.4641008e-01
   1.5277382e-01
   1.5663106e-01
   1.5403163e-01
   1.4496955e-01
   1.4545785e-01
   1.5158881e-01
   1.5891467e-01
   1.5754982e-01
   1.4915286e-01
   1.5014737e-01
   1.5065746e-01
   1.4701167e-01
   1.5635672e-01
   1.4548240e-01
   1.6467119e-01
   1.4943267e-01
   1.7169483e-01
   1.5196102e-01
   1.5015695e-01
   1.4263847e-01
   1.7108715e-01
   1.4913287e-01
   1.5388027e-01
   1.4882273e-01
   1.5901819e-01
   1.5076360e-01
   1.5521747e-01
   1.5032033e-01
   1.4813633e-01
