   2.2345637e-02
   2.2527564e-02
   2.0379957e-02
   2.0831364e-02
   2.2922652e-02
   2.0059510e-02
   2.0814982e-02
   2.1913572e-02
   2.3074020e-02
   2.0974382e-02
   2.1179477e-02
   2.1905318e-02
   2.2905803e-02
   2.0579867e-02
   2.2111073e-02
   2.1149955e-02
   2.3438982e-02
   2.3460160e-02
   2.1935958e-02
   2.3135395e-02
   2.3096144e-02
   2.2190857e-02
   2.2379228e-02
   2.3141107e-02
   2.1710459e-02
   2.1018950e-02
   2.2163739e-02
   2.1995040e-02
   2.2909741e-02
   2.0569547e-02
   2.2682559e-02
   2.3549338e-02
   2.0943886e-02
   2.0687306e-02
   2.2128979e-02
   2.0917258e-02
   2.1895602e-02
   2.3614362e-02
   2.0345964e-02
   2.1424563e-02
   2.0272617e-02
   2.1609228e-02
   2.4149288e-02
   2.2983017e-02
   2.0602590e-02
   2.1943533e-02
   2.2515144e-02
   2.1913206e-02
   2.2424438e-02
   2.1032016e-02
   2.0692166e-02
   2.4113543e-02
   2.0818524e-02
   2.2816880e-02
   2.1555903e-02
   2.0553110e-02
   2.1016696e-02
   2.2081620e-02
   2.2193433e-02
   2.3463977e-02
   2.3895497e-02
   2.0565265e-02
   2.2761346e-02
   2.3183385e-02
   2.3737217e-02
   2.1992315e-02
   2.2875493e-02
   2.2265223e-02
   2.0258603e-02
   2.2198469e-02
   2.2315761e-02
   2.3245875e-02
   2.4010497e-02
   2.0440223e-02
   2.4024611e-02
   2.0550026e-02
   2.2294078e-02
   2.2523236e-02
   2.2528656e-02
   2.1867133e-02
   2.3705306e-02
   2.2449932e-02
   2.2235740e-02
   2.1416834e-02
   2.3028908e-02
   2.1504201e-02
   2.0784209e-02
   2.1558149e-02
   2.1122865e-02
   2.2411976e-02
   2.2885678e-02
   2.0372750e-02
   2.2319721e-02
   2.0474112e-02
   2.2729448e-02
   2.1044063e-02
   2.0084642e-02
   2.2346623e-02
   2.2014522e-02
   2.2595306e-02
   2.0343179e-02
   2.2866118e-02
   2.1691865e-02
   2.0886122e-02
   2.1925342e-02
   2.2100364e-02
   2.1548493e-02
   2.2478806e-02
   2.2675114e-02
   2.3546321e-02
   2.1995218e-02
   2.0118822e-02
   2.1567905e-02
   2.3579592e-02
   2.1179179e-02
   2.1550661e-02
   2.3410484e-02
   2.2777622e-02
   2.4039112e-02
   2.1457860e-02
   2.0380169e-02
   2.1969614e-02
   2.2508016e-02
   2.1440328e-02
   2.0583191e-02
   2.2813285e-02
   2.0461175e-02
   2.3070208e-02
   2.1756421e-02
   2.1602893e-02
   2.0550249e-02
   2.2093609e-02
   2.3153730e-02
   2.0973262e-02
   2.4067655e-02
   2.2392231e-02
   2.1380644e-02
   2.2862910e-02
   2.2539443e-02
   2.4025536e-02
   2.2222473e-02
   2.3736068e-02
   2.2493630e-02
   2.2535243e-02
   2.3065477e-02
   2.2973097e-02
   2.3309106e-02
   2.1415878e-02
   2.2106781e-02
   2.1444711e-02
   2.2691074e-02
   2.1001210e-02
   2.0197005e-02
   2.3585295e-02
   2.3486135e-02
   2.3420296e-02
   2.3165996e-02
   2.1607730e-02
   2.0245297e-02
   2.3917637e-02
   2.1027750e-02
   2.0765168e-02
   2.0230418e-02
   2.1146446e-02
   2.3366495e-02
   2.2488398e-02
   2.2164689e-02
   2.1276529e-02
   2.3496669e-02
   2.1936612e-02
   2.0881057e-02
   2.1355435e-02
   2.2668691e-02
   2.4113385e-02
   1.9994185e-02
   2.2508168e-02
   2.1764819e-02
   2.2138728e-02
   2.0793287e-02
   2.0371656e-02
   2.0639331e-02
   2.2144940e-02
   2.3231090e-02
   2.1467605e-02
   2.0771826e-02
   2.1026026e-02
   2.4069790e-02
   2.2363131e-02
   2.2202984e-02
   2.0161292e-02
   2.3185774e-02
   2.2399593e-02
   2.3607680e-02
   2.2117704e-02
   2.2464044e-02
   2.2559180e-02
   2.0950575e-02
   2.1441998e-02
   2.1021708e-02
   2.0695436e-02
   2.1964489e-02
   2.2261936e-02
   2.0972757e-02
   2.2972414e-02
   2.3743608e-02
   2.2628630e-02
   2.2089994e-02
   2.0126579e-02
   2.1279699e-02
   2.2260042e-02
   2.2472598e-02
   2.0850891e-02
   2.2201290e-02
   2.2204282e-02
   2.3521481e-02
   2.3653734e-02
   2.0277902e-02
   2.3235305e-02
   2.3336983e-02
   2.3566842e-02
   2.2568619e-02
   2.2405424e-02
   2.1411070e-02
   2.0984964e-02
   2.0681794e-02
   2.0831722e-02
   2.1911490e-02
   2.0257563e-02
   2.0195121e-02
   2.2363204e-02
   2.2954840e-02
   2.1398605e-02
   2.2763059e-02
   2.1166787e-02
   2.1528580e-02
   2.2728555e-02
   2.0118071e-02
   2.3019092e-02
   2.0981300e-02
   2.3461220e-02
   2.1665460e-02
   2.1857955e-02
   2.2014668e-02
   2.3605701e-02
   2.3109048e-02
   2.0088936e-02
   2.0457268e-02
   2.1860638e-02
   2.0534984e-02
   2.2060080e-02
   2.2440104e-02
   2.0968901e-02
   2.1129454e-02
   2.4218481e-02
   2.1935751e-02
   2.3829313e-02
   2.3604963e-02
   2.1627840e-02
   2.3092758e-02
   2.2949636e-02
   2.0814427e-02
   2.2030605e-02
   2.1780090e-02
   2.1590104e-02
   2.0449403e-02
   2.1067221e-02
   2.0506123e-02
   2.1603253e-02
   2.2224835e-02
   2.3994798e-02
   2.1486607e-02
   2.1260770e-02
   2.2568204e-02
   2.2580529e-02
   2.2437597e-02
   2.2012332e-02
   2.2697080e-02
   2.4133464e-02
   2.3878408e-02
   2.2691516e-02
   2.0605387e-02
   2.3630932e-02
   2.0383690e-02
   2.0218020e-02
   2.1752108e-02
   2.2189734e-02
   2.0893781e-02
   2.2381566e-02
   2.2255443e-02
   2.1154650e-02
   2.2150327e-02
   2.2543071e-02
   2.2858083e-02
   2.1431818e-02
   2.2622419e-02
   2.1398415e-02
   2.0307635e-02
   2.1727873e-02
   2.1684248e-02
   2.0125700e-02
