   2.2854555e-02
   2.5881949e-02
   2.2838829e-02
   2.3688649e-02
   2.3843413e-02
   2.3687047e-02
   2.3250768e-02
   2.1640580e-02
   2.3902516e-02
   2.5752687e-02
   2.2050015e-02
   2.2756689e-02
   2.3899588e-02
   2.4449131e-02
   2.3248163e-02
   2.2517843e-02
   2.3947999e-02
   2.3775482e-02
   2.1714172e-02
   2.4491543e-02
   2.3870512e-02
   2.2904385e-02
   2.3799193e-02
   2.2704127e-02
   2.3953398e-02
   2.2416444e-02
   2.3633346e-02
   2.3579118e-02
   2.3793783e-02
   2.4253968e-02
   2.2402929e-02
   2.4483935e-02
   2.5312034e-02
   2.4116333e-02
   2.2434717e-02
   2.4056584e-02
   2.3822198e-02
   2.3855512e-02
   2.3900441e-02
   2.7681411e-02
   2.3826935e-02
   2.4000907e-02
   2.4923825e-02
   2.3751896e-02
   2.3890467e-02
   2.2430679e-02
   2.7738883e-02
   2.3566045e-02
   2.9762944e-02
   3.0465669e-02
   2.4208354e-02
   2.2813021e-02
   2.8010645e-02
   2.3491112e-02
   2.9375377e-02
   2.3369031e-02
   2.3556471e-02
   2.3668292e-02
   2.4001016e-02
   2.3711733e-02
   2.3950815e-02
   2.4147136e-02
   2.3916376e-02
   2.4157798e-02
   2.3837461e-02
   2.3815241e-02
   2.3838937e-02
   2.3940653e-02
   2.3914060e-02
   2.3648751e-02
   3.0263180e-02
   2.9580381e-02
   2.2937427e-02
   2.3116540e-02
   2.3749732e-02
   2.3179193e-02
   2.3733300e-02
   3.0511429e-02
   2.3902566e-02
   2.3906634e-02
   2.2410364e-02
   2.4963052e-02
   2.9658208e-02
   2.3673979e-02
   2.2551610e-02
   2.2742135e-02
   2.6535650e-02
   2.3989712e-02
   2.3911553e-02
   2.3923977e-02
   2.5548275e-02
   2.4117032e-02
   2.3562894e-02
   2.9685824e-02
   2.2391112e-02
   3.0167867e-02
   2.5876764e-02
   2.3590307e-02
   2.4084982e-02
   2.5574706e-02
   2.3830234e-02
   2.3069460e-02
   2.5054786e-02
   2.3237169e-02
   2.2595666e-02
   2.2521804e-02
   2.5024838e-02
   3.0605628e-02
   2.4568309e-02
   2.2476776e-02
   2.1982982e-02
   2.3898496e-02
   2.3845005e-02
   2.3553101e-02
   3.1764182e-02
   2.4225167e-02
   2.2987427e-02
   2.3904440e-02
   2.5445750e-02
   2.3450798e-02
   2.3045724e-02
   2.3612848e-02
   2.3988700e-02
   2.4295765e-02
   2.3181625e-02
   2.3324667e-02
   2.2521841e-02
   2.4003011e-02
   2.3502740e-02
   2.3731182e-02
   2.3381981e-02
   2.2474988e-02
   2.3199156e-02
   2.4017722e-02
   2.3648229e-02
   2.3874852e-02
   2.6193134e-02
   2.3896755e-02
   2.9078135e-02
   2.2599094e-02
   2.3977578e-02
   2.9687395e-02
   2.3873873e-02
   2.4070833e-02
   2.3670408e-02
   2.5660866e-02
   2.3636902e-02
   2.3799339e-02
   2.3757248e-02
   2.2520394e-02
   2.3779232e-02
   2.3654016e-02
   2.8187936e-02
   2.3373027e-02
   2.3496630e-02
   2.3868484e-02
   2.2464257e-02
   2.3149880e-02
   2.4334069e-02
   2.3066373e-02
   2.3908216e-02
   2.3599566e-02
   2.6196928e-02
   2.4041014e-02
   2.9987732e-02
   2.3817704e-02
   2.4129498e-02
   2.2695305e-02
   2.4311650e-02
   2.4106852e-02
   2.3630700e-02
   2.3706620e-02
   2.2774804e-02
   2.9642711e-02
   2.3793499e-02
   2.2168946e-02
   2.3985231e-02
   2.3859990e-02
   2.1930178e-02
   2.1958025e-02
   2.2503983e-02
   2.3898395e-02
   2.7285774e-02
   2.2854455e-02
   2.3899521e-02
   2.3999145e-02
   2.2793942e-02
   2.3520993e-02
   2.3960442e-02
   2.3873196e-02
   2.3820224e-02
   2.3902232e-02
   2.3791368e-02
   2.3813403e-02
   2.3688707e-02
   3.0235546e-02
   2.4047602e-02
   2.4958827e-02
   2.3902516e-02
   2.2638298e-02
   2.2671653e-02
   2.3900793e-02
   2.3091838e-02
   2.4254838e-02
   2.3381898e-02
   2.3438087e-02
   2.3767977e-02
   2.4025152e-02
   2.3310610e-02
   2.2908516e-02
   2.3980616e-02
   2.3898388e-02
   2.3897274e-02
   2.2504220e-02
   2.2872053e-02
   2.2462362e-02
   2.4757261e-02
   2.2721866e-02
   2.3705107e-02
   2.3902161e-02
   2.2849335e-02
   2.3953237e-02
   2.2520580e-02
   2.6792495e-02
   2.4053496e-02
   2.3893567e-02
   2.4935647e-02
   2.3036780e-02
   2.3820064e-02
   2.3889949e-02
   2.8180692e-02
   2.3902560e-02
   2.4334179e-02
   2.3326887e-02
   2.8561943e-02
   2.3725648e-02
   2.3676909e-02
   2.2531367e-02
   2.2536583e-02
   2.6305090e-02
   2.5814037e-02
   2.3279118e-02
   2.4053952e-02
   2.3503436e-02
   2.4177492e-02
   2.3982601e-02
   2.3891947e-02
   2.4780601e-02
   2.3733981e-02
   2.3535171e-02
   2.4163734e-02
   2.3490915e-02
   2.3011703e-02
   3.0850531e-02
   3.0233212e-02
   2.4095159e-02
   2.3408998e-02
   2.3893502e-02
   2.5382207e-02
   2.3271134e-02
   2.3804853e-02
   2.2680040e-02
   2.3922245e-02
   2.3945416e-02
   2.2779722e-02
   2.4610797e-02
   2.2389588e-02
   2.3869743e-02
   2.3067347e-02
   2.3583013e-02
   2.2406042e-02
   2.8439754e-02
   2.3906644e-02
   2.2449465e-02
   2.3909814e-02
   2.3731229e-02
   2.3670505e-02
   2.6914378e-02
   2.3907165e-02
   2.3534601e-02
   2.3807515e-02
   2.7398635e-02
   2.8427314e-02
   2.2584409e-02
   2.3935826e-02
   2.2748155e-02
   2.3040848e-02
   2.2567262e-02
   2.4152441e-02
   2.3611384e-02
   2.3504362e-02
   2.4074123e-02
   2.3069017e-02
   2.8874876e-02
   2.3888016e-02
   2.2629988e-02
   2.4138512e-02
   2.3897876e-02
   2.3807431e-02
   2.2751086e-02
