   2.0824488e-02
   2.0591553e-02
   2.0768271e-02
   2.1092769e-02
   2.0239256e-02
   2.0676705e-02
   2.1089751e-02
   2.0815994e-02
   2.0031167e-02
   2.0380799e-02
   2.0577883e-02
   2.0619884e-02
   2.0442215e-02
   2.0823500e-02
   2.0359612e-02
   2.0350845e-02
   2.1247025e-02
   2.0296447e-02
   2.0451950e-02
   2.0542531e-02
   2.0677070e-02
   2.1462884e-02
   2.1439086e-02
   2.0394690e-02
   2.0510026e-02
   2.0148487e-02
   2.0628619e-02
   1.9957234e-02
   2.1070777e-02
   2.0163546e-02
   2.0068144e-02
   2.0902896e-02
   1.9904236e-02
   2.1527962e-02
   2.0331393e-02
   2.0953530e-02
   2.1057438e-02
   2.0691320e-02
   2.0216617e-02
   2.0229486e-02
   2.0099687e-02
   2.0833762e-02
   2.0515737e-02
   2.0917091e-02
   2.1754527e-02
   2.0833458e-02
   2.0375248e-02
   2.0983136e-02
   2.0635583e-02
   2.1330594e-02
   2.0266419e-02
   2.0147435e-02
   2.0359468e-02
   2.1319385e-02
   2.0146285e-02
   1.9960303e-02
   2.1012037e-02
   2.0818488e-02
   2.1143688e-02
   2.0400544e-02
   2.1439619e-02
   2.0455176e-02
   2.1053033e-02
   2.0995831e-02
   2.1272187e-02
   2.0387612e-02
   2.1286091e-02
   2.0401773e-02
   2.0617741e-02
   2.1472623e-02
   2.1565589e-02
   2.0066086e-02
   2.0657616e-02
   2.0377786e-02
   2.0874167e-02
   2.0720303e-02
   2.1416472e-02
   2.1172020e-02
   1.9884914e-02
   2.0520416e-02
   2.0969927e-02
   2.1426008e-02
   2.0432206e-02
   2.1604867e-02
   2.1084354e-02
   2.0548669e-02
   2.1796686e-02
   2.0887060e-02
   2.1931021e-02
   2.0572881e-02
   2.0789245e-02
   2.1600343e-02
   2.0184158e-02
   2.1154014e-02
   2.0463161e-02
   2.1482664e-02
   2.1244878e-02
   2.1585742e-02
   2.0543132e-02
   2.0231683e-02
   2.1829160e-02
   2.1148390e-02
   2.0173551e-02
   2.0250736e-02
   2.0874630e-02
   2.0000141e-02
   2.0700471e-02
   2.0374731e-02
   2.0525524e-02
   2.0430325e-02
   2.0546860e-02
   2.0556041e-02
   2.1470286e-02
   2.0438579e-02
   2.0785091e-02
   2.1629736e-02
   2.0655220e-02
   2.0264970e-02
   2.0196558e-02
   2.1377197e-02
   2.0851757e-02
   2.1395692e-02
   2.0704165e-02
   2.1226722e-02
   2.1122775e-02
   2.0507629e-02
   2.0694027e-02
   2.1474148e-02
   2.0625537e-02
   2.1497854e-02
   2.0133522e-02
   2.0299655e-02
   2.1843200e-02
   2.1709869e-02
   1.9857887e-02
   2.1044141e-02
   2.1046439e-02
   2.1334662e-02
   2.0494196e-02
   2.0909758e-02
   2.0292705e-02
   2.0477870e-02
   2.1421218e-02
   2.1155782e-02
   2.0676746e-02
   2.0054919e-02
   2.1403752e-02
   2.0033756e-02
   2.0356555e-02
   2.0689392e-02
   2.0341339e-02
   2.1558962e-02
   2.0933010e-02
   2.0494478e-02
   2.0934451e-02
   2.0172331e-02
   2.1235365e-02
   2.0417195e-02
   2.0190286e-02
   2.1102962e-02
   2.1414889e-02
   2.0427858e-02
   2.0626979e-02
   2.0544613e-02
   2.0179789e-02
   2.1457225e-02
   2.0619312e-02
   2.0368137e-02
   2.1113681e-02
   2.0607064e-02
   2.1455109e-02
   2.1079386e-02
   2.1062055e-02
   2.1285027e-02
   2.1816438e-02
   2.0726849e-02
   2.0391514e-02
   2.0400764e-02
   2.1476985e-02
   2.0386779e-02
   2.0752980e-02
   2.1485769e-02
   2.1249459e-02
   2.0714991e-02
   2.1392279e-02
   2.1462854e-02
   2.0755168e-02
   2.1587422e-02
   2.0267881e-02
   2.0541693e-02
   2.0140437e-02
   2.0545217e-02
   2.0412282e-02
   2.0688126e-02
   2.0448890e-02
   2.0648595e-02
   2.0917754e-02
   2.0499873e-02
   2.0768450e-02
   2.0069349e-02
   2.1275715e-02
   2.1109969e-02
   2.0545538e-02
   2.0600067e-02
   2.0290603e-02
   2.0728338e-02
   2.0414607e-02
   2.0504512e-02
   2.0496447e-02
   2.0072075e-02
   2.0350616e-02
   1.9895474e-02
   2.1235123e-02
   2.1528688e-02
   2.0527522e-02
   2.0624688e-02
   2.0271116e-02
   2.0493163e-02
   2.1710791e-02
   2.0448053e-02
   2.0654854e-02
   2.1663055e-02
   2.1409547e-02
   2.0881592e-02
   2.0233037e-02
   2.0232208e-02
   2.0078609e-02
   2.1679718e-02
   2.1481892e-02
   2.0661810e-02
   2.0384911e-02
   2.0178804e-02
   2.1746004e-02
   2.1703341e-02
   2.0454356e-02
   2.0673361e-02
   2.1135654e-02
   2.1435677e-02
   2.1651840e-02
   2.0834229e-02
   2.1225895e-02
   2.0206858e-02
   2.0350274e-02
   2.0878144e-02
   2.1507567e-02
   2.0729551e-02
   2.0751579e-02
   2.0624489e-02
   2.0421139e-02
   2.0545432e-02
   2.1073331e-02
   2.0739971e-02
   2.0124361e-02
   2.1553300e-02
   2.0926815e-02
   2.1423777e-02
   2.0163467e-02
   2.1380970e-02
   2.0472412e-02
   2.1664223e-02
   2.0521002e-02
   2.0436921e-02
   2.0232230e-02
   2.0259352e-02
   2.1518417e-02
   2.1064911e-02
   2.0346660e-02
   2.0378826e-02
   2.0826964e-02
   2.0476073e-02
   2.0496706e-02
   2.1108095e-02
   2.0402435e-02
   2.1522526e-02
   2.0303366e-02
   2.0281982e-02
   2.0377802e-02
   2.0276623e-02
   2.1287653e-02
   2.0437741e-02
   2.0219650e-02
   2.0552733e-02
   2.1356914e-02
   2.1524427e-02
   2.1113722e-02
   2.0585087e-02
   2.1548893e-02
   2.0681686e-02
   2.1236161e-02
   2.0967511e-02
   2.1454212e-02
   2.1294043e-02
   2.0643242e-02
   1.9952503e-02
   2.1940450e-02
   2.1446231e-02
   2.1554866e-02
   2.0579872e-02
   2.0586774e-02
   2.0507272e-02
