   2.3512383e-02
   2.2943236e-02
   2.4328567e-02
   2.4347139e-02
   2.4107321e-02
   2.4444572e-02
   2.3279173e-02
   2.4015887e-02
   2.4022506e-02
   2.3038234e-02
   2.4098646e-02
   2.2978222e-02
   2.3839010e-02
   2.2861448e-02
   2.3591614e-02
   2.3641845e-02
   2.3279353e-02
   2.3552872e-02
   2.3657674e-02
   2.4185484e-02
   2.2914992e-02
   2.4423629e-02
   2.3812841e-02
   2.3631622e-02
   2.3864971e-02
   2.3667184e-02
   2.3960152e-02
   2.2898231e-02
   2.3001846e-02
   2.3739143e-02
   2.3685847e-02
   2.3436746e-02
   2.4298378e-02
   2.2965994e-02
   2.2837476e-02
   2.3556291e-02
   2.2846116e-02
   2.3429951e-02
   2.4451482e-02
   2.3014524e-02
   2.3760134e-02
   2.3499076e-02
   2.3916593e-02
   2.3945790e-02
   2.4594326e-02
   2.3781337e-02
   2.2829088e-02
   2.4394614e-02
   2.2834421e-02
   2.3691474e-02
   2.3017704e-02
   2.4574079e-02
   2.2848386e-02
   2.2998713e-02
   2.3713546e-02
   2.4478640e-02
   2.3902944e-02
   2.4054480e-02
   2.2841843e-02
   2.2926258e-02
   2.3493300e-02
   2.4408153e-02
   2.4279588e-02
   2.3135507e-02
   2.4305955e-02
   2.3785956e-02
   2.2838208e-02
   2.3818139e-02
   2.3485475e-02
   2.2898235e-02
   2.4248774e-02
   2.4506662e-02
   2.3705808e-02
   2.3337417e-02
   2.3560194e-02
   2.4451457e-02
   2.3185989e-02
   2.3703396e-02
   2.3655832e-02
   2.4597129e-02
   2.3458924e-02
   2.3687020e-02
   2.4177343e-02
   2.2912551e-02
   2.3931216e-02
   2.4603782e-02
   2.4231971e-02
   2.4262728e-02
   2.4563658e-02
   2.4432854e-02
   2.2829799e-02
   2.4450134e-02
   2.3714236e-02
   2.2831052e-02
   2.3163693e-02
   2.3713162e-02
   2.3563576e-02
   2.4155864e-02
   2.2832606e-02
   2.4406528e-02
   2.4550624e-02
   2.3131981e-02
   2.3440224e-02
   2.4284122e-02
   2.4571299e-02
   2.3729861e-02
   2.3057420e-02
   2.4031589e-02
   2.4136607e-02
   2.3394258e-02
   2.3226867e-02
   2.4085155e-02
   2.3001054e-02
   2.4382244e-02
   2.4585896e-02
   2.4060138e-02
   2.3529842e-02
   2.3862478e-02
   2.2865467e-02
   2.2862658e-02
   2.4521761e-02
   2.3885131e-02
   2.3735078e-02
   2.3043347e-02
   2.2977779e-02
   2.3066905e-02
   2.3658803e-02
   2.4132524e-02
   2.4046694e-02
   2.4435237e-02
   2.4416515e-02
   2.3805180e-02
   2.3943320e-02
   2.2964274e-02
   2.3719909e-02
   2.3850866e-02
   2.4191696e-02
   2.4557959e-02
   2.3653356e-02
   2.4481482e-02
   2.3295092e-02
   2.3567803e-02
   2.4494676e-02
   2.3319039e-02
   2.4189651e-02
   2.3070051e-02
   2.2859859e-02
   2.4117824e-02
   2.3651145e-02
   2.4073915e-02
   2.4563283e-02
   2.4449906e-02
   2.4523004e-02
   2.4564191e-02
   2.3536114e-02
   2.3418553e-02
   2.4564417e-02
   2.3895645e-02
   2.3057760e-02
   2.3577350e-02
   2.3602948e-02
   2.4470571e-02
   2.3839003e-02
   2.4358612e-02
   2.4062965e-02
   2.2839902e-02
   2.3121695e-02
   2.4599046e-02
   2.3126666e-02
   2.2872427e-02
   2.4499065e-02
   2.4400336e-02
   2.3477120e-02
   2.3676414e-02
   2.3416891e-02
   2.3089552e-02
   2.3704688e-02
   2.2864303e-02
   2.3956849e-02
   2.3899711e-02
   2.3668025e-02
   2.4152615e-02
   2.3385781e-02
   2.4128547e-02
   2.3406947e-02
   2.4571797e-02
   2.3301912e-02
   2.4289832e-02
   2.4303469e-02
   2.4471968e-02
   2.4459986e-02
   2.4354102e-02
   2.4444566e-02
   2.3006243e-02
   2.3737133e-02
   2.4565158e-02
   2.4590100e-02
   2.3571385e-02
   2.2892821e-02
   2.3676515e-02
   2.3748625e-02
   2.3805504e-02
   2.4342313e-02
   2.4526616e-02
   2.4100632e-02
   2.3300026e-02
   2.3527159e-02
   2.3115762e-02
   2.3487802e-02
   2.3420703e-02
   2.4394375e-02
   2.4431719e-02
   2.3485790e-02
   2.4035242e-02
   2.4435722e-02
   2.4455935e-02
   2.3435205e-02
   2.3820684e-02
   2.3681208e-02
   2.4572303e-02
   2.4072229e-02
   2.4139580e-02
   2.4579094e-02
   2.3493568e-02
   2.3333364e-02
   2.4175549e-02
   2.3017357e-02
   2.3738528e-02
   2.2858572e-02
   2.3186160e-02
   2.3223221e-02
   2.4324642e-02
   2.4016675e-02
   2.3643960e-02
   2.3632856e-02
   2.3375702e-02
   2.3591847e-02
   2.3702488e-02
   2.3707070e-02
   2.3896895e-02
   2.3709239e-02
   2.4568315e-02
   2.4560347e-02
   2.3040666e-02
   2.4188053e-02
   2.3063329e-02
   2.3836628e-02
   2.4364769e-02
   2.3332291e-02
   2.3096101e-02
   2.2910249e-02
   2.2857352e-02
   2.3131938e-02
   2.3225174e-02
   2.4593925e-02
   2.3276662e-02
   2.3264449e-02
   2.4357986e-02
   2.4429410e-02
   2.3760532e-02
   2.3828048e-02
   2.4592845e-02
   2.3890869e-02
   2.4568157e-02
   2.3728105e-02
   2.4103551e-02
   2.3036452e-02
   2.4122550e-02
   2.3510748e-02
   2.4025538e-02
   2.2879491e-02
   2.3579495e-02
   2.3909146e-02
   2.4261460e-02
   2.3485122e-02
   2.2838203e-02
   2.4591741e-02
   2.3121702e-02
   2.3504920e-02
   2.3319268e-02
   2.4132608e-02
   2.3485953e-02
   2.2978434e-02
   2.4481863e-02
   2.3105741e-02
   2.3239420e-02
   2.3592873e-02
   2.2897104e-02
   2.4373037e-02
   2.3976815e-02
   2.2834405e-02
   2.2938157e-02
   2.3663644e-02
   2.4240267e-02
   2.3583784e-02
   2.2870119e-02
   2.4215862e-02
   2.3474026e-02
   2.4518655e-02
   2.2833149e-02
