   1.7375724e-01
   1.4666734e-01
   1.6319982e-01
   1.8218775e-01
   1.5862109e-01
   1.8236977e-01
   1.7610726e-01
   1.4873108e-01
   1.7902633e-01
   1.4638616e-01
   1.5884239e-01
   1.7629142e-01
   1.8123383e-01
   1.8948404e-01
   1.8171812e-01
   1.7845839e-01
   1.8575896e-01
   1.5998021e-01
   1.7821965e-01
   1.5993636e-01
   1.6786493e-01
   1.8718042e-01
   1.8009603e-01
   1.5040605e-01
   1.6091778e-01
   1.4914868e-01
   1.7123965e-01
   1.7710521e-01
   1.6216923e-01
   1.7354569e-01
   1.5691543e-01
   1.8542676e-01
   1.8042480e-01
   1.5123702e-01
   1.7777968e-01
   1.5227819e-01
   1.8294976e-01
   1.7267847e-01
   1.5818606e-01
   1.6917684e-01
   1.7090899e-01
   1.9061945e-01
   1.7388958e-01
   1.6455159e-01
   1.6129898e-01
   1.7037019e-01
   1.5810401e-01
   1.7885421e-01
   1.5475424e-01
   1.7554515e-01
   1.5047252e-01
   1.5319857e-01
   1.7098009e-01
   1.9099985e-01
   1.6415819e-01
   1.8287011e-01
   1.6932930e-01
   1.6384845e-01
   1.8243598e-01
   1.4800383e-01
   1.8298153e-01
   1.7103247e-01
   1.7379411e-01
   1.7179787e-01
   1.6020850e-01
   1.7607177e-01
   1.5969275e-01
   1.5841838e-01
   1.8013470e-01
   1.7430548e-01
   1.7745867e-01
   1.4819479e-01
   1.7516267e-01
   1.5678256e-01
   1.7570395e-01
   1.8291689e-01
   1.7255549e-01
   1.8334560e-01
   1.7725174e-01
   1.8784695e-01
   1.6568510e-01
   1.8154169e-01
   1.6470745e-01
   1.6270289e-01
   1.7916751e-01
   1.6640063e-01
   1.5185524e-01
   1.7158467e-01
   1.8034328e-01
   1.8222113e-01
   1.8185572e-01
   1.6169900e-01
   1.6253543e-01
   1.5141317e-01
   1.6589236e-01
   1.6651437e-01
   1.7751856e-01
   1.7827243e-01
   1.8429015e-01
   1.8417286e-01
   1.5458117e-01
   1.6827660e-01
   1.8562753e-01
   1.5015403e-01
   1.6878496e-01
   1.8182162e-01
   1.6523113e-01
   1.6010487e-01
   1.8683607e-01
   1.5740903e-01
   1.8503827e-01
   1.7366760e-01
   1.6751559e-01
   1.6063848e-01
   1.4896619e-01
   1.5019918e-01
   1.7491019e-01
   1.7130761e-01
   1.7328466e-01
   1.7529290e-01
   1.7910400e-01
   1.7908487e-01
   1.6728582e-01
   1.5513513e-01
   1.6715899e-01
   1.5604737e-01
   1.4970933e-01
   1.5719432e-01
   1.5661489e-01
   1.6893299e-01
   1.8415135e-01
   1.6676750e-01
   1.7096448e-01
   1.7262672e-01
   1.5245749e-01
   1.5515041e-01
   1.6056661e-01
   1.6513651e-01
   1.6758169e-01
   1.5076803e-01
   1.8164405e-01
   1.8142823e-01
   1.9007429e-01
   1.8868213e-01
   1.5191607e-01
   1.7901175e-01
   1.7621318e-01
   1.7621086e-01
   1.8500833e-01
   1.6337801e-01
   1.7849102e-01
   1.7611222e-01
   1.7250689e-01
   1.5206639e-01
   1.5096675e-01
   1.6035418e-01
   1.4767185e-01
   1.6244810e-01
   1.8208294e-01
   1.5764517e-01
   1.5449221e-01
   1.7386966e-01
   1.5200297e-01
   1.7847154e-01
   1.7698008e-01
   1.7752774e-01
   1.8115314e-01
   1.7998419e-01
   1.5601211e-01
   1.6758600e-01
   1.8174739e-01
   1.5825662e-01
   1.5641086e-01
   1.7304585e-01
   1.6479051e-01
   1.8382910e-01
   1.5734262e-01
   1.4876505e-01
   1.6195080e-01
   1.5479311e-01
   1.4717830e-01
   1.7516996e-01
   1.6568396e-01
   1.7483852e-01
   1.6443075e-01
   1.5161021e-01
   1.7782757e-01
   1.8164576e-01
   1.8187723e-01
   1.7562556e-01
   1.8205839e-01
   1.8847354e-01
   1.7326671e-01
   1.6381465e-01
   1.5414054e-01
   1.6574594e-01
   1.5837353e-01
   1.6026123e-01
   1.5988007e-01
   1.8313656e-01
   1.7135868e-01
   1.7925980e-01
   1.5320501e-01
   1.7547543e-01
   1.6008073e-01
   1.5399828e-01
   1.7538557e-01
   1.7858992e-01
   1.8564507e-01
   1.5321328e-01
   1.6739965e-01
   1.6797502e-01
   1.6799998e-01
   1.7457623e-01
   1.8704598e-01
   1.7134650e-01
   1.6447005e-01
   1.7686833e-01
   1.7392530e-01
   1.6249805e-01
   1.6937686e-01
   1.6845200e-01
   1.7080051e-01
   1.8395013e-01
   1.6988007e-01
   1.7007936e-01
   1.7876503e-01
   1.6717022e-01
   1.5558424e-01
   1.8172052e-01
   1.5445046e-01
   1.7681085e-01
   1.8326209e-01
   1.5937721e-01
   1.6508388e-01
   1.7345211e-01
   1.8144578e-01
   1.7000125e-01
   1.7456087e-01
   1.5374176e-01
   1.6470360e-01
   1.8163575e-01
   1.7313900e-01
   1.7849585e-01
   1.6614339e-01
   1.7814804e-01
   1.7404855e-01
   1.7245450e-01
   1.5280065e-01
   1.5611403e-01
   1.5724941e-01
   1.8188286e-01
   1.7162210e-01
   1.7525360e-01
   1.8185153e-01
   1.8295902e-01
   1.6928847e-01
   1.8615961e-01
   1.5939297e-01
   1.7095199e-01
   1.4855362e-01
   1.7182303e-01
   1.6363377e-01
   1.5797441e-01
   1.7185138e-01
   1.8382996e-01
   1.7643377e-01
   1.7295957e-01
   1.8442251e-01
   1.7342710e-01
   1.5527404e-01
   1.6553834e-01
   1.6183764e-01
   1.6282702e-01
   1.8193543e-01
   1.6913251e-01
   1.4823816e-01
   1.8468848e-01
   1.7040953e-01
   1.7884120e-01
   1.7094728e-01
   1.7533821e-01
   1.7839313e-01
   1.5652671e-01
   1.6187287e-01
   1.6946075e-01
   1.7049291e-01
   1.7097564e-01
   1.7862993e-01
   1.4921132e-01
   1.7047234e-01
   1.6449798e-01
   1.5432446e-01
   1.7100117e-01
   1.7625703e-01
   1.7254578e-01
   1.6765803e-01
   1.5424335e-01
   1.6915123e-01
   1.6585320e-01
