   2.9943455e-02
   3.0785853e-02
   3.4411210e-02
   3.0572791e-02
   3.3845337e-02
   3.0040852e-02
   3.0115113e-02
   2.9568973e-02
   2.7833176e-02
   3.5269877e-02
   3.0491814e-02
   3.3249333e-02
   2.7645889e-02
   2.9801139e-02
   3.3748371e-02
   2.7831945e-02
   3.0383593e-02
   3.5219909e-02
   3.0372846e-02
   3.5029895e-02
   3.3724316e-02
   2.8624602e-02
   3.4387639e-02
   3.2783456e-02
   2.9495974e-02
   2.9904858e-02
   3.0114710e-02
   3.0592195e-02
   2.9337847e-02
   3.0990496e-02
   2.8835124e-02
   2.7802639e-02
   2.7928719e-02
   3.1635769e-02
   2.9558179e-02
   3.0304251e-02
   2.8187669e-02
   2.9586283e-02
   3.2922010e-02
   3.1236018e-02
   2.8729897e-02
   3.1320403e-02
   2.8551202e-02
   2.8375363e-02
   2.7852039e-02
   2.9731307e-02
   3.4258194e-02
   3.4594354e-02
   2.9193821e-02
   3.4738310e-02
   3.2215003e-02
   3.5497124e-02
   3.2224644e-02
   3.5282075e-02
   3.1431431e-02
   3.0268340e-02
   3.0009602e-02
   2.9422195e-02
   3.2134342e-02
   3.2241560e-02
   3.3428207e-02
   2.9729640e-02
   2.8967702e-02
   3.0709717e-02
   3.0223284e-02
   3.3427091e-02
   3.4824738e-02
   3.1607258e-02
   2.9109866e-02
   3.2201626e-02
   2.7857943e-02
   3.1141471e-02
   3.3347066e-02
   2.7841421e-02
   3.4078932e-02
   2.9831804e-02
   2.8826878e-02
   2.9357544e-02
   2.9479694e-02
   3.3064758e-02
   2.9329423e-02
   3.0950679e-02
   3.1111337e-02
   3.0901256e-02
   3.2422552e-02
   2.9419974e-02
   3.3278964e-02
   3.1924819e-02
   2.7846507e-02
   2.8176361e-02
   3.1925537e-02
   2.7872695e-02
   2.8075420e-02
   2.8029934e-02
   3.0439308e-02
   3.2179998e-02
   2.7961528e-02
   3.3284443e-02
   3.1109297e-02
   3.0426693e-02
   3.1392900e-02
   3.4756377e-02
   3.2820003e-02
   3.5213624e-02
   3.2617984e-02
   2.9754630e-02
   3.4804072e-02
   2.9027611e-02
   3.3690676e-02
   3.0016439e-02
   2.9839759e-02
   2.9122074e-02
   2.7821240e-02
   2.8228817e-02
   3.2700024e-02
   3.3752220e-02
   3.0485315e-02
   3.4360027e-02
   2.9983995e-02
   2.8823294e-02
   2.9542558e-02
   3.4431316e-02
   2.8464404e-02
   2.9306699e-02
   3.2085661e-02
   2.8945740e-02
   3.4880842e-02
   2.9628701e-02
   3.5072605e-02
   3.1480862e-02
   3.1298608e-02
   2.7558835e-02
   3.3998770e-02
   3.1163106e-02
   3.2035209e-02
   3.5373539e-02
   2.8391418e-02
   2.9437931e-02
   2.8853947e-02
   3.3161801e-02
   3.2594236e-02
   2.8095345e-02
   3.5309545e-02
   2.9216906e-02
   2.9032494e-02
   2.9848311e-02
   3.0024690e-02
   3.0542290e-02
   3.3892775e-02
   3.1489957e-02
   3.1220556e-02
   3.0544656e-02
   2.8257999e-02
   2.7804650e-02
   3.0591011e-02
   3.4233571e-02
   3.1860195e-02
   2.8195104e-02
   3.5495284e-02
   3.1109451e-02
   3.0158648e-02
   3.0430952e-02
   2.8677908e-02
   3.1883285e-02
   3.3039862e-02
   2.9825274e-02
   2.7894033e-02
   3.0017464e-02
   2.7612189e-02
   3.4464711e-02
   3.3174381e-02
   3.4203749e-02
   3.0207363e-02
   3.2402573e-02
   3.1109500e-02
   3.1020058e-02
   3.0293360e-02
   3.3562154e-02
   3.1381818e-02
   3.0407234e-02
   3.0744400e-02
   2.9785026e-02
   2.9498916e-02
   3.0106688e-02
   3.0817429e-02
   3.4725319e-02
   2.9310991e-02
   2.8441673e-02
   3.0509431e-02
   2.9560393e-02
   3.1076595e-02
   3.0254988e-02
   3.2252221e-02
   3.3983056e-02
   3.1891165e-02
   2.9771019e-02
   3.1203493e-02
   3.2857738e-02
   3.2520237e-02
   2.9569808e-02
   3.1570457e-02
   3.1734979e-02
   3.1728498e-02
   3.4799674e-02
   3.1133039e-02
   3.0110361e-02
   3.1068424e-02
   3.1051177e-02
   3.2783894e-02
   3.2721594e-02
   3.4658322e-02
   3.0838538e-02
   3.5117304e-02
   3.4158499e-02
   3.3709204e-02
   3.2329181e-02
   2.8284561e-02
   2.8063684e-02
   3.1641596e-02
   3.4662737e-02
   3.4815083e-02
   3.4724526e-02
   2.7962048e-02
   3.3448777e-02
   3.0655171e-02
   3.1679315e-02
   3.0836444e-02
   3.3641123e-02
   3.0114685e-02
   2.8388595e-02
   3.1726325e-02
   3.3053060e-02
   3.0720119e-02
   3.4017822e-02
   3.3014657e-02
   3.0729211e-02
   3.1362123e-02
   3.0913841e-02
   3.0422692e-02
   2.9496065e-02
   2.8635902e-02
   2.9549120e-02
   2.7905071e-02
   3.2409195e-02
   3.0814441e-02
   3.0713342e-02
   3.1832304e-02
   3.4367547e-02
   2.9840481e-02
   2.9663472e-02
   2.8896055e-02
   3.0837914e-02
   3.4355725e-02
   3.0871956e-02
   2.9753944e-02
   3.1457449e-02
   3.4399292e-02
   3.1237721e-02
   2.9038814e-02
   3.3977395e-02
   3.4712032e-02
   2.8242644e-02
   3.2956132e-02
   3.2798900e-02
   2.8942065e-02
   3.5044866e-02
   2.9284459e-02
   3.2822507e-02
   3.4507350e-02
   3.1215720e-02
   3.0414365e-02
   2.7578153e-02
   2.9797892e-02
   2.9832191e-02
   3.0510568e-02
   3.4873378e-02
   2.8527015e-02
   3.1394189e-02
   2.9732306e-02
   3.2814528e-02
   2.8807042e-02
   3.0914429e-02
   2.9603020e-02
   3.1020559e-02
   3.0052003e-02
   3.0276023e-02
   3.5241634e-02
   2.9461534e-02
   3.4736355e-02
   3.4055353e-02
   3.1109540e-02
   2.9128555e-02
   2.8839709e-02
   3.3890808e-02
   3.0535996e-02
   3.4767354e-02
   3.0890560e-02
   2.7771075e-02
   3.3248614e-02
   2.8243281e-02
