   1.4257941e-02
   1.5666254e-02
   1.5651047e-02
   1.6285083e-02
   1.3939121e-02
   1.4526739e-02
   1.4194006e-02
   1.4921075e-02
   1.5759643e-02
   1.4333676e-02
   1.5705184e-02
   1.6729728e-02
   1.4326225e-02
   1.3780391e-02
   1.5550723e-02
   1.5826613e-02
   1.5577777e-02
   1.4561729e-02
   1.4115582e-02
   1.3927983e-02
   1.6139994e-02
   1.5938942e-02
   1.3705379e-02
   1.6354015e-02
   1.6450790e-02
   1.4386842e-02
   1.3757220e-02
   1.6000768e-02
   1.6172892e-02
   1.5064937e-02
   1.4026720e-02
   1.3849621e-02
   1.6191554e-02
   1.4001446e-02
   1.5431947e-02
   1.6561939e-02
   1.6039068e-02
   1.4662329e-02
   1.6445792e-02
   1.4034941e-02
   1.6257734e-02
   1.4265940e-02
   1.5864565e-02
   1.5586540e-02
   1.5294868e-02
   1.5871617e-02
   1.5739896e-02
   1.5491682e-02
   1.5130805e-02
   1.5559998e-02
   1.4578412e-02
   1.4361133e-02
   1.3818234e-02
   1.6353920e-02
   1.5076866e-02
   1.3945910e-02
   1.4888369e-02
   1.4722935e-02
   1.4718645e-02
   1.5069499e-02
   1.5789393e-02
   1.5196543e-02
   1.6274602e-02
   1.6377276e-02
   1.6727262e-02
   1.4603311e-02
   1.6148097e-02
   1.4453484e-02
   1.6237524e-02
   1.5243549e-02
   1.4879170e-02
   1.5709568e-02
   1.4444717e-02
   1.5068272e-02
   1.5563917e-02
   1.6539867e-02
   1.4181099e-02
   1.3872157e-02
   1.5743653e-02
   1.5064066e-02
   1.3899735e-02
   1.6628687e-02
   1.5254203e-02
   1.6044603e-02
   1.4774800e-02
   1.5127070e-02
   1.4235382e-02
   1.4287813e-02
   1.5502504e-02
   1.4541771e-02
   1.5169206e-02
   1.6529031e-02
   1.4942672e-02
   1.4530103e-02
   1.3886108e-02
   1.5839143e-02
   1.5519708e-02
   1.6773507e-02
   1.5238478e-02
   1.4554442e-02
   1.5006930e-02
   1.4561891e-02
   1.3644673e-02
   1.5580188e-02
   1.5977495e-02
   1.6543371e-02
   1.5877905e-02
   1.5787798e-02
   1.4545378e-02
   1.4136906e-02
   1.5130910e-02
   1.5902643e-02
   1.5206669e-02
   1.4045641e-02
   1.6626783e-02
   1.4374721e-02
   1.5771253e-02
   1.6084436e-02
   1.4668069e-02
   1.5524446e-02
   1.5540059e-02
   1.5800700e-02
   1.6444212e-02
   1.5347808e-02
   1.5894525e-02
   1.4486566e-02
   1.3773132e-02
   1.3695937e-02
   1.6661977e-02
   1.5586761e-02
   1.5230688e-02
   1.3634479e-02
   1.3878304e-02
   1.4107621e-02
   1.4632893e-02
   1.4111381e-02
   1.4587671e-02
   1.4612104e-02
   1.3886061e-02
   1.6347916e-02
   1.3803852e-02
   1.6608356e-02
   1.4213403e-02
   1.5693611e-02
   1.5801028e-02
   1.5206115e-02
   1.6012394e-02
   1.6300170e-02
   1.4696340e-02
   1.6494466e-02
   1.6349053e-02
   1.5890175e-02
   1.5955465e-02
   1.5345809e-02
   1.3688525e-02
   1.5689735e-02
   1.6487978e-02
   1.3891879e-02
   1.3966446e-02
   1.4257871e-02
   1.5109898e-02
   1.4014170e-02
   1.5207055e-02
   1.5191770e-02
   1.6290808e-02
   1.4208303e-02
   1.4404651e-02
   1.5986315e-02
   1.3663077e-02
   1.4234092e-02
   1.4034652e-02
   1.6231584e-02
   1.5379042e-02
   1.6509697e-02
   1.4701363e-02
   1.4667481e-02
   1.4974603e-02
   1.5830599e-02
   1.5746971e-02
   1.6074732e-02
   1.4693184e-02
   1.4756926e-02
   1.5539934e-02
   1.6327288e-02
   1.3780168e-02
   1.4615695e-02
   1.5093460e-02
   1.5817970e-02
   1.3761683e-02
   1.4378252e-02
   1.5699544e-02
   1.4657981e-02
   1.4973788e-02
   1.4376467e-02
   1.4317133e-02
   1.4967189e-02
   1.5064576e-02
   1.3869371e-02
   1.4315456e-02
   1.5405799e-02
   1.5178974e-02
   1.5928506e-02
   1.5983988e-02
   1.6093205e-02
   1.6534102e-02
   1.6522956e-02
   1.4637839e-02
   1.4242442e-02
   1.4111793e-02
   1.3784503e-02
   1.6784125e-02
   1.5530512e-02
   1.5043249e-02
   1.4390296e-02
   1.5210569e-02
   1.4693304e-02
   1.5902739e-02
   1.4085524e-02
   1.6248511e-02
   1.4109600e-02
   1.4487251e-02
   1.4328836e-02
   1.6547663e-02
   1.6485425e-02
   1.6090489e-02
   1.5355576e-02
   1.5147360e-02
   1.4733625e-02
   1.5719808e-02
   1.5242917e-02
   1.4100802e-02
   1.4436734e-02
   1.5293970e-02
   1.3653256e-02
   1.4899776e-02
   1.3839655e-02
   1.5275349e-02
   1.5701476e-02
   1.5060680e-02
   1.5195050e-02
   1.3669614e-02
   1.5282153e-02
   1.3995935e-02
   1.5471796e-02
   1.3969162e-02
   1.5912373e-02
   1.3932741e-02
   1.6532075e-02
   1.4257625e-02
   1.4363271e-02
   1.4867277e-02
   1.4774836e-02
   1.4352712e-02
   1.5995348e-02
   1.5771914e-02
   1.5431509e-02
   1.5179338e-02
   1.6279131e-02
   1.3821574e-02
   1.3772295e-02
   1.6567154e-02
   1.6710513e-02
   1.4709990e-02
   1.6504302e-02
   1.4107772e-02
   1.4216001e-02
   1.3919539e-02
   1.4128477e-02
   1.6364742e-02
   1.5968994e-02
   1.4752852e-02
   1.5899348e-02
   1.5689757e-02
   1.5047718e-02
   1.6098080e-02
   1.4692405e-02
   1.6433976e-02
   1.4028684e-02
   1.4802984e-02
   1.5378540e-02
   1.4903374e-02
   1.4366496e-02
   1.6093142e-02
   1.5330458e-02
   1.3961054e-02
   1.4022054e-02
   1.5706954e-02
   1.6619477e-02
   1.5064700e-02
   1.5857618e-02
   1.3663734e-02
   1.4401488e-02
   1.6153193e-02
   1.5638928e-02
   1.6688778e-02
   1.5853522e-02
   1.6440153e-02
   1.5810260e-02
   1.3738538e-02
   1.3952532e-02
