   1.6790340e-02
   1.7171601e-02
   1.7314772e-02
   1.6192277e-02
   1.6992838e-02
   1.5127887e-02
   1.6617734e-02
   1.6264606e-02
   1.6815257e-02
   1.5670711e-02
   1.5569008e-02
   1.6925784e-02
   1.5759295e-02
   1.5579812e-02
   1.5477705e-02
   1.6744188e-02
   1.5266569e-02
   1.7154036e-02
   1.6394617e-02
   1.5909927e-02
   1.7045755e-02
   1.5791654e-02
   1.6491207e-02
   1.5521553e-02
   1.6114897e-02
   1.5775062e-02
   1.6970648e-02
   1.6086480e-02
   1.6844480e-02
   1.5634303e-02
   1.5640387e-02
   1.5386042e-02
   1.5876327e-02
   1.6436718e-02
   1.5398317e-02
   1.6243616e-02
   1.7173849e-02
   1.6113034e-02
   1.6703263e-02
   1.5437465e-02
   1.6467373e-02
   1.6427019e-02
   1.6067953e-02
   1.5327298e-02
   1.7011464e-02
   1.5732191e-02
   1.5392122e-02
   1.7181357e-02
   1.6081969e-02
   1.5182579e-02
   1.7160942e-02
   1.5540845e-02
   1.6851551e-02
   1.5167553e-02
   1.5584248e-02
   1.5623069e-02
   1.6922634e-02
   1.6273364e-02
   1.6900123e-02
   1.5469240e-02
   1.5996930e-02
   1.6210120e-02
   1.6476473e-02
   1.7160832e-02
   1.5128233e-02
   1.6505146e-02
   1.6768562e-02
   1.6758648e-02
   1.7155104e-02
   1.5813114e-02
   1.6443301e-02
   1.5946578e-02
   1.6049591e-02
   1.6948372e-02
   1.7218004e-02
   1.6662486e-02
   1.7163149e-02
   1.6537247e-02
   1.7178132e-02
   1.7069536e-02
   1.6349133e-02
   1.6785716e-02
   1.5713801e-02
   1.6955327e-02
   1.6788148e-02
   1.6213563e-02
   1.6499580e-02
   1.6525020e-02
   1.5124905e-02
   1.6163568e-02
   1.5747508e-02
   1.7324044e-02
   1.5639805e-02
   1.6287094e-02
   1.5563013e-02
   1.6346614e-02
   1.5500001e-02
   1.6466423e-02
   1.6281551e-02
   1.6152629e-02
   1.6014694e-02
   1.5419451e-02
   1.6221127e-02
   1.5707834e-02
   1.6809367e-02
   1.6079642e-02
   1.5731400e-02
   1.5348875e-02
   1.7250664e-02
   1.7099215e-02
   1.7308001e-02
   1.7282591e-02
   1.5662773e-02
   1.6983816e-02
   1.5780046e-02
   1.6253101e-02
   1.6865656e-02
   1.6222164e-02
   1.5341504e-02
   1.5967940e-02
   1.6346684e-02
   1.6838515e-02
   1.6777470e-02
   1.6321088e-02
   1.6577759e-02
   1.5734965e-02
   1.6225280e-02
   1.6322163e-02
   1.5594569e-02
   1.6082125e-02
   1.5541791e-02
   1.6620720e-02
   1.7089115e-02
   1.6823164e-02
   1.5122090e-02
   1.5358157e-02
   1.5438862e-02
   1.5437731e-02
   1.7300403e-02
   1.6461545e-02
   1.6512704e-02
   1.5461397e-02
   1.6659037e-02
   1.6131385e-02
   1.6312425e-02
   1.6536686e-02
   1.6393636e-02
   1.7011697e-02
   1.5687661e-02
   1.6544122e-02
   1.6788472e-02
   1.7178723e-02
   1.6307351e-02
   1.5285248e-02
   1.6554734e-02
   1.7286285e-02
   1.7245097e-02
   1.7155678e-02
   1.6030143e-02
   1.5246562e-02
   1.6399645e-02
   1.5493238e-02
   1.5179542e-02
   1.6947707e-02
   1.6225275e-02
   1.7142405e-02
   1.6192754e-02
   1.5392843e-02
   1.5471473e-02
   1.5590650e-02
   1.5373644e-02
   1.7021161e-02
   1.6437704e-02
   1.6186363e-02
   1.6211964e-02
   1.6689600e-02
   1.6604834e-02
   1.5804275e-02
   1.6039347e-02
   1.5794676e-02
   1.6522190e-02
   1.6789944e-02
   1.6473475e-02
   1.6129201e-02
   1.6072814e-02
   1.6023663e-02
   1.5170849e-02
   1.6767960e-02
   1.5696350e-02
   1.6082174e-02
   1.6351934e-02
   1.6066571e-02
   1.7129581e-02
   1.5574136e-02
   1.6318629e-02
   1.5714705e-02
   1.7226160e-02
   1.5949245e-02
   1.7318163e-02
   1.5609621e-02
   1.6706806e-02
   1.6536417e-02
   1.6586228e-02
   1.6653063e-02
   1.6187027e-02
   1.5474275e-02
   1.5408776e-02
   1.6440506e-02
   1.6078971e-02
   1.6503599e-02
   1.5269229e-02
   1.6309976e-02
   1.6023452e-02
   1.6449255e-02
   1.5657504e-02
   1.5128183e-02
   1.6697470e-02
   1.6523748e-02
   1.5167546e-02
   1.6334268e-02
   1.6528200e-02
   1.5468763e-02
   1.6337270e-02
   1.6354812e-02
   1.6288208e-02
   1.6456414e-02
   1.5676237e-02
   1.7146220e-02
   1.6219739e-02
   1.6376988e-02
   1.6706986e-02
   1.5931352e-02
   1.6045733e-02
   1.6270145e-02
   1.6808845e-02
   1.5182367e-02
   1.6192451e-02
   1.5549639e-02
   1.5679907e-02
   1.7107320e-02
   1.5249558e-02
   1.5865731e-02
   1.5285536e-02
   1.5715453e-02
   1.5690322e-02
   1.5608286e-02
   1.6038214e-02
   1.7261062e-02
   1.5325283e-02
   1.5593240e-02
   1.5928501e-02
   1.6992215e-02
   1.6159208e-02
   1.5819349e-02
   1.5796200e-02
   1.6519918e-02
   1.6559431e-02
   1.5210330e-02
   1.6143702e-02
   1.5864199e-02
   1.5926440e-02
   1.6258882e-02
   1.5682210e-02
   1.6880036e-02
   1.5761483e-02
   1.7006189e-02
   1.6962775e-02
   1.5636960e-02
   1.6956194e-02
   1.5974125e-02
   1.7200061e-02
   1.5508128e-02
   1.6358516e-02
   1.7138332e-02
   1.6376932e-02
   1.6237615e-02
   1.6107222e-02
   1.5743752e-02
   1.6423921e-02
   1.6225819e-02
   1.5112681e-02
   1.6906427e-02
   1.6407532e-02
   1.7152585e-02
   1.7306537e-02
   1.7061584e-02
   1.5185552e-02
   1.5783330e-02
   1.6343213e-02
   1.5999749e-02
   1.5779376e-02
   1.6240199e-02
   1.6064363e-02
   1.5692550e-02
   1.6377490e-02
   1.7090725e-02
   1.5136789e-02
   1.5799476e-02
   1.6270653e-02
   1.7258710e-02
