   6.6428764e-02
   7.4117340e-02
   7.7383996e-02
   7.0486868e-02
   7.5932147e-02
   6.7390693e-02
   7.0445604e-02
   7.5961868e-02
   6.9296337e-02
   7.2270337e-02
   6.8887723e-02
   7.2072688e-02
   7.6689540e-02
   7.0000507e-02
   6.9799186e-02
   7.4746712e-02
   7.6179416e-02
   7.2265661e-02
   6.9678266e-02
   8.0561098e-02
   6.5637507e-02
   6.3885905e-02
   7.8645761e-02
   7.4631742e-02
   7.7053728e-02
   6.7409104e-02
   7.0147170e-02
   6.5341772e-02
   6.9801016e-02
   7.3549775e-02
   7.3160800e-02
   6.9998286e-02
   6.9612719e-02
   7.1715826e-02
   7.5853121e-02
   7.2906515e-02
   7.4715837e-02
   7.3113146e-02
   7.0004925e-02
   6.6496890e-02
   6.9539500e-02
   6.6351903e-02
   6.7784736e-02
   7.2358424e-02
   6.8346696e-02
   7.1425343e-02
   6.5687463e-02
   7.2780095e-02
   7.2368279e-02
   6.7520525e-02
   7.6049821e-02
   7.0343447e-02
   7.0274927e-02
   7.7530111e-02
   7.4398341e-02
   7.0343563e-02
   6.8627419e-02
   7.2785184e-02
   7.2460496e-02
   7.1411008e-02
   7.3281745e-02
   6.6507798e-02
   7.0675395e-02
   7.8455386e-02
   7.3043309e-02
   7.0332300e-02
   7.0247922e-02
   7.5728901e-02
   7.0192604e-02
   6.8260787e-02
   7.0751120e-02
   6.5028779e-02
   7.0221646e-02
   7.1442364e-02
   6.9568708e-02
   6.9968668e-02
   7.0340634e-02
   7.6222563e-02
   6.9761416e-02
   7.2320645e-02
   6.8869724e-02
   7.2799626e-02
   7.6733715e-02
   7.5621227e-02
   7.2680882e-02
   7.0065634e-02
   7.7363978e-02
   6.9699525e-02
   7.0500524e-02
   7.5619430e-02
   6.7083787e-02
   7.1591635e-02
   6.6553687e-02
   7.3336619e-02
   6.8239376e-02
   7.0890994e-02
   6.8681922e-02
   6.4009150e-02
   7.6220136e-02
   6.4510779e-02
   6.9420838e-02
   7.0855775e-02
   7.0669300e-02
   6.9063303e-02
   7.1634339e-02
   8.1202789e-02
   7.1563629e-02
   6.8115659e-02
   6.9146155e-02
   7.1581022e-02
   7.1278151e-02
   6.8435957e-02
   6.8943271e-02
   6.9638671e-02
   6.9748830e-02
   7.6424414e-02
   7.2454497e-02
   6.8281160e-02
   8.2356444e-02
   6.9267909e-02
   7.1019811e-02
   6.9991743e-02
   6.9169431e-02
   7.6761539e-02
   7.2994872e-02
   7.2336013e-02
   7.2169062e-02
   6.6503258e-02
   7.5202847e-02
   7.3056190e-02
   7.0352454e-02
   7.2772601e-02
   7.1184446e-02
   6.9510565e-02
   7.0681525e-02
   6.7046814e-02
   6.9121744e-02
   7.6101552e-02
   7.2255821e-02
   7.2737453e-02
   6.8877990e-02
   7.2778497e-02
   7.6828397e-02
   7.0639865e-02
   7.1101781e-02
   6.9871507e-02
   6.7839298e-02
   7.0268899e-02
   6.9822942e-02
   6.9741636e-02
   7.4891128e-02
   7.1844704e-02
   7.6539927e-02
   7.3807736e-02
   7.0546717e-02
   6.9036325e-02
   6.8761765e-02
   7.0843087e-02
   7.5860970e-02
   7.4124529e-02
   7.2981690e-02
   6.5742087e-02
   7.0460720e-02
   7.3494796e-02
   7.0034415e-02
   7.3604761e-02
   8.1666338e-02
   7.0256593e-02
   7.9413495e-02
   7.4529513e-02
   6.7111328e-02
   7.3093536e-02
   7.0094753e-02
   6.5656602e-02
   7.3669798e-02
   7.2348397e-02
   7.6616549e-02
   7.0518076e-02
   7.0677081e-02
   6.8929739e-02
   7.0661656e-02
   7.1538387e-02
   7.5958500e-02
   6.9103895e-02
   6.6572213e-02
   7.2502662e-02
   7.1015250e-02
   6.9490023e-02
   7.0740262e-02
   6.9413351e-02
   7.3848641e-02
   7.1409178e-02
   6.9212113e-02
   7.2293433e-02
   7.0472562e-02
   7.5976319e-02
   7.5101032e-02
   7.2541818e-02
   7.2786199e-02
   7.0038740e-02
   6.6759507e-02
   7.6821652e-02
   6.8922259e-02
   6.9770116e-02
   7.1415410e-02
   6.7130576e-02
   6.7460511e-02
   6.9334914e-02
   6.9706219e-02
   7.1337398e-02
   7.1634882e-02
   7.5965613e-02
   6.5796565e-02
   7.0676462e-02
   7.3105863e-02
   7.1111085e-02
   6.7026312e-02
   8.0858431e-02
   6.8370938e-02
   7.2503877e-02
   7.1914206e-02
   7.3628632e-02
   6.9798034e-02
   7.0872371e-02
   6.9736373e-02
   7.0833875e-02
   7.2492365e-02
   6.4574184e-02
   7.6389709e-02
   7.5642742e-02
   7.3865477e-02
   6.9400512e-02
   7.4020973e-02
   6.7180971e-02
   7.5004073e-02
   6.7418773e-02
   7.2914021e-02
   6.8220945e-02
   6.7304558e-02
   7.1151398e-02
   7.0702482e-02
   6.8246649e-02
   7.6186195e-02
   6.7121621e-02
   7.0220225e-02
   7.2311490e-02
   7.1522785e-02
   7.3271762e-02
   6.9717534e-02
   7.1836127e-02
   7.4354609e-02
   6.8580258e-02
   7.8548754e-02
   7.2453696e-02
   6.5938904e-02
   7.1841702e-02
   6.6149718e-02
   7.3972953e-02
   6.7060807e-02
   7.5112384e-02
   7.2296544e-02
   7.0384044e-02
   7.1064982e-02
   7.0921771e-02
   6.3868847e-02
   7.1639782e-02
   7.6595461e-02
   6.5597771e-02
   6.6759337e-02
   7.2218044e-02
   7.5422500e-02
   7.2526655e-02
   6.8543001e-02
   7.0458250e-02
   7.7480647e-02
   7.1209047e-02
   7.0293322e-02
   7.1528183e-02
   6.8737181e-02
   7.5307456e-02
   6.5679429e-02
   7.2175080e-02
   7.5672789e-02
   6.8774121e-02
   7.5838764e-02
   7.6679063e-02
   6.6646524e-02
   7.3304856e-02
   7.4069482e-02
   6.7611403e-02
   6.9953714e-02
   6.8445955e-02
   7.2864302e-02
   7.3128773e-02
   7.5232016e-02
   7.2757751e-02
   6.6732695e-02
   6.7303114e-02
   7.2752373e-02
   7.4730514e-02
