   1.9444819e-02
   1.7289070e-02
   2.2460545e-02
   2.2589648e-02
   1.9497202e-02
   1.7830311e-02
   1.7877393e-02
   1.9330151e-02
   2.1315029e-02
   1.8865017e-02
   1.9663202e-02
   2.1736212e-02
   1.9351047e-02
   2.0232637e-02
   1.9103215e-02
   2.0023843e-02
   1.8071296e-02
   1.6751130e-02
   2.2046387e-02
   1.9867787e-02
   1.7988674e-02
   1.6683999e-02
   2.1431799e-02
   2.2005440e-02
   2.0530040e-02
   2.0454571e-02
   1.8271326e-02
   1.8149436e-02
   2.4003140e-02
   2.3101675e-02
   2.0433784e-02
   2.0249976e-02
   2.2053188e-02
   2.0908128e-02
   1.7690018e-02
   2.0740565e-02
   2.2652628e-02
   2.0138669e-02
   2.7544288e-02
   2.1523436e-02
   1.7343927e-02
   1.7039440e-02
   1.5713677e-02
   1.8420537e-02
   1.5778921e-02
   2.2737620e-02
   2.4514903e-02
   1.7471644e-02
   2.4104841e-02
   1.8989357e-02
   1.8994513e-02
   1.7332290e-02
   1.7107502e-02
   1.6110483e-02
   1.6345351e-02
   1.8624468e-02
   1.6015368e-02
   2.1266316e-02
   1.8471795e-02
   1.6375356e-02
   1.6776651e-02
   2.1248538e-02
   1.9767544e-02
   1.8161609e-02
   1.6814695e-02
   2.4786378e-02
   2.2410783e-02
   1.9456274e-02
   1.7352597e-02
   1.7900311e-02
   1.7688446e-02
   1.9032219e-02
   2.2661741e-02
   1.9551541e-02
   1.6786539e-02
   1.9588262e-02
   1.6425324e-02
   2.5527508e-02
   2.1365346e-02
   1.7882309e-02
   1.7828521e-02
   1.7415321e-02
   1.7538541e-02
   2.0174106e-02
   1.7983139e-02
   2.1593093e-02
   1.5688244e-02
   2.1043727e-02
   1.9699230e-02
   1.8990745e-02
   2.3196688e-02
   2.0045723e-02
   1.5554350e-02
   2.2348763e-02
   2.0261505e-02
   2.4985102e-02
   1.8869550e-02
   2.0413351e-02
   1.8829915e-02
   1.7971529e-02
   2.0580307e-02
   1.8759179e-02
   1.8038136e-02
   2.0874487e-02
   2.2641216e-02
   2.0574436e-02
   2.4506690e-02
   2.1560696e-02
   1.8252712e-02
   2.3697828e-02
   2.1428101e-02
   2.2258309e-02
   1.6846653e-02
   2.3876159e-02
   2.4479374e-02
   2.0200912e-02
   1.6688548e-02
   1.6198197e-02
   1.8399397e-02
   2.0087207e-02
   1.8262109e-02
   2.3821842e-02
   2.5305202e-02
   1.5403749e-02
   2.1810857e-02
   1.9151627e-02
   1.6913933e-02
   2.1406130e-02
   1.7684903e-02
   2.3206275e-02
   2.0332651e-02
   1.5646102e-02
   1.5949843e-02
   1.5331423e-02
   1.5377343e-02
   1.9509468e-02
   1.7603642e-02
   2.2933850e-02
   1.8047682e-02
   1.8276682e-02
   2.2365542e-02
   1.8013470e-02
   1.8128951e-02
   1.7651950e-02
   1.6150667e-02
   1.8151983e-02
   1.9679657e-02
   2.1337520e-02
   1.7346052e-02
   1.6845875e-02
   2.0184778e-02
   2.6164970e-02
   1.7985515e-02
   1.5975652e-02
   1.5840975e-02
   1.7788127e-02
   1.5498141e-02
   1.9279424e-02
   2.6476187e-02
   1.8955634e-02
   2.4399150e-02
   1.7948619e-02
   1.6765549e-02
   1.7979655e-02
   1.8216597e-02
   2.0513043e-02
   2.4693068e-02
   2.0774218e-02
   1.5926270e-02
   1.6553293e-02
   1.8137813e-02
   1.8350160e-02
   1.9688500e-02
   2.1719981e-02
   2.1054603e-02
   2.0173158e-02
   2.2489885e-02
   1.6897463e-02
   1.8201077e-02
   2.4844934e-02
   1.7240336e-02
   2.5375114e-02
   1.8488857e-02
   1.6836301e-02
   1.8545740e-02
   1.9691885e-02
   2.3128841e-02
   2.0298928e-02
   2.5697479e-02
   1.9085987e-02
   2.2961750e-02
   1.5771827e-02
   1.5800474e-02
   1.7841988e-02
   2.1143705e-02
   1.9705837e-02
   2.3222272e-02
   1.5207859e-02
   1.7116735e-02
   2.5345026e-02
   1.9624803e-02
   1.7121182e-02
   1.8593068e-02
   2.4341955e-02
   2.5772989e-02
   2.2337193e-02
   2.3124323e-02
   1.6783081e-02
   1.9934841e-02
   2.3624470e-02
   2.1194612e-02
   2.0284189e-02
   2.1879548e-02
   1.6446254e-02
   2.1660445e-02
   1.9203923e-02
   2.0523596e-02
   2.4024052e-02
   1.9678537e-02
   2.0588632e-02
   1.8601926e-02
   1.8918344e-02
   2.1854477e-02
   2.3248749e-02
   2.3914200e-02
   1.6983387e-02
   1.7578853e-02
   2.1778026e-02
   2.1592010e-02
   1.9574196e-02
   2.2148192e-02
   1.8132935e-02
   2.1936242e-02
   1.7989331e-02
   2.1598946e-02
   2.4661476e-02
   1.7636272e-02
   1.8486146e-02
   1.8469312e-02
   1.7695784e-02
   2.1680417e-02
   1.8514971e-02
   2.2371314e-02
   2.7346071e-02
   2.7007396e-02
   2.1148017e-02
   2.4295907e-02
   2.2125898e-02
   1.8159534e-02
   1.8341475e-02
   1.6773493e-02
   1.8169840e-02
   2.2068112e-02
   1.7665446e-02
   2.2539668e-02
   2.0714434e-02
   2.1687251e-02
   2.0695175e-02
   1.6458055e-02
   2.0575859e-02
   1.5714723e-02
   2.5206969e-02
   2.3285301e-02
   2.2024655e-02
   2.5437972e-02
   1.7662654e-02
   2.0313633e-02
   2.5190112e-02
   2.2185012e-02
   2.1930488e-02
   1.7546097e-02
   1.5443017e-02
   2.1087877e-02
   1.6679672e-02
   2.6042920e-02
   2.0238235e-02
   1.9343274e-02
   2.3518778e-02
   1.8691885e-02
   1.9395950e-02
   1.7636824e-02
   2.0111226e-02
   1.7541384e-02
   2.1295176e-02
   2.0666089e-02
   2.2647557e-02
   2.5465926e-02
   2.0188958e-02
   1.8505107e-02
   2.3176304e-02
   1.6822735e-02
   2.0797377e-02
   2.0159657e-02
   2.5440653e-02
   2.4941462e-02
   1.8873059e-02
   1.9645105e-02
   1.9547361e-02
   1.6924265e-02
   1.8711302e-02
