   1.1360646e-02
   1.0988647e-02
   1.1008189e-02
   1.0670194e-02
   1.0858362e-02
   1.0646626e-02
   1.0648676e-02
   1.1560607e-02
   1.1129158e-02
   1.0776326e-02
   1.1557279e-02
   1.1561090e-02
   1.1557185e-02
   1.1223294e-02
   1.0904311e-02
   1.1262836e-02
   1.1010385e-02
   1.1162256e-02
   1.0663354e-02
   1.0656510e-02
   1.0747747e-02
   1.0653519e-02
   1.1434367e-02
   1.1559394e-02
   1.1348394e-02
   1.1260890e-02
   1.1558587e-02
   1.0677829e-02
   1.1460083e-02
   1.1488270e-02
   1.1128341e-02
   1.0933008e-02
   1.0987348e-02
   1.0712082e-02
   1.0744437e-02
   1.1503535e-02
   1.0664624e-02
   1.0655812e-02
   1.0800854e-02
   1.1127888e-02
   1.1559071e-02
   1.0714546e-02
   1.0963599e-02
   1.0701199e-02
   1.1288276e-02
   1.0945814e-02
   1.1015829e-02
   1.1406178e-02
   1.1133796e-02
   1.1353766e-02
   1.0964922e-02
   1.1462951e-02
   1.0672899e-02
   1.0928710e-02
   1.0808756e-02
   1.0721692e-02
   1.1217501e-02
   1.1258077e-02
   1.0779761e-02
   1.1247668e-02
   1.1553494e-02
   1.1301017e-02
   1.1531413e-02
   1.0848735e-02
   1.0678630e-02
   1.0945934e-02
   1.1191435e-02
   1.0740558e-02
   1.0863367e-02
   1.0900082e-02
   1.1448918e-02
   1.0680779e-02
   1.0951351e-02
   1.0915874e-02
   1.0692838e-02
   1.1030535e-02
   1.1538704e-02
   1.1073801e-02
   1.1147751e-02
   1.1559331e-02
   1.0645345e-02
   1.1007186e-02
   1.0736834e-02
   1.1484677e-02
   1.1226528e-02
   1.1296672e-02
   1.0817530e-02
   1.0681540e-02
   1.1194099e-02
   1.1117925e-02
   1.1448967e-02
   1.1549941e-02
   1.1108266e-02
   1.1405457e-02
   1.0915967e-02
   1.1550684e-02
   1.0705557e-02
   1.1113804e-02
   1.1120292e-02
   1.1557971e-02
   1.1481483e-02
   1.1203866e-02
   1.1559612e-02
   1.0695184e-02
   1.1429222e-02
   1.0946361e-02
   1.1555283e-02
   1.1196169e-02
   1.1557068e-02
   1.1325586e-02
   1.1355824e-02
   1.1010141e-02
   1.0716200e-02
   1.0948409e-02
   1.1550698e-02
   1.1309843e-02
   1.1439284e-02
   1.0646983e-02
   1.1218770e-02
   1.0769327e-02
   1.1267641e-02
   1.1518477e-02
   1.0911572e-02
   1.1086430e-02
   1.1289255e-02
   1.1178658e-02
   1.1316125e-02
   1.0731082e-02
   1.1208894e-02
   1.1057125e-02
   1.0803696e-02
   1.0835396e-02
   1.1210106e-02
   1.1557191e-02
   1.1068503e-02
   1.1089933e-02
   1.1255645e-02
   1.0783324e-02
   1.0785661e-02
   1.1104903e-02
   1.0679423e-02
   1.1529847e-02
   1.1250189e-02
   1.0647863e-02
   1.1324707e-02
   1.1119777e-02
   1.1548213e-02
   1.0761404e-02
   1.1285652e-02
   1.0999058e-02
   1.0661785e-02
   1.1346533e-02
   1.1430127e-02
   1.0947718e-02
   1.1561549e-02
   1.0844715e-02
   1.1507083e-02
   1.1149039e-02
   1.1243130e-02
   1.0651168e-02
   1.1206833e-02
   1.1156079e-02
   1.1030722e-02
   1.0641390e-02
   1.1139963e-02
   1.1220392e-02
   1.1127805e-02
   1.0656650e-02
   1.0691812e-02
   1.1211917e-02
   1.0759138e-02
   1.1378631e-02
   1.1552147e-02
   1.1528519e-02
   1.0817865e-02
   1.0799314e-02
   1.1113816e-02
   1.0832329e-02
   1.0892015e-02
   1.1071975e-02
   1.1416787e-02
   1.1360010e-02
   1.1340307e-02
   1.0831495e-02
   1.0767181e-02
   1.0697331e-02
   1.1087551e-02
   1.0647511e-02
   1.0646809e-02
   1.0686517e-02
   1.0678761e-02
   1.1229443e-02
   1.0643665e-02
   1.1280644e-02
   1.0963459e-02
   1.1145992e-02
   1.0731539e-02
   1.1540391e-02
   1.0788445e-02
   1.1554487e-02
   1.0648269e-02
   1.1555524e-02
   1.0647239e-02
   1.0699377e-02
   1.0686197e-02
   1.1427290e-02
   1.1465268e-02
   1.0750567e-02
   1.0646576e-02
   1.0928510e-02
   1.1410510e-02
   1.1147737e-02
   1.1516160e-02
   1.0821282e-02
   1.1092910e-02
   1.0943017e-02
   1.1282085e-02
   1.0823836e-02
   1.0675251e-02
   1.1479075e-02
   1.1039882e-02
   1.0853837e-02
   1.0836522e-02
   1.1160705e-02
   1.1489618e-02
   1.1543597e-02
   1.1520704e-02
   1.1511690e-02
   1.1093725e-02
   1.1540703e-02
   1.1265246e-02
   1.1550017e-02
   1.1178633e-02
   1.1557453e-02
   1.1054339e-02
   1.1142210e-02
   1.0648381e-02
   1.1504294e-02
   1.0674468e-02
   1.1363265e-02
   1.0877202e-02
   1.1504669e-02
   1.1365141e-02
   1.0745420e-02
   1.1556345e-02
   1.0644176e-02
   1.1360889e-02
   1.1199301e-02
   1.1173948e-02
   1.1378922e-02
   1.1104277e-02
   1.1292514e-02
   1.0663301e-02
   1.1281424e-02
   1.1161277e-02
   1.1019352e-02
   1.0739022e-02
   1.0767342e-02
   1.1059605e-02
   1.1500452e-02
   1.0670217e-02
   1.1201625e-02
   1.0912332e-02
   1.1084415e-02
   1.0673644e-02
   1.1352971e-02
   1.1157715e-02
   1.1558748e-02
   1.1557186e-02
   1.1300098e-02
   1.0826017e-02
   1.0827344e-02
   1.1309396e-02
   1.1222406e-02
   1.0648136e-02
   1.0718870e-02
   1.0675333e-02
   1.0648665e-02
   1.1417106e-02
   1.0895096e-02
   1.1557243e-02
   1.1395129e-02
   1.1213783e-02
   1.1170160e-02
   1.1485966e-02
   1.1556219e-02
   1.1054103e-02
   1.1413562e-02
   1.1190455e-02
   1.1109160e-02
   1.1208551e-02
   1.1148869e-02
   1.0892001e-02
   1.0758010e-02
   1.0875673e-02
   1.1555785e-02
   1.0988574e-02
   1.0766309e-02
   1.0655425e-02
   1.0960359e-02
