   3.5821044e-02
   2.9187273e-02
   2.9624474e-02
   3.0106710e-02
   3.0797226e-02
   3.1050097e-02
   3.1924552e-02
   3.5854731e-02
   3.6119268e-02
   3.2867169e-02
   2.9411504e-02
   2.1712638e-02
   3.5314089e-02
   2.7004547e-02
   3.1237878e-02
   3.0941973e-02
   3.5924714e-02
   3.5789014e-02
   3.3914854e-02
   2.5781073e-02
   2.9902018e-02
   3.2206424e-02
   3.3206531e-02
   3.1909231e-02
   3.0338923e-02
   3.0952332e-02
   2.1823757e-02
   3.2708442e-02
   3.0194643e-02
   3.4949811e-02
   3.2131181e-02
   3.0650797e-02
   2.9451220e-02
   3.6678921e-02
   2.9226855e-02
   3.2379712e-02
   2.4581384e-02
   3.0223900e-02
   3.6795733e-02
   3.5487657e-02
   3.0320643e-02
   3.2281840e-02
   3.3537755e-02
   2.9362540e-02
   4.0129783e-02
   3.2116614e-02
   2.9418373e-02
   2.9505805e-02
   2.9690736e-02
   3.2891594e-02
   2.9485035e-02
   3.0635192e-02
   3.4848710e-02
   2.9266751e-02
   3.8570641e-02
   2.2659268e-02
   3.0935038e-02
   3.6196203e-02
   3.1689634e-02
   3.2250214e-02
   3.1352491e-02
   3.1567255e-02
   3.7828944e-02
   2.9226674e-02
   2.8958281e-02
   3.0633468e-02
   3.8510546e-02
   3.7713864e-02
   3.0925667e-02
   3.4148308e-02
   3.3016554e-02
   3.3006057e-02
   2.9974808e-02
   2.9462407e-02
   2.4301282e-02
   3.1603873e-02
   3.5196806e-02
   3.5482552e-02
   3.1492713e-02
   3.0039896e-02
   3.4636471e-02
   3.6433852e-02
   3.7870337e-02
   2.8109182e-02
   3.7866312e-02
   3.3119350e-02
   3.5981523e-02
   3.7958866e-02
   3.6514852e-02
   3.7493503e-02
   2.9741721e-02
   3.3834922e-02
   2.5746884e-02
   3.1457931e-02
   3.2791901e-02
   3.8373020e-02
   2.7028902e-02
   2.9228717e-02
   2.8375799e-02
   3.9399430e-02
   3.0519449e-02
   3.2052248e-02
   3.0257346e-02
   3.1369870e-02
   3.0013758e-02
   2.7897374e-02
   2.7512695e-02
   3.1797088e-02
   3.1801090e-02
   3.3476391e-02
   3.2787829e-02
   3.2976145e-02
   3.1634749e-02
   2.9749794e-02
   3.2129744e-02
   2.3618984e-02
   3.1895179e-02
   2.9152290e-02
   3.4867020e-02
   3.1279637e-02
   2.9391919e-02
   3.5439369e-02
   3.8166678e-02
   3.8687044e-02
   3.9935233e-02
   2.4514752e-02
   3.1639260e-02
   3.0302125e-02
   3.1088584e-02
   2.9526965e-02
   3.6412295e-02
   3.3314616e-02
   3.1917104e-02
   3.0126762e-02
   2.9945201e-02
   3.1196203e-02
   3.3937250e-02
   3.7864058e-02
   3.4762164e-02
   2.8792417e-02
   3.6782637e-02
   3.9578282e-02
   2.9958601e-02
   3.8003351e-02
   3.3336359e-02
   3.5787719e-02
   3.0698349e-02
   3.4343809e-02
   3.0107833e-02
   2.9626914e-02
   3.0761310e-02
   2.5103100e-02
   3.1327584e-02
   2.9430968e-02
   3.1879759e-02
   3.2552556e-02
   3.4649878e-02
   2.9362639e-02
   2.8019676e-02
   3.3008762e-02
   3.9227264e-02
   3.7075745e-02
   3.8460287e-02
   3.7193521e-02
   2.9053205e-02
   3.2061312e-02
   2.9902389e-02
   3.0460887e-02
   2.7241177e-02
   3.7005334e-02
   3.8908925e-02
   3.1887918e-02
   3.7607541e-02
   3.9868365e-02
   3.6643647e-02
   3.5792152e-02
   3.4272612e-02
   3.7080276e-02
   2.9811734e-02
   3.3226195e-02
   3.2824935e-02
   3.9093239e-02
   3.2620765e-02
   3.2667691e-02
   3.1069740e-02
   3.2377643e-02
   3.2500784e-02
   2.7725197e-02
   3.7242963e-02
   2.4305014e-02
   3.3039690e-02
   3.4343936e-02
   2.7044083e-02
   2.4983140e-02
   3.2599670e-02
   3.4207320e-02
   3.0068680e-02
   3.1718616e-02
   3.1071080e-02
   3.1924486e-02
   3.6592687e-02
   3.2478902e-02
   3.0222773e-02
   3.3619104e-02
   3.5273476e-02
   2.9306336e-02
   3.1991005e-02
   3.6280296e-02
   3.2466940e-02
   3.5414400e-02
   2.9210996e-02
   3.2351034e-02
   3.7443277e-02
   2.7149893e-02
   2.6603465e-02
   3.1180737e-02
   3.0185910e-02
   3.0059244e-02
   3.2137962e-02
   3.6207482e-02
   2.9471992e-02
   3.4248563e-02
   3.2418562e-02
   2.9678520e-02
   3.5805626e-02
   2.2523181e-02
   3.5344385e-02
   2.7133658e-02
   3.7835954e-02
   2.5415569e-02
   3.0213586e-02
   2.7955403e-02
   3.3625504e-02
   3.4606040e-02
   2.8227866e-02
   3.5192476e-02
   2.9719613e-02
   3.4416377e-02
   2.9677551e-02
   3.3466925e-02
   2.2422159e-02
   3.3068785e-02
   2.9949072e-02
   3.6536156e-02
   3.0195335e-02
   3.3057284e-02
   2.9149479e-02
   2.7394153e-02
   2.9795440e-02
   3.4087181e-02
   3.4255403e-02
   3.1742548e-02
   2.9439965e-02
   3.4743829e-02
   3.5778166e-02
   2.9201846e-02
   3.1860551e-02
   3.6553431e-02
   3.0195044e-02
   3.7771545e-02
   2.3674930e-02
   3.5213287e-02
   3.0100317e-02
   2.7202990e-02
   3.1398561e-02
   3.4414169e-02
   2.2443181e-02
   2.9317779e-02
   3.0850359e-02
   3.6608336e-02
   2.9620121e-02
   3.1388606e-02
   3.1500155e-02
   2.3640120e-02
   3.1451310e-02
   3.3127955e-02
   3.7232943e-02
   3.2423051e-02
   3.1333307e-02
   3.0651542e-02
   3.1971054e-02
   2.7692894e-02
   3.4486485e-02
   3.5118682e-02
   3.2718684e-02
   3.8564583e-02
   2.9124595e-02
   2.5723618e-02
   2.9282255e-02
   3.5150229e-02
   3.2054383e-02
   3.6167470e-02
   3.5489225e-02
   3.2541697e-02
   3.0250138e-02
   3.5307176e-02
   2.7535089e-02
   3.6313690e-02
   3.4135230e-02
   3.1397906e-02
