   1.7692459e-01
   1.8098411e-01
   1.7587260e-01
   1.8163647e-01
   1.7753655e-01
   1.6720879e-01
   1.8108906e-01
   1.6561345e-01
   1.6882936e-01
   1.7546889e-01
   1.6691494e-01
   1.6544518e-01
   1.7679774e-01
   1.6239107e-01
   1.6763015e-01
   1.7999540e-01
   1.7886917e-01
   1.7976620e-01
   1.8139026e-01
   1.7326665e-01
   1.8583423e-01
   1.7428242e-01
   1.8522319e-01
   1.6911058e-01
   1.6468409e-01
   1.7987235e-01
   1.7436048e-01
   1.7705736e-01
   1.8408757e-01
   1.7028626e-01
   1.8026464e-01
   1.7029072e-01
   1.7809373e-01
   1.7018456e-01
   1.6406044e-01
   1.7751793e-01
   1.8151409e-01
   1.6656654e-01
   1.7691383e-01
   1.7795986e-01
   1.7066539e-01
   1.8253093e-01
   1.6669328e-01
   1.6148861e-01
   1.8074537e-01
   1.8445688e-01
   1.8198612e-01
   1.8397494e-01
   1.7861697e-01
   1.8248229e-01
   1.7733370e-01
   1.6551162e-01
   1.7908369e-01
   1.7354535e-01
   1.7614858e-01
   1.8479939e-01
   1.7775877e-01
   1.7693394e-01
   1.7711238e-01
   1.6734709e-01
   1.6892505e-01
   1.7684243e-01
   1.8551130e-01
   1.6552788e-01
   1.8002753e-01
   1.8406202e-01
   1.6603150e-01
   1.7417787e-01
   1.7459425e-01
   1.7206984e-01
   1.7343330e-01
   1.6758110e-01
   1.7285437e-01
   1.7708387e-01
   1.7283287e-01
   1.7173672e-01
   1.6582591e-01
   1.7697208e-01
   1.7306136e-01
   1.7520389e-01
   1.7392860e-01
   1.7476221e-01
   1.7345849e-01
   1.7859892e-01
   1.7211197e-01
   1.6679795e-01
   1.7487508e-01
   1.7529121e-01
   1.6817939e-01
   1.6760786e-01
   1.7189703e-01
   1.6577588e-01
   1.8224267e-01
   1.8266713e-01
   1.7884310e-01
   1.7195395e-01
   1.6705477e-01
   1.7205677e-01
   1.7904970e-01
   1.7450736e-01
   1.6268838e-01
   1.6757030e-01
   1.8496171e-01
   1.7309350e-01
   1.7374017e-01
   1.7446119e-01
   1.7764095e-01
   1.7239834e-01
   1.7948825e-01
   1.8093633e-01
   1.7672559e-01
   1.6663312e-01
   1.7473437e-01
   1.7129089e-01
   1.6069776e-01
   1.7825616e-01
   1.7787105e-01
   1.7271022e-01
   1.7172167e-01
   1.6842571e-01
   1.6812886e-01
   1.7373576e-01
   1.8442689e-01
   1.6937721e-01
   1.7769436e-01
   1.7739093e-01
   1.7129055e-01
   1.8445309e-01
   1.7130195e-01
   1.8348530e-01
   1.7426563e-01
   1.7716226e-01
   1.7809643e-01
   1.7740194e-01
   1.6807419e-01
   1.6543144e-01
   1.7205643e-01
   1.6576404e-01
   1.8385299e-01
   1.7506957e-01
   1.8299928e-01
   1.7419058e-01
   1.7770213e-01
   1.8515054e-01
   1.7353980e-01
   1.8129248e-01
   1.7691236e-01
   1.7481209e-01
   1.7799487e-01
   1.7414142e-01
   1.8566862e-01
   1.6379090e-01
   1.7719864e-01
   1.6511742e-01
   1.6559146e-01
   1.8054084e-01
   1.6669729e-01
   1.8389009e-01
   1.6923716e-01
   1.7380380e-01
   1.8325186e-01
   1.6497737e-01
   1.8564453e-01
   1.6893934e-01
   1.6572016e-01
   1.7670639e-01
   1.6716151e-01
   1.6792529e-01
   1.8365363e-01
   1.7374504e-01
   1.8191090e-01
   1.7776923e-01
   1.6731418e-01
   1.6840734e-01
   1.8458415e-01
   1.6688359e-01
   1.7283936e-01
   1.7039642e-01
   1.7270253e-01
   1.8603107e-01
   1.7427271e-01
   1.8240992e-01
   1.7509463e-01
   1.7728392e-01
   1.6763851e-01
   1.7805212e-01
   1.7745477e-01
   1.6665306e-01
   1.8190187e-01
   1.7648112e-01
   1.7896106e-01
   1.6724169e-01
   1.6889189e-01
   1.7853295e-01
   1.6948328e-01
   1.7438726e-01
   1.7350436e-01
   1.6563294e-01
   1.6774232e-01
   1.7754349e-01
   1.6931341e-01
   1.6913328e-01
   1.7626356e-01
   1.6102484e-01
   1.7466852e-01
   1.7823810e-01
   1.6612328e-01
   1.7481859e-01
   1.7697922e-01
   1.8406254e-01
   1.6984348e-01
   1.6629531e-01
   1.6877445e-01
   1.7786194e-01
   1.7373403e-01
   1.6074130e-01
   1.6899920e-01
   1.6621839e-01
   1.7355956e-01
   1.7959140e-01
   1.6636918e-01
   1.6661990e-01
   1.7888193e-01
   1.8462570e-01
   1.6457736e-01
   1.7583083e-01
   1.7700007e-01
   1.7091616e-01
   1.7408898e-01
   1.6591206e-01
   1.6258594e-01
   1.6882995e-01
   1.7944449e-01
   1.6407283e-01
   1.6353073e-01
   1.6593879e-01
   1.7119032e-01
   1.6953208e-01
   1.7530699e-01
   1.6928307e-01
   1.7625869e-01
   1.6682923e-01
   1.6159282e-01
   1.7334795e-01
   1.7416375e-01
   1.6617074e-01
   1.7323848e-01
   1.6670177e-01
   1.7443531e-01
   1.7027062e-01
   1.8323167e-01
   1.8249979e-01
   1.7234705e-01
   1.6789008e-01
   1.7388419e-01
   1.7678740e-01
   1.7111314e-01
   1.6918301e-01
   1.7458346e-01
   1.6876525e-01
   1.7034045e-01
   1.6686855e-01
   1.7955246e-01
   1.7485427e-01
   1.7840940e-01
   1.7744346e-01
   1.8283031e-01
   1.7432697e-01
   1.7547651e-01
   1.6765587e-01
   1.6418277e-01
   1.6578419e-01
   1.6971401e-01
   1.7737940e-01
   1.7162796e-01
   1.7991970e-01
   1.7871914e-01
   1.7303581e-01
   1.7875484e-01
   1.7902280e-01
   1.6328952e-01
   1.6658834e-01
   1.6559628e-01
   1.6386179e-01
   1.7434808e-01
   1.7556533e-01
   1.7406971e-01
   1.7841389e-01
   1.7747074e-01
   1.7327310e-01
   1.7544971e-01
   1.8323497e-01
   1.8035948e-01
   1.7450235e-01
   1.7099990e-01
   1.7582859e-01
   1.6625063e-01
   1.7769908e-01
   1.8094290e-01
   1.7414294e-01
