   2.4534352e-02
   2.4229267e-02
   2.4905274e-02
   2.4976270e-02
   2.4308700e-02
   2.4852680e-02
   2.4894429e-02
   2.4823265e-02
   2.4136911e-02
   2.4972429e-02
   2.4833807e-02
   2.4300891e-02
   2.4872913e-02
   2.4782127e-02
   2.4080213e-02
   2.4198822e-02
   2.5024181e-02
   2.4866825e-02
   2.4020697e-02
   2.5029788e-02
   2.4386209e-02
   2.4019236e-02
   2.4150020e-02
   2.4836001e-02
   2.5208015e-02
   2.4018664e-02
   2.4989035e-02
   2.5129748e-02
   2.4569215e-02
   2.4235488e-02
   2.4788742e-02
   2.5310049e-02
   2.5009468e-02
   2.4093443e-02
   2.4076645e-02
   2.4813644e-02
   2.4968713e-02
   2.4375672e-02
   2.4424905e-02
   2.5411132e-02
   2.4383770e-02
   2.4771533e-02
   2.4765672e-02
   2.5020691e-02
   2.4504975e-02
   2.3874607e-02
   2.4987073e-02
   2.3993025e-02
   2.4218321e-02
   2.4992473e-02
   2.4511397e-02
   2.5072743e-02
   2.4734624e-02
   2.4809310e-02
   2.4759545e-02
   2.3830892e-02
   2.5031811e-02
   2.5133974e-02
   2.5111047e-02
   2.4298550e-02
   2.4687935e-02
   2.4271288e-02
   2.4137635e-02
   2.4327931e-02
   2.4107940e-02
   2.5403069e-02
   2.4338839e-02
   2.4763531e-02
   2.4153921e-02
   2.5216698e-02
   2.4045899e-02
   2.5115868e-02
   2.3890474e-02
   2.4844050e-02
   2.5409670e-02
   2.4514659e-02
   2.5070854e-02
   2.4005559e-02
   2.4131978e-02
   2.5272320e-02
   2.4249332e-02
   2.4434133e-02
   2.5086932e-02
   2.5113367e-02
   2.3863955e-02
   2.4847656e-02
   2.5107084e-02
   2.5055125e-02
   2.3927136e-02
   2.5070676e-02
   2.5041081e-02
   2.4553907e-02
   2.5005735e-02
   2.4880176e-02
   2.4844131e-02
   2.4735172e-02
   2.5008362e-02
   2.4141594e-02
   2.4579959e-02
   2.5198977e-02
   2.4494990e-02
   2.4129210e-02
   2.4582080e-02
   2.5329547e-02
   2.4031950e-02
   2.4640407e-02
   2.4950745e-02
   2.4141867e-02
   2.3948605e-02
   2.4217261e-02
   2.4814372e-02
   2.5074180e-02
   2.5095989e-02
   2.3906196e-02
   2.4452903e-02
   2.4450204e-02
   2.4994947e-02
   2.5137002e-02
   2.4751375e-02
   2.3948102e-02
   2.4166447e-02
   2.4992878e-02
   2.4277554e-02
   2.4040387e-02
   2.4795907e-02
   2.4241679e-02
   2.5323652e-02
   2.4630405e-02
   2.5029956e-02
   2.3898178e-02
   2.4826233e-02
   2.5069432e-02
   2.4120829e-02
   2.4303947e-02
   2.3986569e-02
   2.4385131e-02
   2.4787316e-02
   2.4656795e-02
   2.5160230e-02
   2.4741539e-02
   2.5046986e-02
   2.5088396e-02
   2.3938901e-02
   2.4518300e-02
   2.4106177e-02
   2.4219282e-02
   2.4345948e-02
   2.4368716e-02
   2.5071283e-02
   2.4171733e-02
   2.4159316e-02
   2.5085491e-02
   2.5038258e-02
   2.4690478e-02
   2.4861007e-02
   2.5034054e-02
   2.5025717e-02
   2.5336247e-02
   2.4439640e-02
   2.4394012e-02
   2.4430740e-02
   2.4199556e-02
   2.4319294e-02
   2.4648546e-02
   2.4030548e-02
   2.3902687e-02
   2.5160833e-02
   2.4529182e-02
   2.4752152e-02
   2.4228647e-02
   2.4040919e-02
   2.4003556e-02
   2.4475648e-02
   2.5236085e-02
   2.4574787e-02
   2.4229329e-02
   2.4238859e-02
   2.4823182e-02
   2.5056704e-02
   2.4464967e-02
   2.4359412e-02
   2.5037807e-02
   2.5202042e-02
   2.4078971e-02
   2.5435990e-02
   2.4943348e-02
   2.4774005e-02
   2.4550142e-02
   2.4482505e-02
   2.3995510e-02
   2.5407163e-02
   2.4226800e-02
   2.5402071e-02
   2.4105313e-02
   2.4076651e-02
   2.4054753e-02
   2.4251259e-02
   2.4019807e-02
   2.5157759e-02
   2.5057435e-02
   2.4433286e-02
   2.4850438e-02
   2.3975772e-02
   2.5153135e-02
   2.4013097e-02
   2.4470349e-02
   2.4190252e-02
   2.4211334e-02
   2.4797816e-02
   2.5014809e-02
   2.4357640e-02
   2.4877378e-02
   2.4986903e-02
   2.5167123e-02
   2.4129710e-02
   2.4874377e-02
   2.3945741e-02
   2.4196270e-02
   2.4137246e-02
   2.5030339e-02
   2.4913463e-02
   2.5136763e-02
   2.4842989e-02
   2.4750508e-02
   2.3854910e-02
   2.4244120e-02
   2.3929750e-02
   2.4123845e-02
   2.5192285e-02
   2.3944745e-02
   2.4908491e-02
   2.4081748e-02
   2.4856351e-02
   2.3994915e-02
   2.3926845e-02
   2.5125812e-02
   2.4136501e-02
   2.4395448e-02
   2.4925782e-02
   2.4126360e-02
   2.5071138e-02
   2.4763764e-02
   2.4648766e-02
   2.4767863e-02
   2.4367086e-02
   2.3830241e-02
   2.5251004e-02
   2.5407518e-02
   2.4964683e-02
   2.4016261e-02
   2.3880413e-02
   2.4319525e-02
   2.5410111e-02
   2.4721923e-02
   2.4043996e-02
   2.4451009e-02
   2.3948108e-02
   2.4364620e-02
   2.4120316e-02
   2.3925052e-02
   2.5217878e-02
   2.3832710e-02
   2.4808405e-02
   2.4427771e-02
   2.4949289e-02
   2.5056065e-02
   2.5024016e-02
   2.4852596e-02
   2.4502916e-02
   2.5421187e-02
   2.4402593e-02
   2.4928392e-02
   2.4939547e-02
   2.4955050e-02
   2.4995991e-02
   2.5098343e-02
   2.4804323e-02
   2.4150259e-02
   2.4074379e-02
   2.5179129e-02
   2.4812048e-02
   2.4904477e-02
   2.4767869e-02
   2.4870601e-02
   2.4145671e-02
   2.4692298e-02
   2.4605490e-02
   2.4736766e-02
   2.5338137e-02
   2.4201209e-02
   2.4108009e-02
   2.4804373e-02
   2.4181438e-02
   2.4550141e-02
   2.4959823e-02
   2.5403312e-02
   2.4361660e-02
   2.3939067e-02
   2.4235119e-02
   2.4125621e-02
