   2.7628885e-02
   2.7643116e-02
   2.7205968e-02
   2.4338425e-02
   2.5157271e-02
   2.6764757e-02
   2.7167905e-02
   2.7038007e-02
   2.7150938e-02
   2.5573555e-02
   2.3488226e-02
   2.4989630e-02
   2.7691615e-02
   2.6873976e-02
   2.6970058e-02
   2.4204798e-02
   2.4910869e-02
   2.5900953e-02
   2.6829244e-02
   2.5785246e-02
   2.6365377e-02
   2.7407168e-02
   2.6506043e-02
   2.7171426e-02
   2.7486756e-02
   2.5089733e-02
   2.7138112e-02
   2.6428987e-02
   2.6158030e-02
   2.6655748e-02
   2.6415041e-02
   2.4497147e-02
   2.6509760e-02
   2.4956572e-02
   2.4848819e-02
   2.3896339e-02
   2.7453035e-02
   2.7828283e-02
   2.7494365e-02
   2.7179660e-02
   2.6352477e-02
   2.7233681e-02
   2.4787149e-02
   2.5777876e-02
   2.7579862e-02
   2.5481720e-02
   2.5253805e-02
   2.7542221e-02
   2.3807243e-02
   2.7674002e-02
   2.6427047e-02
   2.7788603e-02
   2.5549798e-02
   2.5094009e-02
   2.5361196e-02
   2.4731882e-02
   2.6379421e-02
   2.5359161e-02
   2.7387975e-02
   2.7546517e-02
   2.6395268e-02
   2.7812626e-02
   2.4722172e-02
   2.4369188e-02
   2.6821683e-02
   2.7050800e-02
   2.6044557e-02
   2.7321039e-02
   2.4937677e-02
   2.6542690e-02
   2.6938623e-02
   2.7050287e-02
   2.6428187e-02
   2.7212848e-02
   2.6567523e-02
   2.4769797e-02
   2.3566127e-02
   2.6718093e-02
   2.6388585e-02
   2.7253759e-02
   2.6179065e-02
   2.7428390e-02
   2.7564520e-02
   2.7117417e-02
   2.7237888e-02
   2.7616933e-02
   2.4851232e-02
   2.7018894e-02
   2.7447310e-02
   2.4633775e-02
   2.4960052e-02
   2.4887301e-02
   2.7067931e-02
   2.7573794e-02
   2.7187856e-02
   2.6834367e-02
   2.6429860e-02
   2.4510989e-02
   2.6405686e-02
   2.4442430e-02
   2.5665071e-02
   2.7463953e-02
   2.7633318e-02
   2.5280589e-02
   2.7631004e-02
   2.4849055e-02
   2.5714019e-02
   2.5743229e-02
   2.7208814e-02
   2.6743491e-02
   2.4990057e-02
   2.6407569e-02
   2.7820265e-02
   2.4796667e-02
   2.6748330e-02
   2.7644959e-02
   2.7448306e-02
   2.5643714e-02
   2.6487929e-02
   2.7035778e-02
   2.4264279e-02
   2.7036622e-02
   2.7113601e-02
   2.7034132e-02
   2.7514355e-02
   2.7084251e-02
   2.7358708e-02
   2.7674242e-02
   2.3674291e-02
   2.6610648e-02
   2.7783172e-02
   2.6966865e-02
   2.6230200e-02
   2.3397951e-02
   2.6322756e-02
   2.6742785e-02
   2.7659434e-02
   2.7482038e-02
   2.4400006e-02
   2.5300376e-02
   2.7146195e-02
   2.7710034e-02
   2.6351053e-02
   2.4162887e-02
   2.4913080e-02
   2.4974695e-02
   2.7062766e-02
   2.3644229e-02
   2.6843550e-02
   2.6209834e-02
   2.7147045e-02
   2.7555909e-02
   2.7443104e-02
   2.4634797e-02
   2.7253638e-02
   2.5842177e-02
   2.4130789e-02
   2.3746623e-02
   2.7732941e-02
   2.7036927e-02
   2.6791920e-02
   2.7358335e-02
   2.7082761e-02
   2.5855559e-02
   2.7692397e-02
   2.4785910e-02
   2.5845806e-02
   2.6592115e-02
   2.6892197e-02
   2.5773583e-02
   2.5962953e-02
   2.7203466e-02
   2.4556531e-02
   2.7312289e-02
   2.7090102e-02
   2.5663547e-02
   2.7432948e-02
   2.4779447e-02
   2.7376777e-02
   2.6452704e-02
   2.4162346e-02
   2.7086179e-02
   2.4055113e-02
   2.6171543e-02
   2.7727827e-02
   2.7203640e-02
   2.7142543e-02
   2.7418474e-02
   2.6805572e-02
   2.7441212e-02
   2.7217398e-02
   2.7519031e-02
   2.4539499e-02
   2.7628908e-02
   2.7557321e-02
   2.6286686e-02
   2.6326672e-02
   2.3876985e-02
   2.7864237e-02
   2.4854600e-02
   2.6803986e-02
   2.5007237e-02
   2.5716669e-02
   2.5762546e-02
   2.5281889e-02
   2.4248282e-02
   2.6935011e-02
   2.7165041e-02
   2.7283196e-02
   2.7445444e-02
   2.7425013e-02
   2.5418359e-02
   2.6991730e-02
   2.3833405e-02
   2.7734818e-02
   2.6311920e-02
   2.7554437e-02
   2.7318003e-02
   2.4893257e-02
   2.4199390e-02
   2.7149052e-02
   2.4993128e-02
   2.7725037e-02
   2.7183275e-02
   2.4583388e-02
   2.6481607e-02
   2.3344138e-02
   2.7730300e-02
   2.7530695e-02
   2.7605113e-02
   2.4428301e-02
   2.6947374e-02
   2.3951839e-02
   2.6021941e-02
   2.6025565e-02
   2.7745951e-02
   2.7144239e-02
   2.7159949e-02
   2.5134258e-02
   2.4806635e-02
   2.6081948e-02
   2.7537623e-02
   2.7254737e-02
   2.6685215e-02
   2.4459005e-02
   2.6001067e-02
   2.3770198e-02
   2.5883201e-02
   2.7345304e-02
   2.4455177e-02
   2.7394147e-02
   2.7036978e-02
   2.4258611e-02
   2.7295038e-02
   2.6677000e-02
   2.7066198e-02
   2.6880332e-02
   2.7047779e-02
   2.4458788e-02
   2.6295885e-02
   2.3381899e-02
   2.7075239e-02
   2.5326481e-02
   2.5767700e-02
   2.3688745e-02
   2.4370508e-02
   2.6944340e-02
   2.5461372e-02
   2.7318828e-02
   2.4459589e-02
   2.6819131e-02
   2.7260440e-02
   2.5782360e-02
   2.7403091e-02
   2.7144749e-02
   2.7331371e-02
   2.6948167e-02
   2.7206323e-02
   2.7038598e-02
   2.6736228e-02
   2.7783626e-02
   2.4822397e-02
   2.6746464e-02
   2.7565058e-02
   2.6877053e-02
   2.7171899e-02
   2.7720093e-02
   2.7795056e-02
   2.5466472e-02
   2.5321860e-02
   2.5759686e-02
   2.7818006e-02
   2.5116885e-02
   2.6027704e-02
   2.7386382e-02
   2.7307505e-02
   2.4419675e-02
   2.3197111e-02
   2.5990818e-02
   2.6932731e-02
