   1.9009581e-01
   1.8693713e-01
   1.8751555e-01
   1.8825217e-01
   1.9273998e-01
   1.8906527e-01
   1.8639916e-01
   1.8940993e-01
   1.9255604e-01
   1.9915679e-01
   1.8726400e-01
   1.9620309e-01
   1.8749622e-01
   1.8733586e-01
   1.8845427e-01
   1.8672324e-01
   1.8609291e-01
   1.8539208e-01
   1.8778550e-01
   1.8574962e-01
   1.9164189e-01
   1.9397344e-01
   1.8751384e-01
   1.9088740e-01
   1.8632813e-01
   1.9671191e-01
   1.8765690e-01
   1.8981194e-01
   1.8543256e-01
   1.8569058e-01
   1.8952428e-01
   1.9266130e-01
   1.8639443e-01
   1.9286556e-01
   1.9161840e-01
   1.9172034e-01
   1.8927399e-01
   1.8723498e-01
   1.8634616e-01
   1.8731338e-01
   1.8665192e-01
   1.8583420e-01
   1.8537514e-01
   1.8678320e-01
   1.8757501e-01
   1.9091831e-01
   1.8644267e-01
   1.9054194e-01
   1.8621340e-01
   1.8972675e-01
   2.0018321e-01
   1.8952008e-01
   1.9572151e-01
   1.9646898e-01
   1.8740216e-01
   1.8536102e-01
   1.8709789e-01
   1.8690282e-01
   1.8731723e-01
   1.8991707e-01
   1.8590689e-01
   1.8810275e-01
   1.8703566e-01
   1.9743981e-01
   1.9231095e-01
   1.9130676e-01
   1.8698656e-01
   1.8981183e-01
   1.8530071e-01
   1.9068419e-01
   1.9612426e-01
   1.8638558e-01
   1.8770236e-01
   1.9157828e-01
   1.8721120e-01
   1.8850859e-01
   1.8712749e-01
   1.8507712e-01
   1.9421876e-01
   1.8528704e-01
   1.8830059e-01
   1.8858783e-01
   1.9134674e-01
   1.8790533e-01
   1.8994372e-01
   1.9700775e-01
   1.9655481e-01
   1.8538548e-01
   1.8823450e-01
   1.8845826e-01
   1.8891291e-01
   1.8531123e-01
   1.8621567e-01
   1.8756588e-01
   1.8502402e-01
   1.8484473e-01
   1.9097153e-01
   1.8561709e-01
   1.8897586e-01
   1.8699550e-01
   1.9146268e-01
   1.8595347e-01
   1.8960978e-01
   1.8584763e-01
   1.8828191e-01
   1.8964731e-01
   1.8513281e-01
   1.8728963e-01
   1.8674350e-01
   1.8653705e-01
   1.8706844e-01
   1.8884989e-01
   1.9186117e-01
   1.9655087e-01
   1.9163995e-01
   1.9043196e-01
   1.9151170e-01
   1.9166866e-01
   1.9251876e-01
   1.8997357e-01
   1.8789845e-01
   2.0056392e-01
   1.8627812e-01
   1.8687403e-01
   1.8844000e-01
   1.8831239e-01
   1.8677511e-01
   1.8866185e-01
   1.8422094e-01
   1.8581635e-01
   1.8998200e-01
   1.8757170e-01
   1.9102409e-01
   1.8950499e-01
   1.8686260e-01
   1.8717750e-01
   1.9517924e-01
   1.8791903e-01
   1.8827581e-01
   1.9939809e-01
   1.8641364e-01
   1.9341525e-01
   1.9103422e-01
   1.8714068e-01
   1.8583053e-01
   1.9065358e-01
   1.9368998e-01
   1.8626124e-01
   1.9027808e-01
   1.8663965e-01
   1.8764491e-01
   1.8788318e-01
   1.9044022e-01
   1.8550828e-01
   1.8534231e-01
   1.9015923e-01
   1.8739533e-01
   1.8895460e-01
   1.8814229e-01
   1.8855674e-01
   1.8920956e-01
   1.8644589e-01
   1.8577361e-01
   1.8732776e-01
   1.8607680e-01
   1.8797841e-01
   1.9028562e-01
   1.8947697e-01
   1.8445285e-01
   1.8654944e-01
   1.9154195e-01
   1.8621343e-01
   1.8731781e-01
   1.8741888e-01
   1.8500590e-01
   1.8418136e-01
   1.9023929e-01
   1.9097116e-01
   1.8928752e-01
   1.8844918e-01
   1.8701747e-01
   1.8564706e-01
   1.9084302e-01
   1.8768840e-01
   1.9346588e-01
   1.8756371e-01
   1.8773848e-01
   1.8865108e-01
   1.8872272e-01
   1.8738230e-01
   1.8789147e-01
   1.8742072e-01
   1.8841817e-01
   1.8568952e-01
   1.8820367e-01
   1.8707106e-01
   1.9201024e-01
   1.8546525e-01
   1.9929188e-01
   1.8712265e-01
   1.8903367e-01
   1.8545985e-01
   1.8608997e-01
   1.9065474e-01
   1.8877254e-01
   1.8695040e-01
   1.8913366e-01
   1.9308058e-01
   1.9097529e-01
   1.8673457e-01
   1.8810988e-01
   1.8758913e-01
   1.8536153e-01
   1.8609585e-01
   1.9102114e-01
   1.8950999e-01
   1.8938332e-01
   1.8840267e-01
   1.8805898e-01
   1.9256764e-01
   1.8630422e-01
   1.8751346e-01
   1.9192710e-01
   1.8913271e-01
   1.9422940e-01
   1.9204009e-01
   1.8694742e-01
   1.9407994e-01
   1.8813542e-01
   1.9138910e-01
   1.8747190e-01
   1.9206384e-01
   1.8666647e-01
   1.8948019e-01
   1.9968821e-01
   1.9203793e-01
   1.8606069e-01
   1.8862264e-01
   1.8782124e-01
   1.8596171e-01
   1.8758363e-01
   1.8707290e-01
   1.8662086e-01
   1.8881310e-01
   1.8402752e-01
   1.9037248e-01
   1.9467851e-01
   1.8909817e-01
   1.8537499e-01
   1.8732520e-01
   1.9181668e-01
   1.9317673e-01
   1.8801293e-01
   1.8625099e-01
   1.8702914e-01
   1.9224946e-01
   1.8632841e-01
   1.9603824e-01
   1.8982047e-01
   1.9715272e-01
   1.8566015e-01
   1.8812748e-01
   1.8888622e-01
   1.8896940e-01
   1.8728142e-01
   1.9153829e-01
   1.8986502e-01
   1.9069503e-01
   1.8750042e-01
   1.9646136e-01
   1.8683570e-01
   1.8665869e-01
   1.8716505e-01
   1.8808350e-01
   1.8833777e-01
   1.8790597e-01
   1.9164469e-01
   1.8395714e-01
   1.8754994e-01
   1.9054929e-01
   1.8772569e-01
   1.8616717e-01
   1.8813683e-01
   1.9871709e-01
   1.9184494e-01
   1.8929372e-01
   1.8928744e-01
   1.9028450e-01
   1.9335141e-01
   1.9243704e-01
   1.9713252e-01
   1.8727794e-01
   1.8865864e-01
   1.9901751e-01
   1.9447561e-01
   1.8841496e-01
   1.8711285e-01
   1.8528846e-01
   1.9100650e-01
   1.8549088e-01
