   1.2505144e-02
   1.3536936e-02
   1.2020343e-02
   1.1561972e-02
   1.4586605e-02
   1.3136378e-02
   1.2839384e-02
   1.3763114e-02
   1.4001302e-02
   1.1155148e-02
   1.5015765e-02
   1.3895841e-02
   1.1198854e-02
   1.4656388e-02
   1.2533277e-02
   1.0914684e-02
   1.3034229e-02
   1.4113268e-02
   1.2218956e-02
   1.2398099e-02
   1.2678593e-02
   1.2759452e-02
   1.3035103e-02
   1.1231367e-02
   1.5038409e-02
   1.2231600e-02
   1.2264698e-02
   1.0727653e-02
   1.5798475e-02
   1.2671231e-02
   1.4007215e-02
   1.4767105e-02
   1.4215097e-02
   1.2233989e-02
   1.2355637e-02
   1.3563788e-02
   1.1552278e-02
   1.2044277e-02
   1.1199296e-02
   1.3018252e-02
   1.2564279e-02
   1.3862808e-02
   1.4415659e-02
   1.3255057e-02
   1.3221744e-02
   1.1968876e-02
   1.3402521e-02
   1.4212739e-02
   1.3982474e-02
   1.3887500e-02
   1.3873842e-02
   1.1628078e-02
   1.3362457e-02
   1.3093919e-02
   1.1752528e-02
   1.4372786e-02
   1.4308471e-02
   1.1533104e-02
   1.3811853e-02
   1.3738733e-02
   1.1010349e-02
   1.3829305e-02
   1.2026005e-02
   1.3087448e-02
   1.4856182e-02
   1.2840973e-02
   1.3850462e-02
   1.3524137e-02
   1.1694830e-02
   1.4739271e-02
   1.4625747e-02
   1.2750654e-02
   1.4704115e-02
   1.2860301e-02
   1.3848734e-02
   1.2570019e-02
   1.2125448e-02
   1.1581927e-02
   1.5626677e-02
   1.4275765e-02
   1.0675547e-02
   1.2569638e-02
   1.1852885e-02
   1.5017028e-02
   1.1362535e-02
   1.4372006e-02
   1.1881568e-02
   1.3644642e-02
   1.4688264e-02
   1.1211770e-02
   1.3831759e-02
   1.4595431e-02
   1.3802312e-02
   1.2050058e-02
   1.1015545e-02
   1.3223883e-02
   1.2525086e-02
   1.2620558e-02
   1.4634081e-02
   1.2650017e-02
   1.3830884e-02
   1.3627051e-02
   1.4605693e-02
   1.2691400e-02
   1.2891774e-02
   1.5305207e-02
   1.2830344e-02
   1.3019576e-02
   1.3917846e-02
   1.0900278e-02
   1.1308897e-02
   1.0968557e-02
   1.4986594e-02
   1.2816620e-02
   1.2501635e-02
   1.4159321e-02
   1.2940319e-02
   1.3454786e-02
   1.1188067e-02
   1.4321875e-02
   1.1072318e-02
   1.3900487e-02
   1.3023880e-02
   1.3766172e-02
   1.3897572e-02
   1.2894316e-02
   1.3092041e-02
   1.4787899e-02
   1.2911615e-02
   1.2236108e-02
   1.1787683e-02
   1.2773776e-02
   1.2092923e-02
   1.2409502e-02
   1.4244075e-02
   1.1154819e-02
   1.4693566e-02
   1.4611363e-02
   1.4291973e-02
   1.2591476e-02
   1.2830011e-02
   1.4052735e-02
   1.3932883e-02
   1.2621221e-02
   1.2272044e-02
   1.3132267e-02
   1.2592619e-02
   1.4752511e-02
   1.1209851e-02
   1.3386906e-02
   1.3292361e-02
   1.4829672e-02
   1.4858856e-02
   1.2118356e-02
   1.2906193e-02
   1.3586953e-02
   1.1516917e-02
   1.3715952e-02
   1.5981495e-02
   1.4064300e-02
   1.4736089e-02
   1.4118509e-02
   1.3408289e-02
   1.1389566e-02
   1.1883911e-02
   1.3066179e-02
   1.0780970e-02
   1.1353887e-02
   1.1416787e-02
   1.3051905e-02
   1.1960151e-02
   1.4642112e-02
   1.3665096e-02
   1.2312674e-02
   1.2999377e-02
   1.3925040e-02
   1.3164337e-02
   1.3414376e-02
   1.2462753e-02
   1.4482492e-02
   1.4779527e-02
   1.2363146e-02
   1.3883701e-02
   1.2539027e-02
   1.2816083e-02
   1.4195589e-02
   1.1999398e-02
   1.4019065e-02
   1.3661547e-02
   1.4811639e-02
   1.1246050e-02
   1.3130363e-02
   1.4803040e-02
   1.3582455e-02
   1.3214112e-02
   1.2650491e-02
   1.4289149e-02
   1.1158758e-02
   1.3123848e-02
   1.3122766e-02
   1.3906524e-02
   1.5101683e-02
   1.2941429e-02
   1.2020661e-02
   1.0949124e-02
   1.3428851e-02
   1.3967251e-02
   1.3331469e-02
   1.3156364e-02
   1.3064683e-02
   1.5807112e-02
   1.2000369e-02
   1.3823920e-02
   1.2638573e-02
   1.2850601e-02
   1.2833941e-02
   1.1184999e-02
   1.4751108e-02
   1.4448937e-02
   1.1098717e-02
   1.4046988e-02
   1.3721516e-02
   1.2846704e-02
   1.3365531e-02
   1.3981367e-02
   1.5440903e-02
   1.4671489e-02
   1.4920023e-02
   1.4605160e-02
   1.1952955e-02
   1.1943636e-02
   1.5291448e-02
   1.4440277e-02
   1.0842914e-02
   1.3689389e-02
   1.2006142e-02
   1.5141375e-02
   1.4035105e-02
   1.5283515e-02
   1.4663341e-02
   1.0987419e-02
   1.2632490e-02
   1.1087762e-02
   1.4406077e-02
   1.1241203e-02
   1.2430610e-02
   1.2208581e-02
   1.1938288e-02
   1.4817307e-02
   1.3010170e-02
   1.2252985e-02
   1.3240210e-02
   1.0746976e-02
   1.2767897e-02
   1.3524884e-02
   1.3980360e-02
   1.2256125e-02
   1.5291474e-02
   1.1987647e-02
   1.4553952e-02
   1.3387306e-02
   1.2492204e-02
   1.4863211e-02
   1.3876389e-02
   1.3869779e-02
   1.4587297e-02
   1.3645986e-02
   1.3589205e-02
   1.3308242e-02
   1.2707282e-02
   1.2153868e-02
   1.4969988e-02
   1.1075584e-02
   1.2346220e-02
   1.1823149e-02
   1.1644904e-02
   1.4880553e-02
   1.2267589e-02
   1.4745162e-02
   1.4650226e-02
   1.2667719e-02
   1.1653627e-02
   1.2807547e-02
   1.2785635e-02
   1.3669939e-02
   1.2292003e-02
   1.3662572e-02
   1.1115690e-02
   1.4349754e-02
   1.1223120e-02
   1.1928628e-02
   1.1385449e-02
   1.3908875e-02
   1.1759544e-02
   1.3048454e-02
   1.2215132e-02
   1.4778711e-02
   1.1761482e-02
   1.4053766e-02
   1.3665163e-02
