   2.2747776e-02
   2.0324281e-02
   1.9893936e-02
   2.7268377e-02
   2.1726649e-02
   2.4665559e-02
   2.2811375e-02
   2.7378494e-02
   2.5546178e-02
   2.1296493e-02
   2.0372079e-02
   2.0209122e-02
   2.2867253e-02
   1.9824212e-02
   2.0904500e-02
   2.5942344e-02
   2.0758617e-02
   2.7392413e-02
   2.6154137e-02
   2.6087712e-02
   2.6887502e-02
   1.9927609e-02
   2.5754960e-02
   2.1455739e-02
   2.3868864e-02
   2.0977468e-02
   2.1111979e-02
   2.0459742e-02
   2.2288367e-02
   2.1278207e-02
   2.1454729e-02
   2.6778231e-02
   2.1936438e-02
   2.1715447e-02
   2.3814421e-02
   2.1855474e-02
   2.5740578e-02
   2.0053378e-02
   2.0249867e-02
   2.1328589e-02
   2.6950027e-02
   2.4039344e-02
   2.5862819e-02
   2.0180324e-02
   1.9839579e-02
   2.6256434e-02
   2.3035020e-02
   2.3013669e-02
   2.4775789e-02
   1.9782827e-02
   1.9928810e-02
   2.4094787e-02
   2.2884622e-02
   2.1731194e-02
   2.0775042e-02
   2.0154630e-02
   2.0000640e-02
   2.5883011e-02
   2.1411066e-02
   2.2631044e-02
   1.9979798e-02
   2.1304383e-02
   2.4686262e-02
   1.9989553e-02
   2.5435906e-02
   2.6099369e-02
   2.4300481e-02
   2.5755399e-02
   2.0125653e-02
   2.2673084e-02
   2.0452093e-02
   2.3433850e-02
   2.3185888e-02
   2.2142179e-02
   2.0446784e-02
   2.5879950e-02
   2.4231797e-02
   2.2793186e-02
   2.5043664e-02
   2.1169570e-02
   2.6229209e-02
   2.0977702e-02
   2.6249572e-02
   2.0678987e-02
   2.0718750e-02
   2.3323360e-02
   2.1076467e-02
   2.0059683e-02
   2.1290215e-02
   2.1935931e-02
   1.9908157e-02
   2.3544816e-02
   2.1631899e-02
   2.5103019e-02
   2.4771365e-02
   2.1111582e-02
   2.0085781e-02
   2.4938519e-02
   2.2178458e-02
   2.5090843e-02
   2.3957474e-02
   2.5529579e-02
   2.0099501e-02
   2.0892582e-02
   2.6725834e-02
   2.1588989e-02
   2.1386974e-02
   2.5166608e-02
   2.0166129e-02
   2.0629167e-02
   2.4096674e-02
   2.5446998e-02
   2.2484793e-02
   2.4253789e-02
   2.0093406e-02
   2.5622374e-02
   2.0733619e-02
   2.2877334e-02
   2.0960124e-02
   2.6811547e-02
   2.4938747e-02
   2.0173024e-02
   2.6000481e-02
   2.5300484e-02
   2.7258122e-02
   2.6151470e-02
   2.7195012e-02
   2.1880064e-02
   2.5213249e-02
   2.0193280e-02
   2.4248953e-02
   1.9875419e-02
   2.0660087e-02
   2.6227812e-02
   2.1479335e-02
   2.1003645e-02
   2.2857978e-02
   2.2528235e-02
   2.5713612e-02
   2.0926946e-02
   1.9740416e-02
   2.6434217e-02
   2.1524801e-02
   2.0710901e-02
   2.0801201e-02
   1.9739762e-02
   2.3747597e-02
   2.5508324e-02
   2.7090473e-02
   2.4093738e-02
   2.1086212e-02
   2.4371906e-02
   2.6124862e-02
   1.9974462e-02
   2.2591065e-02
   2.1404638e-02
   2.0187334e-02
   2.3707370e-02
   2.2720627e-02
   2.0895790e-02
   2.5199341e-02
   2.5928449e-02
   2.2737415e-02
   2.4511705e-02
   2.1307299e-02
   2.6711216e-02
   2.1808663e-02
   2.6221091e-02
   2.0850263e-02
   2.1393510e-02
   2.3247062e-02
   2.3544827e-02
   1.9891815e-02
   2.7403715e-02
   2.6489131e-02
   2.0380153e-02
   2.0059558e-02
   2.7255406e-02
   2.1212062e-02
   2.1344921e-02
   2.4140336e-02
   2.4749744e-02
   2.5682636e-02
   2.6420781e-02
   2.6838218e-02
   2.4908701e-02
   2.0147484e-02
   2.3171351e-02
   2.3625383e-02
   2.3649375e-02
   2.6268371e-02
   2.4914967e-02
   2.0636517e-02
   2.0026714e-02
   2.4972607e-02
   2.3322204e-02
   2.6771641e-02
   2.1607852e-02
   2.6000559e-02
   2.1580109e-02
   2.3994311e-02
   2.0408686e-02
   2.7254632e-02
   2.3709038e-02
   2.5441200e-02
   2.0732851e-02
   2.0263763e-02
   2.1388074e-02
   2.2313633e-02
   2.4358528e-02
   2.5353618e-02
   2.0029768e-02
   2.4833733e-02
   2.2487371e-02
   2.5492685e-02
   2.6293197e-02
   2.3378345e-02
   2.6963738e-02
   1.9885522e-02
   2.1505201e-02
   2.1197543e-02
   2.1319461e-02
   2.3138252e-02
   2.0274258e-02
   2.3787946e-02
   2.4165008e-02
   2.2312174e-02
   2.0359361e-02
   2.7095116e-02
   2.4073297e-02
   2.3150667e-02
   2.4305078e-02
   2.2952940e-02
   2.4197860e-02
   2.5318237e-02
   2.0035482e-02
   2.0393491e-02
   2.6412165e-02
   2.3074952e-02
   2.0265596e-02
   2.4212294e-02
   2.0701771e-02
   2.6460113e-02
   2.1262664e-02
   2.2877618e-02
   2.6032394e-02
   2.1674730e-02
   2.0207117e-02
   2.5241114e-02
   2.6488199e-02
   2.6650136e-02
   2.1428532e-02
   2.5737944e-02
   2.5749263e-02
   2.5103808e-02
   2.6559044e-02
   2.0961157e-02
   2.1793044e-02
   2.6089729e-02
   2.3946260e-02
   2.1084538e-02
   2.1840708e-02
   2.2404835e-02
   2.2412434e-02
   2.6040889e-02
   2.2010375e-02
   2.3850556e-02
   2.3217655e-02
   2.5412026e-02
   2.1229666e-02
   2.2396342e-02
   2.0271957e-02
   1.9922123e-02
   2.1431570e-02
   2.5667013e-02
   2.2802291e-02
   1.9926932e-02
   2.7082335e-02
   2.0816788e-02
   2.4324751e-02
   2.0976879e-02
   2.3058587e-02
   2.7024512e-02
   2.0445210e-02
   2.0099110e-02
   2.0112854e-02
   2.1583574e-02
   2.5883326e-02
   2.0371941e-02
   2.0834585e-02
   2.7122536e-02
   2.6965704e-02
   2.3545329e-02
   2.1239416e-02
   2.3187376e-02
   1.9768425e-02
   1.9892247e-02
   2.4914310e-02
   2.2328208e-02
   2.0093128e-02
