   1.4937288e-01
   1.7142770e-01
   1.7118588e-01
   1.6136007e-01
   1.6909773e-01
   1.6114565e-01
   1.6258665e-01
   1.5517015e-01
   1.6611689e-01
   1.5705186e-01
   1.6756154e-01
   1.6482704e-01
   1.7299274e-01
   1.6961509e-01
   1.6190304e-01
   1.6621836e-01
   1.6328327e-01
   1.7278402e-01
   1.6790483e-01
   1.5517282e-01
   1.6506748e-01
   1.6916283e-01
   1.4912243e-01
   1.6718768e-01
   1.6491726e-01
   1.6798096e-01
   1.6844338e-01
   1.5166007e-01
   1.6877603e-01
   1.5633750e-01
   1.6034231e-01
   1.6829858e-01
   1.6789953e-01
   1.6005142e-01
   1.6469897e-01
   1.6944355e-01
   1.6318322e-01
   1.6263805e-01
   1.6516867e-01
   1.4348187e-01
   1.4295427e-01
   1.6564133e-01
   1.6349157e-01
   1.6154341e-01
   1.6044175e-01
   1.6234975e-01
   1.5665040e-01
   1.7332395e-01
   1.6649506e-01
   1.6248462e-01
   1.7264348e-01
   1.4952029e-01
   1.7159938e-01
   1.6684785e-01
   1.6046401e-01
   1.6552083e-01
   1.5844790e-01
   1.5727472e-01
   1.6751601e-01
   1.6057053e-01
   1.6480720e-01
   1.6846163e-01
   1.5459657e-01
   1.6218797e-01
   1.6845264e-01
   1.6278459e-01
   1.6457714e-01
   1.6161387e-01
   1.5163937e-01
   1.6623160e-01
   1.4820048e-01
   1.5445976e-01
   1.6936272e-01
   1.5404849e-01
   1.6640797e-01
   1.6413682e-01
   1.6851729e-01
   1.6630417e-01
   1.6779356e-01
   1.5644438e-01
   1.7256778e-01
   1.6321810e-01
   1.6737814e-01
   1.4877441e-01
   1.5204067e-01
   1.7059453e-01
   1.6410466e-01
   1.6362863e-01
   1.6249831e-01
   1.5925605e-01
   1.5673766e-01
   1.6331831e-01
   1.7173174e-01
   1.6001195e-01
   1.5741920e-01
   1.5050770e-01
   1.5441424e-01
   1.5666040e-01
   1.6862332e-01
   1.5122507e-01
   1.5846960e-01
   1.7212750e-01
   1.4932397e-01
   1.6473476e-01
   1.6514850e-01
   1.6856566e-01
   1.6787562e-01
   1.6777494e-01
   1.6625975e-01
   1.6753089e-01
   1.4837001e-01
   1.6294188e-01
   1.6476345e-01
   1.6389731e-01
   1.6654482e-01
   1.6236520e-01
   1.5267061e-01
   1.6361332e-01
   1.6361742e-01
   1.6442278e-01
   1.6261126e-01
   1.6471182e-01
   1.6622373e-01
   1.6995700e-01
   1.6037419e-01
   1.6778885e-01
   1.5586877e-01
   1.6509647e-01
   1.4962365e-01
   1.7245136e-01
   1.6266916e-01
   1.7026905e-01
   1.6283014e-01
   1.5928445e-01
   1.5231909e-01
   1.5952021e-01
   1.5154092e-01
   1.6676315e-01
   1.6200422e-01
   1.6644117e-01
   1.6782289e-01
   1.6889700e-01
   1.6380352e-01
   1.6196684e-01
   1.4930054e-01
   1.6680119e-01
   1.6484783e-01
   1.6184925e-01
   1.6818484e-01
   1.6602721e-01
   1.7103395e-01
   1.5038664e-01
   1.6526999e-01
   1.5113648e-01
   1.5330045e-01
   1.6803632e-01
   1.5617028e-01
   1.6338107e-01
   1.6783904e-01
   1.6603585e-01
   1.5470074e-01
   1.5195264e-01
   1.6618680e-01
   1.7361492e-01
   1.4405605e-01
   1.6330387e-01
   1.5764490e-01
   1.7029688e-01
   1.6715983e-01
   1.6843421e-01
   1.6758120e-01
   1.6736813e-01
   1.6799297e-01
   1.6275496e-01
   1.4807491e-01
   1.7159162e-01
   1.5645901e-01
   1.6433215e-01
   1.5239988e-01
   1.6913558e-01
   1.6423535e-01
   1.4732193e-01
   1.4925950e-01
   1.5907495e-01
   1.4959741e-01
   1.7107678e-01
   1.6536317e-01
   1.5865895e-01
   1.5489043e-01
   1.6087882e-01
   1.6060059e-01
   1.6296900e-01
   1.5209219e-01
   1.5403959e-01
   1.6836124e-01
   1.6797984e-01
   1.5071188e-01
   1.6569317e-01
   1.5623743e-01
   1.6673515e-01
   1.6928272e-01
   1.6515645e-01
   1.6889729e-01
   1.6239601e-01
   1.7092837e-01
   1.5506934e-01
   1.5148845e-01
   1.6419279e-01
   1.6113685e-01
   1.5617291e-01
   1.5265016e-01
   1.6006641e-01
   1.6301091e-01
   1.5610510e-01
   1.4255788e-01
   1.6253633e-01
   1.6743184e-01
   1.7282637e-01
   1.5355011e-01
   1.4680417e-01
   1.6497176e-01
   1.4977634e-01
   1.6505059e-01
   1.4606882e-01
   1.5990776e-01
   1.5361179e-01
   1.6590073e-01
   1.4255756e-01
   1.6538755e-01
   1.6708911e-01
   1.5901705e-01
   1.6724897e-01
   1.6471412e-01
   1.5496136e-01
   1.5395040e-01
   1.6583851e-01
   1.5890920e-01
   1.7230373e-01
   1.5332745e-01
   1.5143511e-01
   1.6402908e-01
   1.4688110e-01
   1.7276616e-01
   1.4940874e-01
   1.6137116e-01
   1.4840685e-01
   1.5896076e-01
   1.6806437e-01
   1.6344928e-01
   1.5338211e-01
   1.6497533e-01
   1.5027802e-01
   1.5663097e-01
   1.5716710e-01
   1.5999537e-01
   1.5825027e-01
   1.6034026e-01
   1.5079322e-01
   1.6661421e-01
   1.6703566e-01
   1.5218373e-01
   1.6622235e-01
   1.6866542e-01
   1.6849987e-01
   1.5565281e-01
   1.6759510e-01
   1.5183733e-01
   1.6457173e-01
   1.6837996e-01
   1.6114113e-01
   1.6414710e-01
   1.6354906e-01
   1.6802509e-01
   1.6615068e-01
   1.6970077e-01
   1.6823866e-01
   1.6831024e-01
   1.6813000e-01
   1.6844844e-01
   1.5735748e-01
   1.5316058e-01
   1.6873629e-01
   1.6854531e-01
   1.6764831e-01
   1.6758929e-01
   1.6589642e-01
   1.4477529e-01
   1.6403372e-01
   1.7052059e-01
   1.5455407e-01
   1.6182607e-01
   1.5576621e-01
   1.5853906e-01
   1.6117918e-01
   1.5370615e-01
   1.6155489e-01
   1.5470534e-01
   1.6026628e-01
   1.6527277e-01
   1.6220786e-01
