   1.5212002e-01
   1.4400467e-01
   1.5501547e-01
   1.5530423e-01
   1.4428406e-01
   1.5623939e-01
   1.5188496e-01
   1.5391440e-01
   1.5309285e-01
   1.3957823e-01
   1.3757540e-01
   1.4461583e-01
   1.4347327e-01
   1.4137860e-01
   1.4310904e-01
   1.3949403e-01
   1.5385910e-01
   1.5296780e-01
   1.5180115e-01
   1.5807395e-01
   1.5478747e-01
   1.4629272e-01
   1.5342670e-01
   1.5349997e-01
   1.5568505e-01
   1.3769573e-01
   1.4165884e-01
   1.5541163e-01
   1.4466639e-01
   1.5386898e-01
   1.5316455e-01
   1.3919565e-01
   1.5253263e-01
   1.5559744e-01
   1.5845058e-01
   1.4682946e-01
   1.5760744e-01
   1.3880120e-01
   1.5393175e-01
   1.5447137e-01
   1.5293039e-01
   1.5073695e-01
   1.5480631e-01
   1.5286691e-01
   1.3748788e-01
   1.4516050e-01
   1.5537277e-01
   1.4615443e-01
   1.4577072e-01
   1.5203785e-01
   1.5078582e-01
   1.5568385e-01
   1.5828720e-01
   1.5450886e-01
   1.5599360e-01
   1.4312204e-01
   1.5685571e-01
   1.5657583e-01
   1.5137506e-01
   1.4014688e-01
   1.5254081e-01
   1.5180486e-01
   1.5440039e-01
   1.5533954e-01
   1.5429453e-01
   1.3945133e-01
   1.5705067e-01
   1.5420196e-01
   1.4443592e-01
   1.4408334e-01
   1.5381356e-01
   1.5460510e-01
   1.5664624e-01
   1.4323764e-01
   1.5223753e-01
   1.5625104e-01
   1.5349133e-01
   1.4284069e-01
   1.5496320e-01
   1.5196953e-01
   1.4333517e-01
   1.5512481e-01
   1.5322881e-01
   1.5687105e-01
   1.5289548e-01
   1.5519384e-01
   1.5263046e-01
   1.5525821e-01
   1.3865635e-01
   1.5519439e-01
   1.5538937e-01
   1.5238783e-01
   1.4176370e-01
   1.5570050e-01
   1.5832978e-01
   1.5543457e-01
   1.5426483e-01
   1.5591727e-01
   1.4408828e-01
   1.3998404e-01
   1.5546032e-01
   1.3951448e-01
   1.5060208e-01
   1.5190764e-01
   1.3988039e-01
   1.3918014e-01
   1.5302217e-01
   1.5413937e-01
   1.5266829e-01
   1.5074590e-01
   1.5812516e-01
   1.5628592e-01
   1.5646404e-01
   1.5585820e-01
   1.5309718e-01
   1.5474959e-01
   1.5795680e-01
   1.4437726e-01
   1.3751977e-01
   1.5563618e-01
   1.5327917e-01
   1.4070636e-01
   1.5536267e-01
   1.4240517e-01
   1.3950377e-01
   1.5399129e-01
   1.3948767e-01
   1.5283843e-01
   1.5641190e-01
   1.4004486e-01
   1.5013266e-01
   1.5127327e-01
   1.5329113e-01
   1.5303944e-01
   1.5435529e-01
   1.5687884e-01
   1.5377297e-01
   1.5288587e-01
   1.5731258e-01
   1.4398081e-01
   1.4000234e-01
   1.5361375e-01
   1.5607768e-01
   1.3970898e-01
   1.5405288e-01
   1.3993124e-01
   1.3897309e-01
   1.4385329e-01
   1.5560828e-01
   1.4009313e-01
   1.5267643e-01
   1.3955406e-01
   1.4388635e-01
   1.3945919e-01
   1.5385328e-01
   1.5522076e-01
   1.4642710e-01
   1.3949221e-01
   1.5572018e-01
   1.4407848e-01
   1.4951598e-01
   1.5400780e-01
   1.3938832e-01
   1.4023033e-01
   1.5231589e-01
   1.5502661e-01
   1.5257849e-01
   1.4407038e-01
   1.5257206e-01
   1.4283386e-01
   1.5530802e-01
   1.5787684e-01
   1.4060163e-01
   1.5327286e-01
   1.5403402e-01
   1.5149942e-01
   1.4420010e-01
   1.3788232e-01
   1.3883910e-01
   1.5223405e-01
   1.5195403e-01
   1.4397747e-01
   1.3986948e-01
   1.4752470e-01
   1.4113171e-01
   1.5211646e-01
   1.5163037e-01
   1.5445318e-01
   1.3973726e-01
   1.3677057e-01
   1.4761996e-01
   1.4871190e-01
   1.5818994e-01
   1.4289938e-01
   1.5541003e-01
   1.4905243e-01
   1.4915982e-01
   1.5237666e-01
   1.5223903e-01
   1.5212102e-01
   1.5588899e-01
   1.4066695e-01
   1.5370966e-01
   1.4680047e-01
   1.4458266e-01
   1.4556244e-01
   1.5529831e-01
   1.5475882e-01
   1.4627050e-01
   1.5547038e-01
   1.5237762e-01
   1.4009715e-01
   1.5618571e-01
   1.5602367e-01
   1.4274555e-01
   1.4472740e-01
   1.3897088e-01
   1.5192830e-01
   1.4979844e-01
   1.5582829e-01
   1.4276995e-01
   1.5643505e-01
   1.5442017e-01
   1.3663610e-01
   1.4089478e-01
   1.4041861e-01
   1.4400149e-01
   1.5694523e-01
   1.4966394e-01
   1.4262720e-01
   1.5259437e-01
   1.4179155e-01
   1.4608807e-01
   1.3727814e-01
   1.5660790e-01
   1.5508596e-01
   1.5575119e-01
   1.5403953e-01
   1.5492363e-01
   1.4387927e-01
   1.5741092e-01
   1.3971095e-01
   1.4792645e-01
   1.5476193e-01
   1.5206632e-01
   1.5208688e-01
   1.5642838e-01
   1.5339093e-01
   1.4239443e-01
   1.4407144e-01
   1.4216055e-01
   1.5343994e-01
   1.5360363e-01
   1.5405156e-01
   1.5288629e-01
   1.4688431e-01
   1.4442387e-01
   1.5408552e-01
   1.4027716e-01
   1.5366325e-01
   1.3945395e-01
   1.5401871e-01
   1.5532862e-01
   1.5057959e-01
   1.3920565e-01
   1.4504189e-01
   1.4038452e-01
   1.3944999e-01
   1.5473428e-01
   1.3997084e-01
   1.4913550e-01
   1.4411456e-01
   1.5292658e-01
   1.5289127e-01
   1.4379021e-01
   1.5650866e-01
   1.5216087e-01
   1.4379058e-01
   1.4393456e-01
   1.5333714e-01
   1.4214960e-01
   1.5412750e-01
   1.5309266e-01
   1.4043284e-01
   1.5309286e-01
   1.5220634e-01
   1.5704803e-01
   1.5611601e-01
   1.5361783e-01
   1.4404659e-01
   1.5555203e-01
   1.4383309e-01
   1.3963399e-01
   1.5484779e-01
   1.5337001e-01
   1.4317773e-01
   1.5410395e-01
   1.5716620e-01
   1.4042116e-01
   1.5527656e-01
