   2.3408156e-02
   2.2069698e-02
   2.6989485e-02
   2.3193795e-02
   2.5395501e-02
   2.2812125e-02
   2.7529330e-02
   2.5896515e-02
   2.4883580e-02
   2.7657080e-02
   2.4911093e-02
   2.4475377e-02
   2.3885469e-02
   2.2771911e-02
   2.1957128e-02
   2.6015703e-02
   2.3207913e-02
   2.1858395e-02
   2.1788873e-02
   2.4205628e-02
   2.7299391e-02
   2.8749283e-02
   2.1901731e-02
   2.5387522e-02
   2.4164987e-02
   2.6324754e-02
   2.3850158e-02
   2.4378178e-02
   2.5544883e-02
   2.5432122e-02
   2.2714240e-02
   2.1885982e-02
   2.3515064e-02
   2.3123606e-02
   2.3371066e-02
   2.3205301e-02
   2.2034106e-02
   2.5292786e-02
   2.5578041e-02
   2.5821550e-02
   2.5249388e-02
   2.5329197e-02
   2.2785004e-02
   2.8122708e-02
   2.3666367e-02
   2.4268676e-02
   2.7042053e-02
   2.5995878e-02
   2.3358395e-02
   2.2368240e-02
   2.4097050e-02
   2.5289388e-02
   2.6698756e-02
   2.3901106e-02
   2.5531703e-02
   2.5655734e-02
   2.2740402e-02
   2.4229254e-02
   2.4634019e-02
   2.5469101e-02
   2.1586810e-02
   2.6484716e-02
   2.5344121e-02
   2.3832647e-02
   2.4227247e-02
   2.5490430e-02
   2.2067716e-02
   2.5395740e-02
   2.7718926e-02
   2.5407891e-02
   2.4543717e-02
   2.5693533e-02
   2.5918279e-02
   2.2972412e-02
   2.2632250e-02
   2.7893259e-02
   2.3657877e-02
   2.5281155e-02
   2.1955478e-02
   2.4538853e-02
   2.4451055e-02
   2.4042986e-02
   2.4787146e-02
   2.4142192e-02
   2.5980071e-02
   2.3452109e-02
   2.4279232e-02
   2.4757496e-02
   2.3220054e-02
   2.7438126e-02
   2.3906679e-02
   2.5533102e-02
   2.3158599e-02
   2.3730860e-02
   2.2751942e-02
   2.3103265e-02
   2.8101212e-02
   2.1845571e-02
   2.3908825e-02
   2.4031432e-02
   2.5646069e-02
   2.2752292e-02
   2.3216561e-02
   2.4064601e-02
   2.6876515e-02
   2.6065735e-02
   2.3833604e-02
   2.3914103e-02
   2.2131906e-02
   2.3210277e-02
   2.6623955e-02
   2.3611727e-02
   2.5796579e-02
   2.6276375e-02
   2.4325233e-02
   2.5308674e-02
   2.6403856e-02
   2.5701278e-02
   2.5684492e-02
   2.3381337e-02
   2.4243372e-02
   2.7172116e-02
   2.4389755e-02
   2.9033437e-02
   2.3220830e-02
   2.2946313e-02
   2.3107685e-02
   2.4684113e-02
   2.3026029e-02
   2.3806107e-02
   2.4905910e-02
   2.4611359e-02
   2.8222752e-02
   2.1974140e-02
   2.2597362e-02
   2.5715261e-02
   2.5146397e-02
   2.4712028e-02
   2.5461439e-02
   2.5327543e-02
   2.6254730e-02
   2.6372753e-02
   2.3992708e-02
   2.6265235e-02
   2.5739520e-02
   2.4517215e-02
   2.5259416e-02
   2.4253416e-02
   2.3957730e-02
   2.4214586e-02
   2.2874001e-02
   2.3374764e-02
   2.7081468e-02
   2.8164965e-02
   2.2246290e-02
   2.2420673e-02
   2.4544362e-02
   2.2364926e-02
   2.6973208e-02
   2.2346453e-02
   2.2040218e-02
   2.4858565e-02
   2.4176131e-02
   2.2662719e-02
   2.6078505e-02
   2.5322104e-02
   2.6223647e-02
   2.3103537e-02
   2.3000748e-02
   2.5176260e-02
   2.5110649e-02
   2.5472490e-02
   2.4337384e-02
   2.5715838e-02
   2.6881388e-02
   2.4619527e-02
   2.4258814e-02
   2.6751314e-02
   2.3807212e-02
   2.4441510e-02
   2.4453517e-02
   2.4064122e-02
   2.1978799e-02
   2.1526115e-02
   2.5559926e-02
   2.4739927e-02
   2.4862811e-02
   2.3855246e-02
   2.4198627e-02
   2.7013944e-02
   2.2076290e-02
   2.5155844e-02
   2.2720634e-02
   2.4747798e-02
   2.4891477e-02
   2.6725552e-02
   2.5733586e-02
   2.3258255e-02
   2.1821274e-02
   2.3838451e-02
   2.2652303e-02
   2.4733769e-02
   2.3734737e-02
   2.4374777e-02
   2.3321039e-02
   2.3336651e-02
   2.4873815e-02
   2.5442862e-02
   2.2233014e-02
   2.2791184e-02
   2.2699453e-02
   2.6601271e-02
   2.6115309e-02
   2.2603715e-02
   2.3405081e-02
   2.3823413e-02
   2.5166717e-02
   2.5441496e-02
   2.3220621e-02
   2.2808421e-02
   2.5950294e-02
   2.2851002e-02
   2.2597642e-02
   2.4243273e-02
   2.5517910e-02
   2.5866187e-02
   2.4939074e-02
   2.4401227e-02
   2.6769008e-02
   2.5226945e-02
   2.3495656e-02
   2.4898032e-02
   2.4819942e-02
   2.5442433e-02
   2.2439315e-02
   2.3400039e-02
   2.7743647e-02
   2.4781586e-02
   2.2563601e-02
   2.3509653e-02
   2.4165330e-02
   2.5578618e-02
   2.2095059e-02
   2.8572298e-02
   2.4043297e-02
   2.2786773e-02
   2.1996982e-02
   2.3072468e-02
   2.3439459e-02
   2.5120077e-02
   2.3156496e-02
   2.3998013e-02
   2.6032847e-02
   2.5334638e-02
   2.6801854e-02
   2.2329364e-02
   2.3726321e-02
   2.2267139e-02
   2.3608662e-02
   2.6519504e-02
   2.2869946e-02
   2.4627726e-02
   2.7995663e-02
   2.6773368e-02
   2.3915429e-02
   2.3672664e-02
   2.7561727e-02
   2.5954154e-02
   2.4238513e-02
   2.3370554e-02
   2.3354199e-02
   2.3234286e-02
   2.2408860e-02
   2.5208307e-02
   2.4638513e-02
   2.5023856e-02
   2.5043775e-02
   2.6612858e-02
   2.4258962e-02
   2.5707020e-02
   2.5700308e-02
   2.6195683e-02
   2.5448303e-02
   2.3605014e-02
   2.3227239e-02
   2.1693694e-02
   2.2618460e-02
   2.6200011e-02
   2.5069804e-02
   2.3002690e-02
   2.1971018e-02
   2.2921074e-02
   2.4316356e-02
   2.6555565e-02
   2.2109458e-02
   2.6194868e-02
   2.2782890e-02
   2.2205429e-02
   2.5575754e-02
   2.4565912e-02
