   2.2595914e-02
   2.2370327e-02
   2.2631702e-02
   2.2688128e-02
   2.2624941e-02
   2.2635460e-02
   2.2617690e-02
   2.2884781e-02
   2.2624178e-02
   2.2895074e-02
   2.2287160e-02
   2.2461861e-02
   2.2875792e-02
   2.2625923e-02
   2.2619733e-02
   2.2674816e-02
   2.2589788e-02
   2.2586034e-02
   2.2619427e-02
   2.2600327e-02
   2.2247290e-02
   2.2445078e-02
   2.2499224e-02
   2.2642658e-02
   2.2659684e-02
   2.2585389e-02
   2.2354036e-02
   2.2655484e-02
   2.2692289e-02
   2.2709360e-02
   2.2826510e-02
   2.2875272e-02
   2.2692207e-02
   2.2689833e-02
   2.2698236e-02
   2.2584642e-02
   2.2640119e-02
   2.2777943e-02
   2.2815407e-02
   2.2631542e-02
   2.2860034e-02
   2.2739051e-02
   2.2595069e-02
   2.2843430e-02
   2.2623835e-02
   2.2462657e-02
   2.2585079e-02
   2.2868444e-02
   2.2620208e-02
   2.2599575e-02
   2.2804021e-02
   2.2464593e-02
   2.2630323e-02
   2.2712689e-02
   2.2348469e-02
   2.2686974e-02
   2.2627504e-02
   2.2875967e-02
   2.2623506e-02
   2.2648484e-02
   2.2612656e-02
   2.2767079e-02
   2.2653579e-02
   2.2609038e-02
   2.2370251e-02
   2.2659598e-02
   2.2699861e-02
   2.2584177e-02
   2.2672693e-02
   2.2537634e-02
   2.2665638e-02
   2.2386431e-02
   2.2686084e-02
   2.2782352e-02
   2.2563528e-02
   2.2445772e-02
   2.2630251e-02
   2.2412458e-02
   2.2699812e-02
   2.2247059e-02
   2.2618220e-02
   2.2642143e-02
   2.2577815e-02
   2.2712637e-02
   2.2471678e-02
   2.2630111e-02
   2.2682892e-02
   2.2340833e-02
   2.2250300e-02
   2.2831701e-02
   2.2677091e-02
   2.2887281e-02
   2.2610098e-02
   2.2602236e-02
   2.2754434e-02
   2.2702811e-02
   2.2651280e-02
   2.2656996e-02
   2.2593918e-02
   2.2586689e-02
   2.2656007e-02
   2.2546509e-02
   2.2600579e-02
   2.2599599e-02
   2.2866388e-02
   2.2883943e-02
   2.2840298e-02
   2.2854959e-02
   2.2588947e-02
   2.2854655e-02
   2.2822554e-02
   2.2659933e-02
   2.2560628e-02
   2.2868977e-02
   2.2660619e-02
   2.2884008e-02
   2.2594412e-02
   2.2866998e-02
   2.2583398e-02
   2.2732611e-02
   2.2620912e-02
   2.2676005e-02
   2.2637412e-02
   2.2627490e-02
   2.2388968e-02
   2.2257693e-02
   2.2702836e-02
   2.2632910e-02
   2.2634584e-02
   2.2897449e-02
   2.2757173e-02
   2.2617653e-02
   2.2606315e-02
   2.2800772e-02
   2.2702074e-02
   2.2683064e-02
   2.2712312e-02
   2.2696753e-02
   2.2661451e-02
   2.2641956e-02
   2.2618301e-02
   2.2897511e-02
   2.2872963e-02
   2.2599995e-02
   2.2599162e-02
   2.2291116e-02
   2.2892380e-02
   2.2515611e-02
   2.2877579e-02
   2.2888526e-02
   2.2842561e-02
   2.2569276e-02
   2.2645301e-02
   2.2365701e-02
   2.2644153e-02
   2.2812600e-02
   2.2686249e-02
   2.2596206e-02
   2.2619164e-02
   2.2631663e-02
   2.2335845e-02
   2.2319112e-02
   2.2693263e-02
   2.2626108e-02
   2.2811001e-02
   2.2723797e-02
   2.2846970e-02
   2.2638406e-02
   2.2608489e-02
   2.2686522e-02
   2.2354766e-02
   2.2626286e-02
   2.2808967e-02
   2.2749125e-02
   2.2633630e-02
   2.2691618e-02
   2.2524374e-02
   2.2278058e-02
   2.2756831e-02
   2.2596487e-02
   2.2712731e-02
   2.2689480e-02
   2.2639650e-02
   2.2678505e-02
   2.2659614e-02
   2.2864344e-02
   2.2252297e-02
   2.2810846e-02
   2.2684176e-02
   2.2678182e-02
   2.2636568e-02
   2.2726075e-02
   2.2871297e-02
   2.2698921e-02
   2.2590914e-02
   2.2283111e-02
   2.2685277e-02
   2.2592645e-02
   2.2685890e-02
   2.2871298e-02
   2.2664073e-02
   2.2655991e-02
   2.2872716e-02
   2.2753595e-02
   2.2622772e-02
   2.2712458e-02
   2.2679821e-02
   2.2588516e-02
   2.2669427e-02
   2.2710924e-02
   2.2838299e-02
   2.2644411e-02
   2.2375462e-02
   2.2704165e-02
   2.2687697e-02
   2.2656785e-02
   2.2853933e-02
   2.2673912e-02
   2.2689102e-02
   2.2710523e-02
   2.2668964e-02
   2.2592888e-02
   2.2652354e-02
   2.2659477e-02
   2.2307892e-02
   2.2343591e-02
   2.2660341e-02
   2.2516867e-02
   2.2813572e-02
   2.2437668e-02
   2.2649368e-02
   2.2618112e-02
   2.2506308e-02
   2.2266209e-02
   2.2587344e-02
   2.2703918e-02
   2.2708208e-02
   2.2708135e-02
   2.2842357e-02
   2.2604955e-02
   2.2743913e-02
   2.2763817e-02
   2.2797511e-02
   2.2873847e-02
   2.2641830e-02
   2.2758545e-02
   2.2679360e-02
   2.2708141e-02
   2.2268323e-02
   2.2649192e-02
   2.2705259e-02
   2.2249269e-02
   2.2524406e-02
   2.2651540e-02
   2.2593652e-02
   2.2588107e-02
   2.2858094e-02
   2.2300766e-02
   2.2451031e-02
   2.2687585e-02
   2.2896978e-02
   2.2359167e-02
   2.2506047e-02
   2.2710422e-02
   2.2897025e-02
   2.2561197e-02
   2.2852877e-02
   2.2862821e-02
   2.2533957e-02
   2.2643867e-02
   2.2642853e-02
   2.2712334e-02
   2.2675895e-02
   2.2616033e-02
   2.2688446e-02
   2.2607004e-02
   2.2626043e-02
   2.2605661e-02
   2.2711110e-02
   2.2601504e-02
   2.2654858e-02
   2.2761686e-02
   2.2850797e-02
   2.2596168e-02
   2.2513539e-02
   2.2639993e-02
   2.2502331e-02
   2.2285509e-02
   2.2624384e-02
   2.2486973e-02
   2.2895539e-02
   2.2599809e-02
   2.2704184e-02
   2.2513115e-02
   2.2775235e-02
   2.2666080e-02
   2.2609298e-02
   2.2669661e-02
   2.2712460e-02
   2.2332071e-02
