   1.3705960e-02
   1.3766844e-02
   1.2144111e-02
   1.2359821e-02
   1.3427785e-02
   1.2163850e-02
   1.2689775e-02
   1.3217980e-02
   1.2287412e-02
   1.3239339e-02
   1.2713515e-02
   1.2111401e-02
   1.2922582e-02
   1.2331613e-02
   1.2704780e-02
   1.2148349e-02
   1.3388079e-02
   1.2640540e-02
   1.3827572e-02
   1.2467745e-02
   1.2680595e-02
   1.3816965e-02
   1.2237265e-02
   1.2418293e-02
   1.3210778e-02
   1.2628938e-02
   1.2678922e-02
   1.1795208e-02
   1.3048028e-02
   1.2626245e-02
   1.1907916e-02
   1.3032982e-02
   1.2396390e-02
   1.2486470e-02
   1.2331807e-02
   1.3072074e-02
   1.2529011e-02
   1.2550174e-02
   1.1791950e-02
   1.1933850e-02
   1.2766116e-02
   1.2793589e-02
   1.2229929e-02
   1.2001679e-02
   1.2231911e-02
   1.1833124e-02
   1.1993182e-02
   1.3833381e-02
   1.2925076e-02
   1.1958217e-02
   1.3541234e-02
   1.1925978e-02
   1.3722172e-02
   1.2772458e-02
   1.2090424e-02
   1.1834309e-02
   1.2949646e-02
   1.2522284e-02
   1.3774354e-02
   1.3445182e-02
   1.1746836e-02
   1.2180854e-02
   1.3666624e-02
   1.2148164e-02
   1.2148230e-02
   1.2858677e-02
   1.3659751e-02
   1.3643549e-02
   1.3804750e-02
   1.2163653e-02
   1.1733321e-02
   1.3474212e-02
   1.3342982e-02
   1.3093174e-02
   1.3141232e-02
   1.3802086e-02
   1.2379118e-02
   1.2682013e-02
   1.2984050e-02
   1.3682061e-02
   1.2780301e-02
   1.3760268e-02
   1.3359847e-02
   1.2563290e-02
   1.3915028e-02
   1.1851174e-02
   1.1907484e-02
   1.2791839e-02
   1.3074724e-02
   1.2535372e-02
   1.2863704e-02
   1.2186064e-02
   1.3610498e-02
   1.2719306e-02
   1.3629643e-02
   1.2420132e-02
   1.2001420e-02
   1.1989217e-02
   1.2985038e-02
   1.2373711e-02
   1.3654660e-02
   1.2356418e-02
   1.2608928e-02
   1.2780255e-02
   1.2565355e-02
   1.3499405e-02
   1.3371449e-02
   1.2194579e-02
   1.2441621e-02
   1.2242752e-02
   1.3697066e-02
   1.1920434e-02
   1.2503898e-02
   1.2529588e-02
   1.2863603e-02
   1.2825479e-02
   1.3106605e-02
   1.3719063e-02
   1.2748672e-02
   1.3759459e-02
   1.2502777e-02
   1.1995740e-02
   1.2660291e-02
   1.3073722e-02
   1.2196968e-02
   1.2168849e-02
   1.2517831e-02
   1.2816146e-02
   1.3000710e-02
   1.3154177e-02
   1.3733207e-02
   1.3879576e-02
   1.2583529e-02
   1.3058701e-02
   1.2747360e-02
   1.2899920e-02
   1.3148790e-02
   1.2363682e-02
   1.3387472e-02
   1.2604187e-02
   1.2782164e-02
   1.2588819e-02
   1.2790977e-02
   1.2239201e-02
   1.2253905e-02
   1.3450710e-02
   1.1728545e-02
   1.3878359e-02
   1.3627241e-02
   1.3459734e-02
   1.3324401e-02
   1.2336647e-02
   1.2519822e-02
   1.3563801e-02
   1.2634635e-02
   1.3250916e-02
   1.2234634e-02
   1.3336050e-02
   1.2500911e-02
   1.1965619e-02
   1.2344102e-02
   1.1944886e-02
   1.2741402e-02
   1.2639219e-02
   1.2771910e-02
   1.2382104e-02
   1.2173711e-02
   1.3520105e-02
   1.3083966e-02
   1.3113600e-02
   1.2307736e-02
   1.3745664e-02
   1.2512257e-02
   1.3723340e-02
   1.3684181e-02
   1.3309158e-02
   1.2635492e-02
   1.2181843e-02
   1.2160226e-02
   1.2591368e-02
   1.3153654e-02
   1.1760906e-02
   1.1993462e-02
   1.3303276e-02
   1.2839448e-02
   1.2040269e-02
   1.2837557e-02
   1.2626379e-02
   1.1736921e-02
   1.1956786e-02
   1.1995978e-02
   1.1817465e-02
   1.3257735e-02
   1.2839148e-02
   1.3863229e-02
   1.1889200e-02
   1.3832693e-02
   1.2327257e-02
   1.3232910e-02
   1.1914042e-02
   1.3587777e-02
   1.2515831e-02
   1.2517639e-02
   1.2688939e-02
   1.2334019e-02
   1.3008336e-02
   1.1894771e-02
   1.1972057e-02
   1.2527133e-02
   1.2203008e-02
   1.2818523e-02
   1.2761739e-02
   1.2060192e-02
   1.1733296e-02
   1.2307450e-02
   1.3621185e-02
   1.2693782e-02
   1.2868496e-02
   1.1898407e-02
   1.1890715e-02
   1.3032254e-02
   1.2967164e-02
   1.2398609e-02
   1.2017743e-02
   1.3191327e-02
   1.2586568e-02
   1.3052921e-02
   1.3708277e-02
   1.1789306e-02
   1.2130150e-02
   1.3742733e-02
   1.2724284e-02
   1.3122999e-02
   1.2188706e-02
   1.3557531e-02
   1.2321870e-02
   1.3136790e-02
   1.1907732e-02
   1.1983700e-02
   1.3693264e-02
   1.2447999e-02
   1.1890343e-02
   1.1990193e-02
   1.2508165e-02
   1.2595575e-02
   1.1920341e-02
   1.3603989e-02
   1.3804609e-02
   1.3442108e-02
   1.2086184e-02
   1.2644930e-02
   1.3889735e-02
   1.1888570e-02
   1.2087139e-02
   1.2684258e-02
   1.2048224e-02
   1.1983910e-02
   1.3562948e-02
   1.2452935e-02
   1.3456080e-02
   1.1956003e-02
   1.2197293e-02
   1.2477019e-02
   1.2834961e-02
   1.2598404e-02
   1.3810317e-02
   1.3514367e-02
   1.3147088e-02
   1.2629222e-02
   1.2620126e-02
   1.2841936e-02
   1.3872911e-02
   1.1765168e-02
   1.2410877e-02
   1.2418234e-02
   1.2894607e-02
   1.3600246e-02
   1.1936700e-02
   1.2271267e-02
   1.3897427e-02
   1.2203078e-02
   1.2539205e-02
   1.2803011e-02
   1.2025814e-02
   1.2283478e-02
   1.3313331e-02
   1.1819138e-02
   1.2339593e-02
   1.2021225e-02
   1.1736738e-02
   1.2010968e-02
   1.2302545e-02
   1.2945723e-02
   1.2561958e-02
   1.1814404e-02
   1.3553041e-02
   1.3643409e-02
   1.3733955e-02
   1.2178101e-02
   1.2807547e-02
