   1.8564239e-01
   1.9949695e-01
   2.0036871e-01
   1.9447558e-01
   1.9287770e-01
   1.9407149e-01
   1.9648897e-01
   1.8357818e-01
   1.9031614e-01
   1.9737518e-01
   1.9796340e-01
   1.8782915e-01
   1.9133629e-01
   1.9796743e-01
   2.0425443e-01
   1.9322124e-01
   1.9282333e-01
   1.9929418e-01
   1.9447434e-01
   1.9869450e-01
   1.8244610e-01
   1.9029073e-01
   2.0447341e-01
   1.9239245e-01
   1.9537983e-01
   1.9524937e-01
   1.9521088e-01
   1.9460962e-01
   1.8550320e-01
   2.0150600e-01
   1.9459387e-01
   1.9568489e-01
   1.9849254e-01
   1.8822959e-01
   1.9410942e-01
   1.9012988e-01
   1.8668813e-01
   2.0192988e-01
   1.8505396e-01
   2.0071375e-01
   1.8531062e-01
   1.8729762e-01
   2.0060619e-01
   1.9474279e-01
   1.9309926e-01
   1.8385390e-01
   1.9130846e-01
   1.9272963e-01
   1.9625159e-01
   1.9319404e-01
   2.0529438e-01
   1.9640560e-01
   1.9534038e-01
   2.0187685e-01
   1.9033943e-01
   2.0940862e-01
   1.9101988e-01
   2.0222817e-01
   1.9469557e-01
   1.9202681e-01
   1.9589626e-01
   1.9482490e-01
   1.8955023e-01
   1.9491479e-01
   1.9392808e-01
   1.9423525e-01
   1.9174256e-01
   1.8094753e-01
   1.9762172e-01
   1.8552561e-01
   1.9006552e-01
   1.9846965e-01
   1.9196119e-01
   1.9028473e-01
   1.8164862e-01
   1.9578416e-01
   1.9087293e-01
   1.9101631e-01
   1.9406692e-01
   1.9214100e-01
   1.9092564e-01
   2.0116246e-01
   1.9987137e-01
   1.9244962e-01
   1.8927442e-01
   2.0560009e-01
   1.8189180e-01
   1.9667379e-01
   1.9654925e-01
   1.8547113e-01
   1.9776717e-01
   1.9647755e-01
   1.8489169e-01
   1.8887751e-01
   1.9223467e-01
   1.9216354e-01
   1.9191723e-01
   1.9052991e-01
   2.0285925e-01
   1.8653167e-01
   1.9511636e-01
   1.8793281e-01
   1.9371103e-01
   2.0257516e-01
   1.9744752e-01
   2.0453109e-01
   1.9238201e-01
   1.9374609e-01
   2.0526893e-01
   1.8288240e-01
   1.9311271e-01
   1.8822925e-01
   1.9151802e-01
   1.9210044e-01
   1.9482722e-01
   2.0093186e-01
   2.0155970e-01
   1.9549434e-01
   1.9809258e-01
   1.8761827e-01
   1.8426777e-01
   1.8768942e-01
   2.0593106e-01
   1.9895766e-01
   1.9066549e-01
   2.0363154e-01
   1.9260003e-01
   1.8766439e-01
   1.9625459e-01
   1.9430594e-01
   1.9359849e-01
   1.9922513e-01
   2.0210761e-01
   1.9724364e-01
   1.9034089e-01
   1.8155672e-01
   2.0615992e-01
   1.9322172e-01
   1.8999284e-01
   1.9700785e-01
   1.9031960e-01
   1.9235284e-01
   1.9729140e-01
   1.9994970e-01
   1.8439345e-01
   1.9224727e-01
   1.9159320e-01
   2.0139812e-01
   1.9393051e-01
   1.8948295e-01
   1.9288680e-01
   1.9920786e-01
   1.8597575e-01
   1.9076307e-01
   1.8507069e-01
   1.9651098e-01
   1.9016369e-01
   1.9340331e-01
   1.9213681e-01
   1.8908689e-01
   1.9127830e-01
   1.8705912e-01
   1.9389198e-01
   1.9908493e-01
   2.0397492e-01
   1.9834361e-01
   1.8662469e-01
   1.9590695e-01
   1.9097058e-01
   1.9139036e-01
   1.9225454e-01
   1.8397894e-01
   1.9716306e-01
   2.0454264e-01
   1.8926357e-01
   1.9647842e-01
   1.8628288e-01
   1.8478529e-01
   1.8289558e-01
   1.9412761e-01
   1.9121240e-01
   1.9016556e-01
   1.8249654e-01
   1.8637541e-01
   1.9168028e-01
   1.9838381e-01
   1.8571214e-01
   1.9138011e-01
   1.9888414e-01
   2.0143311e-01
   1.8977834e-01
   1.9240264e-01
   1.8743491e-01
   1.9424799e-01
   2.0438652e-01
   1.8918717e-01
   1.9450283e-01
   1.8993421e-01
   1.8449853e-01
   1.9090954e-01
   1.9935081e-01
   1.9160456e-01
   1.9898559e-01
   1.9784099e-01
   1.8559544e-01
   1.8527485e-01
   1.9248110e-01
   1.8864171e-01
   1.9064344e-01
   1.8767031e-01
   1.9976808e-01
   1.9067811e-01
   1.9378677e-01
   1.9215833e-01
   1.9179908e-01
   1.9100422e-01
   1.9020874e-01
   1.8586512e-01
   1.8507625e-01
   1.9953458e-01
   1.9229288e-01
   1.9520665e-01
   1.9434384e-01
   1.9765544e-01
   1.9354462e-01
   1.9234567e-01
   1.9795178e-01
   1.9455250e-01
   1.9547653e-01
   1.9049292e-01
   1.9676932e-01
   1.9832300e-01
   1.9017034e-01
   1.9809147e-01
   1.9248469e-01
   1.9164786e-01
   1.9148373e-01
   1.9726108e-01
   1.7987770e-01
   1.9842520e-01
   1.9326005e-01
   1.9003967e-01
   1.9343250e-01
   1.9194502e-01
   2.0230133e-01
   1.9866720e-01
   1.9393409e-01
   1.8460944e-01
   1.9205035e-01
   1.8771020e-01
   1.8463070e-01
   1.9119477e-01
   1.9238941e-01
   1.9202125e-01
   1.9689246e-01
   1.8915252e-01
   1.9561667e-01
   1.9457104e-01
   1.9201619e-01
   1.8062717e-01
   1.9228386e-01
   1.9559785e-01
   2.0384917e-01
   1.9069016e-01
   1.8371095e-01
   1.9727212e-01
   1.9574747e-01
   1.8545288e-01
   1.8983509e-01
   1.9293601e-01
   1.9878360e-01
   2.0293727e-01
   1.9595071e-01
   1.9193463e-01
   1.9287697e-01
   1.9173558e-01
   1.8047127e-01
   2.0025501e-01
   2.0503986e-01
   1.9018306e-01
   1.9345010e-01
   2.0293531e-01
   1.8480799e-01
   1.9339366e-01
   1.8149349e-01
   1.9072202e-01
   2.0049104e-01
   1.9847855e-01
   1.9451757e-01
   1.9265495e-01
   1.8194617e-01
   1.9811593e-01
   2.0607065e-01
   1.8989299e-01
   1.9325523e-01
   1.9672230e-01
   1.9526739e-01
   1.8852311e-01
   1.9783856e-01
   1.9610565e-01
