   1.8940721e-01
   1.9378959e-01
   1.9213011e-01
   1.8066196e-01
   1.7807599e-01
   2.1537639e-01
   1.7924752e-01
   2.0784443e-01
   1.9727050e-01
   1.9599873e-01
   1.6759651e-01
   2.0609898e-01
   1.8673274e-01
   1.7810487e-01
   1.9141472e-01
   1.6837737e-01
   1.9308220e-01
   1.9858799e-01
   1.9110090e-01
   1.8720631e-01
   1.8116990e-01
   1.8869462e-01
   1.9094966e-01
   2.0062126e-01
   1.7616642e-01
   1.8663472e-01
   1.6461130e-01
   1.8683703e-01
   1.9577254e-01
   1.7956142e-01
   1.8781571e-01
   1.6543686e-01
   2.1191361e-01
   1.8298784e-01
   1.7965753e-01
   1.9413355e-01
   1.8175422e-01
   1.9963929e-01
   1.8827835e-01
   1.8290938e-01
   1.9560022e-01
   1.7348380e-01
   1.9195331e-01
   1.9148415e-01
   1.7594342e-01
   1.8813167e-01
   1.7546357e-01
   1.9375694e-01
   2.0001406e-01
   1.9592508e-01
   1.9547974e-01
   1.7872814e-01
   1.8355691e-01
   1.6623573e-01
   1.8866266e-01
   1.8713265e-01
   1.9917606e-01
   1.6784710e-01
   1.8601303e-01
   1.8418723e-01
   1.9481048e-01
   1.8763090e-01
   2.0094243e-01
   1.7185091e-01
   1.6749691e-01
   1.8681885e-01
   1.7173943e-01
   1.9307577e-01
   1.8962493e-01
   2.1637466e-01
   1.7060133e-01
   1.8127373e-01
   1.7419999e-01
   1.8109275e-01
   1.8195305e-01
   1.8137352e-01
   1.8115559e-01
   1.8913810e-01
   1.9050153e-01
   1.9571402e-01
   1.8380582e-01
   1.9885221e-01
   1.8835784e-01
   1.6933082e-01
   1.7806866e-01
   1.7940789e-01
   1.9278240e-01
   1.6879891e-01
   1.9091278e-01
   1.8617712e-01
   1.8456164e-01
   1.8912562e-01
   1.8494223e-01
   1.8007193e-01
   1.8930930e-01
   1.7879386e-01
   1.9662367e-01
   1.7929616e-01
   1.6754611e-01
   1.7848619e-01
   1.9182264e-01
   1.6621846e-01
   1.8450701e-01
   1.9955983e-01
   2.0034690e-01
   1.7774499e-01
   1.8121369e-01
   1.9199984e-01
   1.9966622e-01
   2.1007622e-01
   1.8841077e-01
   2.1338433e-01
   1.6805486e-01
   1.7142923e-01
   1.7257273e-01
   1.8814649e-01
   1.8768455e-01
   2.1374049e-01
   1.9052283e-01
   2.1287777e-01
   1.8090720e-01
   1.7205617e-01
   1.6727732e-01
   2.0282850e-01
   1.8015975e-01
   1.7262717e-01
   1.8663520e-01
   1.8171517e-01
   1.8435119e-01
   1.8446937e-01
   1.7402758e-01
   1.8223799e-01
   1.8841797e-01
   1.9026886e-01
   1.8362524e-01
   1.7397046e-01
   1.8125642e-01
   1.9165519e-01
   1.9961036e-01
   1.9620120e-01
   1.8572201e-01
   1.8262443e-01
   1.8938148e-01
   1.9120542e-01
   1.9329928e-01
   1.8945287e-01
   1.8939471e-01
   1.7093378e-01
   2.0460523e-01
   2.0986247e-01
   2.1475229e-01
   1.7033300e-01
   1.6812305e-01
   1.9443118e-01
   1.9333923e-01
   1.9466238e-01
   1.7086650e-01
   2.1317178e-01
   1.8163056e-01
   2.1174270e-01
   2.1171913e-01
   1.8762527e-01
   2.1562051e-01
   2.0470219e-01
   1.9345518e-01
   1.9806214e-01
   2.1120923e-01
   1.9961278e-01
   1.8643179e-01
   1.6745164e-01
   1.8450815e-01
   1.7208501e-01
   1.7138298e-01
   1.9006099e-01
   1.7596921e-01
   1.6339998e-01
   1.9177182e-01
   2.1625999e-01
   1.8857554e-01
   2.0167657e-01
   2.0380188e-01
   1.9326832e-01
   1.7650430e-01
   1.8718555e-01
   1.9629235e-01
   1.9508507e-01
   1.8168239e-01
   1.9319391e-01
   1.9751128e-01
   1.9321639e-01
   1.9978937e-01
   1.6908422e-01
   2.0265182e-01
   1.9855271e-01
   1.6856560e-01
   1.8862673e-01
   1.7766799e-01
   2.0493107e-01
   1.9257424e-01
   2.0103630e-01
   1.9927390e-01
   1.9846076e-01
   1.9741681e-01
   2.1169967e-01
   1.8842710e-01
   1.9811140e-01
   2.0029957e-01
   2.0564536e-01
   1.8531022e-01
   1.8480151e-01
   1.6869731e-01
   1.6776429e-01
   1.8394775e-01
   2.0909155e-01
   1.8968332e-01
   1.8947319e-01
   2.0868748e-01
   1.9176996e-01
   1.9099395e-01
   1.6892590e-01
   1.7637140e-01
   1.8708515e-01
   2.0509990e-01
   1.9301220e-01
   1.9960868e-01
   1.7609788e-01
   1.8833715e-01
   2.0818073e-01
   1.8473740e-01
   1.6952369e-01
   1.9292257e-01
   1.9933047e-01
   1.6326452e-01
   1.7617147e-01
   1.8870553e-01
   1.6731517e-01
   1.7974138e-01
   1.9467883e-01
   1.8394264e-01
   1.8780270e-01
   1.6791807e-01
   1.8796486e-01
   1.8595348e-01
   1.8533638e-01
   1.9920806e-01
   1.8221553e-01
   1.9334668e-01
   1.9049781e-01
   1.9788696e-01
   1.6995104e-01
   1.8343283e-01
   1.6998972e-01
   1.9982307e-01
   1.8433515e-01
   1.8954376e-01
   1.8512504e-01
   1.9055827e-01
   1.6963149e-01
   1.8465477e-01
   1.9259235e-01
   2.0486024e-01
   1.8586531e-01
   1.9125113e-01
   2.0938917e-01
   1.7938054e-01
   1.8871430e-01
   2.1909179e-01
   1.8362925e-01
   1.7243649e-01
   1.7757552e-01
   1.9552108e-01
   1.9366508e-01
   1.8328581e-01
   1.9510246e-01
   1.8538532e-01
   2.0848440e-01
   1.8953105e-01
   1.6672325e-01
   1.9382056e-01
   2.0130814e-01
   1.7514186e-01
   1.9025782e-01
   2.0295391e-01
   1.9822139e-01
   1.7813914e-01
   1.9281127e-01
   1.9066213e-01
   1.8723810e-01
   1.8710084e-01
   1.7214382e-01
   1.8974008e-01
   1.7341021e-01
   1.7848309e-01
   1.6918745e-01
   1.7489426e-01
   2.0398242e-01
   1.9274655e-01
   1.9791025e-01
   1.8250456e-01
   1.8358124e-01
