   4.0687563e-02
   3.9457943e-02
   4.0378387e-02
   3.7515034e-02
   4.0270371e-02
   3.8005361e-02
   3.8377110e-02
   3.9848663e-02
   3.7530048e-02
   4.0868564e-02
   3.7864058e-02
   4.0899710e-02
   3.8105434e-02
   3.7903242e-02
   3.8883765e-02
   3.8206635e-02
   3.9235421e-02
   4.0154698e-02
   3.8488179e-02
   4.0326736e-02
   4.1087212e-02
   3.7966360e-02
   3.7697130e-02
   3.9671239e-02
   3.7617568e-02
   4.0665157e-02
   3.8470724e-02
   3.8812438e-02
   3.9061770e-02
   4.3466416e-02
   4.0726131e-02
   3.7983831e-02
   3.9974440e-02
   4.0355372e-02
   3.9560511e-02
   3.9167633e-02
   3.9228756e-02
   3.9565949e-02
   3.9555120e-02
   3.8123463e-02
   3.7787631e-02
   4.0989526e-02
   3.9187986e-02
   3.7858615e-02
   3.8408720e-02
   4.0243293e-02
   3.7685212e-02
   3.9515943e-02
   3.7722241e-02
   3.9129586e-02
   3.8365461e-02
   3.9678016e-02
   3.9789984e-02
   3.8167409e-02
   4.2293748e-02
   3.8048128e-02
   3.7371094e-02
   4.0126999e-02
   4.0207135e-02
   3.7860022e-02
   4.0718372e-02
   3.8770365e-02
   4.1314059e-02
   3.8365621e-02
   3.9226406e-02
   4.0609181e-02
   3.8268137e-02
   3.8073619e-02
   3.8099185e-02
   4.1148613e-02
   4.0544890e-02
   3.7896691e-02
   3.9599521e-02
   4.0414273e-02
   3.8627343e-02
   3.8038312e-02
   3.9147936e-02
   3.9313254e-02
   4.0494259e-02
   3.9431317e-02
   3.9937339e-02
   3.8518106e-02
   3.8621296e-02
   3.7605386e-02
   3.8585567e-02
   3.7835624e-02
   3.8505791e-02
   3.7953670e-02
   3.9527120e-02
   4.1428576e-02
   3.8797679e-02
   4.0246431e-02
   3.8881221e-02
   3.7796116e-02
   3.7694988e-02
   3.8860313e-02
   3.8295489e-02
   3.8301983e-02
   3.7998287e-02
   3.8519201e-02
   3.9465645e-02
   3.7704229e-02
   3.9678215e-02
   3.8615559e-02
   3.9954891e-02
   3.8723984e-02
   3.8957935e-02
   3.7552084e-02
   3.9593433e-02
   3.7526334e-02
   3.7590494e-02
   3.8934556e-02
   3.8742854e-02
   3.8011249e-02
   3.7882628e-02
   3.8424536e-02
   4.0818669e-02
   4.1733277e-02
   4.2610804e-02
   3.7809407e-02
   3.8399245e-02
   3.8307263e-02
   3.7901812e-02
   3.8706640e-02
   4.0216468e-02
   3.7747641e-02
   3.8207641e-02
   4.1447884e-02
   4.0502274e-02
   3.8580382e-02
   3.8086891e-02
   4.1096433e-02
   3.8879332e-02
   4.1941559e-02
   3.9533185e-02
   3.9990927e-02
   3.9503232e-02
   3.8330146e-02
   3.9633957e-02
   3.8780601e-02
   4.0109210e-02
   3.9967316e-02
   4.0859146e-02
   3.8880407e-02
   3.8184287e-02
   4.0049839e-02
   3.8168911e-02
   3.7837983e-02
   3.9526008e-02
   3.7913201e-02
   4.0156727e-02
   3.8852620e-02
   3.8990711e-02
   3.8229426e-02
   3.8763304e-02
   4.1021095e-02
   3.9093435e-02
   3.8024969e-02
   3.8382293e-02
   3.8641481e-02
   3.8100643e-02
   3.9417173e-02
   3.8418229e-02
   4.1018451e-02
   3.7927857e-02
   3.8106835e-02
   4.0133350e-02
   4.0160703e-02
   3.8581653e-02
   3.9086014e-02
   3.8033057e-02
   4.0309445e-02
   3.9731354e-02
   3.9411871e-02
   3.8682159e-02
   3.7841181e-02
   4.0856729e-02
   4.0998033e-02
   3.9302553e-02
   3.7809739e-02
   4.2058129e-02
   4.2578775e-02
   3.8026958e-02
   3.9068923e-02
   3.9895930e-02
   3.7765486e-02
   4.2521868e-02
   4.0378405e-02
   3.9340059e-02
   3.8272455e-02
   4.0008178e-02
   3.7600738e-02
   3.9081401e-02
   3.8871522e-02
   3.8150530e-02
   3.9096132e-02
   3.9244974e-02
   3.8889128e-02
   3.9707835e-02
   3.9083126e-02
   3.8104647e-02
   3.8503519e-02
   3.9078205e-02
   3.8170340e-02
   4.0875496e-02
   3.7998437e-02
   3.8403420e-02
   3.9906277e-02
   3.7490258e-02
   4.0944059e-02
   3.9802318e-02
   3.7442137e-02
   3.8567733e-02
   4.0642363e-02
   3.7824920e-02
   4.0581211e-02
   3.7998684e-02
   3.9737471e-02
   3.8017432e-02
   3.9364109e-02
   4.0716949e-02
   3.8806401e-02
   3.9652509e-02
   4.0426254e-02
   4.0168915e-02
   3.8715707e-02
   3.8819018e-02
   3.8232910e-02
   3.7786457e-02
   3.7972354e-02
   4.0370853e-02
   4.0398422e-02
   3.7846263e-02
   4.1175991e-02
   3.9805393e-02
   3.8077846e-02
   3.9605167e-02
   4.0859540e-02
   3.9830318e-02
   3.7802141e-02
   4.1037341e-02
   3.8354948e-02
   4.0214075e-02
   4.0333084e-02
   3.8262333e-02
   3.9049582e-02
   3.8023606e-02
   3.7810345e-02
   3.7962239e-02
   4.0190973e-02
   3.7240109e-02
   3.7915013e-02
   3.9148738e-02
   3.8419519e-02
   3.8495283e-02
   4.0935922e-02
   3.9881779e-02
   4.1929947e-02
   3.8030421e-02
   3.8223364e-02
   3.9239961e-02
   3.8736647e-02
   3.8401855e-02
   3.8125314e-02
   3.8239131e-02
   3.7984220e-02
   3.7620745e-02
   3.8951684e-02
   3.9950287e-02
   4.2151549e-02
   3.9143314e-02
   4.0521404e-02
   3.8395927e-02
   4.0505938e-02
   4.0799932e-02
   3.9560883e-02
   4.0372328e-02
   3.7813394e-02
   4.0305320e-02
   3.8366349e-02
   3.8384234e-02
   3.9540899e-02
   3.8116469e-02
   3.7908591e-02
   3.9270399e-02
   4.1253557e-02
   3.8521652e-02
   3.8350406e-02
   4.0510604e-02
   4.0849284e-02
   4.0078342e-02
   3.9346547e-02
   3.8191768e-02
   3.9461918e-02
   3.8816612e-02
   3.9537994e-02
   4.0881251e-02
   3.8270693e-02
   3.9943739e-02
   4.0819939e-02
