   2.3945696e-02
   2.4255297e-02
   2.3989988e-02
   2.4381799e-02
   2.3783232e-02
   2.4130517e-02
   2.4258028e-02
   2.3697930e-02
   2.4022200e-02
   2.5570471e-02
   2.4743439e-02
   2.4112225e-02
   2.4288150e-02
   2.4113856e-02
   2.3856840e-02
   2.3791633e-02
   2.3933301e-02
   2.4825051e-02
   2.4085688e-02
   2.3715506e-02
   2.3850938e-02
   2.4213857e-02
   2.3942117e-02
   2.4803802e-02
   2.4782874e-02
   2.3650434e-02
   2.4172493e-02
   2.4118931e-02
   2.4543712e-02
   2.3997968e-02
   2.4832285e-02
   2.4301934e-02
   2.3708239e-02
   2.3680721e-02
   2.3855621e-02
   2.4050750e-02
   2.4041496e-02
   2.3720818e-02
   2.4004663e-02
   2.5342916e-02
   2.4724106e-02
   2.4068653e-02
   2.4113933e-02
   2.4179187e-02
   2.5097192e-02
   2.4115596e-02
   2.4773957e-02
   2.4252630e-02
   2.5086676e-02
   2.3828644e-02
   2.6172663e-02
   2.3713283e-02
   2.3811482e-02
   2.4001067e-02
   2.4003047e-02
   2.3963859e-02
   2.3857419e-02
   2.3792913e-02
   2.3921520e-02
   2.3961213e-02
   2.4024328e-02
   2.3681204e-02
   2.4066270e-02
   2.5490431e-02
   2.3982148e-02
   2.5404741e-02
   2.4529614e-02
   2.4220696e-02
   2.3959631e-02
   2.4098534e-02
   2.4224398e-02
   2.5259376e-02
   2.5898606e-02
   2.5360442e-02
   2.5579880e-02
   2.4291899e-02
   2.3967762e-02
   2.3733907e-02
   2.4263705e-02
   2.4587165e-02
   2.3960619e-02
   2.4303885e-02
   2.3891479e-02
   2.4129688e-02
   2.5217656e-02
   2.4630776e-02
   2.5394294e-02
   2.3828113e-02
   2.4243718e-02
   2.4615968e-02
   2.4998903e-02
   2.4167632e-02
   2.3867255e-02
   2.4417974e-02
   2.4157665e-02
   2.4139180e-02
   2.4463390e-02
   2.3695745e-02
   2.4631193e-02
   2.3795646e-02
   2.4851431e-02
   2.3706905e-02
   2.3912458e-02
   2.4207185e-02
   2.3932217e-02
   2.4009924e-02
   2.4042213e-02
   2.4117464e-02
   2.5720873e-02
   2.4862500e-02
   2.5244654e-02
   2.4175466e-02
   2.4391230e-02
   2.4111001e-02
   2.4090874e-02
   2.5172270e-02
   2.4720432e-02
   2.4032535e-02
   2.4092305e-02
   2.4168500e-02
   2.3839578e-02
   2.4427367e-02
   2.4831174e-02
   2.4001282e-02
   2.4735602e-02
   2.5720875e-02
   2.3695847e-02
   2.4064209e-02
   2.4305323e-02
   2.4148606e-02
   2.5484521e-02
   2.4458410e-02
   2.4061762e-02
   2.3841344e-02
   2.4188415e-02
   2.3897471e-02
   2.3978758e-02
   2.3942875e-02
   2.3681693e-02
   2.4096541e-02
   2.4213962e-02
   2.4699830e-02
   2.5393843e-02
   2.4242052e-02
   2.4693803e-02
   2.3676316e-02
   2.3920200e-02
   2.3665921e-02
   2.4293093e-02
   2.3683188e-02
   2.5267857e-02
   2.6218677e-02
   2.4778492e-02
   2.4713989e-02
   2.4328968e-02
   2.4134833e-02
   2.3965832e-02
   2.3734957e-02
   2.5478629e-02
   2.4389701e-02
   2.3901570e-02
   2.3646851e-02
   2.3686811e-02
   2.3715506e-02
   2.3784582e-02
   2.3750764e-02
   2.4932483e-02
   2.5725580e-02
   2.4380976e-02
   2.4071027e-02
   2.3792531e-02
   2.3841120e-02
   2.4274938e-02
   2.4420611e-02
   2.4401807e-02
   2.4736367e-02
   2.3898401e-02
   2.4375344e-02
   2.3973501e-02
   2.3940516e-02
   2.4259741e-02
   2.4674252e-02
   2.3677299e-02
   2.4539146e-02
   2.3879635e-02
   2.4363865e-02
   2.4008107e-02
   2.3972151e-02
   2.5687229e-02
   2.3789585e-02
   2.4888914e-02
   2.4004205e-02
   2.3976628e-02
   2.4075866e-02
   2.5994553e-02
   2.4046065e-02
   2.4258724e-02
   2.3883444e-02
   2.3768516e-02
   2.3697136e-02
   2.3757717e-02
   2.3796212e-02
   2.3678393e-02
   2.5268159e-02
   2.3822230e-02
   2.4849153e-02
   2.3748423e-02
   2.5569180e-02
   2.5858129e-02
   2.4202695e-02
   2.3721601e-02
   2.4585100e-02
   2.5247792e-02
   2.3915683e-02
   2.4297268e-02
   2.3956559e-02
   2.4249157e-02
   2.5188959e-02
   2.3760441e-02
   2.4170661e-02
   2.3937234e-02
   2.3677259e-02
   2.4992694e-02
   2.4024527e-02
   2.3662497e-02
   2.5746727e-02
   2.4001881e-02
   2.4977116e-02
   2.4663547e-02
   2.4752005e-02
   2.3937964e-02
   2.3992596e-02
   2.3927196e-02
   2.5784851e-02
   2.4058019e-02
   2.4324011e-02
   2.4691931e-02
   2.4142071e-02
   2.4165054e-02
   2.3691612e-02
   2.4094721e-02
   2.3941946e-02
   2.3818082e-02
   2.4290758e-02
   2.3860469e-02
   2.5127385e-02
   2.3975382e-02
   2.4227132e-02
   2.4740461e-02
   2.4131454e-02
   2.5777980e-02
   2.4198015e-02
   2.3807379e-02
   2.4796073e-02
   2.5190312e-02
   2.4022912e-02
   2.4063904e-02
   2.3836413e-02
   2.3928346e-02
   2.3966513e-02
   2.4181520e-02
   2.4496449e-02
   2.4236354e-02
   2.3786400e-02
   2.3753504e-02
   2.4130570e-02
   2.3966095e-02
   2.6031875e-02
   2.5767193e-02
   2.4331144e-02
   2.3957537e-02
   2.4193384e-02
   2.4741107e-02
   2.4935889e-02
   2.3755211e-02
   2.4018617e-02
   2.4097209e-02
   2.3837072e-02
   2.3984413e-02
   2.5722595e-02
   2.3989837e-02
   2.4029154e-02
   2.4247996e-02
   2.3827669e-02
   2.3985632e-02
   2.4498712e-02
   2.4073353e-02
   2.5804977e-02
   2.4130405e-02
   2.4145544e-02
   2.4740724e-02
   2.3991531e-02
   2.3874076e-02
   2.5610018e-02
   2.3994485e-02
   2.4004359e-02
   2.3916458e-02
   2.3664365e-02
   2.4237790e-02
   2.3796559e-02
