   1.7703441e-02
   1.7917482e-02
   1.7084120e-02
   1.8774529e-02
   1.8530307e-02
   1.7472314e-02
   1.8295047e-02
   1.7354818e-02
   1.8097326e-02
   1.8035872e-02
   1.6125526e-02
   1.7636233e-02
   1.8745269e-02
   1.9370908e-02
   1.6449355e-02
   1.6943665e-02
   1.7467487e-02
   1.8683299e-02
   1.8769048e-02
   1.8043951e-02
   1.8547810e-02
   1.8425724e-02
   1.8503099e-02
   1.8635253e-02
   1.8542791e-02
   1.8930517e-02
   1.9024317e-02
   1.8500498e-02
   1.6504759e-02
   1.8655411e-02
   1.8857051e-02
   1.9594654e-02
   1.8597574e-02
   1.9009198e-02
   1.7565721e-02
   1.6145423e-02
   1.6423811e-02
   1.8923553e-02
   1.7736154e-02
   1.8132669e-02
   1.7456496e-02
   1.8427476e-02
   1.7624731e-02
   1.9363450e-02
   1.9344192e-02
   1.7217117e-02
   1.8261661e-02
   1.6948361e-02
   1.8357227e-02
   1.7308918e-02
   1.8281540e-02
   1.7950048e-02
   1.7761179e-02
   1.6855917e-02
   1.5904573e-02
   1.7619645e-02
   1.8780056e-02
   1.7706959e-02
   1.8027894e-02
   1.8757278e-02
   1.8761321e-02
   1.8232849e-02
   1.7894705e-02
   1.7434102e-02
   1.9328479e-02
   1.8472503e-02
   1.9231046e-02
   1.8560008e-02
   1.9628276e-02
   1.9319344e-02
   1.6209805e-02
   1.8098554e-02
   1.8783069e-02
   1.8636241e-02
   1.8123080e-02
   1.8990435e-02
   1.8836899e-02
   1.7300679e-02
   1.9725852e-02
   1.7470609e-02
   1.8176123e-02
   1.7777687e-02
   1.8394895e-02
   1.7995184e-02
   1.8765838e-02
   1.5991341e-02
   1.6830285e-02
   1.8963179e-02
   1.8075578e-02
   1.6709038e-02
   1.9363496e-02
   1.6182079e-02
   1.7769850e-02
   1.8989588e-02
   1.9476458e-02
   1.7299134e-02
   1.8330056e-02
   1.7439883e-02
   1.8744519e-02
   1.6724793e-02
   1.7084272e-02
   1.7419926e-02
   1.6532735e-02
   1.8588698e-02
   1.7820251e-02
   1.8911494e-02
   1.7574293e-02
   1.9419470e-02
   1.8688632e-02
   1.8972238e-02
   1.8866258e-02
   1.8702713e-02
   1.7121068e-02
   1.6628817e-02
   1.8424062e-02
   1.9093890e-02
   1.9353656e-02
   1.8120331e-02
   1.8008179e-02
   1.7829504e-02
   1.7613630e-02
   1.7561292e-02
   1.8120643e-02
   1.8306122e-02
   1.7825950e-02
   1.9620886e-02
   1.9031329e-02
   1.8317293e-02
   1.6224527e-02
   1.7685092e-02
   1.9188057e-02
   1.7372148e-02
   1.8459210e-02
   1.9106695e-02
   1.8844278e-02
   1.9299483e-02
   1.7084884e-02
   1.7508370e-02
   1.9659435e-02
   1.7941666e-02
   1.8995577e-02
   1.6626423e-02
   1.7505184e-02
   1.8670253e-02
   1.8670266e-02
   1.8838686e-02
   1.9646031e-02
   1.9170777e-02
   1.9387718e-02
   1.8534431e-02
   1.6268262e-02
   1.9275881e-02
   1.9377177e-02
   1.7993784e-02
   1.8560815e-02
   1.7919676e-02
   1.7551670e-02
   1.8071592e-02
   1.7576533e-02
   1.8846255e-02
   1.8012375e-02
   1.7513209e-02
   1.7822488e-02
   1.5982151e-02
   1.6775192e-02
   1.7654121e-02
   1.9790496e-02
   1.7728058e-02
   1.6463466e-02
   1.6475611e-02
   1.6396087e-02
   1.6015410e-02
   1.8818911e-02
   1.8043199e-02
   1.7327679e-02
   1.9382667e-02
   1.8697136e-02
   1.8745189e-02
   1.8713641e-02
   1.8408003e-02
   1.7817215e-02
   1.8216529e-02
   1.9164031e-02
   1.6390126e-02
   1.6745587e-02
   1.6815349e-02
   1.8652796e-02
   1.7779674e-02
   1.6922719e-02
   1.6699400e-02
   1.7809281e-02
   1.6630793e-02
   1.8212215e-02
   1.9074789e-02
   1.9256687e-02
   1.6534102e-02
   1.9569505e-02
   1.8743687e-02
   1.8688107e-02
   1.8725998e-02
   1.9377988e-02
   1.6643139e-02
   1.7829361e-02
   1.8076966e-02
   1.8388166e-02
   1.6609736e-02
   1.6706139e-02
   1.7155440e-02
   1.9511204e-02
   1.8643986e-02
   1.8479729e-02
   1.8442672e-02
   1.9324856e-02
   1.8305608e-02
   1.6802339e-02
   1.9034085e-02
   1.9127830e-02
   1.9842091e-02
   1.7707802e-02
   1.9096290e-02
   1.9450804e-02
   1.7363456e-02
   1.9647579e-02
   1.8807214e-02
   1.7907600e-02
   1.7105460e-02
   1.9060530e-02
   1.8444135e-02
   1.7312719e-02
   1.5986113e-02
   1.8821529e-02
   1.9469190e-02
   1.6477468e-02
   1.8866410e-02
   1.9051939e-02
   1.7406283e-02
   1.7541356e-02
   1.8942025e-02
   1.9006220e-02
   1.8873739e-02
   1.8506493e-02
   1.9525961e-02
   1.8934651e-02
   1.7329668e-02
   1.8267541e-02
   1.8588042e-02
   1.6934939e-02
   1.8607967e-02
   1.7755614e-02
   1.8955338e-02
   1.7991374e-02
   1.8076884e-02
   1.9370455e-02
   1.7568602e-02
   1.8964729e-02
   1.8175504e-02
   1.6702047e-02
   1.8814610e-02
   1.7456086e-02
   1.7883358e-02
   1.8549847e-02
   1.8912752e-02
   1.9379780e-02
   1.9414386e-02
   1.7214042e-02
   1.7093125e-02
   1.7645630e-02
   1.8040520e-02
   1.8428717e-02
   1.7480802e-02
   1.8414895e-02
   1.7340374e-02
   1.6621852e-02
   1.7256225e-02
   1.6884435e-02
   1.8196828e-02
   1.9851092e-02
   1.7112291e-02
   1.8746420e-02
   1.8058867e-02
   1.7247430e-02
   1.8823765e-02
   1.8493661e-02
   1.9567760e-02
   1.8062131e-02
   1.6982209e-02
   1.8863853e-02
   1.8680497e-02
   1.8701589e-02
   1.9108887e-02
   1.7512208e-02
   1.8757089e-02
   1.8272735e-02
   1.9399451e-02
   1.6830989e-02
   1.8713355e-02
   1.7511568e-02
   1.7904381e-02
   1.8879153e-02
   1.9538050e-02
