   2.0718189e-02
   2.0790130e-02
   2.0652121e-02
   2.0483249e-02
   2.0481357e-02
   2.0183729e-02
   2.0399374e-02
   2.0479927e-02
   2.0435286e-02
   2.0337826e-02
   2.0831490e-02
   2.0166870e-02
   2.1172091e-02
   2.0819550e-02
   1.9831801e-02
   2.0088111e-02
   2.0536877e-02
   2.1067149e-02
   2.0621864e-02
   2.0286006e-02
   2.1183935e-02
   2.0685418e-02
   2.0744426e-02
   2.0670318e-02
   2.1056839e-02
   2.0504396e-02
   2.0321911e-02
   2.0586715e-02
   2.0331421e-02
   2.0452141e-02
   2.0453840e-02
   2.1087851e-02
   2.1141971e-02
   2.0678351e-02
   2.0662475e-02
   2.0746988e-02
   2.0377608e-02
   2.0158289e-02
   2.0633226e-02
   2.0576793e-02
   1.9989683e-02
   2.0350670e-02
   2.0914062e-02
   2.0277867e-02
   2.0764259e-02
   2.0660183e-02
   2.1168528e-02
   2.0949869e-02
   2.0191115e-02
   2.0673751e-02
   2.0157416e-02
   2.0857013e-02
   2.0558685e-02
   2.0686231e-02
   2.0646066e-02
   2.0127273e-02
   2.0916923e-02
   2.0893964e-02
   2.1206003e-02
   2.0598052e-02
   2.0433499e-02
   2.0432387e-02
   2.0084704e-02
   2.0303692e-02
   2.0168493e-02
   2.0762264e-02
   2.0573782e-02
   2.0732382e-02
   2.0513080e-02
   2.0883299e-02
   1.9969009e-02
   2.0915029e-02
   2.0876373e-02
   2.0849169e-02
   2.0762880e-02
   2.0679517e-02
   2.0066380e-02
   2.0656057e-02
   1.9794892e-02
   2.1135385e-02
   2.0982805e-02
   2.0601869e-02
   2.0627413e-02
   2.0414929e-02
   1.9938480e-02
   2.1109332e-02
   2.0048663e-02
   1.9616304e-02
   2.0459421e-02
   2.0235660e-02
   1.9800595e-02
   1.9803781e-02
   2.1122732e-02
   2.0555930e-02
   2.0738502e-02
   2.0571816e-02
   2.1160446e-02
   2.0343183e-02
   1.9675041e-02
   2.0322604e-02
   1.9901662e-02
   2.0636160e-02
   2.0911042e-02
   2.0658137e-02
   1.9990918e-02
   2.0579917e-02
   2.0705785e-02
   2.0120441e-02
   2.0527609e-02
   2.0550729e-02
   2.0758097e-02
   2.0383872e-02
   2.0674509e-02
   2.0799666e-02
   2.1090665e-02
   2.0577201e-02
   2.0803100e-02
   1.9901049e-02
   2.0661101e-02
   2.0056353e-02
   2.0333038e-02
   2.0129564e-02
   2.0466694e-02
   2.0336323e-02
   2.0472257e-02
   2.0654100e-02
   2.0890965e-02
   2.0558287e-02
   2.0372217e-02
   2.0923178e-02
   2.0191165e-02
   2.0741303e-02
   2.0291191e-02
   2.0970857e-02
   2.0389667e-02
   2.0958616e-02
   2.0794331e-02
   2.0905444e-02
   1.9712717e-02
   2.0599837e-02
   2.0693288e-02
   1.9693454e-02
   2.0141700e-02
   2.0816468e-02
   1.9809268e-02
   2.0562116e-02
   2.0043405e-02
   2.0805353e-02
   2.0706588e-02
   2.0645374e-02
   2.0929327e-02
   1.9967808e-02
   2.0276657e-02
   2.0630420e-02
   2.0467638e-02
   2.0787141e-02
   2.0745261e-02
   2.0881745e-02
   2.0826909e-02
   2.0606171e-02
   2.0514264e-02
   2.0414966e-02
   2.0684369e-02
   2.0836083e-02
   2.0318135e-02
   2.0105523e-02
   2.0793632e-02
   2.0791676e-02
   2.0098999e-02
   2.0124104e-02
   2.0125025e-02
   2.0437775e-02
   2.0257359e-02
   2.0466076e-02
   2.0702419e-02
   1.9763870e-02
   2.0897123e-02
   2.0406179e-02
   2.0508386e-02
   2.0689344e-02
   2.0259952e-02
   2.0094384e-02
   2.0546208e-02
   2.0316225e-02
   2.1009111e-02
   2.0536781e-02
   2.0837095e-02
   2.1130711e-02
   2.0644068e-02
   2.0937653e-02
   2.0911456e-02
   2.0364332e-02
   2.0227977e-02
   2.0026789e-02
   2.0997579e-02
   2.0216024e-02
   2.0310820e-02
   2.1040648e-02
   2.0231225e-02
   2.0656285e-02
   2.0381618e-02
   2.0911869e-02
   2.0490439e-02
   2.0911423e-02
   2.0111559e-02
   2.1040829e-02
   2.0284776e-02
   2.0340058e-02
   2.0295444e-02
   2.0259331e-02
   2.0910909e-02
   2.0825999e-02
   2.0141073e-02
   2.0423256e-02
   2.0421646e-02
   2.0818741e-02
   2.0328027e-02
   2.0402469e-02
   1.9981537e-02
   2.0702349e-02
   1.9628534e-02
   2.0429173e-02
   2.0771313e-02
   2.0170445e-02
   2.0401389e-02
   2.0881663e-02
   1.9979734e-02
   2.0873046e-02
   2.0165628e-02
   2.0445413e-02
   2.0930750e-02
   1.9914897e-02
   2.0027282e-02
   2.0239093e-02
   2.1055010e-02
   2.0497351e-02
   2.0103993e-02
   2.1065040e-02
   2.0220462e-02
   2.1194582e-02
   2.0541056e-02
   2.1037135e-02
   2.0633192e-02
   2.0717888e-02
   1.9903920e-02
   2.1076198e-02
   2.0154835e-02
   2.0745330e-02
   2.0976030e-02
   2.0776518e-02
   2.0548810e-02
   2.0363890e-02
   2.0966594e-02
   2.0627494e-02
   2.0704374e-02
   2.0578901e-02
   2.0835202e-02
   2.0694553e-02
   2.0332271e-02
   2.0512426e-02
   2.0430166e-02
   2.0675624e-02
   2.0006467e-02
   2.0708572e-02
   2.0619793e-02
   2.0854301e-02
   2.0233537e-02
   2.0879405e-02
   2.1111749e-02
   2.1104032e-02
   2.0302502e-02
   2.1060143e-02
   2.1119429e-02
   2.0299653e-02
   2.0572724e-02
   2.0221696e-02
   2.1223098e-02
   2.0525688e-02
   2.0668580e-02
   2.0431131e-02
   2.0643162e-02
   2.0942554e-02
   2.1179094e-02
   2.0175658e-02
   1.9893317e-02
   2.0493843e-02
   2.1095116e-02
   1.9698131e-02
   2.0350125e-02
   2.0349473e-02
   2.0892275e-02
   2.0526352e-02
   2.0828233e-02
   2.0988159e-02
   2.0947917e-02
   2.0338696e-02
   2.0686094e-02
   2.0347927e-02
   2.0262330e-02
   2.0552385e-02
