   1.9003247e-01
   2.0584440e-01
   2.0585523e-01
   1.9141628e-01
   2.0303296e-01
   1.9303531e-01
   1.9130322e-01
   1.9151178e-01
   1.9082449e-01
   1.9176298e-01
   1.9693042e-01
   1.9227378e-01
   2.0303902e-01
   1.9651037e-01
   1.9088442e-01
   1.9600341e-01
   1.9097645e-01
   2.0268238e-01
   1.8973912e-01
   1.8994673e-01
   2.0212934e-01
   2.0612005e-01
   2.0295111e-01
   1.9351696e-01
   2.0331360e-01
   1.9672329e-01
   1.9523746e-01
   2.0538945e-01
   1.9457655e-01
   2.0213370e-01
   2.0071736e-01
   2.0212672e-01
   2.0257229e-01
   1.9995521e-01
   2.0325620e-01
   1.9093138e-01
   1.9614301e-01
   1.9482981e-01
   1.9654556e-01
   1.8971703e-01
   1.8953724e-01
   2.0478043e-01
   1.9879395e-01
   1.9635649e-01
   1.9810596e-01
   2.0241762e-01
   1.9093976e-01
   1.9903617e-01
   1.9795230e-01
   2.0004789e-01
   2.0811430e-01
   1.9904448e-01
   1.9733383e-01
   2.0007703e-01
   2.0545867e-01
   1.8985512e-01
   2.0424986e-01
   1.9086756e-01
   1.9067100e-01
   2.0086491e-01
   1.9495797e-01
   1.9224168e-01
   1.9880527e-01
   2.0664449e-01
   1.9776475e-01
   1.9158257e-01
   2.0396135e-01
   2.0373858e-01
   1.9962005e-01
   1.8923386e-01
   2.0436437e-01
   2.0076440e-01
   1.8915540e-01
   2.0476987e-01
   1.9645872e-01
   1.9055411e-01
   2.0147241e-01
   1.9719500e-01
   2.0803625e-01
   1.8993680e-01
   1.9937011e-01
   1.9205839e-01
   2.0365897e-01
   1.9070191e-01
   2.0070591e-01
   1.9294256e-01
   1.9641103e-01
   1.9492751e-01
   2.0605147e-01
   2.0334597e-01
   2.0632716e-01
   1.9242536e-01
   1.9130207e-01
   1.9144819e-01
   2.0247733e-01
   2.0053120e-01
   2.0493546e-01
   1.9316598e-01
   1.9631511e-01
   1.9101430e-01
   2.0892860e-01
   1.9287606e-01
   2.0808187e-01
   1.9227990e-01
   2.0105785e-01
   1.9744634e-01
   1.9090736e-01
   1.8966466e-01
   2.0316491e-01
   2.0831805e-01
   2.0604886e-01
   1.9749187e-01
   1.9026862e-01
   1.9097322e-01
   1.9560633e-01
   1.9837775e-01
   1.9721024e-01
   1.9548574e-01
   1.9401652e-01
   2.0026247e-01
   1.9350158e-01
   1.9434221e-01
   1.9094771e-01
   1.9133325e-01
   1.9458011e-01
   1.9030606e-01
   2.0263548e-01
   1.9518098e-01
   1.9388177e-01
   1.9159174e-01
   1.9557017e-01
   1.9719984e-01
   1.9767858e-01
   1.9344295e-01
   1.9151966e-01
   1.8985488e-01
   2.0207430e-01
   1.9406675e-01
   2.0294598e-01
   2.0445639e-01
   2.0139507e-01
   1.9258991e-01
   1.9739513e-01
   1.9024646e-01
   2.0284985e-01
   2.0473527e-01
   2.0377126e-01
   1.9671948e-01
   2.0915974e-01
   1.9749919e-01
   2.0786907e-01
   1.8952106e-01
   1.9223518e-01
   1.8987833e-01
   1.9179252e-01
   1.9992092e-01
   1.9644835e-01
   1.9398679e-01
   1.9606501e-01
   1.9017358e-01
   2.0495978e-01
   1.9071729e-01
   1.9498248e-01
   1.9193796e-01
   1.9600322e-01
   2.0189191e-01
   1.9415371e-01
   1.9438254e-01
   1.9478343e-01
   1.9454054e-01
   1.9876602e-01
   1.9759732e-01
   1.8998562e-01
   1.9007386e-01
   1.9843150e-01
   1.9353738e-01
   2.0208306e-01
   1.9057079e-01
   2.0542779e-01
   2.0348940e-01
   1.9707159e-01
   2.0354436e-01
   1.9812232e-01
   1.8935860e-01
   1.9310762e-01
   1.9708691e-01
   2.0347795e-01
   1.9620112e-01
   2.0106228e-01
   1.9906942e-01
   2.0178462e-01
   2.0512577e-01
   1.8982340e-01
   1.9602478e-01
   1.9876823e-01
   1.9083527e-01
   1.9984510e-01
   1.9420147e-01
   2.0415730e-01
   1.9414339e-01
   1.9316439e-01
   2.0316186e-01
   1.9382585e-01
   1.9941912e-01
   2.0024163e-01
   1.9834737e-01
   1.9296023e-01
   2.0329254e-01
   1.9430891e-01
   1.9411007e-01
   1.9284615e-01
   2.0473511e-01
   2.0639770e-01
   2.0583999e-01
   2.0484969e-01
   1.9307988e-01
   2.0839649e-01
   1.9483919e-01
   1.9383374e-01
   1.9637369e-01
   1.9344909e-01
   1.9334509e-01
   1.9129890e-01
   1.9082227e-01
   2.0436844e-01
   2.0067865e-01
   2.0020362e-01
   2.0254451e-01
   2.0468295e-01
   1.9339329e-01
   2.0589649e-01
   1.9342149e-01
   1.9364596e-01
   1.9256623e-01
   1.9796811e-01
   2.0319391e-01
   1.9345982e-01
   1.9662116e-01
   2.0235049e-01
   2.0151607e-01
   2.0504086e-01
   1.9322423e-01
   1.9964412e-01
   1.9802315e-01
   1.9601744e-01
   2.0360126e-01
   1.9890518e-01
   1.9460163e-01
   1.9552248e-01
   1.9071672e-01
   2.0367421e-01
   1.9521910e-01
   1.9825824e-01
   2.0695279e-01
   1.9613024e-01
   1.9540454e-01
   1.9090240e-01
   1.9141575e-01
   1.9978869e-01
   1.9018203e-01
   1.9019344e-01
   2.0370422e-01
   1.9675142e-01
   1.9151373e-01
   1.9751782e-01
   1.9528659e-01
   1.9159749e-01
   1.9293048e-01
   1.9124484e-01
   1.9508904e-01
   2.0296533e-01
   1.9672044e-01
   1.9341510e-01
   2.0216959e-01
   1.9698644e-01
   1.9531004e-01
   2.0614852e-01
   1.9858386e-01
   2.0297167e-01
   1.9771705e-01
   2.0228989e-01
   2.0479998e-01
   1.9067636e-01
   1.8966300e-01
   2.0086408e-01
   1.9069343e-01
   1.9386628e-01
   1.9712125e-01
   1.9750154e-01
   1.9033434e-01
   1.9132053e-01
   1.8924092e-01
   1.9132129e-01
   2.0427368e-01
   1.9223264e-01
   1.9867983e-01
   1.9451113e-01
   2.0494821e-01
   2.0257752e-01
   1.9743786e-01
