   1.9355763e-02
   1.9340232e-02
   1.9346113e-02
   1.9356740e-02
   1.9027641e-02
   1.8975998e-02
   1.9181115e-02
   1.9194375e-02
   1.9211048e-02
   1.9358418e-02
   1.9106854e-02
   1.8988867e-02
   1.9183792e-02
   1.8976881e-02
   1.9344724e-02
   1.8970270e-02
   1.9339286e-02
   1.9337386e-02
   1.9191915e-02
   1.9010906e-02
   1.9161225e-02
   1.9181498e-02
   1.9134262e-02
   1.9358577e-02
   1.9034092e-02
   1.9196459e-02
   1.9356748e-02
   1.9187728e-02
   1.9212739e-02
   1.9358468e-02
   1.9108931e-02
   1.9201040e-02
   1.9114251e-02
   1.9328662e-02
   1.9351608e-02
   1.9181826e-02
   1.9126904e-02
   1.9051370e-02
   1.9309679e-02
   1.9167796e-02
   1.9347288e-02
   1.9189220e-02
   1.9358977e-02
   1.9349052e-02
   1.9335720e-02
   1.9110262e-02
   1.9350174e-02
   1.9096294e-02
   1.9343266e-02
   1.9213084e-02
   1.9200012e-02
   1.8998257e-02
   1.8990795e-02
   1.9193186e-02
   1.9292326e-02
   1.9181132e-02
   1.9067147e-02
   1.9022757e-02
   1.9194180e-02
   1.9036455e-02
   1.9351199e-02
   1.9323978e-02
   1.9179634e-02
   1.9358566e-02
   1.9344787e-02
   1.9122808e-02
   1.9318934e-02
   1.9148360e-02
   1.9145414e-02
   1.9210844e-02
   1.9197117e-02
   1.9206055e-02
   1.9181988e-02
   1.9354399e-02
   1.9335632e-02
   1.9355392e-02
   1.9065594e-02
   1.9355957e-02
   1.9353163e-02
   1.9353452e-02
   1.9342731e-02
   1.9199741e-02
   1.9250458e-02
   1.9020373e-02
   1.8994025e-02
   1.9342748e-02
   1.9270700e-02
   1.8972438e-02
   1.9179230e-02
   1.9222834e-02
   1.8970095e-02
   1.9315285e-02
   1.9205521e-02
   1.9177047e-02
   1.9185658e-02
   1.9161391e-02
   1.9353678e-02
   1.9296084e-02
   1.9086236e-02
   1.9100624e-02
   1.9336053e-02
   1.9137851e-02
   1.8973721e-02
   1.9189585e-02
   1.9193049e-02
   1.9205450e-02
   1.9343208e-02
   1.9163836e-02
   1.9172060e-02
   1.9212120e-02
   1.9100151e-02
   1.9187648e-02
   1.9022001e-02
   1.9206663e-02
   1.9027846e-02
   1.8975158e-02
   1.8992792e-02
   1.9184552e-02
   1.9354642e-02
   1.9336395e-02
   1.9206301e-02
   1.9153665e-02
   1.9015958e-02
   1.8999953e-02
   1.9022553e-02
   1.8996092e-02
   1.9192419e-02
   1.8975541e-02
   1.9335251e-02
   1.9351830e-02
   1.9338804e-02
   1.9354444e-02
   1.9168150e-02
   1.9174280e-02
   1.9354445e-02
   1.9216771e-02
   1.9193516e-02
   1.9100217e-02
   1.9110862e-02
   1.9245975e-02
   1.8988628e-02
   1.9192537e-02
   1.9354431e-02
   1.9176214e-02
   1.9222634e-02
   1.9195522e-02
   1.9182563e-02
   1.9148199e-02
   1.9208853e-02
   1.9144320e-02
   1.9157396e-02
   1.8972861e-02
   1.9211680e-02
   1.9188944e-02
   1.9213578e-02
   1.9096568e-02
   1.9358453e-02
   1.9339364e-02
   1.8996815e-02
   1.9087858e-02
   1.9349077e-02
   1.8970390e-02
   1.9208285e-02
   1.9340934e-02
   1.9351524e-02
   1.9289921e-02
   1.9339077e-02
   1.9166206e-02
   1.9195821e-02
   1.9271601e-02
   1.9050442e-02
   1.9188045e-02
   1.9317670e-02
   1.9196374e-02
   1.9327875e-02
   1.9351198e-02
   1.9008443e-02
   1.9267294e-02
   1.9354640e-02
   1.9091393e-02
   1.9357171e-02
   1.9190155e-02
   1.8995653e-02
   1.8991887e-02
   1.9341724e-02
   1.8971170e-02
   1.9052871e-02
   1.9180058e-02
   1.9354258e-02
   1.8979898e-02
   1.9212765e-02
   1.9335403e-02
   1.8976465e-02
   1.9351452e-02
   1.9017243e-02
   1.9199547e-02
   1.9212392e-02
   1.9281631e-02
   1.9335438e-02
   1.9345087e-02
   1.9081328e-02
   1.9006356e-02
   1.9004215e-02
   1.9211872e-02
   1.9166460e-02
   1.8972903e-02
   1.8970055e-02
   1.9289551e-02
   1.9144628e-02
   1.8971883e-02
   1.9302895e-02
   1.9149991e-02
   1.9341771e-02
   1.9206260e-02
   1.9208296e-02
   1.9025229e-02
   1.9189809e-02
   1.9198259e-02
   1.9121300e-02
   1.9051954e-02
   1.9190329e-02
   1.9355156e-02
   1.8969415e-02
   1.9053635e-02
   1.8974657e-02
   1.9272749e-02
   1.9274850e-02
   1.9342744e-02
   1.9124387e-02
   1.9210936e-02
   1.9355672e-02
   1.9205033e-02
   1.9345059e-02
   1.9040532e-02
   1.9228723e-02
   1.8979026e-02
   1.9191906e-02
   1.9187902e-02
   1.8992648e-02
   1.9307550e-02
   1.8976024e-02
   1.9210910e-02
   1.9008476e-02
   1.9177446e-02
   1.9340251e-02
   1.9197129e-02
   1.9347291e-02
   1.9204023e-02
   1.9209031e-02
   1.9201100e-02
   1.9211512e-02
   1.9350990e-02
   1.9328634e-02
   1.8974766e-02
   1.9269138e-02
   1.9185629e-02
   1.9358062e-02
   1.9100066e-02
   1.8971394e-02
   1.9342477e-02
   1.9206087e-02
   1.9321078e-02
   1.9336341e-02
   1.9270482e-02
   1.9174212e-02
   1.8970072e-02
   1.9325102e-02
   1.9184575e-02
   1.8979491e-02
   1.9358560e-02
   1.9206757e-02
   1.9315208e-02
   1.9120276e-02
   1.9358978e-02
   1.9342551e-02
   1.8975429e-02
   1.9337779e-02
   1.8988183e-02
   1.9336706e-02
   1.9357411e-02
   1.9090299e-02
   1.9191027e-02
   1.8973492e-02
   1.9040047e-02
   1.9212608e-02
   1.9189065e-02
   1.9088011e-02
   1.9054670e-02
   1.9212766e-02
   1.9194415e-02
   1.9025892e-02
   1.9192367e-02
   1.9209461e-02
   1.9353439e-02
   1.8974211e-02
   1.9337114e-02
   1.9355677e-02
   1.9155287e-02
   1.8976980e-02
   1.8979910e-02
