   1.6011040e-02
   1.5630325e-02
   1.3815290e-02
   1.3882994e-02
   1.4445379e-02
   1.3998333e-02
   1.5856374e-02
   1.5004072e-02
   1.3760465e-02
   1.5329570e-02
   1.4509510e-02
   1.4583957e-02
   1.5414232e-02
   1.6525749e-02
   1.5555379e-02
   1.4502555e-02
   1.3586111e-02
   1.5543608e-02
   1.3970523e-02
   1.6174506e-02
   1.4878215e-02
   1.5999932e-02
   1.5870588e-02
   1.5780807e-02
   1.6432749e-02
   1.5425542e-02
   1.5802316e-02
   1.4008915e-02
   1.4462349e-02
   1.6304549e-02
   1.6144905e-02
   1.4760358e-02
   1.4106927e-02
   1.5523353e-02
   1.5930225e-02
   1.4029507e-02
   1.5772526e-02
   1.3889225e-02
   1.4842075e-02
   1.5164917e-02
   1.5498054e-02
   1.5952298e-02
   1.5711682e-02
   1.5620693e-02
   1.4468941e-02
   1.6722683e-02
   1.3378650e-02
   1.5647015e-02
   1.4777809e-02
   1.3654685e-02
   1.3584585e-02
   1.4979992e-02
   1.4771156e-02
   1.4824977e-02
   1.6372220e-02
   1.5776782e-02
   1.5304654e-02
   1.4141224e-02
   1.5368791e-02
   1.3828833e-02
   1.4352558e-02
   1.4319767e-02
   1.5395225e-02
   1.4011344e-02
   1.5945669e-02
   1.4187509e-02
   1.5823693e-02
   1.6263002e-02
   1.5831742e-02
   1.4283784e-02
   1.3701171e-02
   1.6552823e-02
   1.4165441e-02
   1.3781468e-02
   1.5892046e-02
   1.6082427e-02
   1.5553434e-02
   1.5172905e-02
   1.6314108e-02
   1.5425205e-02
   1.5658971e-02
   1.5875124e-02
   1.4073243e-02
   1.5901759e-02
   1.6416794e-02
   1.4293343e-02
   1.3585766e-02
   1.6060772e-02
   1.4467440e-02
   1.5829635e-02
   1.6514486e-02
   1.6163647e-02
   1.5729346e-02
   1.5351326e-02
   1.5581908e-02
   1.4273783e-02
   1.4393360e-02
   1.5846439e-02
   1.5900284e-02
   1.4585970e-02
   1.3514908e-02
   1.5437052e-02
   1.4976497e-02
   1.6095977e-02
   1.6663434e-02
   1.6372351e-02
   1.5007681e-02
   1.3649200e-02
   1.5175252e-02
   1.6177336e-02
   1.5598764e-02
   1.6145344e-02
   1.4816078e-02
   1.3652483e-02
   1.5130767e-02
   1.4486512e-02
   1.6316220e-02
   1.5054144e-02
   1.5552741e-02
   1.5807100e-02
   1.5951292e-02
   1.3672028e-02
   1.5969683e-02
   1.5493789e-02
   1.6229057e-02
   1.3877175e-02
   1.5593719e-02
   1.4399184e-02
   1.5770205e-02
   1.6001073e-02
   1.4819591e-02
   1.5344269e-02
   1.3401000e-02
   1.3372749e-02
   1.5867079e-02
   1.4026707e-02
   1.5748644e-02
   1.4303275e-02
   1.4661836e-02
   1.3567404e-02
   1.6065793e-02
   1.5903747e-02
   1.4266291e-02
   1.4644263e-02
   1.4849514e-02
   1.6237849e-02
   1.5157735e-02
   1.6799045e-02
   1.6123094e-02
   1.5929715e-02
   1.5017281e-02
   1.5577572e-02
   1.5323459e-02
   1.5830247e-02
   1.4698767e-02
   1.6411747e-02
   1.5975088e-02
   1.3867987e-02
   1.3902191e-02
   1.4941573e-02
   1.4114183e-02
   1.4179935e-02
   1.5445972e-02
   1.4793168e-02
   1.3919101e-02
   1.4169392e-02
   1.4609786e-02
   1.5708097e-02
   1.6264691e-02
   1.4046191e-02
   1.5953144e-02
   1.3878103e-02
   1.4460218e-02
   1.4195793e-02
   1.4699946e-02
   1.5688024e-02
   1.6114528e-02
   1.3687149e-02
   1.6212688e-02
   1.4869665e-02
   1.4250991e-02
   1.6788119e-02
   1.3789331e-02
   1.5865595e-02
   1.4168103e-02
   1.5978306e-02
   1.4203525e-02
   1.5507626e-02
   1.5677689e-02
   1.4968500e-02
   1.5871793e-02
   1.3880103e-02
   1.6094764e-02
   1.5111423e-02
   1.4021316e-02
   1.4295506e-02
   1.4448854e-02
   1.3704459e-02
   1.5101194e-02
   1.6460179e-02
   1.6074039e-02
   1.3770497e-02
   1.5046524e-02
   1.5020259e-02
   1.5372621e-02
   1.4011063e-02
   1.4929341e-02
   1.3702118e-02
   1.5254725e-02
   1.5786719e-02
   1.3928927e-02
   1.4946321e-02
   1.4259145e-02
   1.5746803e-02
   1.4014437e-02
   1.5589032e-02
   1.4053288e-02
   1.5360318e-02
   1.4416787e-02
   1.5202841e-02
   1.5394911e-02
   1.4071971e-02
   1.5094889e-02
   1.4664488e-02
   1.5792919e-02
   1.4554898e-02
   1.6354961e-02
   1.4150632e-02
   1.3972627e-02
   1.5876507e-02
   1.4506392e-02
   1.5012795e-02
   1.6083239e-02
   1.4654054e-02
   1.3745156e-02
   1.4792099e-02
   1.6662865e-02
   1.6596763e-02
   1.6304522e-02
   1.5733654e-02
   1.5096190e-02
   1.4016434e-02
   1.4139759e-02
   1.3717534e-02
   1.4965505e-02
   1.4079233e-02
   1.5327030e-02
   1.3888412e-02
   1.5790075e-02
   1.5281218e-02
   1.4123170e-02
   1.6111559e-02
   1.4206877e-02
   1.6271607e-02
   1.4774475e-02
   1.5172453e-02
   1.5438894e-02
   1.4455939e-02
   1.5204693e-02
   1.4989898e-02
   1.6154328e-02
   1.6163607e-02
   1.4237997e-02
   1.3830097e-02
   1.4242415e-02
   1.4233546e-02
   1.3990363e-02
   1.6120508e-02
   1.4977360e-02
   1.6544055e-02
   1.5208076e-02
   1.5976429e-02
   1.5170775e-02
   1.6275976e-02
   1.5163213e-02
   1.5482046e-02
   1.4811785e-02
   1.3830822e-02
   1.5211728e-02
   1.4825207e-02
   1.4963472e-02
   1.4431019e-02
   1.4692670e-02
   1.6348717e-02
   1.5569877e-02
   1.5490800e-02
   1.4529088e-02
   1.4283994e-02
   1.5548871e-02
   1.4688426e-02
   1.5843853e-02
   1.4261623e-02
   1.4259504e-02
   1.5680115e-02
   1.5701490e-02
   1.6019417e-02
   1.6272696e-02
   1.6595268e-02
   1.4795745e-02
   1.4462536e-02
