   1.5352773e-02
   1.7312498e-02
   1.8117800e-02
   1.8988096e-02
   1.5494832e-02
   1.8105770e-02
   1.7486223e-02
   1.8866767e-02
   1.6566209e-02
   1.9014156e-02
   1.8138416e-02
   1.8336916e-02
   1.6698568e-02
   1.7865932e-02
   1.8809612e-02
   1.8907380e-02
   1.7833431e-02
   1.8008254e-02
   1.8972615e-02
   1.8975413e-02
   1.5908969e-02
   1.8755126e-02
   1.6429952e-02
   1.8072189e-02
   1.8061523e-02
   1.5724545e-02
   1.8979898e-02
   1.6053574e-02
   1.6205048e-02
   1.7115810e-02
   1.7682482e-02
   1.7925396e-02
   1.6496714e-02
   1.8964159e-02
   1.8826368e-02
   1.8744619e-02
   1.8915705e-02
   1.8839195e-02
   1.7129515e-02
   1.5907526e-02
   1.8970483e-02
   1.7564016e-02
   1.7283331e-02
   1.8875473e-02
   1.6517331e-02
   1.7876202e-02
   1.6843202e-02
   1.8974439e-02
   1.7188777e-02
   1.8779984e-02
   1.6435849e-02
   1.7860451e-02
   1.7703471e-02
   1.6321323e-02
   1.5760982e-02
   1.8498719e-02
   1.8961726e-02
   1.6908784e-02
   1.7828080e-02
   1.6888744e-02
   1.8965473e-02
   1.6960506e-02
   1.7372600e-02
   1.6685847e-02
   1.5352759e-02
   1.8410650e-02
   1.8761681e-02
   1.8019302e-02
   1.8827897e-02
   1.8191072e-02
   1.8579457e-02
   1.5678078e-02
   1.8735369e-02
   1.5502059e-02
   1.9031188e-02
   1.8245742e-02
   1.9050938e-02
   1.6782405e-02
   1.8968463e-02
   1.8870943e-02
   1.5630981e-02
   1.6879481e-02
   1.8497949e-02
   1.8371885e-02
   1.9047392e-02
   1.7965370e-02
   1.8976810e-02
   1.6641205e-02
   1.6853626e-02
   1.5602072e-02
   1.6440440e-02
   1.8835119e-02
   1.8234379e-02
   1.6031151e-02
   1.9006624e-02
   1.5186234e-02
   1.7413063e-02
   1.8997241e-02
   1.9027342e-02
   1.7783758e-02
   1.6616606e-02
   1.7978039e-02
   1.7625005e-02
   1.9016117e-02
   1.6378845e-02
   1.6611328e-02
   1.8798004e-02
   1.7996192e-02
   1.6257701e-02
   1.5946916e-02
   1.8976098e-02
   1.8934003e-02
   1.6421313e-02
   1.8997926e-02
   1.8942342e-02
   1.7828684e-02
   1.8881928e-02
   1.5492581e-02
   1.7498917e-02
   1.8739492e-02
   1.7306653e-02
   1.7786666e-02
   1.8901829e-02
   1.6581875e-02
   1.8079381e-02
   1.8509508e-02
   1.9163449e-02
   1.6373696e-02
   1.6626085e-02
   1.8010167e-02
   1.9046702e-02
   1.5587183e-02
   1.6551504e-02
   1.8931957e-02
   1.6783513e-02
   1.8987810e-02
   1.7409543e-02
   1.8719158e-02
   1.8911274e-02
   1.9095160e-02
   1.7240728e-02
   1.8979906e-02
   1.6570198e-02
   1.5734695e-02
   1.8818089e-02
   1.7652559e-02
   1.6891451e-02
   1.8723045e-02
   1.8932369e-02
   1.9023868e-02
   1.8901787e-02
   1.6289526e-02
   1.8011651e-02
   1.9046814e-02
   1.8760293e-02
   1.8996628e-02
   1.7311261e-02
   1.7788687e-02
   1.8963416e-02
   1.8511940e-02
   1.8998526e-02
   1.8081444e-02
   1.8682419e-02
   1.5214072e-02
   1.8941849e-02
   1.9082031e-02
   1.6745170e-02
   1.7891965e-02
   1.9112214e-02
   1.5877775e-02
   1.8933540e-02
   1.8210871e-02
   1.7096081e-02
   1.7690151e-02
   1.6896776e-02
   1.6246035e-02
   1.8571029e-02
   1.8304143e-02
   1.5502059e-02
   1.7556976e-02
   1.9027539e-02
   1.5293364e-02
   1.8038390e-02
   1.8655476e-02
   1.9060221e-02
   1.7808245e-02
   1.8834919e-02
   1.5312932e-02
   1.6674831e-02
   1.8978135e-02
   1.6889853e-02
   1.5734944e-02
   1.6199117e-02
   1.8297604e-02
   1.7579989e-02
   1.8888827e-02
   1.8690803e-02
   1.8810471e-02
   1.7877511e-02
   1.8931782e-02
   1.8570344e-02
   1.8503697e-02
   1.7346543e-02
   1.7231114e-02
   1.6045462e-02
   1.7889772e-02
   1.8323287e-02
   1.6360075e-02
   1.6507286e-02
   1.6331004e-02
   1.6619262e-02
   1.7424645e-02
   1.6846750e-02
   1.8242653e-02
   1.8968739e-02
   1.6243075e-02
   1.7872822e-02
   1.5293769e-02
   1.6860979e-02
   1.5767045e-02
   1.8922945e-02
   1.7322498e-02
   1.8312314e-02
   1.8989223e-02
   1.8661985e-02
   1.9024989e-02
   1.9100201e-02
   1.7978274e-02
   1.8939624e-02
   1.7105015e-02
   1.6987459e-02
   1.8800409e-02
   1.9069145e-02
   1.7105181e-02
   1.7381455e-02
   1.5918209e-02
   1.9124548e-02
   1.8890977e-02
   1.7899743e-02
   1.9013923e-02
   1.8272509e-02
   1.8909169e-02
   1.9007360e-02
   1.7866291e-02
   1.6748193e-02
   1.8592747e-02
   1.8964652e-02
   1.8339207e-02
   1.8181214e-02
   1.5223885e-02
   1.8850802e-02
   1.6635347e-02
   1.7057612e-02
   1.8943862e-02
   1.9012535e-02
   1.6830594e-02
   1.6341999e-02
   1.6664170e-02
   1.8773197e-02
   1.6293893e-02
   1.6841092e-02
   1.9127507e-02
   1.6555879e-02
   1.8887004e-02
   1.7838825e-02
   1.9093437e-02
   1.7287161e-02
   1.8828676e-02
   1.6444261e-02
   1.7455856e-02
   1.7804908e-02
   1.7935086e-02
   1.6430760e-02
   1.8847266e-02
   1.7405984e-02
   1.5832596e-02
   1.8215650e-02
   1.6485086e-02
   1.8670003e-02
   1.6899732e-02
   1.8237129e-02
   1.8103075e-02
   1.8671520e-02
   1.7272656e-02
   1.8338474e-02
   1.8980394e-02
   1.7662349e-02
   1.9038982e-02
   1.7639795e-02
   1.6693702e-02
   1.8174020e-02
   1.8967609e-02
   1.8877733e-02
   1.7778590e-02
   1.8765648e-02
   1.8241677e-02
   1.9084712e-02
   1.5885168e-02
   1.7895419e-02
   1.8889192e-02
