   2.6036851e-02
   2.5621082e-02
   2.5957019e-02
   2.5779356e-02
   2.5771327e-02
   2.5790364e-02
   2.5802121e-02
   2.5789932e-02
   2.5610444e-02
   2.5611609e-02
   2.5802105e-02
   2.5796924e-02
   2.5756084e-02
   2.5664835e-02
   2.5990643e-02
   2.6043603e-02
   2.6138172e-02
   2.5773371e-02
   2.5779509e-02
   2.5788021e-02
   2.5619226e-02
   2.6079234e-02
   2.5782313e-02
   2.5805546e-02
   2.5791023e-02
   2.5806346e-02
   2.6186656e-02
   2.5760030e-02
   2.6224672e-02
   2.5848467e-02
   2.5623474e-02
   2.6223976e-02
   2.5929940e-02
   2.5633883e-02
   2.5803210e-02
   2.5946310e-02
   2.5613023e-02
   2.5755865e-02
   2.5891199e-02
   2.5800206e-02
   2.6045544e-02
   2.6143505e-02
   2.5766498e-02
   2.5760303e-02
   2.5775277e-02
   2.6009484e-02
   2.6159659e-02
   2.5772213e-02
   2.6202884e-02
   2.6069325e-02
   2.6156689e-02
   2.5790475e-02
   2.6002219e-02
   2.5806852e-02
   2.5788263e-02
   2.5686587e-02
   2.5800739e-02
   2.5710865e-02
   2.5948642e-02
   2.6224717e-02
   2.5651162e-02
   2.5672834e-02
   2.5651022e-02
   2.5975043e-02
   2.5651468e-02
   2.6161434e-02
   2.6216674e-02
   2.6067960e-02
   2.5612028e-02
   2.6217763e-02
   2.6135133e-02
   2.5714604e-02
   2.5963807e-02
   2.6177786e-02
   2.5623518e-02
   2.5898871e-02
   2.5850730e-02
   2.5802742e-02
   2.6099308e-02
   2.5611797e-02
   2.5749944e-02
   2.5909986e-02
   2.5633862e-02
   2.5659727e-02
   2.6018824e-02
   2.6185445e-02
   2.6123640e-02
   2.6077411e-02
   2.5802374e-02
   2.6022122e-02
   2.5644531e-02
   2.6083144e-02
   2.5802016e-02
   2.5612067e-02
   2.5807017e-02
   2.5835958e-02
   2.5611380e-02
   2.6076717e-02
   2.5679140e-02
   2.5802509e-02
   2.5972612e-02
   2.5807225e-02
   2.5773131e-02
   2.5621546e-02
   2.6211259e-02
   2.6003982e-02
   2.5795625e-02
   2.6042927e-02
   2.5620146e-02
   2.5796829e-02
   2.5802140e-02
   2.6025250e-02
   2.6136437e-02
   2.5939532e-02
   2.5698036e-02
   2.5899580e-02
   2.5693183e-02
   2.5911397e-02
   2.5773154e-02
   2.5682836e-02
   2.5720007e-02
   2.5652486e-02
   2.5757796e-02
   2.5803157e-02
   2.5921032e-02
   2.5958569e-02
   2.6150594e-02
   2.5637074e-02
   2.5769244e-02
   2.6061188e-02
   2.5617308e-02
   2.5750649e-02
   2.5874566e-02
   2.6168229e-02
   2.6218069e-02
   2.6143227e-02
   2.5771355e-02
   2.5617134e-02
   2.5791798e-02
   2.5745587e-02
   2.6197089e-02
   2.5891742e-02
   2.5753187e-02
   2.5612013e-02
   2.6033367e-02
   2.6184286e-02
   2.6189599e-02
   2.6193022e-02
   2.5790539e-02
   2.6136267e-02
   2.6175718e-02
   2.5613813e-02
   2.5807101e-02
   2.6190801e-02
   2.5790041e-02
   2.5902814e-02
   2.5676941e-02
   2.5658540e-02
   2.5741956e-02
   2.5770571e-02
   2.6223538e-02
   2.5656491e-02
   2.5654835e-02
   2.5615769e-02
   2.5777344e-02
   2.5780314e-02
   2.5792914e-02
   2.5628334e-02
   2.5805341e-02
   2.5736753e-02
   2.5995350e-02
   2.5610362e-02
   2.6127454e-02
   2.5783559e-02
   2.5753573e-02
   2.5665689e-02
   2.5761785e-02
   2.5647125e-02
   2.6043734e-02
   2.5653238e-02
   2.6130039e-02
   2.5770236e-02
   2.5613831e-02
   2.5933639e-02
   2.5612028e-02
   2.6036115e-02
   2.5791081e-02
   2.5911375e-02
   2.5864254e-02
   2.5643500e-02
   2.6141503e-02
   2.5799072e-02
   2.6179867e-02
   2.5788640e-02
   2.5611475e-02
   2.6136473e-02
   2.5780888e-02
   2.6039439e-02
   2.5614807e-02
   2.6151009e-02
   2.5759283e-02
   2.5792557e-02
   2.5902833e-02
   2.5792205e-02
   2.5765236e-02
   2.6212530e-02
   2.5864833e-02
   2.5934708e-02
   2.6064386e-02
   2.5997851e-02
   2.5632239e-02
   2.5800736e-02
   2.5796118e-02
   2.5611009e-02
   2.5789754e-02
   2.5718028e-02
   2.5872702e-02
   2.5611809e-02
   2.5618620e-02
   2.5610893e-02
   2.6039229e-02
   2.6181891e-02
   2.5794132e-02
   2.6118428e-02
   2.5747518e-02
   2.5710659e-02
   2.5761598e-02
   2.5906785e-02
   2.5666575e-02
   2.5719621e-02
   2.6179974e-02
   2.5974115e-02
   2.5935310e-02
   2.6007944e-02
   2.6220596e-02
   2.5805743e-02
   2.5801995e-02
   2.6038229e-02
   2.5980841e-02
   2.5801877e-02
   2.5616827e-02
   2.5904102e-02
   2.5891121e-02
   2.5790812e-02
   2.6224787e-02
   2.5614822e-02
   2.5837347e-02
   2.5746202e-02
   2.6120152e-02
   2.5766557e-02
   2.5641777e-02
   2.6222257e-02
   2.5925205e-02
   2.5612041e-02
   2.5648548e-02
   2.6224803e-02
   2.5787114e-02
   2.5681827e-02
   2.5681358e-02
   2.6004737e-02
   2.5756890e-02
   2.5798382e-02
   2.6132021e-02
   2.5770760e-02
   2.6000376e-02
   2.5776968e-02
   2.6093303e-02
   2.5991183e-02
   2.6219957e-02
   2.5805294e-02
   2.5760210e-02
   2.5778092e-02
   2.5797103e-02
   2.6223358e-02
   2.5759247e-02
   2.5611574e-02
   2.5909718e-02
   2.5684126e-02
   2.5612790e-02
   2.5737013e-02
   2.5888934e-02
   2.6056129e-02
   2.5791165e-02
   2.6010554e-02
   2.5613716e-02
   2.5658777e-02
   2.5954562e-02
   2.6210022e-02
   2.5790803e-02
   2.6090615e-02
   2.5747288e-02
   2.6224624e-02
   2.5713491e-02
   2.5945097e-02
   2.6079347e-02
   2.5789677e-02
   2.5663179e-02
   2.5613797e-02
   2.6220329e-02
   2.5800351e-02
