   2.1206307e-02
   2.2611992e-02
   2.1148237e-02
   2.3708523e-02
   2.1265904e-02
   2.2631902e-02
   2.4584094e-02
   2.2291377e-02
   2.2371081e-02
   2.3284534e-02
   2.3452458e-02
   2.2799436e-02
   2.1940378e-02
   2.3498949e-02
   2.3026613e-02
   2.3402370e-02
   2.1937532e-02
   2.0797890e-02
   2.1689598e-02
   2.3223473e-02
   2.3837475e-02
   2.2806398e-02
   2.1000083e-02
   2.0241859e-02
   2.2908848e-02
   2.2387179e-02
   2.0257729e-02
   2.3170019e-02
   2.2570607e-02
   2.0093303e-02
   2.2231836e-02
   2.1307489e-02
   2.0948297e-02
   2.1827336e-02
   2.3794152e-02
   2.4686654e-02
   2.3355017e-02
   2.2251493e-02
   2.1729123e-02
   2.1837344e-02
   2.3925915e-02
   2.2762097e-02
   2.3761485e-02
   2.1258147e-02
   2.3153730e-02
   2.3263378e-02
   2.4632093e-02
   2.1987126e-02
   2.2118878e-02
   2.2472252e-02
   2.4233889e-02
   2.1894361e-02
   2.4184700e-02
   2.4430614e-02
   2.2013467e-02
   2.0791273e-02
   2.1410058e-02
   2.4474171e-02
   2.3071918e-02
   2.1919860e-02
   2.4250460e-02
   2.3324618e-02
   2.3716256e-02
   2.2844079e-02
   2.2130884e-02
   2.2400383e-02
   2.4239305e-02
   2.1859852e-02
   2.2047099e-02
   2.3107702e-02
   2.1778350e-02
   2.1708000e-02
   2.3111518e-02
   2.1142801e-02
   2.2412557e-02
   2.1447883e-02
   2.4297720e-02
   2.1329119e-02
   2.2077564e-02
   2.3452687e-02
   2.0898039e-02
   2.2155388e-02
   2.2334419e-02
   2.4315380e-02
   2.0985603e-02
   2.0931902e-02
   2.2253468e-02
   2.3963259e-02
   2.3768544e-02
   2.2741423e-02
   2.0396009e-02
   2.0656361e-02
   2.3274000e-02
   2.0433928e-02
   2.1510767e-02
   2.1111199e-02
   2.2944111e-02
   2.3723492e-02
   2.1359818e-02
   2.3581372e-02
   2.3288620e-02
   2.1526843e-02
   2.1512730e-02
   2.1876453e-02
   2.3345238e-02
   2.5019402e-02
   2.5002297e-02
   2.3406886e-02
   2.1403287e-02
   2.3160706e-02
   2.3768785e-02
   2.2891421e-02
   2.2859748e-02
   2.2786527e-02
   2.3620499e-02
   2.0570199e-02
   2.1901258e-02
   2.2017426e-02
   2.3321956e-02
   2.2858180e-02
   2.1161846e-02
   2.2820830e-02
   2.2204654e-02
   2.2129777e-02
   2.1112887e-02
   2.2340837e-02
   2.1852979e-02
   2.2428711e-02
   2.2441439e-02
   2.3898721e-02
   2.4301021e-02
   2.2659498e-02
   2.1102160e-02
   2.2673617e-02
   2.1786215e-02
   2.0738979e-02
   2.1140525e-02
   2.4300171e-02
   2.1182092e-02
   2.2270240e-02
   2.3009503e-02
   2.3923360e-02
   2.3482993e-02
   2.3153652e-02
   2.0270593e-02
   2.3312971e-02
   2.1883412e-02
   2.1522163e-02
   2.4219438e-02
   2.1649400e-02
   2.2222648e-02
   2.4072608e-02
   2.2948167e-02
   2.2050310e-02
   2.3438281e-02
   2.2126855e-02
   2.2985841e-02
   2.3473018e-02
   2.2036287e-02
   2.3188686e-02
   2.0058905e-02
   2.2179225e-02
   2.4850337e-02
   2.2918431e-02
   2.1792286e-02
   2.2797744e-02
   2.1497259e-02
   2.2789255e-02
   2.5346073e-02
   2.3719819e-02
   2.2038730e-02
   2.3534560e-02
   2.1685948e-02
   2.4864643e-02
   2.0733777e-02
   2.0568357e-02
   2.3635803e-02
   2.1791086e-02
   2.2998652e-02
   2.0165774e-02
   2.0049461e-02
   2.4794209e-02
   2.2954137e-02
   1.9930532e-02
   2.1824946e-02
   2.2948855e-02
   2.4678027e-02
   2.1569783e-02
   2.2029531e-02
   2.2058051e-02
   2.4353979e-02
   2.2066307e-02
   2.0532712e-02
   2.2142159e-02
   2.4003142e-02
   2.2998678e-02
   2.2651480e-02
   2.1092432e-02
   2.4366432e-02
   2.3060608e-02
   2.0969200e-02
   2.4023657e-02
   2.1296996e-02
   2.2176747e-02
   2.2161376e-02
   2.1074644e-02
   1.9755577e-02
   2.4376827e-02
   2.2611497e-02
   2.3273169e-02
   2.2093616e-02
   2.1682367e-02
   2.3676225e-02
   2.4248534e-02
   2.2128844e-02
   2.4181660e-02
   2.3027476e-02
   2.3240823e-02
   2.4609730e-02
   2.3322390e-02
   2.3047733e-02
   2.5321747e-02
   2.3329695e-02
   2.4794636e-02
   2.0167517e-02
   2.2215612e-02
   2.2514458e-02
   2.3312207e-02
   2.0422568e-02
   2.3128292e-02
   2.3528593e-02
   2.4143948e-02
   2.4305228e-02
   2.3346371e-02
   1.9908676e-02
   2.2487769e-02
   2.1576192e-02
   2.2228648e-02
   2.1534591e-02
   2.2933195e-02
   2.1675534e-02
   2.0321900e-02
   2.1762711e-02
   2.4365281e-02
   2.4492833e-02
   2.4208813e-02
   2.1723908e-02
   2.4527229e-02
   2.2405704e-02
   2.2311355e-02
   2.3670228e-02
   2.1856865e-02
   2.3265747e-02
   2.1673265e-02
   2.2023371e-02
   2.5184319e-02
   2.4504793e-02
   2.3417987e-02
   2.2855710e-02
   1.9845272e-02
   2.1603017e-02
   2.2970295e-02
   2.1675641e-02
   2.4581861e-02
   1.9996418e-02
   2.3147602e-02
   2.0536525e-02
   2.2114323e-02
   2.3718969e-02
   2.1701190e-02
   2.3960534e-02
   2.2265312e-02
   2.0747750e-02
   2.4509568e-02
   2.5088693e-02
   2.1319287e-02
   2.3908727e-02
   2.3458377e-02
   2.2930711e-02
   2.2700533e-02
   2.2138923e-02
   2.3828845e-02
   2.1120023e-02
   2.3040067e-02
   2.4480735e-02
   2.3598411e-02
   2.0513036e-02
   2.3429588e-02
   2.0405708e-02
   2.0391403e-02
   2.3488730e-02
   2.1983772e-02
   2.2355758e-02
   2.2352562e-02
   2.1062190e-02
   2.1838125e-02
   2.2697337e-02
   2.2054177e-02
   2.2885474e-02
   2.3834309e-02
