   1.8087309e-01
   1.7968869e-01
   1.8811950e-01
   1.8046590e-01
   1.6447817e-01
   1.6614736e-01
   1.8948073e-01
   1.5979573e-01
   1.7504014e-01
   1.6890209e-01
   1.8758000e-01
   1.8340162e-01
   1.7377936e-01
   1.7240732e-01
   1.7184755e-01
   1.7657873e-01
   1.8619165e-01
   1.8575520e-01
   1.6803274e-01
   1.8749409e-01
   1.7527802e-01
   1.6892619e-01
   1.8758152e-01
   1.7798187e-01
   1.6793046e-01
   1.8810830e-01
   1.7654482e-01
   1.7807191e-01
   1.7298372e-01
   1.8581278e-01
   1.7505211e-01
   1.8791978e-01
   1.6966548e-01
   1.6685406e-01
   1.6265120e-01
   1.7146577e-01
   1.8564969e-01
   1.7794860e-01
   1.8712585e-01
   1.6705031e-01
   1.6333945e-01
   1.7596081e-01
   1.7452616e-01
   1.7365273e-01
   1.8788460e-01
   1.6942342e-01
   1.6588212e-01
   1.7805100e-01
   1.8859423e-01
   1.7542190e-01
   1.8662831e-01
   1.6662480e-01
   1.6892406e-01
   1.6872827e-01
   1.7743948e-01
   1.8620817e-01
   1.8276996e-01
   1.8746010e-01
   1.6756492e-01
   1.8756026e-01
   1.8946742e-01
   1.7284289e-01
   1.8807520e-01
   1.8848815e-01
   1.6281473e-01
   1.7579870e-01
   1.7984189e-01
   1.8914917e-01
   1.7524491e-01
   1.7155784e-01
   1.8797797e-01
   1.7324498e-01
   1.6575807e-01
   1.7851620e-01
   1.6660347e-01
   1.7785753e-01
   1.6694158e-01
   1.8474699e-01
   1.7932951e-01
   1.5938853e-01
   1.6950194e-01
   1.8249667e-01
   1.7992833e-01
   1.8884265e-01
   1.7372967e-01
   1.7112055e-01
   1.6426858e-01
   1.8795017e-01
   1.7007161e-01
   1.8785171e-01
   1.8098132e-01
   1.7172637e-01
   1.8411625e-01
   1.7033248e-01
   1.6376090e-01
   1.7191341e-01
   1.8058557e-01
   1.8596188e-01
   1.8425936e-01
   1.8063007e-01
   1.8480284e-01
   1.7804398e-01
   1.8670633e-01
   1.6479886e-01
   1.8078778e-01
   1.6952610e-01
   1.7266732e-01
   1.8936306e-01
   1.7055687e-01
   1.7885509e-01
   1.6566717e-01
   1.7001066e-01
   1.6675974e-01
   1.7362232e-01
   1.7873434e-01
   1.8615701e-01
   1.8271028e-01
   1.8776613e-01
   1.6404702e-01
   1.6219408e-01
   1.8863924e-01
   1.8704290e-01
   1.8551828e-01
   1.8330021e-01
   1.7106591e-01
   1.7534398e-01
   1.8113450e-01
   1.8050527e-01
   1.7671047e-01
   1.8133827e-01
   1.7162668e-01
   1.8826026e-01
   1.8729758e-01
   1.6785617e-01
   1.7338429e-01
   1.6756067e-01
   1.8700775e-01
   1.6872437e-01
   1.7819022e-01
   1.7761766e-01
   1.6857252e-01
   1.8788245e-01
   1.6972676e-01
   1.5796409e-01
   1.8732955e-01
   1.8766551e-01
   1.8654874e-01
   1.7385662e-01
   1.7494968e-01
   1.7300985e-01
   1.8411123e-01
   1.7426432e-01
   1.6590497e-01
   1.7569286e-01
   1.8668208e-01
   1.8785538e-01
   1.7477133e-01
   1.7439997e-01
   1.8658170e-01
   1.6951597e-01
   1.8835788e-01
   1.7241144e-01
   1.8547647e-01
   1.6933393e-01
   1.8604358e-01
   1.6993038e-01
   1.7075492e-01
   1.7991653e-01
   1.6120177e-01
   1.8912984e-01
   1.8125937e-01
   1.6301409e-01
   1.8728640e-01
   1.7230598e-01
   1.6658226e-01
   1.6838362e-01
   1.8849119e-01
   1.8014017e-01
   1.7175982e-01
   1.6817548e-01
   1.7613511e-01
   1.8597525e-01
   1.8648338e-01
   1.7015102e-01
   1.7325044e-01
   1.7406443e-01
   1.8860189e-01
   1.6877557e-01
   1.7540226e-01
   1.8211659e-01
   1.7155268e-01
   1.6319900e-01
   1.7038497e-01
   1.7879479e-01
   1.8752839e-01
   1.8883595e-01
   1.6447223e-01
   1.6589893e-01
   1.7735974e-01
   1.5892341e-01
   1.7426492e-01
   1.6797858e-01
   1.7241184e-01
   1.7329754e-01
   1.8871645e-01
   1.9023414e-01
   1.8838061e-01
   1.6612140e-01
   1.8426658e-01
   1.6470614e-01
   1.8688508e-01
   1.8172102e-01
   1.6454823e-01
   1.8340359e-01
   1.7390640e-01
   1.6470360e-01
   1.7630284e-01
   1.6602837e-01
   1.8193475e-01
   1.5795733e-01
   1.7445611e-01
   1.6897872e-01
   1.7771398e-01
   1.8748477e-01
   1.7316671e-01
   1.7646017e-01
   1.8289079e-01
   1.7110975e-01
   1.6748891e-01
   1.7833952e-01
   1.5790153e-01
   1.6090056e-01
   1.7514249e-01
   1.7588182e-01
   1.7478422e-01
   1.6303954e-01
   1.7661220e-01
   1.7373477e-01
   1.8274185e-01
   1.7187714e-01
   1.8698476e-01
   1.7329541e-01
   1.8841503e-01
   1.8553041e-01
   1.7014637e-01
   1.8862302e-01
   1.8799637e-01
   1.8954780e-01
   1.6568657e-01
   1.6226067e-01
   1.8687190e-01
   1.8269487e-01
   1.6545075e-01
   1.7247522e-01
   1.6395117e-01
   1.7800467e-01
   1.7602019e-01
   1.6792367e-01
   1.6980648e-01
   1.6899956e-01
   1.7474303e-01
   1.8793120e-01
   1.8880933e-01
   1.7022047e-01
   1.8732323e-01
   1.8573068e-01
   1.7344421e-01
   1.7390999e-01
   1.8336372e-01
   1.6915977e-01
   1.6922726e-01
   1.8337956e-01
   1.6598882e-01
   1.5905088e-01
   1.6249320e-01
   1.6802803e-01
   1.6895227e-01
   1.8527345e-01
   1.6567237e-01
   1.8895625e-01
   1.8720604e-01
   1.7731545e-01
   1.7962987e-01
   1.8223330e-01
   1.7826266e-01
   1.7607242e-01
   1.7396868e-01
   1.8709800e-01
   1.8882973e-01
   1.6017828e-01
   1.8643446e-01
   1.7113030e-01
   1.7194248e-01
   1.8341243e-01
   1.8035369e-01
   1.7757163e-01
   1.7632028e-01
   1.8522494e-01
   1.8510327e-01
   1.8676323e-01
