   1.2954553e-01
   1.3561740e-01
   1.2955300e-01
   1.3055121e-01
   1.2830840e-01
   1.3602108e-01
   1.2879744e-01
   1.2883579e-01
   1.3437230e-01
   1.3424276e-01
   1.2996484e-01
   1.2888344e-01
   1.3206275e-01
   1.2957251e-01
   1.4165006e-01
   1.2855118e-01
   1.2848489e-01
   1.3571844e-01
   1.3740185e-01
   1.3499663e-01
   1.4181502e-01
   1.3876501e-01
   1.3123471e-01
   1.2916832e-01
   1.2916903e-01
   1.3639613e-01
   1.2844959e-01
   1.3749003e-01
   1.2852824e-01
   1.3245966e-01
   1.2888776e-01
   1.4081916e-01
   1.2970528e-01
   1.3736151e-01
   1.2916862e-01
   1.2912541e-01
   1.3710870e-01
   1.2844231e-01
   1.2897945e-01
   1.3593891e-01
   1.2915133e-01
   1.2900047e-01
   1.4204823e-01
   1.4005553e-01
   1.2952639e-01
   1.2934872e-01
   1.2933755e-01
   1.2961532e-01
   1.2897137e-01
   1.2832103e-01
   1.2857919e-01
   1.3282210e-01
   1.2931028e-01
   1.2970770e-01
   1.2848216e-01
   1.2943037e-01
   1.2970357e-01
   1.3530433e-01
   1.4154881e-01
   1.4300001e-01
   1.2932108e-01
   1.3571852e-01
   1.2915101e-01
   1.4297713e-01
   1.3493647e-01
   1.3488661e-01
   1.3837774e-01
   1.3543549e-01
   1.3675603e-01
   1.2858270e-01
   1.4026633e-01
   1.2846975e-01
   1.2961074e-01
   1.2935765e-01
   1.2970231e-01
   1.2961026e-01
   1.3540153e-01
   1.3803461e-01
   1.2842589e-01
   1.2933723e-01
   1.3923279e-01
   1.2858631e-01
   1.2972425e-01
   1.3627828e-01
   1.4320295e-01
   1.2954557e-01
   1.2878338e-01
   1.2938233e-01
   1.3777771e-01
   1.3891104e-01
   1.3606097e-01
   1.3461436e-01
   1.2924219e-01
   1.3288327e-01
   1.2934967e-01
   1.2845423e-01
   1.3553259e-01
   1.3589532e-01
   1.3352787e-01
   1.2834674e-01
   1.3953560e-01
   1.2885874e-01
   1.2943727e-01
   1.2967620e-01
   1.2847757e-01
   1.3621492e-01
   1.2943203e-01
   1.3550950e-01
   1.2947388e-01
   1.2930474e-01
   1.4080516e-01
   1.3565722e-01
   1.2853994e-01
   1.3598156e-01
   1.3576409e-01
   1.2903520e-01
   1.2920119e-01
   1.3512633e-01
   1.2843032e-01
   1.4185992e-01
   1.2851848e-01
   1.3095568e-01
   1.2848693e-01
   1.2966609e-01
   1.2859798e-01
   1.3300436e-01
   1.3565394e-01
   1.3565214e-01
   1.2945957e-01
   1.4016378e-01
   1.3131998e-01
   1.2834611e-01
   1.4207384e-01
   1.3253585e-01
   1.2970041e-01
   1.2907093e-01
   1.2960314e-01
   1.4036317e-01
   1.2933430e-01
   1.2871648e-01
   1.3556380e-01
   1.3093029e-01
   1.3693722e-01
   1.3009795e-01
   1.3913539e-01
   1.2854830e-01
   1.2970676e-01
   1.2915999e-01
   1.2935447e-01
   1.3462562e-01
   1.3420789e-01
   1.4143552e-01
   1.3736098e-01
   1.2928130e-01
   1.2932652e-01
   1.3260851e-01
   1.2851769e-01
   1.4031739e-01
   1.3978059e-01
   1.2991915e-01
   1.2915948e-01
   1.2952824e-01
   1.2907268e-01
   1.2843213e-01
   1.3111085e-01
   1.3330732e-01
   1.2930785e-01
   1.3936675e-01
   1.2918554e-01
   1.2868262e-01
   1.2854373e-01
   1.3420634e-01
   1.2936381e-01
   1.2984548e-01
   1.3967707e-01
   1.3477421e-01
   1.2942870e-01
   1.2923326e-01
   1.3874844e-01
   1.2931474e-01
   1.2929243e-01
   1.3330590e-01
   1.2969648e-01
   1.2932748e-01
   1.3852654e-01
   1.2970210e-01
   1.3417558e-01
   1.2969743e-01
   1.3706351e-01
   1.3453917e-01
   1.4028476e-01
   1.3571892e-01
   1.2966271e-01
   1.3217603e-01
   1.2902682e-01
   1.3503151e-01
   1.3444322e-01
   1.2898041e-01
   1.2857987e-01
   1.3562824e-01
   1.2936871e-01
   1.3837719e-01
   1.4101996e-01
   1.2858717e-01
   1.3114105e-01
   1.4135682e-01
   1.3330228e-01
   1.2950324e-01
   1.3843121e-01
   1.2962939e-01
   1.3230772e-01
   1.4196930e-01
   1.2880647e-01
   1.3285617e-01
   1.3472278e-01
   1.2994860e-01
   1.4020203e-01
   1.4126242e-01
   1.2916373e-01
   1.3511776e-01
   1.3448970e-01
   1.4068291e-01
   1.3880779e-01
   1.2847472e-01
   1.3334560e-01
   1.2916878e-01
   1.2859965e-01
   1.4137612e-01
   1.3321396e-01
   1.2848078e-01
   1.3847901e-01
   1.2914801e-01
   1.3524562e-01
   1.2979367e-01
   1.2939994e-01
   1.2972371e-01
   1.2847756e-01
   1.3067382e-01
   1.2895732e-01
   1.3830222e-01
   1.3140270e-01
   1.2957247e-01
   1.4258485e-01
   1.3322592e-01
   1.2901738e-01
   1.4101774e-01
   1.2913907e-01
   1.3456790e-01
   1.3830694e-01
   1.3479769e-01
   1.3014099e-01
   1.3355832e-01
   1.2869614e-01
   1.3662593e-01
   1.2936432e-01
   1.2888327e-01
   1.2936111e-01
   1.4135562e-01
   1.3804631e-01
   1.3065703e-01
   1.4091688e-01
   1.2972764e-01
   1.2918931e-01
   1.3285264e-01
   1.3492497e-01
   1.3749977e-01
   1.4156385e-01
   1.3621483e-01
   1.3617859e-01
   1.3166106e-01
   1.3662638e-01
   1.3964664e-01
   1.2955867e-01
   1.2860478e-01
   1.3150181e-01
   1.3481578e-01
   1.2931616e-01
   1.3088503e-01
   1.3105836e-01
   1.3554781e-01
   1.2858524e-01
   1.2934220e-01
   1.3338143e-01
   1.3469638e-01
   1.3265316e-01
   1.2936386e-01
   1.2960434e-01
   1.3507904e-01
   1.2943940e-01
   1.3444830e-01
   1.3097651e-01
   1.2971433e-01
   1.2863047e-01
   1.3452689e-01
   1.2958451e-01
   1.3111101e-01
   1.2841524e-01
   1.2961416e-01
   1.2833581e-01
   1.2939259e-01
