   1.6862775e-02
   1.5931517e-02
   1.7088978e-02
   1.7792511e-02
   1.5814430e-02
   1.6447512e-02
   1.5779251e-02
   1.7826500e-02
   1.8614241e-02
   1.8046368e-02
   1.8217566e-02
   1.7885872e-02
   1.5979445e-02
   1.8282820e-02
   1.5946229e-02
   1.7991112e-02
   1.9088208e-02
   1.7843513e-02
   1.6311161e-02
   1.7809398e-02
   1.8615172e-02
   1.8597161e-02
   1.7157743e-02
   1.8325824e-02
   1.6892255e-02
   1.8775240e-02
   1.8366466e-02
   1.6514938e-02
   1.7728653e-02
   1.6895724e-02
   1.7655169e-02
   1.7793065e-02
   1.6689759e-02
   1.6724048e-02
   1.7312779e-02
   1.5825076e-02
   1.6336284e-02
   1.7923623e-02
   1.8121397e-02
   1.7713425e-02
   1.5886696e-02
   1.8181036e-02
   1.7728029e-02
   1.6935394e-02
   1.7556281e-02
   1.7682173e-02
   1.6052692e-02
   1.8950708e-02
   1.8588606e-02
   1.8460744e-02
   1.6386390e-02
   1.6575109e-02
   1.7939675e-02
   1.9149830e-02
   1.6284924e-02
   1.7585781e-02
   1.6991758e-02
   1.8553134e-02
   1.7869271e-02
   1.6412201e-02
   1.7641226e-02
   1.8022016e-02
   1.6243805e-02
   1.6778903e-02
   1.6214504e-02
   1.8597158e-02
   1.7823237e-02
   1.6593791e-02
   1.7405853e-02
   1.5972247e-02
   1.6583655e-02
   1.7702161e-02
   1.7446668e-02
   1.6726519e-02
   1.6996810e-02
   1.6890388e-02
   1.7795350e-02
   1.8743825e-02
   1.7783720e-02
   1.9233714e-02
   1.6629641e-02
   1.6454383e-02
   1.8207847e-02
   1.6083498e-02
   1.6350209e-02
   1.8325943e-02
   1.7101889e-02
   1.8272711e-02
   1.7253535e-02
   1.6190442e-02
   1.7238616e-02
   1.7034502e-02
   1.7714992e-02
   1.8515608e-02
   1.6087359e-02
   1.8244770e-02
   1.7955259e-02
   1.7899750e-02
   1.7046773e-02
   1.6994223e-02
   1.8172212e-02
   1.7696696e-02
   1.8979313e-02
   1.7778399e-02
   1.8661080e-02
   1.7407632e-02
   1.8085006e-02
   1.6431476e-02
   1.8025393e-02
   1.7485422e-02
   1.7187192e-02
   1.6328716e-02
   1.8339892e-02
   1.8479682e-02
   1.8396594e-02
   1.6176690e-02
   1.7564707e-02
   1.6020641e-02
   1.8871584e-02
   1.6306061e-02
   1.5978977e-02
   1.6269130e-02
   1.7885089e-02
   1.6148316e-02
   1.8686225e-02
   1.8252825e-02
   1.8062715e-02
   1.6657585e-02
   1.7268998e-02
   1.8035223e-02
   1.5736207e-02
   1.8638880e-02
   1.8535564e-02
   1.8373558e-02
   1.6583618e-02
   1.6728239e-02
   1.6071683e-02
   1.8372157e-02
   1.7337974e-02
   1.6886256e-02
   1.7751286e-02
   1.6891400e-02
   1.6673012e-02
   1.7558325e-02
   1.7906411e-02
   1.6111059e-02
   1.6211476e-02
   1.7094155e-02
   1.6756151e-02
   1.6856259e-02
   1.8715225e-02
   1.8855860e-02
   1.6043189e-02
   1.8552119e-02
   1.9326597e-02
   1.8564770e-02
   1.6606857e-02
   1.6982735e-02
   1.8435784e-02
   1.7579147e-02
   1.7441762e-02
   1.6009882e-02
   1.7705369e-02
   1.6951344e-02
   1.6288143e-02
   1.6744766e-02
   1.5835895e-02
   1.6926524e-02
   1.7220477e-02
   1.6724833e-02
   1.8395998e-02
   1.7224775e-02
   1.6872449e-02
   1.8033907e-02
   1.6895588e-02
   1.8806566e-02
   1.7094674e-02
   1.8659987e-02
   1.6480074e-02
   1.6583034e-02
   1.8374901e-02
   1.6214013e-02
   1.6694132e-02
   1.7318088e-02
   1.7677159e-02
   1.8236149e-02
   1.8535358e-02
   1.9049416e-02
   1.6055006e-02
   1.8579522e-02
   1.7823309e-02
   1.6132231e-02
   1.6663170e-02
   1.7107875e-02
   1.8955045e-02
   1.7875130e-02
   1.8167355e-02
   1.8106698e-02
   1.7997069e-02
   1.6276037e-02
   1.6234021e-02
   1.6112774e-02
   1.8964322e-02
   1.8228832e-02
   1.8505229e-02
   1.9154995e-02
   1.7599631e-02
   1.9053569e-02
   1.7402045e-02
   1.6487582e-02
   1.9123327e-02
   1.6703994e-02
   1.7260055e-02
   1.8674037e-02
   1.7180578e-02
   1.8289502e-02
   1.6647282e-02
   1.6759494e-02
   1.6268397e-02
   1.5780625e-02
   1.5930904e-02
   1.8500724e-02
   1.8735980e-02
   1.7599616e-02
   1.6210260e-02
   1.6735118e-02
   1.7066096e-02
   1.7228205e-02
   1.8212322e-02
   1.8103837e-02
   1.7259637e-02
   1.6200492e-02
   1.7980977e-02
   1.8422427e-02
   1.7486110e-02
   1.7062837e-02
   1.6109910e-02
   1.7258218e-02
   1.6721744e-02
   1.7170152e-02
   1.8560449e-02
   1.7319752e-02
   1.6064214e-02
   1.6493289e-02
   1.7574856e-02
   1.7660688e-02
   1.6332937e-02
   1.6756161e-02
   1.7316970e-02
   1.6277770e-02
   1.7266705e-02
   1.7084174e-02
   1.9031425e-02
   1.5998405e-02
   1.8437952e-02
   1.6332032e-02
   1.6221851e-02
   1.8071990e-02
   1.7764448e-02
   1.8346406e-02
   1.8486998e-02
   1.6103137e-02
   1.7994935e-02
   1.8605189e-02
   1.6033308e-02
   1.8808916e-02
   1.7950715e-02
   1.6504444e-02
   1.8494504e-02
   1.6154208e-02
   1.6566339e-02
   1.6006955e-02
   1.6954917e-02
   1.6178758e-02
   1.6671814e-02
   1.7046505e-02
   1.5868731e-02
   1.8116712e-02
   1.7237785e-02
   1.6936645e-02
   1.8399528e-02
   1.7838075e-02
   1.7972410e-02
   1.7210307e-02
   1.7501297e-02
   1.8673409e-02
   1.7039620e-02
   1.8999145e-02
   1.6431677e-02
   1.7526101e-02
   1.8397543e-02
   1.8986940e-02
   1.7827491e-02
   1.6404962e-02
   1.6596304e-02
   1.5773381e-02
   1.8310297e-02
   1.7817919e-02
   1.7477654e-02
   1.7630463e-02
