   1.8623621e-01
   1.9483832e-01
   1.7888557e-01
   1.9416882e-01
   1.9157120e-01
   2.0660032e-01
   2.1746608e-01
   1.8135812e-01
   1.9141083e-01
   1.7792218e-01
   2.1043245e-01
   2.0882998e-01
   1.7685169e-01
   1.7738376e-01
   1.7800135e-01
   1.7955890e-01
   2.0011492e-01
   1.8881243e-01
   1.9048795e-01
   2.1471938e-01
   2.0392119e-01
   2.0874631e-01
   1.9333761e-01
   1.9624060e-01
   1.9299578e-01
   1.7761073e-01
   1.7952713e-01
   2.0610934e-01
   1.8325315e-01
   2.1495659e-01
   1.8334763e-01
   1.8117912e-01
   1.8702286e-01
   1.8645270e-01
   1.8686983e-01
   1.9739375e-01
   2.0696719e-01
   1.9125201e-01
   1.8188380e-01
   1.7776215e-01
   2.0263789e-01
   1.9670298e-01
   1.8749979e-01
   1.8654537e-01
   2.0731421e-01
   2.0851192e-01
   2.0908952e-01
   1.7689027e-01
   2.0798576e-01
   1.8972325e-01
   1.7828652e-01
   2.0638728e-01
   1.7733540e-01
   2.1511434e-01
   2.0684024e-01
   1.7784321e-01
   2.0162649e-01
   1.9103624e-01
   1.7789069e-01
   1.7653490e-01
   1.9533749e-01
   2.0179331e-01
   1.8330668e-01
   1.9809426e-01
   2.0782910e-01
   1.8880193e-01
   2.1221980e-01
   1.8626608e-01
   2.0290494e-01
   1.9054391e-01
   1.9361506e-01
   2.0170628e-01
   1.8261290e-01
   2.0409493e-01
   1.8103922e-01
   1.8819534e-01
   1.7719615e-01
   1.9524490e-01
   2.1071835e-01
   2.0405555e-01
   1.7963408e-01
   1.9317762e-01
   1.8720781e-01
   2.0189746e-01
   2.0784704e-01
   1.8465704e-01
   1.7609886e-01
   1.9126055e-01
   1.9429754e-01
   2.0292588e-01
   1.7821015e-01
   1.8333887e-01
   1.9728989e-01
   2.0395604e-01
   1.8691881e-01
   1.8763478e-01
   1.9843536e-01
   1.9650453e-01
   2.0768108e-01
   1.9264462e-01
   2.1628015e-01
   2.0294060e-01
   1.9659320e-01
   1.8798992e-01
   1.9654340e-01
   1.8859883e-01
   2.0278742e-01
   1.9788507e-01
   1.8404974e-01
   2.0001599e-01
   2.0607549e-01
   2.0593866e-01
   1.9000167e-01
   1.8692880e-01
   1.8040044e-01
   2.1136861e-01
   2.0911361e-01
   1.9114389e-01
   1.9631472e-01
   2.1143536e-01
   1.9715084e-01
   1.7692633e-01
   1.8774983e-01
   1.9680739e-01
   1.7893531e-01
   2.0663208e-01
   1.8004678e-01
   2.0228889e-01
   1.9569554e-01
   2.1486094e-01
   2.0255614e-01
   2.0864893e-01
   1.9588403e-01
   1.7692595e-01
   1.8297328e-01
   1.8687783e-01
   2.1011428e-01
   2.0687975e-01
   2.0332402e-01
   2.0616832e-01
   1.8821095e-01
   2.0226629e-01
   1.8669816e-01
   1.7824932e-01
   1.9705303e-01
   1.9667485e-01
   1.7844716e-01
   2.1082301e-01
   1.9944213e-01
   1.9658089e-01
   1.8661641e-01
   1.8675342e-01
   2.0883571e-01
   1.9610235e-01
   1.8228453e-01
   1.8667624e-01
   1.8976637e-01
   1.9458545e-01
   1.9567000e-01
   1.9625301e-01
   2.0436869e-01
   1.9164753e-01
   1.7755898e-01
   1.9738449e-01
   2.0161071e-01
   1.8930087e-01
   1.7644967e-01
   1.9823477e-01
   1.8457237e-01
   2.0430267e-01
   2.0146031e-01
   2.0353847e-01
   2.0158886e-01
   1.8878614e-01
   2.0366597e-01
   1.9963835e-01
   1.9077216e-01
   2.0059876e-01
   1.8888030e-01
   1.8837417e-01
   2.1538838e-01
   1.7873885e-01
   1.7979367e-01
   2.1055000e-01
   1.9499725e-01
   1.9732631e-01
   2.0229053e-01
   1.9478742e-01
   2.1025713e-01
   1.9634568e-01
   2.0200240e-01
   2.0192783e-01
   1.9883286e-01
   1.9992183e-01
   1.8334293e-01
   2.0788961e-01
   1.8198797e-01
   2.1140345e-01
   1.9680980e-01
   1.8114207e-01
   2.0527809e-01
   2.1636279e-01
   1.7644653e-01
   1.9620028e-01
   2.0970272e-01
   1.8674359e-01
   2.0342920e-01
   1.7601543e-01
   2.1273381e-01
   1.9670365e-01
   1.9374778e-01
   2.1233492e-01
   2.0060076e-01
   2.0533158e-01
   1.9467628e-01
   2.0727681e-01
   2.0377115e-01
   1.9153998e-01
   1.9572357e-01
   1.8882405e-01
   1.9480511e-01
   1.8941954e-01
   1.7710451e-01
   2.1361189e-01
   1.7992971e-01
   1.9014486e-01
   1.9040360e-01
   1.9484938e-01
   1.8519395e-01
   2.0431575e-01
   2.0308010e-01
   1.7601692e-01
   2.0632623e-01
   2.0885863e-01
   1.8076898e-01
   1.9816013e-01
   1.9746888e-01
   1.9502493e-01
   1.8666747e-01
   1.8920569e-01
   1.9719842e-01
   2.0097098e-01
   1.9837570e-01
   2.1470124e-01
   1.9484389e-01
   2.0142773e-01
   2.0904615e-01
   2.0415248e-01
   2.0007296e-01
   1.9822484e-01
   1.9566730e-01
   1.9342816e-01
   1.9666457e-01
   2.0045809e-01
   2.0563898e-01
   1.9849063e-01
   1.9689644e-01
   2.0860515e-01
   1.7776007e-01
   1.9409207e-01
   1.9310549e-01
   2.0097315e-01
   2.0527132e-01
   1.7598084e-01
   1.8004892e-01
   1.7878137e-01
   2.0345113e-01
   1.9866659e-01
   2.0723653e-01
   1.7815151e-01
   1.9571771e-01
   1.7753746e-01
   1.9521735e-01
   1.9685818e-01
   1.9441129e-01
   2.1485140e-01
   1.9461751e-01
   1.8735434e-01
   2.0334182e-01
   2.0341984e-01
   1.8926114e-01
   1.7736734e-01
   1.7874648e-01
   1.9113730e-01
   1.9752294e-01
   1.8680149e-01
   1.7744753e-01
   1.9715928e-01
   1.9521512e-01
   1.9503371e-01
   2.0078665e-01
   1.7674258e-01
   2.1111355e-01
   1.9194230e-01
   2.0945563e-01
   1.9728282e-01
   1.7589889e-01
   2.0314806e-01
   1.9946996e-01
   1.7743498e-01
