   1.5644221e-01
   1.5844033e-01
   1.7353108e-01
   1.7779791e-01
   1.7281749e-01
   1.5517199e-01
   1.6050488e-01
   1.5729914e-01
   1.5158642e-01
   1.7879829e-01
   1.6116027e-01
   1.4864771e-01
   1.5151774e-01
   1.5187808e-01
   1.5246409e-01
   1.6114539e-01
   1.5077043e-01
   1.6972133e-01
   1.5202224e-01
   1.5033316e-01
   1.5053033e-01
   1.6598654e-01
   1.6965155e-01
   1.6841541e-01
   1.5958641e-01
   1.7200941e-01
   1.5485177e-01
   1.7007401e-01
   1.5291508e-01
   1.5321264e-01
   1.4913320e-01
   1.5343134e-01
   1.6404321e-01
   1.6815367e-01
   1.5344368e-01
   1.6767642e-01
   1.7382413e-01
   1.5316862e-01
   1.5076049e-01
   1.7220379e-01
   1.4860142e-01
   1.6578838e-01
   1.5588921e-01
   1.5959044e-01
   1.6716287e-01
   1.4928711e-01
   1.7022003e-01
   1.7163573e-01
   1.6319483e-01
   1.5976969e-01
   1.7844843e-01
   1.5231083e-01
   1.5050160e-01
   1.4834838e-01
   1.6231431e-01
   1.7429148e-01
   1.5809493e-01
   1.4914631e-01
   1.5004302e-01
   1.4919187e-01
   1.5962755e-01
   1.5160568e-01
   1.4977062e-01
   1.5591369e-01
   1.6203557e-01
   1.5127474e-01
   1.6743256e-01
   1.4849422e-01
   1.5814405e-01
   1.7082069e-01
   1.5145400e-01
   1.5474982e-01
   1.5719047e-01
   1.4911973e-01
   1.6219251e-01
   1.5693686e-01
   1.7402954e-01
   1.7514751e-01
   1.6317808e-01
   1.6745968e-01
   1.5097554e-01
   1.5833662e-01
   1.5199734e-01
   1.6119435e-01
   1.5263292e-01
   1.5039372e-01
   1.5377272e-01
   1.5191252e-01
   1.5445509e-01
   1.5151608e-01
   1.5398706e-01
   1.5871923e-01
   1.6125695e-01
   1.6167774e-01
   1.5651860e-01
   1.5106084e-01
   1.5351550e-01
   1.6475718e-01
   1.5086480e-01
   1.5324741e-01
   1.4901161e-01
   1.5005163e-01
   1.5944469e-01
   1.5521988e-01
   1.5442517e-01
   1.5083555e-01
   1.4966035e-01
   1.5212879e-01
   1.5275650e-01
   1.7411072e-01
   1.5391686e-01
   1.7791098e-01
   1.5174259e-01
   1.5043119e-01
   1.5256257e-01
   1.5533078e-01
   1.5347439e-01
   1.5550013e-01
   1.6166525e-01
   1.5304937e-01
   1.7554478e-01
   1.5032589e-01
   1.7164121e-01
   1.5158712e-01
   1.6242511e-01
   1.5797497e-01
   1.4943925e-01
   1.5862520e-01
   1.7693754e-01
   1.4991986e-01
   1.6654109e-01
   1.6859968e-01
   1.7540626e-01
   1.7281826e-01
   1.5518728e-01
   1.5102447e-01
   1.5298015e-01
   1.6055345e-01
   1.5571867e-01
   1.5578969e-01
   1.4911316e-01
   1.5028183e-01
   1.5207268e-01
   1.5351217e-01
   1.5116969e-01
   1.4927321e-01
   1.5466866e-01
   1.7225449e-01
   1.6583333e-01
   1.4986692e-01
   1.7151783e-01
   1.7420947e-01
   1.5745828e-01
   1.4865086e-01
   1.5318051e-01
   1.6024155e-01
   1.5310809e-01
   1.6673698e-01
   1.5684742e-01
   1.4998860e-01
   1.7479427e-01
   1.6299118e-01
   1.4943135e-01
   1.5968730e-01
   1.5414130e-01
   1.4925218e-01
   1.4901524e-01
   1.6508689e-01
   1.5134545e-01
   1.7180265e-01
   1.6599988e-01
   1.6659020e-01
   1.5311790e-01
   1.4955280e-01
   1.5096743e-01
   1.5187750e-01
   1.4985826e-01
   1.6633744e-01
   1.5831687e-01
   1.5511717e-01
   1.4916439e-01
   1.4910410e-01
   1.5576159e-01
   1.8331355e-01
   1.6243921e-01
   1.5503224e-01
   1.5155776e-01
   1.5833279e-01
   1.5058779e-01
   1.6439190e-01
   1.5158714e-01
   1.4958507e-01
   1.5465474e-01
   1.5151023e-01
   1.5139112e-01
   1.5624923e-01
   1.5140517e-01
   1.5894012e-01
   1.4819847e-01
   1.5065741e-01
   1.4952669e-01
   1.4854424e-01
   1.6464779e-01
   1.5585841e-01
   1.5030372e-01
   1.6001023e-01
   1.5260977e-01
   1.5330331e-01
   1.5127452e-01
   1.5944727e-01
   1.5646331e-01
   1.5434637e-01
   1.6050967e-01
   1.5025859e-01
   1.5614462e-01
   1.4981120e-01
   1.5349914e-01
   1.5042696e-01
   1.5079933e-01
   1.5683489e-01
   1.6183061e-01
   1.6400154e-01
   1.5460533e-01
   1.5183521e-01
   1.4845929e-01
   1.4938005e-01
   1.7254322e-01
   1.5374469e-01
   1.5134448e-01
   1.5177142e-01
   1.5347284e-01
   1.5226091e-01
   1.6390350e-01
   1.5290327e-01
   1.5126169e-01
   1.5421834e-01
   1.7365338e-01
   1.4915290e-01
   1.6896225e-01
   1.5453461e-01
   1.5555946e-01
   1.6866653e-01
   1.4985966e-01
   1.5541357e-01
   1.5033836e-01
   1.4906430e-01
   1.7181963e-01
   1.7054563e-01
   1.5297470e-01
   1.5133136e-01
   1.6950785e-01
   1.5056190e-01
   1.5479676e-01
   1.5099869e-01
   1.6460740e-01
   1.5195437e-01
   1.5133651e-01
   1.5311107e-01
   1.5085175e-01
   1.7107823e-01
   1.7181796e-01
   1.4937346e-01
   1.5646451e-01
   1.5502448e-01
   1.5100051e-01
   1.6984349e-01
   1.5137419e-01
   1.5947138e-01
   1.4998918e-01
   1.5189929e-01
   1.6720579e-01
   1.4880968e-01
   1.4859265e-01
   1.5992900e-01
   1.4955621e-01
   1.5815515e-01
   1.5964358e-01
   1.5712666e-01
   1.5789327e-01
   1.5054447e-01
   1.6067394e-01
   1.6774729e-01
   1.5504707e-01
   1.4840145e-01
   1.4996492e-01
   1.5182547e-01
   1.7310024e-01
   1.6425195e-01
   1.5600312e-01
   1.6460388e-01
   1.5023535e-01
   1.6514382e-01
   1.6649394e-01
   1.5944048e-01
   1.6290542e-01
   1.7671316e-01
   1.6383168e-01
   1.5010036e-01
   1.5094624e-01
   1.5307969e-01
