   1.5689613e-02
   1.5974275e-02
   1.5739731e-02
   1.5751278e-02
   1.5980566e-02
   1.5792896e-02
   1.5800101e-02
   1.5692850e-02
   1.5815088e-02
   1.5800135e-02
   1.5749494e-02
   1.6011481e-02
   1.5880170e-02
   1.5895085e-02
   1.5890678e-02
   1.5777642e-02
   1.5698941e-02
   1.5939034e-02
   1.5689315e-02
   1.5715357e-02
   1.5889697e-02
   1.6016062e-02
   1.5708843e-02
   1.5939822e-02
   1.5715007e-02
   1.5864849e-02
   1.5914126e-02
   1.5850757e-02
   1.5867418e-02
   1.5958737e-02
   1.5708866e-02
   1.5907956e-02
   1.5856052e-02
   1.5970682e-02
   1.5996775e-02
   1.5769817e-02
   1.5896875e-02
   1.5714148e-02
   1.5730798e-02
   1.5897968e-02
   1.5912094e-02
   1.5847029e-02
   1.5685519e-02
   1.5953937e-02
   1.5961866e-02
   1.5759909e-02
   1.5929528e-02
   1.5916515e-02
   1.5961830e-02
   1.5915180e-02
   1.5962344e-02
   1.5917398e-02
   1.5743545e-02
   1.5734215e-02
   1.5727978e-02
   1.5929605e-02
   1.5819640e-02
   1.6042897e-02
   1.5965486e-02
   1.5777469e-02
   1.5705481e-02
   1.5775500e-02
   1.5901610e-02
   1.5747825e-02
   1.5788265e-02
   1.5769330e-02
   1.5699672e-02
   1.5731859e-02
   1.5746750e-02
   1.5910873e-02
   1.5915881e-02
   1.5943007e-02
   1.5874446e-02
   1.5836790e-02
   1.5759345e-02
   1.5892653e-02
   1.5758168e-02
   1.5920191e-02
   1.5696785e-02
   1.5790830e-02
   1.5838836e-02
   1.6066196e-02
   1.5819992e-02
   1.5956986e-02
   1.5994000e-02
   1.5885250e-02
   1.5754765e-02
   1.5922584e-02
   1.5921910e-02
   1.5892722e-02
   1.5751556e-02
   1.5763168e-02
   1.5733568e-02
   1.5802602e-02
   1.5774249e-02
   1.5822341e-02
   1.5970421e-02
   1.5991534e-02
   1.5925361e-02
   1.5761299e-02
   1.5961909e-02
   1.5834457e-02
   1.5905901e-02
   1.5943354e-02
   1.5708169e-02
   1.5860443e-02
   1.5732034e-02
   1.5937106e-02
   1.5905622e-02
   1.5723000e-02
   1.5829629e-02
   1.5903354e-02
   1.6008711e-02
   1.5944828e-02
   1.5765220e-02
   1.5749058e-02
   1.5712116e-02
   1.5717537e-02
   1.5913169e-02
   1.5766978e-02
   1.5711530e-02
   1.5821442e-02
   1.5914451e-02
   1.5891430e-02
   1.5826056e-02
   1.5809751e-02
   1.5745801e-02
   1.5790624e-02
   1.5902463e-02
   1.5967229e-02
   1.5804124e-02
   1.5815223e-02
   1.5847188e-02
   1.5715568e-02
   1.5751742e-02
   1.5986626e-02
   1.5696514e-02
   1.5731238e-02
   1.5695925e-02
   1.5753226e-02
   1.5952767e-02
   1.5762218e-02
   1.5711596e-02
   1.5763942e-02
   1.6004710e-02
   1.5989707e-02
   1.5783360e-02
   1.5978764e-02
   1.5693358e-02
   1.5730308e-02
   1.5806268e-02
   1.5936300e-02
   1.5863605e-02
   1.5969843e-02
   1.5944523e-02
   1.5869664e-02
   1.5948793e-02
   1.5884796e-02
   1.5953674e-02
   1.5928492e-02
   1.5887546e-02
   1.5695494e-02
   1.5957395e-02
   1.5916041e-02
   1.5887825e-02
   1.5962469e-02
   1.5754577e-02
   1.5780473e-02
   1.5834883e-02
   1.5718286e-02
   1.5913999e-02
   1.5922287e-02
   1.5961018e-02
   1.5910645e-02
   1.5830937e-02
   1.5904774e-02
   1.5865934e-02
   1.5830705e-02
   1.5713734e-02
   1.5737072e-02
   1.5734105e-02
   1.5892651e-02
   1.5923462e-02
   1.5753764e-02
   1.5687042e-02
   1.5923942e-02
   1.6003556e-02
   1.5807857e-02
   1.5977041e-02
   1.5905058e-02
   1.5787880e-02
   1.5972931e-02
   1.5753995e-02
   1.5764671e-02
   1.5758028e-02
   1.5977489e-02
   1.5873679e-02
   1.5776127e-02
   1.5879993e-02
   1.5752758e-02
   1.5824870e-02
   1.5780609e-02
   1.5828974e-02
   1.5746191e-02
   1.5863790e-02
   1.5701449e-02
   1.5892664e-02
   1.6000542e-02
   1.5819169e-02
   1.5855789e-02
   1.5735824e-02
   1.5897143e-02
   1.5885461e-02
   1.5786902e-02
   1.5832627e-02
   1.5713407e-02
   1.5769026e-02
   1.5982468e-02
   1.5746094e-02
   1.5684121e-02
   1.5923242e-02
   1.5876509e-02
   1.5705321e-02
   1.5840860e-02
   1.6010824e-02
   1.5998429e-02
   1.5956293e-02
   1.5843414e-02
   1.5733387e-02
   1.5731691e-02
   1.5777832e-02
   1.5757322e-02
   1.5718340e-02
   1.5741458e-02
   1.5800802e-02
   1.5968921e-02
   1.5797114e-02
   1.5844861e-02
   1.5704763e-02
   1.5699801e-02
   1.5715896e-02
   1.5826156e-02
   1.5745314e-02
   1.5858762e-02
   1.5686310e-02
   1.5730299e-02
   1.5950224e-02
   1.5810198e-02
   1.5990527e-02
   1.5902056e-02
   1.5944478e-02
   1.5732049e-02
   1.5867427e-02
   1.5968454e-02
   1.5959062e-02
   1.5978185e-02
   1.5778158e-02
   1.5728045e-02
   1.5752092e-02
   1.5967634e-02
   1.5685706e-02
   1.5751261e-02
   1.5904810e-02
   1.5983280e-02
   1.5982972e-02
   1.6016281e-02
   1.5941988e-02
   1.5863258e-02
   1.5721960e-02
   1.5994382e-02
   1.5922890e-02
   1.5736379e-02
   1.5940319e-02
   1.5783784e-02
   1.5940956e-02
   1.5685024e-02
   1.5706802e-02
   1.5795425e-02
   1.5761324e-02
   1.5917129e-02
   1.5980072e-02
   1.5754150e-02
   1.5995011e-02
   1.5821750e-02
   1.5918649e-02
   1.5749099e-02
   1.5708440e-02
   1.5871116e-02
   1.5932205e-02
   1.5856945e-02
   1.5691007e-02
   1.5775432e-02
   1.5698514e-02
   1.5718483e-02
   1.5879069e-02
   1.5875457e-02
   1.5945458e-02
   1.5921654e-02
   1.5925076e-02
   1.5798529e-02
