   1.6834734e-02
   1.9813792e-02
   2.0041858e-02
   1.6877858e-02
   1.9685217e-02
   2.1202352e-02
   1.7422204e-02
   2.0931639e-02
   1.9668663e-02
   2.3698809e-02
   1.8156673e-02
   1.6940880e-02
   1.7769893e-02
   2.2366999e-02
   2.3961105e-02
   2.1596812e-02
   1.8279148e-02
   1.7430317e-02
   2.0307682e-02
   2.3559391e-02
   1.9439671e-02
   2.1463319e-02
   1.6857680e-02
   1.6910206e-02
   2.3312713e-02
   2.1968807e-02
   2.1974256e-02
   2.0853201e-02
   1.8672476e-02
   1.7417794e-02
   1.8989960e-02
   1.6976063e-02
   2.3622449e-02
   2.0310952e-02
   1.6926609e-02
   1.6934821e-02
   2.2551156e-02
   2.2661208e-02
   2.0991889e-02
   2.0893148e-02
   2.2231078e-02
   1.6923450e-02
   1.7093459e-02
   2.4222528e-02
   1.7786679e-02
   1.8920180e-02
   2.3895899e-02
   1.8643800e-02
   1.6982086e-02
   2.3256648e-02
   1.7560429e-02
   2.3424759e-02
   2.1771566e-02
   1.6892085e-02
   2.0540397e-02
   2.0844611e-02
   2.0812239e-02
   1.8625065e-02
   2.4020379e-02
   1.6960003e-02
   2.0694143e-02
   2.1888581e-02
   2.3329416e-02
   2.0079480e-02
   1.8107374e-02
   1.8964357e-02
   1.7610977e-02
   1.8436535e-02
   2.1365566e-02
   2.2408811e-02
   2.3820941e-02
   2.0145206e-02
   1.7584490e-02
   1.6840484e-02
   2.2475174e-02
   2.4281003e-02
   1.7346191e-02
   2.0899031e-02
   2.3824138e-02
   2.1114987e-02
   2.0653902e-02
   1.6811916e-02
   2.1099868e-02
   1.7692563e-02
   1.8349604e-02
   2.0423216e-02
   1.6859533e-02
   2.1743107e-02
   1.7400139e-02
   2.3557004e-02
   2.0192771e-02
   2.1970003e-02
   2.0121281e-02
   2.3214184e-02
   1.9240209e-02
   2.3793373e-02
   1.7061493e-02
   2.0561850e-02
   2.0772024e-02
   2.3318836e-02
   2.2865197e-02
   1.8608349e-02
   2.3312708e-02
   1.6851802e-02
   2.1248408e-02
   1.9206061e-02
   1.6849910e-02
   2.3974086e-02
   2.4514113e-02
   2.2456215e-02
   1.7969526e-02
   2.0386001e-02
   2.2672430e-02
   2.2580024e-02
   1.9102792e-02
   2.2716545e-02
   2.0011257e-02
   2.4087822e-02
   1.6876405e-02
   1.9391659e-02
   2.4284675e-02
   2.4394264e-02
   1.7279507e-02
   2.0004770e-02
   2.0612771e-02
   2.3009639e-02
   1.6965085e-02
   1.7043212e-02
   1.9592119e-02
   1.8525614e-02
   2.3908077e-02
   2.2797268e-02
   2.1495224e-02
   2.2412990e-02
   2.3280983e-02
   2.1641999e-02
   2.2495396e-02
   2.4397371e-02
   2.4259077e-02
   2.1963459e-02
   1.7831296e-02
   2.4396610e-02
   1.7422372e-02
   1.9153120e-02
   1.6771979e-02
   2.0932912e-02
   1.8670126e-02
   1.8239999e-02
   1.7310407e-02
   1.9250938e-02
   2.0749146e-02
   1.6792604e-02
   1.6861295e-02
   1.8955317e-02
   1.6910503e-02
   2.4056087e-02
   2.1879435e-02
   1.7190796e-02
   2.0653131e-02
   2.1691836e-02
   2.3126273e-02
   1.9976365e-02
   1.8544306e-02
   1.8808356e-02
   1.8511005e-02
   2.2130549e-02
   2.1929362e-02
   2.0429904e-02
   2.0736112e-02
   2.0300616e-02
   2.0019058e-02
   1.9727678e-02
   1.9612652e-02
   1.6768992e-02
   2.2795357e-02
   2.4055103e-02
   2.0676454e-02
   2.0784876e-02
   1.9198097e-02
   2.4286873e-02
   1.8860406e-02
   1.7166673e-02
   2.1071901e-02
   1.9777725e-02
   2.2907517e-02
   1.6954014e-02
   2.4386973e-02
   2.3672618e-02
   2.3371623e-02
   2.1699071e-02
   2.0176319e-02
   2.0895710e-02
   2.1047700e-02
   2.0341158e-02
   2.2495554e-02
   1.6897071e-02
   2.0370604e-02
   2.0085177e-02
   1.9956054e-02
   1.8879500e-02
   2.3436641e-02
   2.2707775e-02
   1.7529095e-02
   2.4182813e-02
   2.4459759e-02
   2.4302609e-02
   1.7205608e-02
   2.2856825e-02
   2.3960331e-02
   1.9001813e-02
   2.0167946e-02
   1.8065098e-02
   2.2849157e-02
   2.4087894e-02
   1.9239521e-02
   1.8922743e-02
   2.0954962e-02
   2.0014712e-02
   2.1232738e-02
   1.7293644e-02
   2.3035353e-02
   1.6772905e-02
   1.6892330e-02
   2.0872715e-02
   1.7972343e-02
   2.0472238e-02
   2.2175586e-02
   1.7624636e-02
   2.0781534e-02
   2.4159586e-02
   2.1667416e-02
   1.6783653e-02
   2.3360069e-02
   1.9950723e-02
   2.2554647e-02
   2.1657819e-02
   1.7038768e-02
   2.2818653e-02
   1.7731467e-02
   1.7552390e-02
   1.8626130e-02
   2.3639259e-02
   1.9159075e-02
   1.7279062e-02
   2.1114225e-02
   2.2551424e-02
   1.9552725e-02
   2.1720020e-02
   1.9967655e-02
   2.2319246e-02
   1.7568428e-02
   1.7995086e-02
   1.8221561e-02
   2.1046363e-02
   2.4109178e-02
   2.4230838e-02
   1.9593438e-02
   1.9946209e-02
   2.3901613e-02
   1.8325743e-02
   2.1588769e-02
   1.8548597e-02
   2.4348457e-02
   1.7832004e-02
   1.7162755e-02
   1.8238996e-02
   2.3745756e-02
   1.8171024e-02
   1.6834002e-02
   2.0841753e-02
   2.2853122e-02
   2.4428345e-02
   1.7651076e-02
   1.6899463e-02
   2.1701503e-02
   2.4364523e-02
   2.1331745e-02
   1.6853827e-02
   2.4054214e-02
   1.6903159e-02
   2.1558075e-02
   2.4120387e-02
   2.0850961e-02
   1.8732672e-02
   2.0162633e-02
   1.7366237e-02
   2.2199191e-02
   2.2283885e-02
   2.1493639e-02
   2.3755478e-02
   1.7733129e-02
   2.4255506e-02
   1.9237401e-02
   1.7329550e-02
   1.8902791e-02
   1.7042910e-02
   2.4017640e-02
   2.2757893e-02
   1.9229040e-02
   2.4205591e-02
