   1.8132820e-01
   1.8843940e-01
   1.8342431e-01
   1.7894207e-01
   1.8178011e-01
   1.8529735e-01
   1.8039884e-01
   1.7348695e-01
   1.7826765e-01
   1.7930023e-01
   1.8338419e-01
   1.8277631e-01
   1.7823803e-01
   1.8053970e-01
   1.7591042e-01
   1.7436747e-01
   1.7607527e-01
   1.7624051e-01
   1.7160288e-01
   1.7990644e-01
   1.7940911e-01
   1.7774583e-01
   1.8081072e-01
   1.7903447e-01
   1.8480537e-01
   1.8373439e-01
   1.7737606e-01
   1.8824218e-01
   1.7397363e-01
   1.8292333e-01
   1.7822694e-01
   1.8835206e-01
   1.8420088e-01
   1.8654729e-01
   1.7848182e-01
   1.7866633e-01
   1.8850306e-01
   1.7316512e-01
   1.8144546e-01
   1.7972608e-01
   1.8353980e-01
   1.7816177e-01
   1.7967423e-01
   1.7258602e-01
   1.7446074e-01
   1.8953194e-01
   1.8540534e-01
   1.8003860e-01
   1.9084347e-01
   1.8002608e-01
   1.8122786e-01
   1.8238778e-01
   1.7270565e-01
   1.8398396e-01
   1.8849620e-01
   1.8669259e-01
   1.8875743e-01
   1.8062834e-01
   1.9230424e-01
   1.7963074e-01
   1.8259565e-01
   1.7808486e-01
   1.7864980e-01
   1.7817620e-01
   1.7247897e-01
   1.8036745e-01
   1.7545939e-01
   1.8879348e-01
   1.7699325e-01
   1.7410733e-01
   1.8428162e-01
   1.7409061e-01
   1.8943565e-01
   1.8903545e-01
   1.7846238e-01
   1.7276854e-01
   1.8841530e-01
   1.8006159e-01
   1.7392343e-01
   1.7361341e-01
   1.7717778e-01
   1.7520545e-01
   1.7614603e-01
   1.8130218e-01
   1.8844718e-01
   1.8105827e-01
   1.9079615e-01
   1.7592800e-01
   1.8892342e-01
   1.7928635e-01
   1.7466677e-01
   1.8277168e-01
   1.7769954e-01
   1.7281159e-01
   1.7216979e-01
   1.8160951e-01
   1.7307840e-01
   1.8720098e-01
   1.8071474e-01
   1.7536536e-01
   1.7668143e-01
   1.7911984e-01
   1.7229502e-01
   1.7404049e-01
   1.8632617e-01
   1.8966553e-01
   1.8141011e-01
   1.8131192e-01
   1.7210213e-01
   1.8466721e-01
   1.8178344e-01
   1.8116120e-01
   1.8110571e-01
   1.8692258e-01
   1.8940877e-01
   1.7315509e-01
   1.8929640e-01
   1.7352285e-01
   1.8171374e-01
   1.8785246e-01
   1.7991482e-01
   1.8163081e-01
   1.8791025e-01
   1.7488007e-01
   1.7307667e-01
   1.7795581e-01
   1.7534405e-01
   1.7279247e-01
   1.8856440e-01
   1.8159240e-01
   1.8425579e-01
   1.7805899e-01
   1.8260355e-01
   1.7983523e-01
   1.7908142e-01
   1.8834419e-01
   1.8627809e-01
   1.8624160e-01
   1.8092820e-01
   1.9274997e-01
   1.8741840e-01
   1.7406717e-01
   1.7613305e-01
   1.8864966e-01
   1.8525471e-01
   1.7825018e-01
   1.8857922e-01
   1.8035351e-01
   1.8971101e-01
   1.8337886e-01
   1.8611102e-01
   1.8561776e-01
   1.7368100e-01
   1.7437094e-01
   1.7307755e-01
   1.7335452e-01
   1.7791887e-01
   1.7967054e-01
   1.7167428e-01
   1.8010210e-01
   1.8283644e-01
   1.8883506e-01
   1.8373055e-01
   1.8036503e-01
   1.7276145e-01
   1.7982180e-01
   1.8961894e-01
   1.8309105e-01
   1.8141836e-01
   1.8487768e-01
   1.7940638e-01
   1.7785571e-01
   1.7400362e-01
   1.8444937e-01
   1.7211638e-01
   1.7844081e-01
   1.8502773e-01
   1.7319079e-01
   1.8539037e-01
   1.8848948e-01
   1.7427831e-01
   1.7941710e-01
   1.7783379e-01
   1.8258189e-01
   1.8118278e-01
   1.7620574e-01
   1.7990214e-01
   1.8642521e-01
   1.8327295e-01
   1.7347347e-01
   1.8112047e-01
   1.8120046e-01
   1.7954132e-01
   1.7948408e-01
   1.7439551e-01
   1.8005239e-01
   1.7244025e-01
   1.8262063e-01
   1.7894345e-01
   1.8969435e-01
   1.7948965e-01
   1.8149415e-01
   1.7690878e-01
   1.8985541e-01
   1.8118761e-01
   1.8569945e-01
   1.7830352e-01
   1.8676800e-01
   1.7661590e-01
   1.7295022e-01
   1.8053767e-01
   1.8747024e-01
   1.8698880e-01
   1.8972889e-01
   1.8428190e-01
   1.8422437e-01
   1.7405263e-01
   1.7738576e-01
   1.8236281e-01
   1.8136714e-01
   1.8442191e-01
   1.8423923e-01
   1.8887788e-01
   1.8871481e-01
   1.8080266e-01
   1.7401047e-01
   1.7430905e-01
   1.8035267e-01
   1.7292126e-01
   1.7275396e-01
   1.7232551e-01
   1.8680950e-01
   1.7428337e-01
   1.7412032e-01
   1.7575464e-01
   1.7782019e-01
   1.7413081e-01
   1.8837725e-01
   1.7704584e-01
   1.7802309e-01
   1.8065018e-01
   1.8170236e-01
   1.7930917e-01
   1.8022424e-01
   1.7490756e-01
   1.7715809e-01
   1.8150593e-01
   1.8406109e-01
   1.8250528e-01
   1.7941302e-01
   1.8272345e-01
   1.7919892e-01
   1.8616808e-01
   1.7626192e-01
   1.8012095e-01
   1.8891142e-01
   1.7624103e-01
   1.7893826e-01
   1.7859225e-01
   1.7690647e-01
   1.7918174e-01
   1.7926822e-01
   1.7886148e-01
   1.7908772e-01
   1.7864456e-01
   1.7775749e-01
   1.8202924e-01
   1.8165430e-01
   1.8812588e-01
   1.7783902e-01
   1.8358013e-01
   1.9030973e-01
   1.7536724e-01
   1.7999561e-01
   1.8431909e-01
   1.8861668e-01
   1.8287157e-01
   1.8250074e-01
   1.7518935e-01
   1.7667214e-01
   1.8935327e-01
   1.7995418e-01
   1.7853053e-01
   1.7402948e-01
   1.8618676e-01
   1.7305903e-01
   1.7278260e-01
   1.7532340e-01
   1.8653597e-01
   1.7688889e-01
   1.8898616e-01
   1.8093286e-01
   1.8904862e-01
   1.8482454e-01
   1.7768707e-01
   1.7191381e-01
   1.7295938e-01
   1.7125843e-01
   1.7179266e-01
   1.7440504e-01
