   1.7237205e-01
   1.8140096e-01
   1.6245336e-01
   1.5684175e-01
   1.5869843e-01
   1.5884702e-01
   1.5819332e-01
   1.7348295e-01
   1.7027483e-01
   1.8038910e-01
   1.6171101e-01
   1.8360604e-01
   1.8464028e-01
   1.7360331e-01
   1.5894302e-01
   1.7228581e-01
   1.5910377e-01
   1.6583181e-01
   1.5627062e-01
   1.8139221e-01
   1.7165633e-01
   1.7054602e-01
   1.8373408e-01
   1.6106141e-01
   1.6787731e-01
   1.6117062e-01
   1.6498821e-01
   1.6050646e-01
   1.7221280e-01
   1.6045710e-01
   1.5914820e-01
   1.7787901e-01
   1.7025611e-01
   1.7925063e-01
   1.7581916e-01
   1.8799000e-01
   1.6932175e-01
   1.7292755e-01
   1.7473936e-01
   1.5877517e-01
   1.5865010e-01
   1.7473506e-01
   1.5700112e-01
   1.7301851e-01
   1.7773653e-01
   1.8121578e-01
   1.7893381e-01
   1.8611769e-01
   1.6150219e-01
   1.6888847e-01
   1.7269491e-01
   1.7946035e-01
   1.6077372e-01
   1.7381027e-01
   1.8053489e-01
   1.7377729e-01
   1.7789400e-01
   1.6068561e-01
   1.6332237e-01
   1.6755877e-01
   1.6240871e-01
   1.6346868e-01
   1.7201181e-01
   1.6933701e-01
   1.7713350e-01
   1.7283819e-01
   1.8285535e-01
   1.6586781e-01
   1.5902402e-01
   1.7946385e-01
   1.7556271e-01
   1.7134780e-01
   1.8348985e-01
   1.5849280e-01
   1.7879498e-01
   1.6169212e-01
   1.5578345e-01
   1.6786391e-01
   1.6022596e-01
   1.6262596e-01
   1.8493446e-01
   1.5810815e-01
   1.6253388e-01
   1.5933533e-01
   1.8020863e-01
   1.7637451e-01
   1.6376837e-01
   1.6308778e-01
   1.6042904e-01
   1.8593780e-01
   1.6357662e-01
   1.7480048e-01
   1.7963923e-01
   1.5912211e-01
   1.5752147e-01
   1.6236416e-01
   1.7869658e-01
   1.7858352e-01
   1.5861734e-01
   1.5787110e-01
   1.6362073e-01
   1.7171199e-01
   1.8600791e-01
   1.8779687e-01
   1.5779257e-01
   1.6069340e-01
   1.8291233e-01
   1.7110633e-01
   1.6755416e-01
   1.7134581e-01
   1.7771121e-01
   1.8478251e-01
   1.8313240e-01
   1.5891085e-01
   1.7100011e-01
   1.7383897e-01
   1.6632719e-01
   1.5833696e-01
   1.5810685e-01
   1.6783429e-01
   1.5814629e-01
   1.8164310e-01
   1.5586072e-01
   1.7870505e-01
   1.6080770e-01
   1.7300551e-01
   1.6452417e-01
   1.8585357e-01
   1.7850715e-01
   1.8667089e-01
   1.5830662e-01
   1.6699359e-01
   1.6576657e-01
   1.8288517e-01
   1.7153192e-01
   1.5877616e-01
   1.5890190e-01
   1.6027560e-01
   1.7140115e-01
   1.6265015e-01
   1.6188871e-01
   1.5590482e-01
   1.7013396e-01
   1.6461419e-01
   1.7094087e-01
   1.8041262e-01
   1.6224329e-01
   1.5833671e-01
   1.5852680e-01
   1.7682971e-01
   1.6238213e-01
   1.5653208e-01
   1.8489175e-01
   1.6767131e-01
   1.6464631e-01
   1.6837985e-01
   1.7077676e-01
   1.6871054e-01
   1.7053509e-01
   1.8170621e-01
   1.5919835e-01
   1.7956896e-01
   1.5697060e-01
   1.5812573e-01
   1.8793344e-01
   1.5803341e-01
   1.5779577e-01
   1.8187616e-01
   1.8382690e-01
   1.5946159e-01
   1.5906063e-01
   1.6350698e-01
   1.5792565e-01
   1.8291866e-01
   1.6487044e-01
   1.5648868e-01
   1.6343812e-01
   1.6385781e-01
   1.7021998e-01
   1.5942763e-01
   1.5825008e-01
   1.5860566e-01
   1.5617311e-01
   1.6551895e-01
   1.7073939e-01
   1.7466711e-01
   1.5816930e-01
   1.5931798e-01
   1.7328899e-01
   1.8003879e-01
   1.7672023e-01
   1.6356005e-01
   1.7250711e-01
   1.6632001e-01
   1.6295609e-01
   1.6403606e-01
   1.6907615e-01
   1.6511527e-01
   1.8742315e-01
   1.7958282e-01
   1.8224403e-01
   1.5975133e-01
   1.7137660e-01
   1.7051932e-01
   1.5911407e-01
   1.7477377e-01
   1.8250022e-01
   1.5887818e-01
   1.5617967e-01
   1.5593279e-01
   1.7586670e-01
   1.6242370e-01
   1.6019036e-01
   1.6223053e-01
   1.7557805e-01
   1.5811279e-01
   1.6331448e-01
   1.6061002e-01
   1.7319340e-01
   1.6685795e-01
   1.8211263e-01
   1.6578968e-01
   1.5722010e-01
   1.8508775e-01
   1.5937475e-01
   1.5810670e-01
   1.7942136e-01
   1.6435612e-01
   1.6720070e-01
   1.6520472e-01
   1.6275817e-01
   1.7584690e-01
   1.5951117e-01
   1.6907455e-01
   1.7352806e-01
   1.6983554e-01
   1.5980735e-01
   1.5831262e-01
   1.6376245e-01
   1.8509157e-01
   1.6599673e-01
   1.5960680e-01
   1.8154492e-01
   1.5844132e-01
   1.7084919e-01
   1.7338676e-01
   1.6764129e-01
   1.6166932e-01
   1.6660989e-01
   1.5760259e-01
   1.5902138e-01
   1.8693398e-01
   1.5907722e-01
   1.7437660e-01
   1.6951391e-01
   1.6916165e-01
   1.5940999e-01
   1.7254309e-01
   1.6197339e-01
   1.6199935e-01
   1.7177094e-01
   1.7282988e-01
   1.6929706e-01
   1.8553676e-01
   1.8298036e-01
   1.7932677e-01
   1.7619706e-01
   1.7057828e-01
   1.6236938e-01
   1.8483299e-01
   1.7536050e-01
   1.8431304e-01
   1.6355168e-01
   1.5624580e-01
   1.8756412e-01
   1.7890982e-01
   1.5969237e-01
   1.5926169e-01
   1.7653612e-01
   1.7581685e-01
   1.6124663e-01
   1.7292323e-01
   1.7735491e-01
   1.8671304e-01
   1.6077487e-01
   1.8043740e-01
   1.5959369e-01
   1.5686062e-01
   1.5865583e-01
   1.8210250e-01
   1.5550273e-01
   1.7071917e-01
   1.8287737e-01
   1.6265438e-01
   1.7836663e-01
   1.7908147e-01
   1.7385984e-01
   1.8190461e-01
   1.7591548e-01
   1.7119808e-01
