   1.6681302e-02
   1.7007362e-02
   1.6960383e-02
   1.6748072e-02
   1.6904505e-02
   1.6941134e-02
   1.6918972e-02
   1.7014492e-02
   1.6912386e-02
   1.6689660e-02
   1.6930052e-02
   1.6996610e-02
   1.6839880e-02
   1.6836327e-02
   1.6907749e-02
   1.6795351e-02
   1.6835821e-02
   1.7008677e-02
   1.6809880e-02
   1.6687201e-02
   1.7014966e-02
   1.6690537e-02
   1.6895155e-02
   1.7007061e-02
   1.6976458e-02
   1.6781050e-02
   1.7002753e-02
   1.7009350e-02
   1.6801107e-02
   1.6810502e-02
   1.7014200e-02
   1.6808685e-02
   1.6988909e-02
   1.6685098e-02
   1.6860634e-02
   1.6946417e-02
   1.6808886e-02
   1.7014669e-02
   1.6862543e-02
   1.6808848e-02
   1.6865292e-02
   1.6859965e-02
   1.6701557e-02
   1.6919892e-02
   1.7011193e-02
   1.6987001e-02
   1.6800274e-02
   1.6994736e-02
   1.6763400e-02
   1.6783004e-02
   1.6995281e-02
   1.6809455e-02
   1.6688029e-02
   1.6990094e-02
   1.6766109e-02
   1.6944001e-02
   1.6978110e-02
   1.6704561e-02
   1.6961389e-02
   1.6957061e-02
   1.6683215e-02
   1.6809504e-02
   1.6806243e-02
   1.6913367e-02
   1.6769968e-02
   1.7005301e-02
   1.6854894e-02
   1.6772983e-02
   1.6859490e-02
   1.6838238e-02
   1.6710542e-02
   1.7014093e-02
   1.7003042e-02
   1.6837565e-02
   1.6915297e-02
   1.6858853e-02
   1.6838933e-02
   1.6798064e-02
   1.6834506e-02
   1.6991944e-02
   1.6685760e-02
   1.6965456e-02
   1.6686801e-02
   1.6742464e-02
   1.6699282e-02
   1.6808818e-02
   1.6982960e-02
   1.6986557e-02
   1.6700924e-02
   1.6934189e-02
   1.6799316e-02
   1.6836811e-02
   1.6718244e-02
   1.6681095e-02
   1.6696818e-02
   1.6822098e-02
   1.6838293e-02
   1.6839432e-02
   1.6795113e-02
   1.6965136e-02
   1.6786155e-02
   1.6859093e-02
   1.6878149e-02
   1.6980123e-02
   1.6873052e-02
   1.6968990e-02
   1.6735751e-02
   1.6927013e-02
   1.6926221e-02
   1.7015125e-02
   1.6807167e-02
   1.6805072e-02
   1.6998656e-02
   1.6900166e-02
   1.6879942e-02
   1.6702865e-02
   1.6812968e-02
   1.6939762e-02
   1.6927320e-02
   1.6680551e-02
   1.7011388e-02
   1.6794022e-02
   1.6716969e-02
   1.6809022e-02
   1.6836037e-02
   1.6685135e-02
   1.6680832e-02
   1.6960261e-02
   1.6956240e-02
   1.6776721e-02
   1.6926315e-02
   1.6810158e-02
   1.6799462e-02
   1.6705879e-02
   1.6811583e-02
   1.6939253e-02
   1.6891084e-02
   1.7013785e-02
   1.6698154e-02
   1.6931003e-02
   1.6695145e-02
   1.6683499e-02
   1.6979161e-02
   1.7005781e-02
   1.6882264e-02
   1.7006483e-02
   1.7012617e-02
   1.6981570e-02
   1.6958540e-02
   1.6681183e-02
   1.6985654e-02
   1.7014835e-02
   1.7015171e-02
   1.6812431e-02
   1.6915140e-02
   1.6870265e-02
   1.6904759e-02
   1.6808546e-02
   1.6835881e-02
   1.6962286e-02
   1.6702136e-02
   1.6987016e-02
   1.6808359e-02
   1.6907257e-02
   1.6982898e-02
   1.7014996e-02
   1.6798978e-02
   1.6736211e-02
   1.6844992e-02
   1.6946264e-02
   1.6965938e-02
   1.6999470e-02
   1.7014404e-02
   1.6999448e-02
   1.6683658e-02
   1.6808410e-02
   1.6689668e-02
   1.6959572e-02
   1.6838261e-02
   1.6889056e-02
   1.7000767e-02
   1.6764364e-02
   1.7013215e-02
   1.6713538e-02
   1.6899617e-02
   1.6853842e-02
   1.6681949e-02
   1.6772979e-02
   1.6912972e-02
   1.6990997e-02
   1.6752446e-02
   1.6910145e-02
   1.6682379e-02
   1.6718103e-02
   1.7012356e-02
   1.6965335e-02
   1.6682790e-02
   1.6680982e-02
   1.7009721e-02
   1.6967133e-02
   1.6836246e-02
   1.6760297e-02
   1.6743133e-02
   1.6834932e-02
   1.7014353e-02
   1.6781545e-02
   1.6720382e-02
   1.6939001e-02
   1.6809838e-02
   1.7013004e-02
   1.6991808e-02
   1.6694522e-02
   1.6866931e-02
   1.6982303e-02
   1.6972311e-02
   1.6841658e-02
   1.6932816e-02
   1.6808341e-02
   1.6882362e-02
   1.6903297e-02
   1.6984586e-02
   1.6799830e-02
   1.6706149e-02
   1.7014199e-02
   1.6809684e-02
   1.6713831e-02
   1.7000756e-02
   1.6929377e-02
   1.6680775e-02
   1.6846345e-02
   1.7000560e-02
   1.6812432e-02
   1.6781674e-02
   1.6856609e-02
   1.6868147e-02
   1.7007362e-02
   1.6787282e-02
   1.6991198e-02
   1.6813954e-02
   1.6952268e-02
   1.6859627e-02
   1.6681482e-02
   1.7013890e-02
   1.7014207e-02
   1.6834904e-02
   1.6694658e-02
   1.6983317e-02
   1.7013472e-02
   1.7006936e-02
   1.6914418e-02
   1.7014401e-02
   1.6717886e-02
   1.6766906e-02
   1.6884908e-02
   1.6859304e-02
   1.6809970e-02
   1.6971355e-02
   1.6995230e-02
   1.6948470e-02
   1.6967038e-02
   1.6843469e-02
   1.6843504e-02
   1.6735880e-02
   1.6685664e-02
   1.6877039e-02
   1.6710823e-02
   1.6833716e-02
   1.6835637e-02
   1.7013879e-02
   1.6837621e-02
   1.6838929e-02
   1.6807725e-02
   1.6964638e-02
   1.6791456e-02
   1.7014441e-02
   1.6808360e-02
   1.6915094e-02
   1.6864121e-02
   1.6957034e-02
   1.6973691e-02
   1.6961365e-02
   1.7011786e-02
   1.6957789e-02
   1.6950226e-02
   1.6919810e-02
   1.6995584e-02
   1.6886798e-02
   1.6686970e-02
   1.6992779e-02
   1.6885313e-02
   1.7013769e-02
   1.6891056e-02
   1.6988969e-02
   1.6809065e-02
   1.7013624e-02
   1.6953192e-02
   1.6695985e-02
   1.6771991e-02
   1.6682218e-02
   1.7014625e-02
