   2.7669439e-02
   3.2170015e-02
   2.7630724e-02
   2.9557639e-02
   2.9521159e-02
   3.3583559e-02
   2.9182631e-02
   2.8809406e-02
   2.8508049e-02
   2.5183025e-02
   3.1053149e-02
   2.9829147e-02
   3.3017191e-02
   2.6138806e-02
   2.6883844e-02
   2.6774551e-02
   2.6739759e-02
   2.8080787e-02
   2.6518865e-02
   2.8346293e-02
   3.1192992e-02
   2.5987804e-02
   2.8556823e-02
   3.0374582e-02
   2.8476827e-02
   3.0715862e-02
   2.9441637e-02
   2.6597996e-02
   2.6262693e-02
   2.5968823e-02
   2.8962534e-02
   2.5108862e-02
   3.4054737e-02
   3.4481652e-02
   2.7186144e-02
   2.7914892e-02
   3.1417112e-02
   2.5729532e-02
   2.7404015e-02
   2.8180122e-02
   3.0685020e-02
   2.9013567e-02
   3.2883478e-02
   3.2203293e-02
   2.6813161e-02
   2.7364394e-02
   2.7960195e-02
   2.6593824e-02
   2.6862314e-02
   2.7496719e-02
   2.8821882e-02
   3.1610041e-02
   2.5916151e-02
   2.5589374e-02
   2.8063122e-02
   2.9092069e-02
   2.8706579e-02
   3.1721928e-02
   2.6543325e-02
   2.6968780e-02
   2.6659664e-02
   2.5802777e-02
   2.6752693e-02
   2.6999436e-02
   2.7544888e-02
   2.5193021e-02
   2.6587738e-02
   2.5189803e-02
   2.8215833e-02
   2.8911981e-02
   2.9233711e-02
   2.7568051e-02
   3.0972925e-02
   2.9221820e-02
   3.0024104e-02
   2.6011683e-02
   3.0662631e-02
   2.7174636e-02
   3.1205172e-02
   2.8558001e-02
   2.7476097e-02
   2.7527755e-02
   2.8620880e-02
   2.6842417e-02
   2.4901391e-02
   2.9682721e-02
   2.8746442e-02
   3.1080725e-02
   3.1480155e-02
   2.9702009e-02
   2.4925355e-02
   2.6519143e-02
   2.9277341e-02
   2.6704659e-02
   2.8520050e-02
   2.5889482e-02
   2.4715002e-02
   2.5578647e-02
   2.7459174e-02
   2.9921631e-02
   3.1213242e-02
   3.0750580e-02
   2.6006271e-02
   2.8975201e-02
   2.6762822e-02
   2.6703386e-02
   2.7254876e-02
   2.8482986e-02
   2.6548033e-02
   2.7917425e-02
   3.0564682e-02
   3.3717056e-02
   2.8518030e-02
   2.7180847e-02
   2.8858741e-02
   2.8124703e-02
   2.8979079e-02
   2.6698509e-02
   2.6276339e-02
   2.7757130e-02
   3.0103934e-02
   3.1254004e-02
   2.8184480e-02
   2.8582935e-02
   2.8652545e-02
   3.2634524e-02
   2.5991124e-02
   2.8743335e-02
   2.8798533e-02
   2.5156302e-02
   2.5924544e-02
   3.0039392e-02
   2.6913044e-02
   2.7902921e-02
   2.6487939e-02
   2.5328031e-02
   2.6953519e-02
   2.7228157e-02
   2.9395838e-02
   2.6754661e-02
   2.5484416e-02
   3.0477903e-02
   2.8344091e-02
   2.7694858e-02
   2.8029938e-02
   2.6662314e-02
   2.9474015e-02
   2.8321968e-02
   2.6590456e-02
   2.7990150e-02
   2.7636155e-02
   2.4414523e-02
   2.6961623e-02
   2.7705855e-02
   2.7045910e-02
   3.1678233e-02
   2.9543474e-02
   2.8078417e-02
   3.1509422e-02
   2.8623807e-02
   2.8784508e-02
   2.8021817e-02
   2.7774212e-02
   2.4306188e-02
   2.7254203e-02
   2.7697894e-02
   2.7701143e-02
   2.5204653e-02
   2.6689782e-02
   2.8307534e-02
   2.8632400e-02
   2.6282054e-02
   2.8633070e-02
   2.9985011e-02
   2.5079249e-02
   2.4645277e-02
   2.7884254e-02
   3.0705933e-02
   2.9793604e-02
   2.6560579e-02
   3.0952803e-02
   2.8615290e-02
   2.7094554e-02
   2.8405140e-02
   2.9473148e-02
   2.6350378e-02
   3.3164310e-02
   2.6525454e-02
   2.8139700e-02
   2.8865511e-02
   2.9777587e-02
   3.0296027e-02
   2.7606983e-02
   2.6950153e-02
   2.8010259e-02
   3.4027091e-02
   2.8492394e-02
   2.6394136e-02
   2.8790292e-02
   3.0847193e-02
   2.7225230e-02
   2.8597439e-02
   2.6840305e-02
   2.8284567e-02
   3.3236985e-02
   2.8715370e-02
   2.7273111e-02
   3.1907276e-02
   2.7445100e-02
   3.0826135e-02
   2.5937822e-02
   2.7896882e-02
   2.8115399e-02
   2.8703035e-02
   2.9136726e-02
   2.6655523e-02
   2.4364197e-02
   2.7826010e-02
   2.6858429e-02
   2.5872866e-02
   2.6829057e-02
   2.6567799e-02
   2.6388913e-02
   2.6282374e-02
   2.6599976e-02
   2.8773829e-02
   2.8946218e-02
   2.4737322e-02
   2.6909074e-02
   2.8677358e-02
   2.9749087e-02
   2.6412383e-02
   2.5343521e-02
   2.4246788e-02
   3.0743972e-02
   2.6161673e-02
   3.0881858e-02
   3.0174252e-02
   2.7672297e-02
   2.7448047e-02
   2.7192517e-02
   2.6286384e-02
   3.1451285e-02
   2.9061849e-02
   2.6636304e-02
   2.6232821e-02
   2.8785046e-02
   3.1433475e-02
   2.9755623e-02
   2.6813833e-02
   2.9950161e-02
   2.5832617e-02
   2.6060852e-02
   2.6828546e-02
   3.1197516e-02
   2.5625122e-02
   2.8507556e-02
   2.8780238e-02
   2.8525583e-02
   2.7773610e-02
   2.4471572e-02
   2.6858556e-02
   2.4484950e-02
   2.8727659e-02
   2.8556890e-02
   2.6772693e-02
   2.5401680e-02
   2.9803840e-02
   2.7709547e-02
   2.7538474e-02
   2.8279577e-02
   2.7608491e-02
   2.5896160e-02
   2.8458097e-02
   2.5240563e-02
   3.0148430e-02
   3.0578233e-02
   3.1018143e-02
   2.7998310e-02
   2.7389459e-02
   2.7861942e-02
   2.9376548e-02
   2.7117747e-02
   2.8360250e-02
   2.6313359e-02
   2.6058118e-02
   2.8728677e-02
   2.7349522e-02
   2.6195691e-02
   2.8323735e-02
   2.8162206e-02
   2.8398916e-02
   2.9656653e-02
   2.7707039e-02
   3.1567466e-02
   2.6837494e-02
   2.7384260e-02
   2.8139032e-02
   2.7142106e-02
   2.5650275e-02
