   1.7535316e-01
   1.9099038e-01
   1.6172430e-01
   1.8517895e-01
   1.6592052e-01
   1.7232466e-01
   1.7000528e-01
   1.6465040e-01
   1.6373261e-01
   1.7590143e-01
   1.8499599e-01
   1.6021266e-01
   1.8736637e-01
   1.7998239e-01
   1.6218591e-01
   1.6273947e-01
   1.6751191e-01
   1.8252874e-01
   1.7220405e-01
   1.5987242e-01
   1.7332070e-01
   1.6809511e-01
   1.7845625e-01
   1.8113146e-01
   1.7303715e-01
   1.9687602e-01
   1.9041839e-01
   1.7375070e-01
   1.8032744e-01
   1.8723914e-01
   1.7220305e-01
   1.6492597e-01
   1.8317053e-01
   1.7334939e-01
   1.8117259e-01
   1.6191679e-01
   1.9262942e-01
   1.8062249e-01
   1.8963133e-01
   1.7420205e-01
   1.6966658e-01
   1.6626962e-01
   1.8340533e-01
   1.6152371e-01
   1.7456623e-01
   1.6278841e-01
   1.7374887e-01
   1.7614538e-01
   1.6439311e-01
   1.6177486e-01
   1.8693004e-01
   1.6455543e-01
   1.6065781e-01
   1.7331615e-01
   1.5997565e-01
   1.8250432e-01
   1.6298814e-01
   1.8747987e-01
   1.7112133e-01
   1.6400142e-01
   1.7268331e-01
   1.6319577e-01
   1.5942719e-01
   1.6319256e-01
   1.8521904e-01
   1.6643630e-01
   1.5995557e-01
   1.7599070e-01
   1.7030443e-01
   1.8558398e-01
   1.6155408e-01
   1.6230333e-01
   1.6096910e-01
   1.6695187e-01
   1.6139855e-01
   1.8102660e-01
   1.6373630e-01
   1.7242086e-01
   1.6930104e-01
   1.8053840e-01
   1.6959347e-01
   1.7665276e-01
   1.7941329e-01
   1.7000070e-01
   1.6167396e-01
   1.6236632e-01
   1.6514204e-01
   1.6343679e-01
   1.6277825e-01
   1.6732118e-01
   1.7363144e-01
   1.6967824e-01
   1.6277413e-01
   1.8350955e-01
   1.7755707e-01
   1.7852832e-01
   1.6989898e-01
   1.7478094e-01
   1.9352122e-01
   1.6943826e-01
   1.7700338e-01
   1.6029947e-01
   1.7519781e-01
   1.9370647e-01
   1.7512841e-01
   1.9472985e-01
   1.8732574e-01
   1.6421798e-01
   1.6255762e-01
   1.6900972e-01
   1.8346746e-01
   1.7038805e-01
   1.6861839e-01
   1.6282495e-01
   1.8501640e-01
   1.6571379e-01
   1.6275041e-01
   1.9418535e-01
   1.6884238e-01
   1.6262324e-01
   1.7769362e-01
   1.7411402e-01
   1.6390689e-01
   1.6409588e-01
   1.7020675e-01
   1.6196727e-01
   1.6485912e-01
   1.9154845e-01
   1.6355257e-01
   1.6252414e-01
   1.7022087e-01
   1.6285529e-01
   1.7982128e-01
   1.6743173e-01
   1.7000873e-01
   1.7161506e-01
   1.6276312e-01
   1.8958174e-01
   1.7657809e-01
   1.6152844e-01
   1.6664175e-01
   1.6649806e-01
   1.6224111e-01
   1.7900936e-01
   1.7074853e-01
   1.7892317e-01
   1.7558169e-01
   1.5960790e-01
   1.7566933e-01
   1.8382107e-01
   1.6349357e-01
   1.6496006e-01
   1.6846968e-01
   1.7475252e-01
   1.6148340e-01
   1.6074829e-01
   1.6260874e-01
   1.7520687e-01
   1.6039476e-01
   1.7161338e-01
   1.6651056e-01
   1.8479011e-01
   1.6277643e-01
   1.9184604e-01
   1.5989676e-01
   1.6884429e-01
   1.6363036e-01
   1.6430450e-01
   1.8504964e-01
   1.7559133e-01
   1.6543531e-01
   1.6299315e-01
   1.6555083e-01
   1.5999517e-01
   1.6605789e-01
   1.6034509e-01
   1.7640454e-01
   1.6323898e-01
   1.6225606e-01
   1.6802494e-01
   1.7486490e-01
   1.6927003e-01
   1.6179938e-01
   1.7435225e-01
   1.8175452e-01
   1.6251889e-01
   1.6314146e-01
   1.6003470e-01
   1.6424080e-01
   1.6257619e-01
   1.6957070e-01
   1.7109596e-01
   1.8636294e-01
   1.8226961e-01
   1.8462239e-01
   1.8392928e-01
   1.6307839e-01
   1.6314221e-01
   1.5992816e-01
   1.7734943e-01
   1.6260689e-01
   1.6597507e-01
   1.6254426e-01
   1.8563720e-01
   1.7032543e-01
   1.7303021e-01
   1.9135468e-01
   1.5953305e-01
   1.6361752e-01
   1.7219138e-01
   1.9437101e-01
   1.6549857e-01
   1.6106286e-01
   1.6266793e-01
   1.6098966e-01
   1.6360920e-01
   1.6292259e-01
   1.8334843e-01
   1.7963974e-01
   1.7073394e-01
   1.6828403e-01
   1.6777933e-01
   1.6272281e-01
   1.6087890e-01
   1.6361482e-01
   1.6026835e-01
   1.8630438e-01
   1.7938168e-01
   1.8833135e-01
   1.8533401e-01
   1.7471536e-01
   1.6376536e-01
   1.6290068e-01
   1.6050845e-01
   1.6881512e-01
   1.7161561e-01
   1.6268810e-01
   1.6084337e-01
   1.7012803e-01
   1.7094256e-01
   1.6813211e-01
   1.9472161e-01
   1.7025590e-01
   1.6996175e-01
   1.6634639e-01
   1.5992271e-01
   1.6085231e-01
   1.8189588e-01
   1.6715659e-01
   1.7486093e-01
   1.7115650e-01
   1.8422709e-01
   1.6290672e-01
   1.8877503e-01
   1.7168405e-01
   1.6243156e-01
   1.6288027e-01
   1.6157824e-01
   1.7240564e-01
   1.8755464e-01
   1.6830762e-01
   1.8549224e-01
   1.7050040e-01
   1.9043592e-01
   1.7032093e-01
   1.8095214e-01
   1.8538019e-01
   1.8838722e-01
   1.7041027e-01
   1.7031169e-01
   1.6211029e-01
   1.6264880e-01
   1.6675725e-01
   1.6303633e-01
   1.7049040e-01
   1.6366228e-01
   1.6859536e-01
   1.7671769e-01
   1.6817133e-01
   1.8496974e-01
   1.7454795e-01
   1.6230475e-01
   1.7109350e-01
   1.5996627e-01
   1.6595780e-01
   1.6908079e-01
   1.6135682e-01
   1.6086936e-01
   1.8939340e-01
   1.6279125e-01
   1.8601760e-01
   1.8417613e-01
   1.6341413e-01
   1.6271940e-01
   1.8160165e-01
   1.6054356e-01
   1.6988617e-01
   1.6396419e-01
   1.7901376e-01
   1.7720564e-01
