   1.3088508e-02
   1.4533685e-02
   1.3474336e-02
   1.2946457e-02
   1.3312812e-02
   1.4200467e-02
   1.5542763e-02
   1.3545597e-02
   1.3257967e-02
   1.2847816e-02
   1.4930691e-02
   1.3515944e-02
   1.3915786e-02
   1.2989738e-02
   1.4092667e-02
   1.3759892e-02
   1.3712212e-02
   1.3619117e-02
   1.3246319e-02
   1.3356071e-02
   1.3773364e-02
   1.3884703e-02
   1.2618135e-02
   1.2704187e-02
   1.3368339e-02
   1.3138814e-02
   1.4868399e-02
   1.3693703e-02
   1.4256938e-02
   1.2537181e-02
   1.4262927e-02
   1.4951931e-02
   1.2616789e-02
   1.3654788e-02
   1.4310577e-02
   1.4421660e-02
   1.4635750e-02
   1.3485229e-02
   1.5087397e-02
   1.3526546e-02
   1.3560014e-02
   1.4293237e-02
   1.5041915e-02
   1.4545833e-02
   1.4290862e-02
   1.3415227e-02
   1.4274451e-02
   1.3724193e-02
   1.2520965e-02
   1.5167452e-02
   1.3535766e-02
   1.4645191e-02
   1.4649148e-02
   1.3832633e-02
   1.3436130e-02
   1.2680602e-02
   1.3715697e-02
   1.3463321e-02
   1.4380160e-02
   1.4269598e-02
   1.3997112e-02
   1.3939567e-02
   1.2918714e-02
   1.3254820e-02
   1.3624622e-02
   1.4228591e-02
   1.3247163e-02
   1.4749798e-02
   1.2797875e-02
   1.3052241e-02
   1.4541130e-02
   1.3460826e-02
   1.3495759e-02
   1.3762885e-02
   1.4175617e-02
   1.3085751e-02
   1.5476366e-02
   1.3554827e-02
   1.3770293e-02
   1.3068612e-02
   1.3931110e-02
   1.2726473e-02
   1.4317049e-02
   1.4032260e-02
   1.3582193e-02
   1.3719382e-02
   1.4906932e-02
   1.2838291e-02
   1.4585650e-02
   1.3882203e-02
   1.3838404e-02
   1.4673957e-02
   1.3076876e-02
   1.4220864e-02
   1.4806183e-02
   1.3804736e-02
   1.2944332e-02
   1.3604135e-02
   1.3591990e-02
   1.3071233e-02
   1.4148349e-02
   1.2879431e-02
   1.4210712e-02
   1.2973692e-02
   1.4650418e-02
   1.3882218e-02
   1.3419131e-02
   1.3869977e-02
   1.3400343e-02
   1.3554112e-02
   1.4510132e-02
   1.2570085e-02
   1.4249096e-02
   1.5105206e-02
   1.2929766e-02
   1.4281311e-02
   1.3705980e-02
   1.2779195e-02
   1.3285196e-02
   1.4151757e-02
   1.4312954e-02
   1.3674194e-02
   1.3162378e-02
   1.3346332e-02
   1.3699428e-02
   1.2689578e-02
   1.3261912e-02
   1.4724406e-02
   1.4645962e-02
   1.4455912e-02
   1.3749150e-02
   1.3497100e-02
   1.3671875e-02
   1.3864166e-02
   1.2948306e-02
   1.3332357e-02
   1.2548844e-02
   1.3941259e-02
   1.4918719e-02
   1.2603236e-02
   1.3229362e-02
   1.3787693e-02
   1.4173244e-02
   1.3263938e-02
   1.3877861e-02
   1.3840082e-02
   1.4561576e-02
   1.4779370e-02
   1.3367547e-02
   1.3541743e-02
   1.4238667e-02
   1.5087363e-02
   1.3408480e-02
   1.3046328e-02
   1.3742010e-02
   1.2866295e-02
   1.3984826e-02
   1.4189935e-02
   1.3363320e-02
   1.3531381e-02
   1.3572754e-02
   1.4187105e-02
   1.3963776e-02
   1.3735134e-02
   1.3476802e-02
   1.3811004e-02
   1.3720269e-02
   1.3844375e-02
   1.4076037e-02
   1.2863960e-02
   1.3816950e-02
   1.3242137e-02
   1.3472240e-02
   1.2870111e-02
   1.4423342e-02
   1.4436621e-02
   1.3899508e-02
   1.3129151e-02
   1.3889911e-02
   1.2958367e-02
   1.3486269e-02
   1.3600972e-02
   1.4510479e-02
   1.3268405e-02
   1.3927224e-02
   1.3852516e-02
   1.3714377e-02
   1.3699804e-02
   1.4046988e-02
   1.3993099e-02
   1.4231147e-02
   1.2955090e-02
   1.3812221e-02
   1.4339470e-02
   1.4807889e-02
   1.4179081e-02
   1.4856455e-02
   1.3126877e-02
   1.4293705e-02
   1.4641340e-02
   1.4250359e-02
   1.4515440e-02
   1.4310845e-02
   1.3943347e-02
   1.4846196e-02
   1.4622948e-02
   1.3552726e-02
   1.3780184e-02
   1.3729650e-02
   1.3132788e-02
   1.2586027e-02
   1.4817520e-02
   1.4745912e-02
   1.2959359e-02
   1.2820348e-02
   1.3145302e-02
   1.3999466e-02
   1.4012975e-02
   1.3387460e-02
   1.5166704e-02
   1.4951085e-02
   1.3814197e-02
   1.4361323e-02
   1.3973971e-02
   1.5069472e-02
   1.2781972e-02
   1.2755947e-02
   1.4155537e-02
   1.3320985e-02
   1.4013679e-02
   1.4631905e-02
   1.5275440e-02
   1.3102016e-02
   1.4271021e-02
   1.3852373e-02
   1.2654459e-02
   1.2794180e-02
   1.3596182e-02
   1.3963719e-02
   1.3809853e-02
   1.4325951e-02
   1.3699448e-02
   1.4299291e-02
   1.3992555e-02
   1.3632796e-02
   1.3733407e-02
   1.3594717e-02
   1.4363434e-02
   1.3336517e-02
   1.3015060e-02
   1.3601884e-02
   1.4825851e-02
   1.4000486e-02
   1.3095540e-02
   1.3952553e-02
   1.5387401e-02
   1.4921556e-02
   1.3196520e-02
   1.3730186e-02
   1.3124735e-02
   1.2911359e-02
   1.3782518e-02
   1.3520500e-02
   1.3397440e-02
   1.3767431e-02
   1.4343230e-02
   1.3835380e-02
   1.4729188e-02
   1.3564119e-02
   1.4103545e-02
   1.3870270e-02
   1.3630151e-02
   1.4078590e-02
   1.2623446e-02
   1.4387018e-02
   1.4029802e-02
   1.4465505e-02
   1.3895988e-02
   1.3810152e-02
   1.5120203e-02
   1.4200249e-02
   1.3908376e-02
   1.3317794e-02
   1.3890352e-02
   1.4679910e-02
   1.3482149e-02
   1.3761495e-02
   1.4046772e-02
   1.3580673e-02
   1.4194760e-02
   1.3395931e-02
   1.2850422e-02
   1.4442464e-02
   1.4709894e-02
   1.3241433e-02
   1.3955899e-02
   1.3791034e-02
   1.3721308e-02
   1.3689111e-02
   1.4149205e-02
