   1.6533259e-02
   1.7621616e-02
   1.6249650e-02
   1.7590877e-02
   1.6352953e-02
   1.6132648e-02
   1.6732578e-02
   1.7144139e-02
   1.6418863e-02
   1.5972288e-02
   1.7784450e-02
   1.8210926e-02
   1.6013358e-02
   1.7637441e-02
   1.7300743e-02
   1.7399842e-02
   1.7120793e-02
   1.8486284e-02
   1.8482117e-02
   1.7128397e-02
   1.5794807e-02
   1.6937026e-02
   1.5860645e-02
   1.8221663e-02
   1.6581525e-02
   1.6348764e-02
   1.6233261e-02
   1.6333787e-02
   1.6872803e-02
   1.7215299e-02
   1.8341268e-02
   1.6819345e-02
   1.6458398e-02
   1.8472953e-02
   1.7184101e-02
   1.7594659e-02
   1.6535064e-02
   1.7098909e-02
   1.6179841e-02
   1.7617397e-02
   1.8381212e-02
   1.7882570e-02
   1.6390078e-02
   1.8457494e-02
   1.6143467e-02
   1.7397955e-02
   1.9120569e-02
   1.7359736e-02
   1.5914590e-02
   1.8261472e-02
   1.7502905e-02
   1.5673796e-02
   1.6642982e-02
   1.7317583e-02
   1.8969943e-02
   1.5535054e-02
   1.8506727e-02
   1.6615345e-02
   1.8048386e-02
   1.6412024e-02
   1.5673072e-02
   1.7071943e-02
   1.6969238e-02
   1.8051841e-02
   1.8155505e-02
   1.8193741e-02
   1.6672281e-02
   1.8358588e-02
   1.5752030e-02
   1.7165924e-02
   1.6981707e-02
   1.9254669e-02
   1.7433919e-02
   1.6956635e-02
   1.9350667e-02
   1.6598095e-02
   1.6014334e-02
   1.6651223e-02
   1.7715304e-02
   1.8667282e-02
   1.8326376e-02
   1.7468154e-02
   1.5739505e-02
   1.7685550e-02
   1.5689160e-02
   1.5621308e-02
   1.7304179e-02
   1.9114401e-02
   1.5591810e-02
   1.8452135e-02
   1.7358925e-02
   1.5767760e-02
   1.6893491e-02
   1.7635059e-02
   1.6857302e-02
   1.8860279e-02
   1.6496953e-02
   1.7753726e-02
   1.6413065e-02
   1.8522508e-02
   1.6202259e-02
   1.5617604e-02
   1.7039981e-02
   1.7192117e-02
   1.6052488e-02
   1.6667418e-02
   1.5888233e-02
   1.8842355e-02
   1.6336381e-02
   1.5670988e-02
   1.5849205e-02
   1.8287027e-02
   1.6937721e-02
   1.6707623e-02
   1.7201781e-02
   1.6986557e-02
   1.7730928e-02
   1.5710944e-02
   1.7386015e-02
   1.7836376e-02
   1.6104416e-02
   1.8789948e-02
   1.6294181e-02
   1.6060720e-02
   1.5584784e-02
   1.6472102e-02
   1.7281637e-02
   1.5736306e-02
   1.5822086e-02
   1.7085093e-02
   1.8617012e-02
   1.7048136e-02
   1.6971637e-02
   1.6068528e-02
   1.5675438e-02
   1.5928171e-02
   1.7188315e-02
   1.5730980e-02
   1.6000621e-02
   1.6805036e-02
   1.8957703e-02
   1.7104307e-02
   1.7753508e-02
   1.7915978e-02
   1.7548627e-02
   1.7278783e-02
   1.7083947e-02
   1.6130213e-02
   1.5622677e-02
   1.7249079e-02
   1.7454160e-02
   1.7013925e-02
   1.8252084e-02
   1.8044003e-02
   1.7196484e-02
   1.7910672e-02
   1.8067256e-02
   1.7705894e-02
   1.6091921e-02
   1.8046268e-02
   1.7157112e-02
   1.6234895e-02
   1.6798930e-02
   1.7120873e-02
   1.5917369e-02
   1.8216014e-02
   1.6751087e-02
   1.5644154e-02
   1.7486023e-02
   1.7502986e-02
   1.7327971e-02
   1.6268001e-02
   1.8592693e-02
   1.6049291e-02
   1.7561679e-02
   1.9152172e-02
   1.5958018e-02
   1.7632142e-02
   1.7722217e-02
   1.7837903e-02
   1.6971716e-02
   1.8340375e-02
   1.8593253e-02
   1.6414416e-02
   1.8177872e-02
   1.7462618e-02
   1.5953170e-02
   1.6481174e-02
   1.8420195e-02
   1.9399378e-02
   1.6903866e-02
   1.6558557e-02
   1.8419493e-02
   1.7817490e-02
   1.6349034e-02
   1.6768866e-02
   1.7069713e-02
   1.7690609e-02
   1.6234752e-02
   1.5841562e-02
   1.6867335e-02
   1.7160318e-02
   1.8818023e-02
   1.7049750e-02
   1.5603120e-02
   1.6457388e-02
   1.5962206e-02
   1.6165175e-02
   1.6892689e-02
   1.6290498e-02
   1.7236709e-02
   1.6910992e-02
   1.6277113e-02
   1.8335452e-02
   1.7655832e-02
   1.5807289e-02
   1.5857294e-02
   1.6820244e-02
   1.8160509e-02
   1.5696221e-02
   1.7657561e-02
   1.7901355e-02
   1.8133356e-02
   1.6989302e-02
   1.8187784e-02
   1.8223550e-02
   1.8145540e-02
   1.7712647e-02
   1.7301816e-02
   1.6436463e-02
   1.8211618e-02
   1.5498968e-02
   1.6859983e-02
   1.6466260e-02
   1.8382809e-02
   1.6997970e-02
   1.7378654e-02
   1.8291770e-02
   1.7477601e-02
   1.7840552e-02
   1.6281247e-02
   1.7552139e-02
   1.6215835e-02
   1.6748828e-02
   1.6513936e-02
   1.7953076e-02
   1.5785468e-02
   1.7788923e-02
   1.8249424e-02
   1.6095781e-02
   1.6732757e-02
   1.6701567e-02
   1.5982437e-02
   1.6401020e-02
   1.7147047e-02
   1.6189672e-02
   1.6138588e-02
   1.6819074e-02
   1.6172699e-02
   1.8165500e-02
   1.8491497e-02
   1.6833678e-02
   1.5908047e-02
   1.7767266e-02
   1.6024140e-02
   1.7818555e-02
   1.7245395e-02
   1.5961961e-02
   1.7773356e-02
   1.8247020e-02
   1.6928148e-02
   1.6192243e-02
   1.7031369e-02
   1.6211985e-02
   1.6036412e-02
   1.8095621e-02
   1.6875208e-02
   1.6178307e-02
   1.7079002e-02
   1.7115222e-02
   1.6234550e-02
   1.7127938e-02
   1.7730285e-02
   1.7644255e-02
   1.6883753e-02
   1.7716033e-02
   1.5770691e-02
   1.7916174e-02
   1.8229597e-02
   1.7168741e-02
   1.6851008e-02
   1.7287033e-02
   1.7049656e-02
   1.6267884e-02
   1.5841600e-02
   1.6284435e-02
   1.8046115e-02
   1.6546406e-02
   1.6650311e-02
   1.8607920e-02
