   2.0978480e-02
   1.9729746e-02
   1.6618123e-02
   1.6203156e-02
   1.6618300e-02
   2.1066222e-02
   1.9273991e-02
   1.7951477e-02
   1.7248626e-02
   2.0369984e-02
   1.6219511e-02
   1.7935931e-02
   1.6525545e-02
   1.9322133e-02
   1.9592223e-02
   1.7303939e-02
   1.8326886e-02
   1.7848904e-02
   1.6412233e-02
   1.9268278e-02
   1.7761307e-02
   1.9147768e-02
   1.7141679e-02
   2.0769180e-02
   2.0970147e-02
   1.5822507e-02
   1.6377088e-02
   1.6669124e-02
   2.0760719e-02
   2.1116352e-02
   2.1213658e-02
   2.0540362e-02
   1.7229152e-02
   1.5869223e-02
   1.9025914e-02
   1.6413707e-02
   2.0588921e-02
   1.6754695e-02
   1.7253215e-02
   1.6862292e-02
   1.7982597e-02
   2.0435156e-02
   1.7826765e-02
   1.6697500e-02
   1.6676095e-02
   1.8373343e-02
   2.1459380e-02
   2.1132506e-02
   2.1011643e-02
   1.6159174e-02
   1.6955148e-02
   2.1175624e-02
   1.5793993e-02
   1.6210600e-02
   1.8369728e-02
   1.8721638e-02
   1.8787306e-02
   1.6689798e-02
   2.0535431e-02
   1.9688336e-02
   1.7462636e-02
   2.0450242e-02
   1.7392920e-02
   1.8867047e-02
   1.9344777e-02
   1.9352053e-02
   1.8077780e-02
   1.8251435e-02
   1.9542733e-02
   2.1277944e-02
   2.0996420e-02
   2.0661750e-02
   1.8221227e-02
   1.8279856e-02
   2.1197393e-02
   1.8574001e-02
   2.1068219e-02
   1.6697066e-02
   2.0480628e-02
   2.0023227e-02
   1.6385562e-02
   1.5928417e-02
   1.7782686e-02
   1.6523271e-02
   2.1389078e-02
   1.8166367e-02
   2.1312641e-02
   1.8334088e-02
   1.8034786e-02
   1.7008514e-02
   2.0120529e-02
   1.8126206e-02
   1.7421385e-02
   1.7234015e-02
   1.6862731e-02
   1.7668651e-02
   1.9509120e-02
   1.6955240e-02
   1.7444017e-02
   2.0653518e-02
   1.6049315e-02
   1.9270514e-02
   1.9573612e-02
   1.7379611e-02
   1.6306343e-02
   2.0005234e-02
   2.0631167e-02
   1.9196289e-02
   2.0871232e-02
   2.1343957e-02
   1.9333305e-02
   1.8080208e-02
   1.7398698e-02
   2.1277244e-02
   1.6740467e-02
   1.7745871e-02
   1.9002653e-02
   1.6091556e-02
   1.5915893e-02
   1.5836877e-02
   1.9016558e-02
   1.6281188e-02
   1.8441471e-02
   1.7204800e-02
   2.1479087e-02
   1.6987971e-02
   2.0532733e-02
   1.9975259e-02
   2.1449227e-02
   1.8102157e-02
   1.6187465e-02
   1.5958821e-02
   1.8203084e-02
   1.7996547e-02
   1.7803809e-02
   1.8415994e-02
   1.5900345e-02
   1.9747524e-02
   1.9052683e-02
   1.5857338e-02
   1.6064057e-02
   1.8536888e-02
   2.0684495e-02
   1.8260120e-02
   2.1306716e-02
   1.9099546e-02
   1.9064485e-02
   1.9895037e-02
   1.6487571e-02
   1.6065749e-02
   1.6123943e-02
   1.6048137e-02
   1.6719363e-02
   1.7662888e-02
   1.7790061e-02
   1.8502746e-02
   2.1369128e-02
   1.7403229e-02
   2.0206044e-02
   1.7833096e-02
   2.0595030e-02
   1.8216705e-02
   1.6427860e-02
   1.7802878e-02
   1.6294575e-02
   1.8002485e-02
   1.7071250e-02
   2.0131047e-02
   1.7966926e-02
   1.5890905e-02
   1.9795735e-02
   1.8666190e-02
   1.9829063e-02
   1.6360253e-02
   2.1468676e-02
   1.8264724e-02
   2.0193852e-02
   1.8487446e-02
   1.8282556e-02
   1.5876138e-02
   1.8705296e-02
   1.6949136e-02
   1.6431494e-02
   1.9664890e-02
   1.6910447e-02
   1.7584489e-02
   1.6049548e-02
   1.9223534e-02
   2.0872022e-02
   1.9010649e-02
   2.1305167e-02
   1.8094196e-02
   1.9121729e-02
   2.0799740e-02
   1.7253970e-02
   1.7206071e-02
   1.9497763e-02
   1.6779773e-02
   1.6566255e-02
   1.5963693e-02
   1.6579258e-02
   2.1350772e-02
   2.0207676e-02
   1.6836261e-02
   1.5783780e-02
   1.8312631e-02
   2.1139905e-02
   1.8786327e-02
   1.8655603e-02
   1.7302187e-02
   1.8999713e-02
   1.8559648e-02
   1.8085313e-02
   1.8085819e-02
   1.7497256e-02
   1.7164111e-02
   2.0227782e-02
   1.7960948e-02
   1.6257211e-02
   2.0625824e-02
   1.8209551e-02
   1.8989058e-02
   2.0934062e-02
   1.5842186e-02
   1.8598445e-02
   1.6792066e-02
   1.7319633e-02
   2.0961581e-02
   1.6747029e-02
   1.9869549e-02
   2.0818220e-02
   1.8098823e-02
   1.6277887e-02
   2.0167757e-02
   1.9102587e-02
   1.7085553e-02
   1.9935267e-02
   2.1448908e-02
   2.0602219e-02
   1.7611585e-02
   1.9560466e-02
   1.9606191e-02
   1.9917257e-02
   1.6451910e-02
   1.8271642e-02
   1.6781956e-02
   1.7279700e-02
   1.9329937e-02
   2.0411994e-02
   1.5819636e-02
   1.6812673e-02
   1.6034344e-02
   1.8679310e-02
   1.8369618e-02
   1.6169183e-02
   1.9384032e-02
   1.7231946e-02
   1.6377618e-02
   1.6867750e-02
   1.5952005e-02
   1.7641215e-02
   1.5788413e-02
   1.6360981e-02
   1.6547852e-02
   1.8884575e-02
   1.6342636e-02
   1.7358733e-02
   1.9950059e-02
   1.8843007e-02
   1.6192956e-02
   1.7670348e-02
   1.7905968e-02
   1.9836698e-02
   1.9926092e-02
   1.8861281e-02
   1.8460826e-02
   1.6060789e-02
   1.8340015e-02
   1.6873325e-02
   1.7696781e-02
   2.1197188e-02
   1.8618746e-02
   2.0283278e-02
   1.6247710e-02
   1.8234239e-02
   1.8406024e-02
   1.8786719e-02
   2.0328053e-02
   1.7833114e-02
   2.0791514e-02
   1.8618695e-02
   1.9699256e-02
   1.9626405e-02
   1.8634010e-02
   1.7001489e-02
   1.6400124e-02
   1.5809478e-02
   2.0207698e-02
   1.8079409e-02
   2.1182592e-02
