   1.8219031e-02
   1.9473183e-02
   1.7353147e-02
   1.5893842e-02
   1.9483180e-02
   1.8293384e-02
   1.8067049e-02
   1.9359717e-02
   1.8309533e-02
   1.9041545e-02
   1.7961899e-02
   1.7225589e-02
   1.8342883e-02
   1.6030605e-02
   1.7110209e-02
   1.6120128e-02
   1.5832016e-02
   1.6400808e-02
   1.6677834e-02
   1.6465097e-02
   1.7621317e-02
   1.9256844e-02
   1.9485429e-02
   1.9175967e-02
   1.6944531e-02
   1.6217632e-02
   1.6106400e-02
   1.6311377e-02
   1.6055466e-02
   1.8452659e-02
   1.6036830e-02
   1.7969666e-02
   1.6529460e-02
   1.6085931e-02
   1.6112881e-02
   1.8560924e-02
   1.6833174e-02
   1.9146949e-02
   1.7014679e-02
   1.5850655e-02
   1.9322353e-02
   1.8506984e-02
   1.8777326e-02
   1.5932768e-02
   1.9127248e-02
   1.8127551e-02
   1.6220356e-02
   1.6793258e-02
   1.8479122e-02
   1.6156515e-02
   1.6839234e-02
   1.7626702e-02
   1.7995954e-02
   1.7249825e-02
   1.5943160e-02
   1.9231671e-02
   1.6533255e-02
   1.9540733e-02
   1.9491693e-02
   1.8426209e-02
   1.6616818e-02
   1.7797860e-02
   1.6842457e-02
   1.9560115e-02
   1.7656477e-02
   1.7579308e-02
   1.7810199e-02
   1.9026640e-02
   1.6158892e-02
   1.8846004e-02
   1.7328077e-02
   1.8678958e-02
   1.9047225e-02
   1.6900416e-02
   1.7426530e-02
   1.6389817e-02
   1.6187976e-02
   1.9065596e-02
   1.8654250e-02
   1.7659136e-02
   1.7777263e-02
   1.6440858e-02
   1.6895868e-02
   1.6808950e-02
   1.7480742e-02
   1.9500159e-02
   1.7067979e-02
   1.7772001e-02
   1.8884748e-02
   1.6146516e-02
   1.8892512e-02
   1.8668733e-02
   1.7930015e-02
   1.6037106e-02
   1.8750435e-02
   1.7917312e-02
   1.7049950e-02
   1.7979183e-02
   1.6936046e-02
   1.7698424e-02
   1.6513474e-02
   1.7447150e-02
   1.8223232e-02
   1.6553234e-02
   1.8365331e-02
   1.6218063e-02
   1.7605141e-02
   1.8061406e-02
   1.8436959e-02
   1.6564710e-02
   1.7381348e-02
   1.7324140e-02
   1.6763522e-02
   1.6260267e-02
   1.8991682e-02
   1.7399890e-02
   1.5842380e-02
   1.8895466e-02
   1.9252099e-02
   1.5829100e-02
   1.9068754e-02
   1.6933258e-02
   1.5859361e-02
   1.8099888e-02
   1.6305540e-02
   1.6883630e-02
   1.6121908e-02
   1.9254498e-02
   1.6441773e-02
   1.7666136e-02
   1.5995807e-02
   1.6272049e-02
   1.7571848e-02
   1.8839333e-02
   1.6702464e-02
   1.7553810e-02
   1.9364871e-02
   1.8688501e-02
   1.6950882e-02
   1.6321179e-02
   1.8926187e-02
   1.7458969e-02
   1.7679678e-02
   1.6282724e-02
   1.7967830e-02
   1.6819329e-02
   1.7332432e-02
   1.6789830e-02
   1.9130583e-02
   1.6819057e-02
   1.9478269e-02
   1.7004066e-02
   1.5966008e-02
   1.7032048e-02
   1.8474117e-02
   1.7735570e-02
   1.8776493e-02
   1.7757387e-02
   1.8089079e-02
   1.7896408e-02
   1.6894905e-02
   1.6321079e-02
   1.7967275e-02
   1.9474767e-02
   1.8314563e-02
   1.8846176e-02
   1.7653591e-02
   1.8702425e-02
   1.7187596e-02
   1.8633820e-02
   1.9545736e-02
   1.5888196e-02
   1.6669337e-02
   1.6928131e-02
   1.8555858e-02
   1.8304392e-02
   1.9150111e-02
   1.9346602e-02
   1.7989752e-02
   1.8848617e-02
   1.8968800e-02
   1.5864635e-02
   1.6304899e-02
   1.7752053e-02
   1.8378644e-02
   1.8398110e-02
   1.8794811e-02
   1.6821425e-02
   1.8874618e-02
   1.7274556e-02
   1.9413492e-02
   1.6474065e-02
   1.6147492e-02
   1.7514290e-02
   1.8891031e-02
   1.8372610e-02
   1.9159135e-02
   1.8545425e-02
   1.5830301e-02
   1.6086705e-02
   1.8311247e-02
   1.7860063e-02
   1.8163659e-02
   1.6234957e-02
   1.6868840e-02
   1.8366860e-02
   1.8326560e-02
   1.8016048e-02
   1.7669981e-02
   1.7116241e-02
   1.8267855e-02
   1.6241542e-02
   1.8209271e-02
   1.8379066e-02
   1.7877438e-02
   1.6475236e-02
   1.6447182e-02
   1.7360274e-02
   1.5927406e-02
   1.7425295e-02
   1.6791632e-02
   1.6096178e-02
   1.6878319e-02
   1.6140406e-02
   1.6824524e-02
   1.7102859e-02
   1.8638823e-02
   1.6836996e-02
   1.7525233e-02
   1.6896472e-02
   1.6969494e-02
   1.6396989e-02
   1.6849095e-02
   1.7013100e-02
   1.7446503e-02
   1.8862074e-02
   1.7153881e-02
   1.9219632e-02
   1.6610186e-02
   1.9186869e-02
   1.8806092e-02
   1.8311193e-02
   1.8878117e-02
   1.6560058e-02
   1.8057701e-02
   1.6080838e-02
   1.6837790e-02
   1.6012520e-02
   1.8745788e-02
   1.6444954e-02
   1.6807485e-02
   1.7048475e-02
   1.8782542e-02
   1.9534891e-02
   1.8845164e-02
   1.8698884e-02
   1.6722295e-02
   1.8696420e-02
   1.6833003e-02
   1.7721645e-02
   1.6891192e-02
   1.7019060e-02
   1.9149221e-02
   1.5923322e-02
   1.6343856e-02
   1.9546285e-02
   1.8305637e-02
   1.6278981e-02
   1.6974102e-02
   1.6495201e-02
   1.6673824e-02
   1.6287584e-02
   1.7749405e-02
   1.8975790e-02
   1.7122709e-02
   1.6271432e-02
   1.8422167e-02
   1.7390699e-02
   1.7583247e-02
   1.9153181e-02
   1.6653825e-02
   1.7472096e-02
   1.8985894e-02
   1.9337234e-02
   1.7325001e-02
   1.8195361e-02
   1.8021010e-02
   1.7229851e-02
   1.6534482e-02
   1.5881861e-02
   1.8382748e-02
   1.8613399e-02
   1.6621384e-02
   1.8051549e-02
   1.6422621e-02
   1.5913662e-02
   1.6220274e-02
   1.6814665e-02
   1.5853520e-02
   1.6707898e-02
