   2.1488408e-02
   1.8279660e-02
   1.7152500e-02
   2.1737105e-02
   1.7136377e-02
   2.1042032e-02
   1.9496263e-02
   1.9364892e-02
   2.0318008e-02
   1.8614584e-02
   1.9158724e-02
   1.9319453e-02
   2.0870462e-02
   2.1862178e-02
   1.9873344e-02
   2.0080220e-02
   1.7568114e-02
   2.2214692e-02
   1.7264135e-02
   1.5940677e-02
   1.8838427e-02
   1.8929069e-02
   1.9422156e-02
   2.1169783e-02
   1.9318935e-02
   2.3129868e-02
   1.5943516e-02
   2.1018492e-02
   1.7507742e-02
   1.7900802e-02
   1.7216328e-02
   2.0482666e-02
   1.9407835e-02
   2.1893148e-02
   2.1536374e-02
   2.2249109e-02
   1.9218970e-02
   2.1736095e-02
   1.9886593e-02
   2.0481585e-02
   1.6141620e-02
   2.1964629e-02
   1.9206702e-02
   1.8656179e-02
   1.7444270e-02
   2.1042379e-02
   1.6984641e-02
   1.8215629e-02
   1.9402367e-02
   2.2187688e-02
   2.2486402e-02
   2.0036467e-02
   2.0295556e-02
   1.9856868e-02
   1.7853228e-02
   1.6771286e-02
   1.9653029e-02
   1.6314219e-02
   2.0688823e-02
   1.7570691e-02
   1.8176815e-02
   1.7770683e-02
   1.7948361e-02
   1.6239389e-02
   2.1837082e-02
   2.2130612e-02
   1.7945848e-02
   2.0299149e-02
   2.0462228e-02
   1.9552602e-02
   1.6971039e-02
   1.7973742e-02
   1.6484171e-02
   1.8657289e-02
   1.7183075e-02
   1.7831925e-02
   2.1394051e-02
   1.6804553e-02
   1.6885224e-02
   2.0716546e-02
   1.9512478e-02
   1.9314150e-02
   1.8203990e-02
   2.0137623e-02
   1.7241816e-02
   1.7534926e-02
   1.7469161e-02
   1.6377968e-02
   1.8855448e-02
   1.7366526e-02
   1.8647689e-02
   1.9999803e-02
   1.9334583e-02
   1.6181082e-02
   2.3160748e-02
   1.9147758e-02
   1.8424139e-02
   2.1400154e-02
   1.9547874e-02
   2.2416502e-02
   2.1150357e-02
   1.6563561e-02
   1.8035167e-02
   2.0546481e-02
   2.2188877e-02
   1.7388358e-02
   1.6658347e-02
   1.9691395e-02
   1.8881198e-02
   2.1799870e-02
   1.6818017e-02
   1.6670509e-02
   1.6651552e-02
   2.1441902e-02
   1.6709947e-02
   2.0228208e-02
   2.0233259e-02
   1.7914776e-02
   1.9427959e-02
   1.8404701e-02
   1.6354459e-02
   1.9922486e-02
   1.9476874e-02
   2.0617700e-02
   2.2884246e-02
   1.7747845e-02
   1.9609861e-02
   2.0633450e-02
   1.8509331e-02
   1.8967121e-02
   1.9359955e-02
   2.0285622e-02
   2.1456754e-02
   1.6358470e-02
   1.8911453e-02
   2.1571771e-02
   1.9717685e-02
   1.6138453e-02
   1.7084606e-02
   1.7833345e-02
   2.0776079e-02
   2.1877488e-02
   1.9733663e-02
   2.0113952e-02
   1.7004985e-02
   2.0324098e-02
   2.1778046e-02
   1.6606348e-02
   1.6274654e-02
   1.7852028e-02
   2.1468703e-02
   1.8454232e-02
   1.7276249e-02
   2.0563204e-02
   2.0668954e-02
   1.6286250e-02
   1.9756203e-02
   1.7716329e-02
   1.7995861e-02
   1.9103011e-02
   1.5974894e-02
   2.0464953e-02
   1.6568646e-02
   2.0362470e-02
   2.1818374e-02
   1.7196765e-02
   2.1151364e-02
   2.0088069e-02
   2.1504391e-02
   1.9780864e-02
   2.2421318e-02
   1.6504421e-02
   2.1410086e-02
   1.6646517e-02
   1.9807275e-02
   1.8563657e-02
   1.8731403e-02
   2.0663816e-02
   2.0865675e-02
   1.8376127e-02
   1.9693787e-02
   2.0356586e-02
   2.0712188e-02
   1.6344590e-02
   1.9459468e-02
   2.0369652e-02
   1.7493880e-02
   1.7285361e-02
   2.1159915e-02
   2.0527384e-02
   1.9770554e-02
   1.8330550e-02
   2.1459018e-02
   1.9196375e-02
   1.5717063e-02
   1.6616711e-02
   1.7769926e-02
   1.8032504e-02
   2.2566623e-02
   1.8540254e-02
   1.7545433e-02
   1.9044961e-02
   2.1744524e-02
   1.7777037e-02
   1.9384831e-02
   1.6748298e-02
   2.2179998e-02
   2.0852879e-02
   1.8085789e-02
   1.7550978e-02
   1.7613296e-02
   2.0540003e-02
   1.9313742e-02
   2.1343135e-02
   1.9271880e-02
   1.7232747e-02
   1.6812555e-02
   1.9888489e-02
   1.8995999e-02
   2.1253680e-02
   1.9650626e-02
   1.7868854e-02
   1.7218955e-02
   1.7041999e-02
   1.9062025e-02
   1.7661028e-02
   1.8237655e-02
   1.7384474e-02
   1.8846395e-02
   1.7875570e-02
   1.7270502e-02
   1.7332594e-02
   1.9264952e-02
   1.7240261e-02
   2.0319253e-02
   2.2454500e-02
   1.8986633e-02
   2.0183940e-02
   1.6908703e-02
   1.8008991e-02
   1.8233679e-02
   2.1242676e-02
   1.6793201e-02
   1.9026459e-02
   2.0624714e-02
   1.9517102e-02
   2.1181061e-02
   1.9656811e-02
   1.9417115e-02
   1.7944541e-02
   2.2788130e-02
   1.9585692e-02
   2.0029067e-02
   2.1959063e-02
   1.9356700e-02
   1.7556279e-02
   2.0254784e-02
   1.9220940e-02
   1.9761719e-02
   2.1267274e-02
   1.9388746e-02
   1.8826862e-02
   1.7207996e-02
   1.9638786e-02
   1.9293192e-02
   1.7443967e-02
   1.6821604e-02
   1.8263964e-02
   1.7102876e-02
   1.7892442e-02
   2.1843370e-02
   1.6230754e-02
   2.0620165e-02
   2.1280800e-02
   1.9359377e-02
   1.7490172e-02
   2.1566303e-02
   1.8312055e-02
   1.8531393e-02
   2.0631810e-02
   1.6283191e-02
   2.1918648e-02
   1.6699709e-02
   2.2940877e-02
   1.7647764e-02
   1.7596462e-02
   1.8514148e-02
   1.9539242e-02
   1.9587483e-02
   1.9922739e-02
   2.1686411e-02
   1.8221818e-02
   2.0964287e-02
   1.7319242e-02
   1.6567140e-02
   2.1395237e-02
   1.7818975e-02
   1.8006172e-02
   1.7068870e-02
   2.1503397e-02
