   1.2749397e-02
   1.2427016e-02
   1.3818055e-02
   1.1896071e-02
   1.2470635e-02
   1.3009725e-02
   1.2123232e-02
   1.2492083e-02
   1.3846304e-02
   1.1834108e-02
   1.2554050e-02
   1.2105279e-02
   1.2273026e-02
   1.2154462e-02
   1.2438492e-02
   1.1801361e-02
   1.2138997e-02
   1.2384455e-02
   1.2085854e-02
   1.1933757e-02
   1.2688430e-02
   1.4110695e-02
   1.3989694e-02
   1.2656070e-02
   1.1853748e-02
   1.2098768e-02
   1.2826704e-02
   1.1686433e-02
   1.2966148e-02
   1.1935736e-02
   1.3157358e-02
   1.2164264e-02
   1.2821998e-02
   1.2178594e-02
   1.2248450e-02
   1.2564684e-02
   1.2289173e-02
   1.2043526e-02
   1.1682807e-02
   1.2973398e-02
   1.1788611e-02
   1.2096903e-02
   1.2423086e-02
   1.3584064e-02
   1.3801931e-02
   1.2363875e-02
   1.1672170e-02
   1.1875321e-02
   1.3792313e-02
   1.1920404e-02
   1.3165631e-02
   1.2282933e-02
   1.2193179e-02
   1.2562827e-02
   1.2912323e-02
   1.2156681e-02
   1.2858925e-02
   1.2848088e-02
   1.1968143e-02
   1.4090947e-02
   1.2052933e-02
   1.1669664e-02
   1.3018033e-02
   1.1956182e-02
   1.1884657e-02
   1.2252387e-02
   1.1978931e-02
   1.1851369e-02
   1.2482454e-02
   1.2840565e-02
   1.3923969e-02
   1.2738033e-02
   1.2252814e-02
   1.1939360e-02
   1.1883814e-02
   1.3926543e-02
   1.3155106e-02
   1.3206350e-02
   1.4384113e-02
   1.3397620e-02
   1.2219186e-02
   1.3919612e-02
   1.1934050e-02
   1.4023868e-02
   1.2292120e-02
   1.2491578e-02
   1.2404383e-02
   1.1745469e-02
   1.4232619e-02
   1.2619047e-02
   1.2790742e-02
   1.3414859e-02
   1.4516759e-02
   1.3478324e-02
   1.2998090e-02
   1.2406754e-02
   1.1767049e-02
   1.3196668e-02
   1.1851910e-02
   1.1963019e-02
   1.1744398e-02
   1.1779173e-02
   1.1682256e-02
   1.3847412e-02
   1.2599963e-02
   1.2011300e-02
   1.1687651e-02
   1.2738496e-02
   1.2628796e-02
   1.2868535e-02
   1.1784619e-02
   1.3155276e-02
   1.3818932e-02
   1.2274766e-02
   1.2547710e-02
   1.2815134e-02
   1.3049590e-02
   1.2460787e-02
   1.4481061e-02
   1.2327735e-02
   1.2292094e-02
   1.2630100e-02
   1.3114061e-02
   1.3340955e-02
   1.2729406e-02
   1.2065117e-02
   1.3284088e-02
   1.3357684e-02
   1.1965294e-02
   1.2763723e-02
   1.1997493e-02
   1.2508550e-02
   1.2166403e-02
   1.1745228e-02
   1.2723568e-02
   1.2472634e-02
   1.2021916e-02
   1.2644656e-02
   1.3414433e-02
   1.2469302e-02
   1.2360853e-02
   1.2183906e-02
   1.2618095e-02
   1.1784406e-02
   1.1735746e-02
   1.2876500e-02
   1.2116891e-02
   1.2318478e-02
   1.2653877e-02
   1.3908515e-02
   1.2158811e-02
   1.3221330e-02
   1.2020730e-02
   1.3678791e-02
   1.2192314e-02
   1.2618569e-02
   1.3012258e-02
   1.3179355e-02
   1.2427224e-02
   1.3992410e-02
   1.4142247e-02
   1.1717838e-02
   1.1758329e-02
   1.3829170e-02
   1.2529796e-02
   1.3564851e-02
   1.3532528e-02
   1.2414374e-02
   1.3396627e-02
   1.3135718e-02
   1.2039442e-02
   1.3017586e-02
   1.2362286e-02
   1.2010368e-02
   1.2139126e-02
   1.1873658e-02
   1.2250214e-02
   1.2220472e-02
   1.1865132e-02
   1.1868874e-02
   1.2122278e-02
   1.4099315e-02
   1.3596665e-02
   1.2275383e-02
   1.3785077e-02
   1.2501049e-02
   1.3775722e-02
   1.2262720e-02
   1.1692949e-02
   1.3675045e-02
   1.1617646e-02
   1.4413010e-02
   1.3139152e-02
   1.2260650e-02
   1.3707428e-02
   1.2505519e-02
   1.3106983e-02
   1.3857188e-02
   1.1770043e-02
   1.3232871e-02
   1.1968727e-02
   1.2305982e-02
   1.3858361e-02
   1.3789801e-02
   1.2432252e-02
   1.3859870e-02
   1.2062151e-02
   1.2917344e-02
   1.2139805e-02
   1.2354268e-02
   1.3439735e-02
   1.2101760e-02
   1.3802192e-02
   1.2249064e-02
   1.1886909e-02
   1.2298312e-02
   1.2728097e-02
   1.1804951e-02
   1.1976557e-02
   1.1859617e-02
   1.1957321e-02
   1.2694172e-02
   1.1766827e-02
   1.1849516e-02
   1.3635149e-02
   1.2464626e-02
   1.1835463e-02
   1.2322637e-02
   1.3646093e-02
   1.2655306e-02
   1.2778639e-02
   1.2217099e-02
   1.3305984e-02
   1.1687771e-02
   1.3969728e-02
   1.4103655e-02
   1.2135909e-02
   1.2271455e-02
   1.1771340e-02
   1.3289613e-02
   1.4370422e-02
   1.1839787e-02
   1.2859141e-02
   1.3674153e-02
   1.2475561e-02
   1.2460224e-02
   1.2000337e-02
   1.2968915e-02
   1.2891203e-02
   1.2292852e-02
   1.2734347e-02
   1.2990115e-02
   1.2432133e-02
   1.3037840e-02
   1.2558086e-02
   1.3017413e-02
   1.3233203e-02
   1.2475853e-02
   1.2075937e-02
   1.3714426e-02
   1.2156521e-02
   1.3016034e-02
   1.2472348e-02
   1.3346245e-02
   1.1753329e-02
   1.3795299e-02
   1.2839314e-02
   1.2630784e-02
   1.1963118e-02
   1.2689845e-02
   1.1908919e-02
   1.3927099e-02
   1.3219513e-02
   1.2561167e-02
   1.2650123e-02
   1.2272075e-02
   1.2423967e-02
   1.3277366e-02
   1.2004009e-02
   1.2848104e-02
   1.2618576e-02
   1.2918658e-02
   1.2816215e-02
   1.2644031e-02
   1.2891925e-02
   1.2838994e-02
   1.2641774e-02
   1.3475290e-02
   1.3975999e-02
   1.3052864e-02
   1.1990696e-02
   1.2454286e-02
   1.2800472e-02
   1.1691615e-02
   1.2415012e-02
   1.3319433e-02
   1.2779304e-02
   1.2405905e-02
   1.3003227e-02
   1.3405359e-02
