   1.5841865e-01
   1.4033946e-01
   1.3919680e-01
   1.6190734e-01
   1.6144460e-01
   1.4904810e-01
   1.5104323e-01
   1.5709229e-01
   1.6089227e-01
   1.5102069e-01
   1.4132969e-01
   1.6106200e-01
   1.5469905e-01
   1.6882816e-01
   1.5270718e-01
   1.4960434e-01
   1.6579084e-01
   1.4377838e-01
   1.5594387e-01
   1.4619019e-01
   1.5998779e-01
   1.4887999e-01
   1.4872420e-01
   1.5400770e-01
   1.4531480e-01
   1.5618982e-01
   1.4973493e-01
   1.4981623e-01
   1.4330028e-01
   1.4360409e-01
   1.6335647e-01
   1.5209988e-01
   1.6497887e-01
   1.6109217e-01
   1.5368420e-01
   1.5667799e-01
   1.6158437e-01
   1.6282581e-01
   1.6161270e-01
   1.5398931e-01
   1.7083942e-01
   1.4747090e-01
   1.7042501e-01
   1.5244872e-01
   1.5230931e-01
   1.3952214e-01
   1.4664293e-01
   1.4263766e-01
   1.4802729e-01
   1.5302718e-01
   1.4359719e-01
   1.5040042e-01
   1.6161372e-01
   1.5285174e-01
   1.4222424e-01
   1.3965768e-01
   1.4327875e-01
   1.7172680e-01
   1.4100424e-01
   1.4207500e-01
   1.5251489e-01
   1.4449083e-01
   1.5300782e-01
   1.4366783e-01
   1.5230195e-01
   1.5269026e-01
   1.5698820e-01
   1.6069940e-01
   1.5779639e-01
   1.7208969e-01
   1.4504897e-01
   1.4405296e-01
   1.5774827e-01
   1.5204639e-01
   1.4348360e-01
   1.5234715e-01
   1.4465273e-01
   1.4704988e-01
   1.5151676e-01
   1.6088791e-01
   1.5049662e-01
   1.6193069e-01
   1.4569227e-01
   1.4251762e-01
   1.5365895e-01
   1.4345568e-01
   1.4689297e-01
   1.4869550e-01
   1.6457061e-01
   1.7236650e-01
   1.4823009e-01
   1.5430031e-01
   1.5538959e-01
   1.7091959e-01
   1.5098232e-01
   1.7034673e-01
   1.4793727e-01
   1.5138182e-01
   1.6107513e-01
   1.6239225e-01
   1.6166498e-01
   1.5166580e-01
   1.4929221e-01
   1.6240428e-01
   1.6127195e-01
   1.6144061e-01
   1.5841896e-01
   1.4941371e-01
   1.4451863e-01
   1.6663557e-01
   1.7183258e-01
   1.4503637e-01
   1.4541953e-01
   1.4433460e-01
   1.6135323e-01
   1.5448798e-01
   1.6171879e-01
   1.5348962e-01
   1.4367213e-01
   1.6126685e-01
   1.6160318e-01
   1.7270178e-01
   1.6142466e-01
   1.6007949e-01
   1.4616313e-01
   1.5979836e-01
   1.6115308e-01
   1.5987280e-01
   1.4636089e-01
   1.5544973e-01
   1.6136540e-01
   1.6816600e-01
   1.4745889e-01
   1.4398549e-01
   1.5054783e-01
   1.7131074e-01
   1.5062886e-01
   1.5984043e-01
   1.4376789e-01
   1.5410628e-01
   1.6185437e-01
   1.5907486e-01
   1.6178535e-01
   1.4785839e-01
   1.4670744e-01
   1.4115266e-01
   1.4825709e-01
   1.6158060e-01
   1.6625641e-01
   1.4488356e-01
   1.5305045e-01
   1.4436033e-01
   1.4793890e-01
   1.4270486e-01
   1.4472908e-01
   1.5584624e-01
   1.4189319e-01
   1.4791114e-01
   1.6164786e-01
   1.4248691e-01
   1.4927134e-01
   1.4716868e-01
   1.4889552e-01
   1.4658732e-01
   1.7105336e-01
   1.4593243e-01
   1.5636331e-01
   1.5415523e-01
   1.5962729e-01
   1.4879536e-01
   1.4190980e-01
   1.4384041e-01
   1.6103204e-01
   1.5738820e-01
   1.5364398e-01
   1.6118805e-01
   1.4480848e-01
   1.4611417e-01
   1.4552849e-01
   1.6121768e-01
   1.6239927e-01
   1.6076678e-01
   1.4592712e-01
   1.5467083e-01
   1.5833090e-01
   1.5203005e-01
   1.3921994e-01
   1.3978733e-01
   1.5276593e-01
   1.5031611e-01
   1.5211790e-01
   1.6948501e-01
   1.4508083e-01
   1.6147213e-01
   1.4634525e-01
   1.5254759e-01
   1.4324428e-01
   1.6090013e-01
   1.6862254e-01
   1.5963867e-01
   1.4776183e-01
   1.6180925e-01
   1.7331031e-01
   1.4337933e-01
   1.4309519e-01
   1.4467038e-01
   1.3995118e-01
   1.6150566e-01
   1.6164272e-01
   1.4475102e-01
   1.5358770e-01
   1.6351174e-01
   1.5962844e-01
   1.6972334e-01
   1.5939957e-01
   1.6080125e-01
   1.4927236e-01
   1.4778301e-01
   1.4024360e-01
   1.4497943e-01
   1.6359225e-01
   1.4359282e-01
   1.4996758e-01
   1.4681840e-01
   1.5212253e-01
   1.5299587e-01
   1.4277199e-01
   1.4464829e-01
   1.4596716e-01
   1.6251819e-01
   1.3990837e-01
   1.5713796e-01
   1.5013684e-01
   1.6173998e-01
   1.5241192e-01
   1.4177070e-01
   1.5459139e-01
   1.5205500e-01
   1.5828698e-01
   1.4454832e-01
   1.6297406e-01
   1.4129297e-01
   1.6086666e-01
   1.5335737e-01
   1.4758984e-01
   1.5688682e-01
   1.5178212e-01
   1.6170214e-01
   1.4999603e-01
   1.5276939e-01
   1.5976418e-01
   1.4669184e-01
   1.4085598e-01
   1.4141766e-01
   1.4560184e-01
   1.4388779e-01
   1.4481661e-01
   1.4379595e-01
   1.5645589e-01
   1.6086902e-01
   1.5537603e-01
   1.4610625e-01
   1.5331812e-01
   1.3923039e-01
   1.6151693e-01
   1.5989525e-01
   1.5230457e-01
   1.5212357e-01
   1.6774160e-01
   1.6055207e-01
   1.4325069e-01
   1.4361103e-01
   1.5864073e-01
   1.5467515e-01
   1.4323800e-01
   1.4718971e-01
   1.4251956e-01
   1.6559803e-01
   1.6195819e-01
   1.4877899e-01
   1.5374935e-01
   1.5230353e-01
   1.5005810e-01
   1.4935418e-01
   1.4062552e-01
   1.5137658e-01
   1.4952294e-01
   1.4228530e-01
   1.5785798e-01
   1.6105581e-01
   1.6153290e-01
   1.6859037e-01
   1.4558683e-01
   1.4525173e-01
   1.4747683e-01
   1.6148712e-01
   1.4327605e-01
   1.4299159e-01
   1.4810702e-01
   1.6802757e-01
