   1.9967069e-02
   2.1408384e-02
   2.1708336e-02
   2.1803503e-02
   2.5896666e-02
   2.2732368e-02
   1.9225725e-02
   2.1943450e-02
   2.1596172e-02
   1.9190205e-02
   2.4438473e-02
   2.1740195e-02
   2.4387510e-02
   1.8597312e-02
   2.4496508e-02
   1.8220781e-02
   2.2778203e-02
   2.3970266e-02
   1.8936431e-02
   1.8224464e-02
   2.2314896e-02
   2.5432004e-02
   2.1567959e-02
   1.8030260e-02
   2.1194207e-02
   2.5456806e-02
   1.8747928e-02
   2.5495584e-02
   1.8936073e-02
   1.8683741e-02
   1.9470373e-02
   1.8369139e-02
   2.4488918e-02
   2.2525662e-02
   2.1968170e-02
   2.0289194e-02
   1.9676414e-02
   2.3084895e-02
   1.7671156e-02
   1.8928731e-02
   2.5236090e-02
   2.3796941e-02
   1.8080211e-02
   2.5023661e-02
   2.4949180e-02
   2.0478506e-02
   2.3545613e-02
   2.2854734e-02
   1.7958816e-02
   2.4752038e-02
   2.5154570e-02
   2.3862381e-02
   2.0613726e-02
   2.0428993e-02
   2.3418099e-02
   2.0230512e-02
   1.7952629e-02
   2.0599581e-02
   2.2175007e-02
   1.8498906e-02
   2.5331618e-02
   2.1573561e-02
   2.3944950e-02
   1.9452871e-02
   1.8449376e-02
   1.9906287e-02
   2.1303758e-02
   2.2480448e-02
   1.9592724e-02
   2.4775577e-02
   2.2242716e-02
   2.3391683e-02
   2.3207087e-02
   2.2789858e-02
   2.0763513e-02
   2.2694579e-02
   2.5209164e-02
   1.7734960e-02
   2.0546757e-02
   2.5336538e-02
   1.9524396e-02
   1.8552584e-02
   2.0788422e-02
   1.9251719e-02
   1.9592950e-02
   1.8809060e-02
   2.0274636e-02
   2.2260560e-02
   1.8293730e-02
   1.7691409e-02
   1.8003468e-02
   1.9011176e-02
   2.2291734e-02
   2.1563175e-02
   2.0005067e-02
   2.2812497e-02
   2.5030307e-02
   2.4571312e-02
   2.2778224e-02
   2.0098944e-02
   2.1194575e-02
   2.2683831e-02
   2.3387971e-02
   2.4739120e-02
   2.4344914e-02
   2.0833281e-02
   2.0012056e-02
   2.3183376e-02
   2.3841518e-02
   2.2687871e-02
   1.8098716e-02
   2.2324664e-02
   2.2259189e-02
   1.8165614e-02
   2.4859033e-02
   1.9522210e-02
   2.3542724e-02
   2.4211425e-02
   2.0795134e-02
   2.5112813e-02
   2.5394674e-02
   1.9583227e-02
   2.3081683e-02
   1.9745098e-02
   2.0116614e-02
   1.9284465e-02
   2.0810855e-02
   2.2143618e-02
   1.9974478e-02
   1.9694287e-02
   2.3573099e-02
   1.8113412e-02
   2.5069943e-02
   2.4199090e-02
   2.3738021e-02
   2.5903028e-02
   2.3495246e-02
   2.0921070e-02
   2.4269521e-02
   1.8721479e-02
   1.8905430e-02
   1.8677223e-02
   2.0028629e-02
   2.3796381e-02
   1.8124633e-02
   2.3540705e-02
   1.9456478e-02
   2.3466290e-02
   2.4003740e-02
   2.1238933e-02
   1.7872935e-02
   2.2173581e-02
   1.9313770e-02
   2.0127755e-02
   1.7739917e-02
   2.2374257e-02
   1.8881745e-02
   1.8092141e-02
   1.9276041e-02
   2.4469309e-02
   1.7829562e-02
   1.9028823e-02
   2.5031147e-02
   1.8709419e-02
   2.2773701e-02
   1.9844613e-02
   2.4051237e-02
   2.0965067e-02
   2.2763653e-02
   1.8230857e-02
   1.9077858e-02
   1.9825132e-02
   1.9260448e-02
   2.0817044e-02
   1.7947210e-02
   1.9533756e-02
   2.0618810e-02
   2.3254163e-02
   1.9939112e-02
   1.9992035e-02
   1.8239143e-02
   2.5057803e-02
   2.3294334e-02
   1.8004864e-02
   1.9496408e-02
   2.3005009e-02
   1.8492296e-02
   2.2017109e-02
   2.3336527e-02
   2.0233054e-02
   2.5528725e-02
   2.4686816e-02
   2.5600995e-02
   2.1684649e-02
   1.9875353e-02
   1.8227024e-02
   2.4299661e-02
   2.4322395e-02
   2.4872048e-02
   2.1136754e-02
   2.4706496e-02
   2.0792994e-02
   2.3035965e-02
   1.9156661e-02
   2.5401521e-02
   2.1316324e-02
   2.3877266e-02
   2.1908848e-02
   2.1040292e-02
   2.5112769e-02
   1.9427352e-02
   1.8312274e-02
   2.4127494e-02
   2.3456787e-02
   2.0219417e-02
   2.5167094e-02
   2.0553874e-02
   2.5537117e-02
   1.9215371e-02
   2.2244335e-02
   2.2030704e-02
   2.2483636e-02
   2.4759652e-02
   1.8589034e-02
   1.7784413e-02
   2.2589237e-02
   2.2250036e-02
   2.5169091e-02
   2.2813400e-02
   2.0015994e-02
   1.9990179e-02
   2.1899957e-02
   1.9048220e-02
   2.5704022e-02
   1.8059753e-02
   2.0527476e-02
   2.1164233e-02
   2.2831356e-02
   2.0896362e-02
   1.9711225e-02
   2.2856338e-02
   2.4173387e-02
   2.4992067e-02
   1.8584591e-02
   1.7829494e-02
   2.3356575e-02
   2.3499357e-02
   1.9909540e-02
   1.8264533e-02
   1.8528992e-02
   2.0855790e-02
   2.0688523e-02
   1.8440968e-02
   2.5417857e-02
   1.8393994e-02
   2.3920926e-02
   2.5054079e-02
   2.5585627e-02
   1.7787516e-02
   2.1705933e-02
   2.3964808e-02
   2.3230601e-02
   1.7763974e-02
   2.0561565e-02
   1.8250780e-02
   1.8198448e-02
   2.2585146e-02
   2.2497453e-02
   1.7721903e-02
   1.9489691e-02
   2.1280733e-02
   1.8299874e-02
   2.0820521e-02
   2.4803092e-02
   1.7939986e-02
   2.1601072e-02
   1.9974447e-02
   2.1508806e-02
   2.2736535e-02
   2.2843698e-02
   2.2879260e-02
   1.9976150e-02
   2.4986884e-02
   2.0236188e-02
   2.3020059e-02
   2.4042457e-02
   1.8622674e-02
   2.4163328e-02
   1.7659761e-02
   2.0717414e-02
   2.0642340e-02
   2.0570352e-02
   1.7659014e-02
   2.5516040e-02
   1.9974429e-02
   1.9390759e-02
   2.2750373e-02
   1.9551319e-02
   2.0029808e-02
   2.4948890e-02
