   5.4506691e-02
   5.4885712e-02
   5.1190321e-02
   5.6484576e-02
   5.3559722e-02
   5.1936704e-02
   5.0755277e-02
   5.3748845e-02
   5.7912039e-02
   5.4409881e-02
   5.0433125e-02
   5.6285943e-02
   5.6417189e-02
   5.3418857e-02
   5.5204476e-02
   5.1513361e-02
   5.4218451e-02
   5.6499892e-02
   5.5602461e-02
   5.4938541e-02
   5.1254739e-02
   5.5234344e-02
   5.4058129e-02
   5.5768249e-02
   5.0248043e-02
   5.5830311e-02
   5.5184582e-02
   5.4967251e-02
   5.1485756e-02
   5.3201994e-02
   5.5632383e-02
   5.1797052e-02
   5.0801293e-02
   5.2413439e-02
   5.1924628e-02
   5.3966552e-02
   5.4035336e-02
   5.7261815e-02
   5.4741251e-02
   5.6929216e-02
   5.1000675e-02
   5.5859608e-02
   5.1462567e-02
   5.2643156e-02
   5.1569436e-02
   5.4055802e-02
   5.5501550e-02
   5.5420033e-02
   5.5392730e-02
   5.3906579e-02
   5.4677128e-02
   5.4981977e-02
   5.0680245e-02
   5.5469970e-02
   5.5371126e-02
   5.7122442e-02
   5.3643929e-02
   5.4313246e-02
   5.3371125e-02
   5.3773544e-02
   5.3826446e-02
   5.4565158e-02
   5.6712714e-02
   5.5142951e-02
   5.3454277e-02
   5.6794727e-02
   5.4291627e-02
   5.4283289e-02
   5.1622143e-02
   5.4972335e-02
   5.3737426e-02
   5.3533468e-02
   5.6511060e-02
   5.6652722e-02
   5.4052961e-02
   5.6908457e-02
   5.2113305e-02
   5.6862827e-02
   5.5602125e-02
   5.3690528e-02
   4.9878353e-02
   5.6767182e-02
   5.3708358e-02
   5.2185748e-02
   5.4775464e-02
   5.3679842e-02
   5.3418724e-02
   5.6601955e-02
   5.3498005e-02
   5.6243979e-02
   5.6271480e-02
   5.3809929e-02
   5.3122969e-02
   5.1684739e-02
   5.0235413e-02
   5.3827282e-02
   5.2639119e-02
   5.5065720e-02
   5.3333830e-02
   5.4392901e-02
   5.6781307e-02
   5.3012875e-02
   5.4921267e-02
   5.4112851e-02
   5.1143426e-02
   5.5778088e-02
   5.7696405e-02
   5.7527349e-02
   5.3409857e-02
   5.5522551e-02
   5.4751126e-02
   5.5838842e-02
   5.4291643e-02
   5.3907001e-02
   5.6287510e-02
   5.3310235e-02
   5.3897468e-02
   4.9888559e-02
   5.1801522e-02
   5.5075544e-02
   5.4660193e-02
   5.5131760e-02
   5.5086799e-02
   5.0909243e-02
   5.3240893e-02
   5.2036690e-02
   5.4347347e-02
   5.6774329e-02
   5.4571649e-02
   5.2513206e-02
   5.5844287e-02
   5.7341104e-02
   5.4750463e-02
   5.5536652e-02
   5.3121540e-02
   5.0303364e-02
   5.3767264e-02
   5.2730075e-02
   5.1144212e-02
   5.2537495e-02
   5.3588634e-02
   5.5917831e-02
   5.5051986e-02
   5.3115381e-02
   5.4578807e-02
   5.6452510e-02
   5.7824097e-02
   5.3629993e-02
   5.6654566e-02
   5.4303345e-02
   5.2393393e-02
   5.0335805e-02
   4.9713526e-02
   5.4040824e-02
   5.4750169e-02
   5.5748927e-02
   5.2746420e-02
   5.6031717e-02
   5.7302732e-02
   5.3955194e-02
   5.0676368e-02
   5.2099712e-02
   5.4653079e-02
   5.4378822e-02
   5.1041286e-02
   5.3769344e-02
   5.6912339e-02
   5.1771071e-02
   5.1656496e-02
   5.4840092e-02
   5.4474496e-02
   5.4392327e-02
   5.0566232e-02
   5.5744719e-02
   5.5985008e-02
   5.0022637e-02
   5.5920933e-02
   5.3746720e-02
   5.3898997e-02
   5.3219702e-02
   5.4395784e-02
   5.5107455e-02
   5.1516570e-02
   5.6561792e-02
   5.6914584e-02
   5.4724959e-02
   5.3751506e-02
   5.3392214e-02
   5.2607053e-02
   5.5152276e-02
   5.5028785e-02
   5.7421877e-02
   5.6392646e-02
   5.2509425e-02
   5.5448234e-02
   5.6244816e-02
   5.7533390e-02
   5.1306975e-02
   5.4414448e-02
   5.3043605e-02
   5.3642932e-02
   5.5552827e-02
   5.7976031e-02
   5.4434644e-02
   5.6115064e-02
   5.5019902e-02
   4.9421063e-02
   5.0121781e-02
   4.9109045e-02
   5.5491365e-02
   5.3568041e-02
   5.4092942e-02
   5.6039222e-02
   5.3630000e-02
   5.0312523e-02
   5.4740819e-02
   5.3192120e-02
   5.6779262e-02
   5.0157901e-02
   5.5368088e-02
   5.3596687e-02
   5.2281377e-02
   5.7093474e-02
   5.5551233e-02
   5.6888056e-02
   5.2893271e-02
   5.0991552e-02
   5.4250481e-02
   5.5108852e-02
   5.4355985e-02
   5.6120626e-02
   5.0937007e-02
   5.6768776e-02
   5.7774715e-02
   5.5568669e-02
   5.6290159e-02
   5.3825974e-02
   5.6934187e-02
   5.7934471e-02
   5.1829577e-02
   5.6212539e-02
   5.7459896e-02
   5.4412404e-02
   5.5033852e-02
   5.3141353e-02
   5.5319014e-02
   5.7258487e-02
   5.0365215e-02
   5.7562897e-02
   5.7179918e-02
   5.5713752e-02
   5.3499107e-02
   5.3924040e-02
   5.3693974e-02
   5.6547511e-02
   5.4578623e-02
   5.4716001e-02
   5.2935027e-02
   5.5673858e-02
   5.7153725e-02
   5.5579628e-02
   5.0950936e-02
   5.1690177e-02
   5.5973532e-02
   5.0260425e-02
   5.1810677e-02
   5.3429708e-02
   5.7125197e-02
   5.3171505e-02
   5.2146792e-02
   5.3318000e-02
   5.6377375e-02
   5.6589902e-02
   5.2655703e-02
   5.5993439e-02
   5.4149194e-02
   5.6816240e-02
   5.2978359e-02
   5.2547776e-02
   5.5543559e-02
   5.2712093e-02
   5.7152322e-02
   5.3595035e-02
   5.6614267e-02
   5.6737505e-02
   5.2981581e-02
   5.7223694e-02
   5.2917866e-02
   5.2426169e-02
   5.4368205e-02
   5.4551640e-02
   5.3247408e-02
   5.6320081e-02
   5.4212830e-02
   5.5720086e-02
   5.3821602e-02
   5.1539046e-02
   4.9615499e-02
   5.4523578e-02
   5.6001225e-02
