   1.4123226e-02
   1.4417277e-02
   1.5681279e-02
   1.5300214e-02
   1.3779649e-02
   1.3470906e-02
   1.4962345e-02
   1.4649399e-02
   1.4826054e-02
   1.4069588e-02
   1.4062252e-02
   1.3338641e-02
   1.5228818e-02
   1.5853436e-02
   1.4315727e-02
   1.4637760e-02
   1.3251721e-02
   1.5036335e-02
   1.5405580e-02
   1.3757262e-02
   1.4383858e-02
   1.3847895e-02
   1.3753615e-02
   1.5710549e-02
   1.4834362e-02
   1.3206920e-02
   1.4593159e-02
   1.4297737e-02
   1.3959769e-02
   1.4722731e-02
   1.4546277e-02
   1.4108811e-02
   1.5691391e-02
   1.4158060e-02
   1.5649537e-02
   1.3294997e-02
   1.4392400e-02
   1.4535521e-02
   1.5612552e-02
   1.5909352e-02
   1.3775659e-02
   1.4941030e-02
   1.4181422e-02
   1.3748573e-02
   1.5180230e-02
   1.3904517e-02
   1.5245706e-02
   1.5656689e-02
   1.5035421e-02
   1.3332111e-02
   1.3144806e-02
   1.3852381e-02
   1.3964176e-02
   1.3735421e-02
   1.3584599e-02
   1.4833087e-02
   1.5742002e-02
   1.3234725e-02
   1.3337418e-02
   1.5116382e-02
   1.4009898e-02
   1.3625805e-02
   1.4218654e-02
   1.5058540e-02
   1.3395944e-02
   1.4244370e-02
   1.5747905e-02
   1.3606357e-02
   1.5016832e-02
   1.3544711e-02
   1.4721457e-02
   1.3512893e-02
   1.3957134e-02
   1.3815340e-02
   1.5008557e-02
   1.5786899e-02
   1.4450034e-02
   1.3911829e-02
   1.4664219e-02
   1.5038335e-02
   1.4839930e-02
   1.4073369e-02
   1.5386511e-02
   1.5747211e-02
   1.3211281e-02
   1.3826885e-02
   1.3057817e-02
   1.4832994e-02
   1.4888041e-02
   1.3093173e-02
   1.3370480e-02
   1.5778420e-02
   1.4504339e-02
   1.4540652e-02
   1.5413252e-02
   1.3617159e-02
   1.3200817e-02
   1.4109587e-02
   1.5788295e-02
   1.5745831e-02
   1.3622760e-02
   1.4468494e-02
   1.3178680e-02
   1.4325614e-02
   1.4018423e-02
   1.4366567e-02
   1.5632822e-02
   1.4071185e-02
   1.3417948e-02
   1.5606349e-02
   1.3323352e-02
   1.5788450e-02
   1.3597971e-02
   1.4757951e-02
   1.4113278e-02
   1.4055626e-02
   1.5787523e-02
   1.4151321e-02
   1.3372135e-02
   1.4542234e-02
   1.4065744e-02
   1.5190108e-02
   1.5718405e-02
   1.3598849e-02
   1.5711097e-02
   1.5109812e-02
   1.5702710e-02
   1.5749891e-02
   1.4650359e-02
   1.4445599e-02
   1.4652791e-02
   1.3279170e-02
   1.4703044e-02
   1.5275060e-02
   1.5089147e-02
   1.3469802e-02
   1.4254269e-02
   1.3453002e-02
   1.5779815e-02
   1.4272187e-02
   1.4748747e-02
   1.4726278e-02
   1.5386962e-02
   1.3146410e-02
   1.3165288e-02
   1.4910406e-02
   1.5061170e-02
   1.5707773e-02
   1.3294669e-02
   1.3369403e-02
   1.5701263e-02
   1.5049523e-02
   1.3886297e-02
   1.5356555e-02
   1.3405153e-02
   1.5071008e-02
   1.5672893e-02
   1.4849026e-02
   1.5058488e-02
   1.4807982e-02
   1.4752844e-02
   1.3394457e-02
   1.4003192e-02
   1.5725098e-02
   1.3984703e-02
   1.4660622e-02
   1.3134250e-02
   1.5711041e-02
   1.5520468e-02
   1.3943854e-02
   1.3928945e-02
   1.4803745e-02
   1.4212546e-02
   1.5712029e-02
   1.4371403e-02
   1.3213330e-02
   1.3212955e-02
   1.4529446e-02
   1.4802242e-02
   1.3189165e-02
   1.5280453e-02
   1.3605088e-02
   1.5715896e-02
   1.4708848e-02
   1.5734038e-02
   1.3964555e-02
   1.5677954e-02
   1.5222953e-02
   1.3946820e-02
   1.4356934e-02
   1.3171158e-02
   1.5683620e-02
   1.4075422e-02
   1.3505280e-02
   1.4273937e-02
   1.3676120e-02
   1.5785239e-02
   1.5788472e-02
   1.5474681e-02
   1.4839413e-02
   1.3724687e-02
   1.3838588e-02
   1.5971380e-02
   1.4248434e-02
   1.5703697e-02
   1.4057937e-02
   1.5746934e-02
   1.4435878e-02
   1.4926409e-02
   1.3487948e-02
   1.3711616e-02
   1.3216286e-02
   1.4384847e-02
   1.4309830e-02
   1.4007202e-02
   1.5926107e-02
   1.3381716e-02
   1.3253495e-02
   1.3098974e-02
   1.4252326e-02
   1.5928714e-02
   1.3328772e-02
   1.4690478e-02
   1.3726505e-02
   1.3694907e-02
   1.5703049e-02
   1.4033203e-02
   1.5788809e-02
   1.4934750e-02
   1.3389202e-02
   1.5371567e-02
   1.4030501e-02
   1.5704208e-02
   1.3854100e-02
   1.5705090e-02
   1.3428244e-02
   1.4727892e-02
   1.4976595e-02
   1.4832369e-02
   1.4890416e-02
   1.4137095e-02
   1.3230076e-02
   1.4782681e-02
   1.4486433e-02
   1.5308732e-02
   1.4219927e-02
   1.4870986e-02
   1.3537566e-02
   1.3899711e-02
   1.5012422e-02
   1.5432395e-02
   1.4076168e-02
   1.5076906e-02
   1.3931990e-02
   1.5790190e-02
   1.3722878e-02
   1.3608973e-02
   1.5088546e-02
   1.4799048e-02
   1.4695046e-02
   1.4711227e-02
   1.3714138e-02
   1.4798143e-02
   1.3173540e-02
   1.4969700e-02
   1.4372333e-02
   1.3330410e-02
   1.6207259e-02
   1.3143077e-02
   1.4309529e-02
   1.4119357e-02
   1.4474453e-02
   1.3260403e-02
   1.3391400e-02
   1.5716721e-02
   1.3385910e-02
   1.3444455e-02
   1.4518858e-02
   1.5313028e-02
   1.4676134e-02
   1.4357479e-02
   1.3942544e-02
   1.5278515e-02
   1.5617080e-02
   1.3906146e-02
   1.3828247e-02
   1.3301858e-02
   1.4563028e-02
   1.5699250e-02
   1.4960181e-02
   1.3890630e-02
   1.5293458e-02
   1.4498103e-02
   1.3841748e-02
   1.5367153e-02
   1.4629992e-02
   1.3390841e-02
   1.3641697e-02
   1.4229511e-02
   1.3138485e-02
