   2.0920417e-02
   1.9373239e-02
   1.9413654e-02
   1.5419848e-02
   2.0875563e-02
   1.5842327e-02
   1.7391788e-02
   2.0538290e-02
   1.7564169e-02
   1.6402804e-02
   1.6365138e-02
   1.9908528e-02
   1.7013117e-02
   2.0927404e-02
   2.0371128e-02
   1.5357770e-02
   1.9164367e-02
   1.8477901e-02
   1.8702444e-02
   1.9050494e-02
   1.9352334e-02
   1.8714567e-02
   1.7822057e-02
   1.8991559e-02
   1.7581415e-02
   2.1162995e-02
   1.6365213e-02
   2.0666712e-02
   2.0838775e-02
   1.6827958e-02
   1.9706612e-02
   1.9924881e-02
   1.7236921e-02
   1.8166318e-02
   2.1083225e-02
   1.6416011e-02
   1.6724229e-02
   2.0269248e-02
   1.9953368e-02
   1.6128602e-02
   1.6401361e-02
   1.6105383e-02
   1.6978539e-02
   1.8278484e-02
   2.1156717e-02
   2.0423199e-02
   1.6356383e-02
   1.6048984e-02
   1.6747575e-02
   1.8288215e-02
   1.8608700e-02
   1.5797726e-02
   1.5862393e-02
   1.5964520e-02
   2.2065793e-02
   1.6606912e-02
   1.7385374e-02
   1.9150805e-02
   1.9921031e-02
   1.5538837e-02
   1.8750524e-02
   2.2107022e-02
   1.9261908e-02
   1.5679577e-02
   1.6807354e-02
   1.6845830e-02
   1.5982148e-02
   1.7448759e-02
   2.0473772e-02
   1.7216018e-02
   1.6880771e-02
   1.8149789e-02
   1.8367494e-02
   2.1876019e-02
   2.0907392e-02
   1.9919546e-02
   1.8356364e-02
   2.0995162e-02
   1.5659372e-02
   1.6826906e-02
   1.6646545e-02
   1.8199026e-02
   1.5519862e-02
   1.8131085e-02
   1.8863163e-02
   1.7260717e-02
   1.6187475e-02
   2.2073424e-02
   1.8102219e-02
   1.7079405e-02
   2.1420186e-02
   1.5675550e-02
   1.6259572e-02
   1.8616287e-02
   1.6657188e-02
   1.6036362e-02
   1.6577622e-02
   1.7818597e-02
   1.9618601e-02
   1.6692502e-02
   1.8549664e-02
   2.0747579e-02
   1.5342009e-02
   1.9809003e-02
   1.9740217e-02
   2.0785719e-02
   1.8968147e-02
   1.6992601e-02
   2.0541369e-02
   1.6876633e-02
   1.7857485e-02
   2.1922856e-02
   1.9425235e-02
   1.6645986e-02
   1.7386914e-02
   1.7559363e-02
   1.6908252e-02
   1.8394954e-02
   1.5473671e-02
   1.7090616e-02
   1.9968510e-02
   2.1555199e-02
   2.1365829e-02
   2.0663504e-02
   1.6351211e-02
   1.9284112e-02
   1.9436041e-02
   1.9250959e-02
   1.6841756e-02
   2.1300968e-02
   1.7946834e-02
   1.8130260e-02
   1.7412246e-02
   1.6845043e-02
   2.0073563e-02
   1.6731912e-02
   1.7103047e-02
   2.1310650e-02
   1.6912721e-02
   1.6873024e-02
   1.6259381e-02
   1.6686253e-02
   1.8492702e-02
   1.5869960e-02
   1.5759848e-02
   1.7611908e-02
   1.6455096e-02
   2.1088444e-02
   1.9372727e-02
   2.1443652e-02
   1.6038382e-02
   1.5240140e-02
   1.7097476e-02
   1.6017190e-02
   1.6574016e-02
   1.8803582e-02
   2.1238289e-02
   1.7190269e-02
   2.0684487e-02
   1.8838267e-02
   1.8546236e-02
   1.5666565e-02
   2.0877359e-02
   2.0547315e-02
   1.6041709e-02
   1.7482558e-02
   1.5589525e-02
   1.6908516e-02
   1.5680321e-02
   1.6130658e-02
   1.6663054e-02
   1.7061960e-02
   1.9402828e-02
   1.5602231e-02
   1.6877378e-02
   1.6373182e-02
   2.1108563e-02
   1.7367224e-02
   1.5333184e-02
   1.9766040e-02
   2.1538779e-02
   1.8803526e-02
   1.5546201e-02
   1.5496669e-02
   1.5863164e-02
   2.0124247e-02
   1.8545181e-02
   1.9934683e-02
   1.6338651e-02
   1.7385140e-02
   1.6638171e-02
   2.0026687e-02
   1.7362229e-02
   1.5950890e-02
   1.8213940e-02
   2.0147205e-02
   1.7130687e-02
   2.0494681e-02
   1.7758757e-02
   2.0130070e-02
   1.7915624e-02
   1.6990595e-02
   1.6148382e-02
   2.0610049e-02
   1.9548155e-02
   1.5445449e-02
   1.6105981e-02
   2.1019945e-02
   1.7593171e-02
   2.1020088e-02
   1.5692419e-02
   1.5401520e-02
   1.9509001e-02
   1.7302214e-02
   2.0561844e-02
   1.8305819e-02
   2.0035821e-02
   1.7109544e-02
   1.7101867e-02
   2.1165584e-02
   2.1681195e-02
   1.7598664e-02
   1.6734191e-02
   1.8763267e-02
   1.7678702e-02
   1.9903356e-02
   1.9771395e-02
   1.9681377e-02
   2.1112536e-02
   2.1097099e-02
   1.6600498e-02
   2.1382075e-02
   1.7783399e-02
   1.7262982e-02
   1.5327648e-02
   2.0981426e-02
   2.1348259e-02
   1.7420344e-02
   1.7306559e-02
   1.6237383e-02
   1.9224859e-02
   1.9578321e-02
   1.8031498e-02
   1.9063994e-02
   1.7661845e-02
   1.6685132e-02
   1.8664079e-02
   1.8678317e-02
   2.2120881e-02
   2.1895103e-02
   1.7383936e-02
   2.0616506e-02
   1.9909924e-02
   1.6638481e-02
   1.9653492e-02
   1.6856343e-02
   2.0105513e-02
   1.8425853e-02
   1.7036707e-02
   1.5577403e-02
   1.9049486e-02
   1.6282479e-02
   1.7117637e-02
   1.6997323e-02
   1.7641828e-02
   1.7380478e-02
   1.5328200e-02
   2.1572932e-02
   1.7094896e-02
   1.5634260e-02
   1.8194281e-02
   1.7260309e-02
   1.6091505e-02
   1.9993370e-02
   1.5780452e-02
   2.1484050e-02
   2.0568539e-02
   1.9689648e-02
   1.7130728e-02
   1.5628311e-02
   1.5333403e-02
   1.8025768e-02
   1.7158981e-02
   1.8276125e-02
   2.0638893e-02
   1.8722765e-02
   1.5922732e-02
   1.5745350e-02
   1.5445935e-02
   1.5830067e-02
   1.5513538e-02
   2.2102112e-02
   1.8793145e-02
   1.7763792e-02
   1.9834641e-02
   1.6596724e-02
   2.1804503e-02
   1.9759547e-02
   1.7941331e-02
   1.5401963e-02
