   1.5502993e-01
   1.5293727e-01
   1.5791497e-01
   1.4247121e-01
   1.4546968e-01
   1.4463516e-01
   1.5179951e-01
   1.5520796e-01
   1.5302010e-01
   1.5020561e-01
   1.4265165e-01
   1.4678010e-01
   1.4581344e-01
   1.5547030e-01
   1.5600842e-01
   1.4781451e-01
   1.5213214e-01
   1.4437484e-01
   1.4494942e-01
   1.5385233e-01
   1.4779297e-01
   1.5598015e-01
   1.4653111e-01
   1.4640368e-01
   1.4353514e-01
   1.4684747e-01
   1.4358886e-01
   1.5504852e-01
   1.5085476e-01
   1.5649141e-01
   1.4720298e-01
   1.5728503e-01
   1.4844344e-01
   1.5433658e-01
   1.4885868e-01
   1.5122945e-01
   1.4648604e-01
   1.4847555e-01
   1.4605402e-01
   1.5182735e-01
   1.4701090e-01
   1.4172086e-01
   1.4952629e-01
   1.4628032e-01
   1.4530568e-01
   1.5101638e-01
   1.4664800e-01
   1.4348596e-01
   1.5477306e-01
   1.4213140e-01
   1.4717702e-01
   1.4453598e-01
   1.4365961e-01
   1.4619911e-01
   1.4839131e-01
   1.4564986e-01
   1.4581862e-01
   1.5562726e-01
   1.5534188e-01
   1.4560162e-01
   1.4839437e-01
   1.4686649e-01
   1.4786193e-01
   1.4528315e-01
   1.4662664e-01
   1.4664332e-01
   1.4661536e-01
   1.4335821e-01
   1.5063362e-01
   1.4679906e-01
   1.4919202e-01
   1.4029540e-01
   1.4467025e-01
   1.4235299e-01
   1.4057882e-01
   1.5554532e-01
   1.5673358e-01
   1.4221785e-01
   1.4707368e-01
   1.4860094e-01
   1.4832920e-01
   1.4346531e-01
   1.4964500e-01
   1.5485821e-01
   1.5166018e-01
   1.4203534e-01
   1.4837159e-01
   1.4465266e-01
   1.5201559e-01
   1.4802102e-01
   1.4807069e-01
   1.4916304e-01
   1.4413024e-01
   1.4634804e-01
   1.4571655e-01
   1.4801397e-01
   1.4990682e-01
   1.4753704e-01
   1.5068887e-01
   1.4190351e-01
   1.4728750e-01
   1.4687149e-01
   1.5056614e-01
   1.4674394e-01
   1.4647230e-01
   1.4562492e-01
   1.4321858e-01
   1.4477996e-01
   1.4637268e-01
   1.5650374e-01
   1.4573772e-01
   1.4720636e-01
   1.4801997e-01
   1.4663866e-01
   1.4741896e-01
   1.4717611e-01
   1.4758592e-01
   1.4533921e-01
   1.4377052e-01
   1.5135224e-01
   1.4384939e-01
   1.5277200e-01
   1.5406594e-01
   1.4483440e-01
   1.4425156e-01
   1.4580170e-01
   1.4694262e-01
   1.5628161e-01
   1.5700857e-01
   1.4028355e-01
   1.4789574e-01
   1.4544217e-01
   1.4264738e-01
   1.4682920e-01
   1.4617280e-01
   1.4936716e-01
   1.4296016e-01
   1.5508463e-01
   1.4837185e-01
   1.4393547e-01
   1.5327718e-01
   1.4562417e-01
   1.5108587e-01
   1.5181224e-01
   1.4899213e-01
   1.4499052e-01
   1.5183121e-01
   1.5651037e-01
   1.4708769e-01
   1.4530826e-01
   1.4694809e-01
   1.4044010e-01
   1.4198931e-01
   1.5319255e-01
   1.4452881e-01
   1.4670334e-01
   1.5290334e-01
   1.4467358e-01
   1.4619040e-01
   1.4747593e-01
   1.4705141e-01
   1.4730139e-01
   1.4786430e-01
   1.4737206e-01
   1.5018767e-01
   1.5343142e-01
   1.4333321e-01
   1.4770862e-01
   1.5000302e-01
   1.5233377e-01
   1.5408062e-01
   1.5177002e-01
   1.5414881e-01
   1.4436341e-01
   1.4551831e-01
   1.4591303e-01
   1.5038800e-01
   1.5099997e-01
   1.4234666e-01
   1.4558886e-01
   1.4650679e-01
   1.4298399e-01
   1.4569498e-01
   1.5240974e-01
   1.4662401e-01
   1.4608178e-01
   1.4826238e-01
   1.4954393e-01
   1.4620876e-01
   1.4491123e-01
   1.4472429e-01
   1.4614179e-01
   1.5612858e-01
   1.4626121e-01
   1.5219126e-01
   1.4669573e-01
   1.5094225e-01
   1.4711992e-01
   1.4285132e-01
   1.4483568e-01
   1.4876350e-01
   1.4698091e-01
   1.5659733e-01
   1.4655296e-01
   1.4839847e-01
   1.4108473e-01
   1.4471126e-01
   1.4239346e-01
   1.4672401e-01
   1.5596987e-01
   1.4824163e-01
   1.4609104e-01
   1.4719491e-01
   1.4474592e-01
   1.4575699e-01
   1.4718325e-01
   1.5011199e-01
   1.4587062e-01
   1.4397738e-01
   1.4563094e-01
   1.4665509e-01
   1.4802341e-01
   1.5075451e-01
   1.5294268e-01
   1.5260471e-01
   1.4937843e-01
   1.4279315e-01
   1.5537438e-01
   1.4617091e-01
   1.4952313e-01
   1.4402114e-01
   1.4486798e-01
   1.4494000e-01
   1.4680016e-01
   1.4625546e-01
   1.4685034e-01
   1.4254366e-01
   1.4539600e-01
   1.4659413e-01
   1.4532627e-01
   1.4187279e-01
   1.4604031e-01
   1.4464402e-01
   1.4406835e-01
   1.4500474e-01
   1.4842957e-01
   1.4729426e-01
   1.5219633e-01
   1.5548535e-01
   1.4640049e-01
   1.5574721e-01
   1.5256242e-01
   1.4747988e-01
   1.4710230e-01
   1.6209358e-01
   1.4466058e-01
   1.4499052e-01
   1.4742448e-01
   1.4427997e-01
   1.4714174e-01
   1.5114536e-01
   1.5090845e-01
   1.4554609e-01
   1.4541541e-01
   1.4654236e-01
   1.4608543e-01
   1.4296984e-01
   1.4558370e-01
   1.4658811e-01
   1.4560626e-01
   1.4243711e-01
   1.5310298e-01
   1.4754782e-01
   1.4711574e-01
   1.4634986e-01
   1.4649527e-01
   1.4462951e-01
   1.4567790e-01
   1.4513116e-01
   1.4925129e-01
   1.5497529e-01
   1.4757841e-01
   1.4010199e-01
   1.5151391e-01
   1.4212797e-01
   1.5598534e-01
   1.5323586e-01
   1.4739792e-01
   1.4484606e-01
   1.4897295e-01
   1.5468970e-01
   1.4390598e-01
   1.5536315e-01
   1.4683193e-01
   1.4522041e-01
   1.4277829e-01
   1.4464479e-01
   1.5049232e-01
   1.5079892e-01
   1.4587550e-01
