   1.5965949e-02
   1.6758730e-02
   1.5747920e-02
   1.5422845e-02
   1.4354529e-02
   1.4287373e-02
   1.5469873e-02
   1.4530221e-02
   1.5196338e-02
   1.4914168e-02
   1.4207473e-02
   1.6666634e-02
   1.6348735e-02
   1.5804810e-02
   1.4272386e-02
   1.4548942e-02
   1.6781728e-02
   1.5149403e-02
   1.5885074e-02
   1.5611480e-02
   1.6765193e-02
   1.5054870e-02
   1.5218407e-02
   1.5433534e-02
   1.4658430e-02
   1.5849667e-02
   1.5034231e-02
   1.6284739e-02
   1.5616437e-02
   1.4489685e-02
   1.4204402e-02
   1.5879753e-02
   1.6128631e-02
   1.4568027e-02
   1.5916089e-02
   1.6764419e-02
   1.6779081e-02
   1.5127117e-02
   1.5697596e-02
   1.4233097e-02
   1.5031943e-02
   1.5518629e-02
   1.4287605e-02
   1.5043705e-02
   1.5989336e-02
   1.5684556e-02
   1.5547165e-02
   1.6048570e-02
   1.5582407e-02
   1.4954552e-02
   1.6853014e-02
   1.4382903e-02
   1.4312176e-02
   1.4982093e-02
   1.6464530e-02
   1.4236121e-02
   1.4361890e-02
   1.4888543e-02
   1.4524832e-02
   1.6081978e-02
   1.5478096e-02
   1.5353426e-02
   1.4333699e-02
   1.5944840e-02
   1.4878790e-02
   1.6755188e-02
   1.4690778e-02
   1.6216223e-02
   1.5135859e-02
   1.4400341e-02
   1.4295769e-02
   1.5511690e-02
   1.6781127e-02
   1.5272170e-02
   1.4879192e-02
   1.5154405e-02
   1.4808078e-02
   1.6549320e-02
   1.5115894e-02
   1.5400775e-02
   1.6154587e-02
   1.4605414e-02
   1.5557488e-02
   1.5113617e-02
   1.5520836e-02
   1.6134526e-02
   1.4352182e-02
   1.4261659e-02
   1.4304374e-02
   1.5714858e-02
   1.4991524e-02
   1.5383306e-02
   1.5817713e-02
   1.4229791e-02
   1.5047685e-02
   1.4571307e-02
   1.5248806e-02
   1.4820415e-02
   1.5195636e-02
   1.6332488e-02
   1.5839117e-02
   1.5551151e-02
   1.4535532e-02
   1.5233695e-02
   1.5704881e-02
   1.6623859e-02
   1.4223978e-02
   1.4928592e-02
   1.5075973e-02
   1.5916759e-02
   1.6615903e-02
   1.5799046e-02
   1.4508567e-02
   1.5891200e-02
   1.5426742e-02
   1.5327940e-02
   1.5421495e-02
   1.5722078e-02
   1.4365522e-02
   1.4679302e-02
   1.5177713e-02
   1.5251483e-02
   1.5363796e-02
   1.5654776e-02
   1.5036898e-02
   1.6784192e-02
   1.4200444e-02
   1.4624838e-02
   1.6172948e-02
   1.5442928e-02
   1.4983778e-02
   1.6769767e-02
   1.4538302e-02
   1.5151784e-02
   1.4196579e-02
   1.5905078e-02
   1.4443396e-02
   1.6810357e-02
   1.5826224e-02
   1.4996318e-02
   1.5708357e-02
   1.5468349e-02
   1.5630388e-02
   1.6751861e-02
   1.6629628e-02
   1.4940346e-02
   1.5075469e-02
   1.6546919e-02
   1.5796735e-02
   1.6169455e-02
   1.6802075e-02
   1.5617155e-02
   1.4527464e-02
   1.6810537e-02
   1.6513901e-02
   1.4280833e-02
   1.5463821e-02
   1.6168511e-02
   1.5499337e-02
   1.6298271e-02
   1.4456971e-02
   1.6267096e-02
   1.6332121e-02
   1.5926870e-02
   1.4217081e-02
   1.4662493e-02
   1.4821897e-02
   1.4654610e-02
   1.4614584e-02
   1.5096785e-02
   1.4633056e-02
   1.5661111e-02
   1.5528985e-02
   1.5630916e-02
   1.5951011e-02
   1.6607514e-02
   1.6758528e-02
   1.6784975e-02
   1.5478191e-02
   1.4447924e-02
   1.6138975e-02
   1.5701969e-02
   1.5170741e-02
   1.5224541e-02
   1.5353212e-02
   1.6373594e-02
   1.6007070e-02
   1.4287274e-02
   1.6417094e-02
   1.5391453e-02
   1.4337950e-02
   1.4516089e-02
   1.4377051e-02
   1.5406845e-02
   1.4580787e-02
   1.5036232e-02
   1.5254910e-02
   1.4221217e-02
   1.5523299e-02
   1.6262800e-02
   1.5537690e-02
   1.4252861e-02
   1.4745569e-02
   1.4800600e-02
   1.4925417e-02
   1.5672980e-02
   1.5051559e-02
   1.4459174e-02
   1.4448802e-02
   1.6107309e-02
   1.5218497e-02
   1.4704091e-02
   1.4999862e-02
   1.5783283e-02
   1.6217236e-02
   1.6060207e-02
   1.5823816e-02
   1.6321939e-02
   1.5830746e-02
   1.5055513e-02
   1.4263013e-02
   1.4967758e-02
   1.6124196e-02
   1.6418311e-02
   1.4395414e-02
   1.6134608e-02
   1.5057890e-02
   1.5575624e-02
   1.5698761e-02
   1.5977966e-02
   1.5586890e-02
   1.5915924e-02
   1.5799206e-02
   1.5781915e-02
   1.5665010e-02
   1.4863552e-02
   1.6687758e-02
   1.6860317e-02
   1.4212701e-02
   1.4289219e-02
   1.4661220e-02
   1.4803037e-02
   1.5623496e-02
   1.5992032e-02
   1.5232918e-02
   1.4179020e-02
   1.6390643e-02
   1.5210154e-02
   1.5411034e-02
   1.4715090e-02
   1.6588451e-02
   1.5950061e-02
   1.5657309e-02
   1.6620930e-02
   1.5341207e-02
   1.5641630e-02
   1.5925055e-02
   1.5798043e-02
   1.5688328e-02
   1.5885248e-02
   1.6233061e-02
   1.6014156e-02
   1.5192391e-02
   1.4511069e-02
   1.4747422e-02
   1.4549044e-02
   1.5455715e-02
   1.5630545e-02
   1.5874619e-02
   1.6332213e-02
   1.5891839e-02
   1.6583564e-02
   1.5229125e-02
   1.5340818e-02
   1.4665064e-02
   1.5147887e-02
   1.4297718e-02
   1.5398497e-02
   1.6196194e-02
   1.4997251e-02
   1.4540684e-02
   1.6278156e-02
   1.5108267e-02
   1.4568958e-02
   1.5325053e-02
   1.6573988e-02
   1.4740103e-02
   1.6374617e-02
   1.4723078e-02
   1.5688947e-02
   1.5068580e-02
   1.6723251e-02
   1.5030689e-02
   1.5505483e-02
   1.4231256e-02
   1.5031127e-02
   1.5183448e-02
   1.4687616e-02
   1.4739034e-02
   1.5485327e-02
