   1.1091016e-02
   1.2151069e-02
   1.2177754e-02
   1.0889008e-02
   1.2135207e-02
   1.2204517e-02
   1.1827100e-02
   1.2544991e-02
   1.2575451e-02
   1.1487794e-02
   1.1541567e-02
   1.1786308e-02
   1.1798406e-02
   1.1769542e-02
   1.1556646e-02
   1.1236272e-02
   1.0933357e-02
   1.1328993e-02
   1.1962174e-02
   1.2157511e-02
   1.1148229e-02
   1.1838622e-02
   1.1148732e-02
   1.0927545e-02
   1.2877231e-02
   1.1229597e-02
   1.1106937e-02
   1.2110865e-02
   1.2062411e-02
   1.1352338e-02
   1.1236429e-02
   1.1626733e-02
   1.2196550e-02
   1.1992153e-02
   1.1532885e-02
   1.0887785e-02
   1.2106802e-02
   1.1691829e-02
   1.1233344e-02
   1.0992355e-02
   1.1419072e-02
   1.1438710e-02
   1.1553181e-02
   1.0903251e-02
   1.1422307e-02
   1.1431607e-02
   1.1561946e-02
   1.1771461e-02
   1.1646532e-02
   1.1275410e-02
   1.1504367e-02
   1.2022812e-02
   1.1163541e-02
   1.0990133e-02
   1.2150880e-02
   1.2047863e-02
   1.0996916e-02
   1.1455339e-02
   1.1740497e-02
   1.1234776e-02
   1.0963782e-02
   1.1598515e-02
   1.1757907e-02
   1.1642958e-02
   1.1909493e-02
   1.2963458e-02
   1.2223643e-02
   1.1737809e-02
   1.1215797e-02
   1.2148209e-02
   1.1764981e-02
   1.1544318e-02
   1.2953516e-02
   1.1181858e-02
   1.1430799e-02
   1.2327578e-02
   1.1218685e-02
   1.2466359e-02
   1.2294386e-02
   1.0940295e-02
   1.1621677e-02
   1.1838844e-02
   1.1281235e-02
   1.2449430e-02
   1.0811084e-02
   1.0925500e-02
   1.1475317e-02
   1.1574173e-02
   1.1607316e-02
   1.1236869e-02
   1.1431885e-02
   1.0853445e-02
   1.1444906e-02
   1.2059409e-02
   1.1266858e-02
   1.2055700e-02
   1.1489924e-02
   1.1267974e-02
   1.1879764e-02
   1.2245839e-02
   1.2057161e-02
   1.1662022e-02
   1.2754056e-02
   1.1401484e-02
   1.1973998e-02
   1.1963192e-02
   1.1148360e-02
   1.1492810e-02
   1.1132968e-02
   1.1432354e-02
   1.0818267e-02
   1.0865565e-02
   1.1978164e-02
   1.1621805e-02
   1.1495764e-02
   1.1313793e-02
   1.2308391e-02
   1.2051116e-02
   1.2452064e-02
   1.1203373e-02
   1.1603200e-02
   1.2316646e-02
   1.2330375e-02
   1.1404917e-02
   1.1384319e-02
   1.1510447e-02
   1.1909584e-02
   1.1685352e-02
   1.2363773e-02
   1.2093679e-02
   1.2400136e-02
   1.1778594e-02
   1.1275958e-02
   1.2890702e-02
   1.1767125e-02
   1.1986704e-02
   1.1841088e-02
   1.1884294e-02
   1.0970032e-02
   1.1820525e-02
   1.1213380e-02
   1.1400754e-02
   1.1358396e-02
   1.1114618e-02
   1.1232553e-02
   1.1304410e-02
   1.2341816e-02
   1.1569741e-02
   1.1373615e-02
   1.1544564e-02
   1.1349067e-02
   1.1525054e-02
   1.1111435e-02
   1.1403150e-02
   1.1244460e-02
   1.1592124e-02
   1.2195512e-02
   1.2417141e-02
   1.1239415e-02
   1.2122505e-02
   1.1578291e-02
   1.2366461e-02
   1.2968798e-02
   1.2407884e-02
   1.2100948e-02
   1.1399840e-02
   1.1404103e-02
   1.1471139e-02
   1.1772880e-02
   1.1759153e-02
   1.1298127e-02
   1.1734668e-02
   1.2100745e-02
   1.1713117e-02
   1.1544210e-02
   1.1259649e-02
   1.2248978e-02
   1.1040299e-02
   1.1535870e-02
   1.1968291e-02
   1.1755514e-02
   1.0823387e-02
   1.1901301e-02
   1.1012045e-02
   1.1313252e-02
   1.1735700e-02
   1.2164858e-02
   1.1160094e-02
   1.1622424e-02
   1.1305983e-02
   1.1548262e-02
   1.1821619e-02
   1.1590768e-02
   1.2579902e-02
   1.0940579e-02
   1.1817041e-02
   1.1110341e-02
   1.1507638e-02
   1.3027293e-02
   1.1240354e-02
   1.1725238e-02
   1.0948719e-02
   1.1321441e-02
   1.1360113e-02
   1.1324452e-02
   1.1386610e-02
   1.0912260e-02
   1.1501619e-02
   1.1291718e-02
   1.1348603e-02
   1.2252907e-02
   1.1372322e-02
   1.1603509e-02
   1.2472233e-02
   1.1415258e-02
   1.1885497e-02
   1.2536863e-02
   1.2686795e-02
   1.1396317e-02
   1.1233593e-02
   1.1734332e-02
   1.0899802e-02
   1.2598925e-02
   1.1896221e-02
   1.1513889e-02
   1.1317686e-02
   1.0950078e-02
   1.1672383e-02
   1.1451003e-02
   1.1546031e-02
   1.1594495e-02
   1.2363580e-02
   1.2565704e-02
   1.1490647e-02
   1.1284191e-02
   1.0982115e-02
   1.1191652e-02
   1.1354066e-02
   1.2130755e-02
   1.1804200e-02
   1.1448361e-02
   1.2277643e-02
   1.2462949e-02
   1.1282253e-02
   1.1028334e-02
   1.2120754e-02
   1.1865760e-02
   1.0924357e-02
   1.1726282e-02
   1.0893211e-02
   1.1485241e-02
   1.0984117e-02
   1.1405076e-02
   1.2356463e-02
   1.1864646e-02
   1.2527721e-02
   1.2371201e-02
   1.1211920e-02
   1.2623259e-02
   1.1535092e-02
   1.2033279e-02
   1.1660760e-02
   1.1625163e-02
   1.2264294e-02
   1.1707950e-02
   1.1023642e-02
   1.1745830e-02
   1.1895342e-02
   1.1351200e-02
   1.1453390e-02
   1.1974396e-02
   1.1088695e-02
   1.1172888e-02
   1.1832796e-02
   1.1651970e-02
   1.1427105e-02
   1.0978180e-02
   1.1527950e-02
   1.1520822e-02
   1.1173827e-02
   1.1243992e-02
   1.1811475e-02
   1.1704932e-02
   1.1291787e-02
   1.2090293e-02
   1.2075149e-02
   1.1719782e-02
   1.1235335e-02
   1.1404770e-02
   1.0924854e-02
   1.1670237e-02
   1.2800976e-02
   1.1207322e-02
   1.1838204e-02
   1.1648009e-02
   1.1438145e-02
   1.2032245e-02
   1.1447363e-02
   1.1014004e-02
   1.1910935e-02
