   1.3109587e-02
   1.2204315e-02
   1.1755171e-02
   1.3444337e-02
   1.4149257e-02
   1.2757588e-02
   1.4290942e-02
   1.1850925e-02
   1.2268015e-02
   1.2201516e-02
   1.3410836e-02
   1.3084835e-02
   1.1523348e-02
   1.3364016e-02
   1.4005466e-02
   1.1846234e-02
   1.3193273e-02
   1.3806011e-02
   1.3701231e-02
   1.2585294e-02
   1.2061085e-02
   1.2752848e-02
   1.1929582e-02
   1.3027133e-02
   1.2932296e-02
   1.2670704e-02
   1.1901421e-02
   1.2351242e-02
   1.1828589e-02
   1.3299586e-02
   1.3270663e-02
   1.4286013e-02
   1.2327899e-02
   1.1906381e-02
   1.2648509e-02
   1.1921823e-02
   1.2797364e-02
   1.3225985e-02
   1.1941397e-02
   1.2044637e-02
   1.1758074e-02
   1.1807033e-02
   1.3334234e-02
   1.2843612e-02
   1.1991578e-02
   1.4157305e-02
   1.2141303e-02
   1.2722921e-02
   1.2411311e-02
   1.3134094e-02
   1.1731841e-02
   1.3430788e-02
   1.4006669e-02
   1.2737070e-02
   1.2792743e-02
   1.2968169e-02
   1.3345954e-02
   1.1800612e-02
   1.1905277e-02
   1.2746990e-02
   1.2052382e-02
   1.2508324e-02
   1.2524961e-02
   1.2922520e-02
   1.3515364e-02
   1.2277685e-02
   1.2402501e-02
   1.1836632e-02
   1.1909085e-02
   1.3383129e-02
   1.2010560e-02
   1.1756477e-02
   1.4302760e-02
   1.1310891e-02
   1.2250970e-02
   1.2095292e-02
   1.1822250e-02
   1.1954699e-02
   1.2242849e-02
   1.1964422e-02
   1.2224762e-02
   1.1818238e-02
   1.1972143e-02
   1.2506546e-02
   1.2213382e-02
   1.2120298e-02
   1.2996812e-02
   1.3426200e-02
   1.3740557e-02
   1.2139904e-02
   1.3778370e-02
   1.2832106e-02
   1.1464226e-02
   1.2314213e-02
   1.3705832e-02
   1.4141636e-02
   1.1631849e-02
   1.2293030e-02
   1.2300645e-02
   1.1174944e-02
   1.1870580e-02
   1.1517927e-02
   1.1487258e-02
   1.2244418e-02
   1.2843584e-02
   1.1387939e-02
   1.1719451e-02
   1.2484226e-02
   1.3772608e-02
   1.1926617e-02
   1.3450471e-02
   1.2250378e-02
   1.3460101e-02
   1.3246164e-02
   1.2058658e-02
   1.3015688e-02
   1.4406210e-02
   1.3185543e-02
   1.2354737e-02
   1.1691804e-02
   1.1308872e-02
   1.3161445e-02
   1.2195129e-02
   1.3034271e-02
   1.1858470e-02
   1.2440004e-02
   1.2489435e-02
   1.2168200e-02
   1.2882364e-02
   1.2818947e-02
   1.2582095e-02
   1.2009845e-02
   1.1571061e-02
   1.4198494e-02
   1.2148844e-02
   1.1749981e-02
   1.1570629e-02
   1.1536577e-02
   1.2814863e-02
   1.2404546e-02
   1.2114713e-02
   1.2721153e-02
   1.1406248e-02
   1.2776179e-02
   1.3147522e-02
   1.2300918e-02
   1.2276826e-02
   1.4084955e-02
   1.4163576e-02
   1.3284945e-02
   1.3046452e-02
   1.1511855e-02
   1.3124740e-02
   1.3079924e-02
   1.2157526e-02
   1.3095672e-02
   1.2142739e-02
   1.2249025e-02
   1.2602279e-02
   1.1666245e-02
   1.3008470e-02
   1.3860116e-02
   1.2462463e-02
   1.3815489e-02
   1.4097413e-02
   1.2316994e-02
   1.4244067e-02
   1.1946438e-02
   1.3804232e-02
   1.2861379e-02
   1.1783228e-02
   1.2347068e-02
   1.2206403e-02
   1.2026503e-02
   1.1854074e-02
   1.2938383e-02
   1.1826559e-02
   1.3640476e-02
   1.1532121e-02
   1.2658130e-02
   1.1679319e-02
   1.3322092e-02
   1.2282685e-02
   1.2105813e-02
   1.1786593e-02
   1.2504080e-02
   1.3044661e-02
   1.2951554e-02
   1.2216591e-02
   1.2124969e-02
   1.1548529e-02
   1.4107385e-02
   1.2361300e-02
   1.2668848e-02
   1.2276751e-02
   1.2209952e-02
   1.2514085e-02
   1.1450527e-02
   1.1475561e-02
   1.2841926e-02
   1.3228998e-02
   1.1794141e-02
   1.2349570e-02
   1.3342324e-02
   1.1995339e-02
   1.2130064e-02
   1.2961133e-02
   1.1633467e-02
   1.2774845e-02
   1.2309504e-02
   1.2473875e-02
   1.1940453e-02
   1.3900077e-02
   1.2792122e-02
   1.2023039e-02
   1.3439225e-02
   1.3162957e-02
   1.1522842e-02
   1.2635984e-02
   1.1851218e-02
   1.2385429e-02
   1.2431343e-02
   1.2208032e-02
   1.3835786e-02
   1.2314774e-02
   1.1801384e-02
   1.3761681e-02
   1.1441585e-02
   1.2809659e-02
   1.1431584e-02
   1.3608466e-02
   1.2249418e-02
   1.2185569e-02
   1.1881286e-02
   1.1465987e-02
   1.2192691e-02
   1.1965585e-02
   1.3627619e-02
   1.3701630e-02
   1.4076160e-02
   1.2162828e-02
   1.2388677e-02
   1.3415323e-02
   1.2216862e-02
   1.2561894e-02
   1.2293468e-02
   1.1401193e-02
   1.2183108e-02
   1.2110150e-02
   1.2644935e-02
   1.3254492e-02
   1.1820741e-02
   1.3734191e-02
   1.3999885e-02
   1.3350287e-02
   1.1543311e-02
   1.2059955e-02
   1.2305602e-02
   1.3154496e-02
   1.1713871e-02
   1.2622019e-02
   1.3798465e-02
   1.3138058e-02
   1.1861261e-02
   1.3098144e-02
   1.2077173e-02
   1.1218003e-02
   1.2340832e-02
   1.3021605e-02
   1.2291000e-02
   1.1869396e-02
   1.2234186e-02
   1.2003966e-02
   1.2944434e-02
   1.3438584e-02
   1.1957717e-02
   1.2540248e-02
   1.1606331e-02
   1.2505430e-02
   1.2473386e-02
   1.2981887e-02
   1.2392624e-02
   1.2275510e-02
   1.4001165e-02
   1.1278251e-02
   1.2491640e-02
   1.1480438e-02
   1.3107822e-02
   1.1921590e-02
   1.2888759e-02
   1.1547384e-02
   1.2867022e-02
   1.3130541e-02
   1.2128347e-02
   1.2655686e-02
   1.3016645e-02
   1.1820830e-02
   1.1911446e-02
   1.3610668e-02
   1.2681945e-02
