   3.1447180e-02
   3.1665114e-02
   3.1026493e-02
   3.1594199e-02
   3.1732487e-02
   3.0522434e-02
   3.1734685e-02
   3.1484451e-02
   3.1732967e-02
   3.0716276e-02
   3.0738982e-02
   3.1604761e-02
   3.1607013e-02
   3.1528123e-02
   3.0669500e-02
   3.1281025e-02
   3.1690308e-02
   3.0832544e-02
   3.1055227e-02
   3.1730528e-02
   3.1224929e-02
   3.1470703e-02
   3.1700540e-02
   3.1278371e-02
   3.0613500e-02
   3.0881374e-02
   3.0637506e-02
   3.1415822e-02
   3.1688565e-02
   3.1675795e-02
   3.1550111e-02
   3.1491522e-02
   3.1561805e-02
   3.1276328e-02
   3.0650513e-02
   3.1488439e-02
   3.1630861e-02
   3.1387253e-02
   3.1136836e-02
   3.1581179e-02
   3.0829319e-02
   3.1616272e-02
   3.1480827e-02
   3.1524349e-02
   3.1448154e-02
   3.1301294e-02
   3.0822558e-02
   3.1555988e-02
   3.1526661e-02
   3.1157033e-02
   3.0547877e-02
   3.1586745e-02
   3.0774373e-02
   3.1426747e-02
   3.1732888e-02
   3.1640117e-02
   3.1477447e-02
   3.0937618e-02
   3.1296023e-02
   3.1485442e-02
   3.1734139e-02
   3.1147823e-02
   3.1486613e-02
   3.1523224e-02
   3.0879590e-02
   3.1461508e-02
   3.1133320e-02
   3.0567757e-02
   3.0554241e-02
   3.1725975e-02
   3.0706443e-02
   3.1315412e-02
   3.0510860e-02
   3.0733033e-02
   3.1729171e-02
   3.0621425e-02
   3.0917147e-02
   3.1727219e-02
   3.1270672e-02
   3.0855762e-02
   3.1512738e-02
   3.1490633e-02
   3.0522645e-02
   3.1456718e-02
   3.1550834e-02
   3.1510132e-02
   3.1182639e-02
   3.1719948e-02
   3.0878484e-02
   3.1323475e-02
   3.0956100e-02
   3.1141922e-02
   3.1718302e-02
   3.1363033e-02
   3.0736787e-02
   3.1056739e-02
   3.0559518e-02
   3.1102001e-02
   3.1734683e-02
   3.1511294e-02
   3.1734805e-02
   3.0822235e-02
   3.1401159e-02
   3.1581715e-02
   3.1033926e-02
   3.1099704e-02
   3.0546010e-02
   3.1449492e-02
   3.1491375e-02
   3.1095376e-02
   3.0503110e-02
   3.1703802e-02
   3.1462544e-02
   3.0795093e-02
   3.1552348e-02
   3.1378591e-02
   3.0733902e-02
   3.1356381e-02
   3.0726665e-02
   3.1713626e-02
   3.1612309e-02
   3.1479487e-02
   3.1732442e-02
   3.0780301e-02
   3.1443280e-02
   3.1191778e-02
   3.1417875e-02
   3.0643128e-02
   3.0728118e-02
   3.1441177e-02
   3.0602089e-02
   3.1438844e-02
   3.0531872e-02
   3.1539594e-02
   3.1642294e-02
   3.1273747e-02
   3.1715836e-02
   3.1057966e-02
   3.1084537e-02
   3.0840809e-02
   3.0773723e-02
   3.1218152e-02
   3.0710557e-02
   3.1726569e-02
   3.1733673e-02
   3.1520630e-02
   3.0930600e-02
   3.1519219e-02
   3.1601377e-02
   3.0969563e-02
   3.0579393e-02
   3.1531769e-02
   3.1664552e-02
   3.1447282e-02
   3.1729002e-02
   3.1517872e-02
   3.1489191e-02
   3.1516912e-02
   3.1494667e-02
   3.1116054e-02
   3.1475246e-02
   3.0612821e-02
   3.1694813e-02
   3.1727955e-02
   3.1564380e-02
   3.0533025e-02
   3.1651261e-02
   3.1676212e-02
   3.1550124e-02
   3.1259508e-02
   3.1629085e-02
   3.1479075e-02
   3.0592390e-02
   3.1651674e-02
   3.0502068e-02
   3.1491911e-02
   3.0498000e-02
   3.1698895e-02
   3.0567784e-02
   3.1475454e-02
   3.0958993e-02
   3.0621284e-02
   3.1726717e-02
   3.1210356e-02
   3.0574184e-02
   3.1423530e-02
   3.0705770e-02
   3.1025902e-02
   3.1482710e-02
   3.1586096e-02
   3.0592537e-02
   3.1734013e-02
   3.1537778e-02
   3.1452481e-02
   3.1435653e-02
   3.1712550e-02
   3.0726271e-02
   3.1312324e-02
   3.1700578e-02
   3.1411663e-02
   3.1578602e-02
   3.1364920e-02
   3.0551031e-02
   3.1540265e-02
   3.1500661e-02
   3.1729393e-02
   3.1214934e-02
   3.1609720e-02
   3.0976377e-02
   3.1625746e-02
   3.1602257e-02
   3.1673204e-02
   3.0655446e-02
   3.0937021e-02
   3.1316500e-02
   3.1728651e-02
   3.1283787e-02
   3.1623016e-02
   3.1664995e-02
   3.1464730e-02
   3.0535908e-02
   3.0638729e-02
   3.0593631e-02
   3.0848436e-02
   3.1225829e-02
   3.1699908e-02
   3.1734706e-02
   3.1447742e-02
   3.1690491e-02
   3.0854724e-02
   3.1728410e-02
   3.1446308e-02
   3.1473632e-02
   3.1017776e-02
   3.1729963e-02
   3.1570282e-02
   3.1636153e-02
   3.1175391e-02
   3.1689366e-02
   3.1181803e-02
   3.1122476e-02
   3.0532596e-02
   3.0939616e-02
   3.1586212e-02
   3.1036748e-02
   3.1732093e-02
   3.0582898e-02
   3.1185312e-02
   3.1514410e-02
   3.0993815e-02
   3.1548199e-02
   3.1731360e-02
   3.1095461e-02
   3.1271120e-02
   3.0839072e-02
   3.1703917e-02
   3.0903944e-02
   3.1471828e-02
   3.1580879e-02
   3.0581825e-02
   3.1701684e-02
   3.0580039e-02
   3.1269954e-02
   3.1734069e-02
   3.1677852e-02
   3.1452739e-02
   3.1729134e-02
   3.0726417e-02
   3.1731905e-02
   3.1686871e-02
   3.0872130e-02
   3.1053357e-02
   3.0990946e-02
   3.1653107e-02
   3.1631230e-02
   3.1172721e-02
   3.1637712e-02
   3.1651853e-02
   3.0708960e-02
   3.0682556e-02
   3.0584853e-02
   3.1593475e-02
   3.1154353e-02
   3.1326700e-02
   3.0620752e-02
   3.0858229e-02
   3.1476315e-02
   3.0626154e-02
   3.1483271e-02
   3.1453579e-02
   3.1414108e-02
   3.1624752e-02
   3.1630940e-02
   3.1705173e-02
   3.1581785e-02
   3.0947945e-02
   3.1462611e-02
   3.0621663e-02
   3.1541968e-02
   3.1618787e-02
