   1.8795404e-01
   1.5968566e-01
   1.4741846e-01
   1.5407407e-01
   1.4411451e-01
   1.5180776e-01
   1.5459846e-01
   1.6771213e-01
   1.5792567e-01
   1.4255639e-01
   1.5113711e-01
   1.6984646e-01
   1.5523896e-01
   1.4091249e-01
   1.5078410e-01
   1.4929541e-01
   1.5114324e-01
   1.4561445e-01
   1.8792919e-01
   1.7665851e-01
   1.9252155e-01
   1.5359630e-01
   1.6863923e-01
   1.5103572e-01
   1.5553309e-01
   1.5183149e-01
   1.6565622e-01
   1.5088478e-01
   1.6952617e-01
   1.5019443e-01
   1.6233748e-01
   1.5406637e-01
   1.5536172e-01
   1.5308039e-01
   1.7818411e-01
   1.7034921e-01
   1.5125846e-01
   1.5629984e-01
   1.6810262e-01
   1.5977731e-01
   1.5126891e-01
   1.6849951e-01
   1.6837896e-01
   1.7573355e-01
   1.4375846e-01
   1.7851261e-01
   1.7525666e-01
   1.7062334e-01
   1.7680054e-01
   1.6089028e-01
   1.6392730e-01
   1.4592902e-01
   1.6183023e-01
   1.5908931e-01
   1.6631745e-01
   1.7430476e-01
   1.4517426e-01
   1.4992379e-01
   1.7551798e-01
   1.4566069e-01
   1.5731548e-01
   1.5997677e-01
   1.4810252e-01
   1.5535322e-01
   1.6931433e-01
   1.4653550e-01
   1.6258892e-01
   1.5425609e-01
   1.6509702e-01
   1.4859953e-01
   1.7482722e-01
   1.8651212e-01
   1.6263680e-01
   1.6417561e-01
   1.5900277e-01
   1.6137397e-01
   1.5108377e-01
   1.6752059e-01
   1.5513285e-01
   1.5171136e-01
   1.5063856e-01
   1.5343181e-01
   1.5874077e-01
   1.4934621e-01
   1.5976727e-01
   1.7040028e-01
   1.5637418e-01
   1.6634211e-01
   1.7890558e-01
   1.5595287e-01
   1.8112499e-01
   1.6560319e-01
   1.7526280e-01
   1.6840936e-01
   1.6059185e-01
   1.4788418e-01
   1.7606640e-01
   1.6086453e-01
   1.7672900e-01
   1.4327025e-01
   1.4719077e-01
   1.4671670e-01
   1.7832836e-01
   1.8754806e-01
   1.6123046e-01
   1.8039203e-01
   1.3958574e-01
   1.5944788e-01
   1.5115298e-01
   1.6932336e-01
   1.6524912e-01
   1.4777179e-01
   1.4787851e-01
   1.5999993e-01
   1.3981546e-01
   1.8202154e-01
   1.5818389e-01
   1.7297248e-01
   1.7566790e-01
   1.8492777e-01
   1.6249976e-01
   1.5357320e-01
   1.4455530e-01
   1.8340918e-01
   1.5250805e-01
   1.5454302e-01
   1.6740107e-01
   1.5575981e-01
   1.5392596e-01
   1.7229675e-01
   1.5401186e-01
   1.4427968e-01
   1.6573902e-01
   1.5337222e-01
   1.5261532e-01
   1.5424959e-01
   1.4056171e-01
   1.4609781e-01
   1.8277118e-01
   1.6384869e-01
   1.5027219e-01
   1.6910991e-01
   1.8633723e-01
   1.5245868e-01
   1.8704972e-01
   1.4645046e-01
   1.6054588e-01
   1.7495377e-01
   1.6333901e-01
   1.7885718e-01
   1.5492245e-01
   1.5158337e-01
   1.7500927e-01
   1.4615907e-01
   1.4673325e-01
   1.4595440e-01
   1.5188433e-01
   1.4980224e-01
   1.5509348e-01
   1.7063913e-01
   1.5114621e-01
   1.8559290e-01
   1.5166999e-01
   1.4471202e-01
   1.7313589e-01
   1.4095177e-01
   1.5194030e-01
   1.7241147e-01
   1.5275906e-01
   1.5948322e-01
   1.5098000e-01
   1.4386295e-01
   1.4593726e-01
   1.9059588e-01
   1.5724434e-01
   1.4477067e-01
   1.5323973e-01
   1.7012233e-01
   1.6726797e-01
   1.6976448e-01
   1.5946623e-01
   1.8246100e-01
   1.7808924e-01
   1.5413053e-01
   1.7152961e-01
   1.7463470e-01
   1.8698448e-01
   1.5559845e-01
   1.5137016e-01
   1.5234085e-01
   1.5735545e-01
   1.4931703e-01
   1.8431577e-01
   1.6427960e-01
   1.5556675e-01
   1.7006546e-01
   1.6187608e-01
   1.5099851e-01
   1.6781502e-01
   1.5506035e-01
   1.6211289e-01
   1.4625248e-01
   1.4599619e-01
   1.5104886e-01
   1.7344689e-01
   1.5421779e-01
   1.4412331e-01
   1.7632190e-01
   1.6533579e-01
   1.4760286e-01
   1.7574280e-01
   1.5251909e-01
   1.6353957e-01
   1.5140466e-01
   1.8228727e-01
   1.5408593e-01
   1.4054488e-01
   1.6961187e-01
   1.5156853e-01
   1.5090753e-01
   1.6131871e-01
   1.7851893e-01
   1.5932322e-01
   1.7968692e-01
   1.8250001e-01
   1.7528435e-01
   1.8705387e-01
   1.7407090e-01
   1.8339308e-01
   1.5143943e-01
   1.5388364e-01
   1.5050334e-01
   1.4965137e-01
   1.4098727e-01
   1.5330557e-01
   1.4763597e-01
   1.6888511e-01
   1.5539157e-01
   1.7113671e-01
   1.7665035e-01
   1.6102381e-01
   1.6188266e-01
   1.5345542e-01
   1.6193932e-01
   1.8217465e-01
   1.5386686e-01
   1.4511006e-01
   1.5819623e-01
   1.4407783e-01
   1.5194076e-01
   1.6328058e-01
   1.8188603e-01
   1.4415457e-01
   1.4183390e-01
   1.3920983e-01
   1.5627168e-01
   1.5450978e-01
   1.5913459e-01
   1.4947551e-01
   1.6577853e-01
   1.7032871e-01
   1.4650396e-01
   1.5284685e-01
   1.6736796e-01
   1.5335171e-01
   1.4672536e-01
   1.5499164e-01
   1.8028199e-01
   1.5762490e-01
   1.6508254e-01
   1.6933021e-01
   1.7101234e-01
   1.6011447e-01
   1.8721887e-01
   1.4808045e-01
   1.5334937e-01
   1.8091662e-01
   1.5954067e-01
   1.7228051e-01
   1.4287916e-01
   1.4791301e-01
   1.7054138e-01
   1.4336688e-01
   1.4129711e-01
   1.5285241e-01
   1.7372979e-01
   1.8223557e-01
   1.7194847e-01
   1.7349954e-01
   1.6344415e-01
   1.7353573e-01
   1.7031536e-01
   1.5396625e-01
   1.6953519e-01
   1.5201324e-01
   1.6850793e-01
   1.4372124e-01
   1.7621342e-01
   1.7876907e-01
   1.7741444e-01
