   1.6421772e-02
   1.6423875e-02
   1.6473847e-02
   1.6402172e-02
   1.6651263e-02
   1.6467143e-02
   1.6651596e-02
   1.6556309e-02
   1.6632628e-02
   1.6541129e-02
   1.6643247e-02
   1.6380380e-02
   1.6386749e-02
   1.6424538e-02
   1.6386356e-02
   1.6610778e-02
   1.6570696e-02
   1.6543324e-02
   1.6455222e-02
   1.6494767e-02
   1.6656713e-02
   1.6366580e-02
   1.6577184e-02
   1.6463472e-02
   1.6560814e-02
   1.6391663e-02
   1.6555139e-02
   1.6452237e-02
   1.6426669e-02
   1.6512375e-02
   1.6582301e-02
   1.6319488e-02
   1.6459618e-02
   1.6582629e-02
   1.6335835e-02
   1.6659317e-02
   1.6320087e-02
   1.6552730e-02
   1.6443599e-02
   1.6519012e-02
   1.6612248e-02
   1.6649042e-02
   1.6514458e-02
   1.6662838e-02
   1.6383259e-02
   1.6642548e-02
   1.6668632e-02
   1.6586697e-02
   1.6519145e-02
   1.6558237e-02
   1.6643020e-02
   1.6646114e-02
   1.6443753e-02
   1.6594830e-02
   1.6481508e-02
   1.6642869e-02
   1.6566629e-02
   1.6656705e-02
   1.6671991e-02
   1.6651633e-02
   1.6651173e-02
   1.6443056e-02
   1.6468037e-02
   1.6632616e-02
   1.6362081e-02
   1.6421620e-02
   1.6635954e-02
   1.6448455e-02
   1.6360798e-02
   1.6520056e-02
   1.6489451e-02
   1.6641882e-02
   1.6361946e-02
   1.6616857e-02
   1.6345537e-02
   1.6458777e-02
   1.6487509e-02
   1.6651823e-02
   1.6485100e-02
   1.6643079e-02
   1.6421597e-02
   1.6466292e-02
   1.6496792e-02
   1.6450077e-02
   1.6651949e-02
   1.6651879e-02
   1.6656177e-02
   1.6469462e-02
   1.6339111e-02
   1.6636548e-02
   1.6371183e-02
   1.6482565e-02
   1.6660924e-02
   1.6323458e-02
   1.6526881e-02
   1.6567891e-02
   1.6668361e-02
   1.6415083e-02
   1.6647107e-02
   1.6435815e-02
   1.6386216e-02
   1.6661839e-02
   1.6432557e-02
   1.6381800e-02
   1.6351253e-02
   1.6507178e-02
   1.6382623e-02
   1.6645955e-02
   1.6594004e-02
   1.6642894e-02
   1.6368297e-02
   1.6629559e-02
   1.6594832e-02
   1.6651234e-02
   1.6485954e-02
   1.6500034e-02
   1.6645830e-02
   1.6456495e-02
   1.6635416e-02
   1.6606398e-02
   1.6649035e-02
   1.6577330e-02
   1.6632631e-02
   1.6437448e-02
   1.6482196e-02
   1.6627671e-02
   1.6540533e-02
   1.6651844e-02
   1.6566975e-02
   1.6495721e-02
   1.6441771e-02
   1.6477097e-02
   1.6656875e-02
   1.6343934e-02
   1.6468708e-02
   1.6570280e-02
   1.6672749e-02
   1.6570363e-02
   1.6507259e-02
   1.6582709e-02
   1.6392211e-02
   1.6516358e-02
   1.6595730e-02
   1.6590950e-02
   1.6506707e-02
   1.6598672e-02
   1.6651218e-02
   1.6667759e-02
   1.6491074e-02
   1.6463354e-02
   1.6351237e-02
   1.6478867e-02
   1.6420018e-02
   1.6329226e-02
   1.6659200e-02
   1.6529557e-02
   1.6324072e-02
   1.6615957e-02
   1.6656444e-02
   1.6551647e-02
   1.6382544e-02
   1.6653744e-02
   1.6489841e-02
   1.6342930e-02
   1.6350285e-02
   1.6558305e-02
   1.6514276e-02
   1.6647696e-02
   1.6643833e-02
   1.6503021e-02
   1.6651213e-02
   1.6613888e-02
   1.6417023e-02
   1.6449454e-02
   1.6423465e-02
   1.6360415e-02
   1.6412916e-02
   1.6414000e-02
   1.6644200e-02
   1.6480106e-02
   1.6571618e-02
   1.6648918e-02
   1.6667275e-02
   1.6475454e-02
   1.6397911e-02
   1.6653877e-02
   1.6577015e-02
   1.6584442e-02
   1.6476656e-02
   1.6652096e-02
   1.6651803e-02
   1.6473575e-02
   1.6632616e-02
   1.6634988e-02
   1.6356967e-02
   1.6556470e-02
   1.6461734e-02
   1.6453982e-02
   1.6655879e-02
   1.6481545e-02
   1.6651887e-02
   1.6586238e-02
   1.6578739e-02
   1.6346275e-02
   1.6627203e-02
   1.6646216e-02
   1.6433896e-02
   1.6662628e-02
   1.6596975e-02
   1.6471205e-02
   1.6489118e-02
   1.6486143e-02
   1.6450661e-02
   1.6359123e-02
   1.6672873e-02
   1.6451098e-02
   1.6623339e-02
   1.6334138e-02
   1.6662778e-02
   1.6651865e-02
   1.6651613e-02
   1.6515668e-02
   1.6618419e-02
   1.6364738e-02
   1.6325022e-02
   1.6422353e-02
   1.6368164e-02
   1.6468152e-02
   1.6363407e-02
   1.6528077e-02
   1.6651202e-02
   1.6517569e-02
   1.6475413e-02
   1.6560815e-02
   1.6364883e-02
   1.6317919e-02
   1.6490196e-02
   1.6457923e-02
   1.6420876e-02
   1.6375398e-02
   1.6560551e-02
   1.6430135e-02
   1.6492880e-02
   1.6669721e-02
   1.6481563e-02
   1.6352272e-02
   1.6645473e-02
   1.6359695e-02
   1.6361615e-02
   1.6449436e-02
   1.6642815e-02
   1.6338157e-02
   1.6484877e-02
   1.6620861e-02
   1.6395710e-02
   1.6651803e-02
   1.6653264e-02
   1.6344841e-02
   1.6650581e-02
   1.6490442e-02
   1.6647052e-02
   1.6534583e-02
   1.6501316e-02
   1.6351758e-02
   1.6537739e-02
   1.6401888e-02
   1.6651172e-02
   1.6470783e-02
   1.6573166e-02
   1.6362533e-02
   1.6587449e-02
   1.6318535e-02
   1.6419202e-02
   1.6319613e-02
   1.6407453e-02
   1.6412154e-02
   1.6358569e-02
   1.6571474e-02
   1.6556798e-02
   1.6479249e-02
   1.6590163e-02
   1.6458571e-02
   1.6607974e-02
   1.6489859e-02
   1.6420443e-02
   1.6624991e-02
   1.6368733e-02
   1.6673325e-02
   1.6571593e-02
   1.6499421e-02
   1.6571794e-02
   1.6494792e-02
   1.6326724e-02
   1.6658935e-02
   1.6656188e-02
   1.6471212e-02
   1.6322208e-02
   1.6487918e-02
   1.6446282e-02
   1.6600588e-02
