   1.8531978e-02
   1.5758266e-02
   1.7136327e-02
   1.8970340e-02
   1.7186580e-02
   1.5117949e-02
   1.6176390e-02
   1.7698913e-02
   1.6312734e-02
   2.0090862e-02
   1.8262313e-02
   1.8081243e-02
   1.5222740e-02
   1.4998799e-02
   1.7409903e-02
   1.9081728e-02
   1.8541973e-02
   1.7951510e-02
   1.5211879e-02
   1.9042167e-02
   1.7730608e-02
   1.5449603e-02
   1.8054833e-02
   1.4863587e-02
   1.6557236e-02
   1.8309352e-02
   1.8929807e-02
   1.8687338e-02
   1.9815718e-02
   1.7085178e-02
   1.5642661e-02
   1.9231998e-02
   1.8123314e-02
   1.6833491e-02
   1.9684635e-02
   1.7104039e-02
   1.5228204e-02
   1.7486023e-02
   1.5464097e-02
   2.0190659e-02
   1.8128750e-02
   2.0170710e-02
   2.0179896e-02
   1.6519133e-02
   1.5444594e-02
   1.5200705e-02
   1.8364117e-02
   2.0155944e-02
   1.7294957e-02
   1.7491120e-02
   1.5803536e-02
   2.0103104e-02
   1.7906095e-02
   1.5225301e-02
   1.5789485e-02
   2.0132049e-02
   1.4975679e-02
   1.8407951e-02
   1.6887138e-02
   1.5943744e-02
   1.9252066e-02
   1.6588526e-02
   1.7427342e-02
   1.7890362e-02
   1.8258805e-02
   1.7038925e-02
   1.7395270e-02
   1.5471848e-02
   1.8380846e-02
   1.6203857e-02
   1.8901261e-02
   1.9748004e-02
   1.7956267e-02
   1.7400633e-02
   1.5189009e-02
   1.6801505e-02
   1.7126291e-02
   1.5818213e-02
   1.7375518e-02
   1.7061782e-02
   1.6204719e-02
   1.6539945e-02
   1.5570610e-02
   1.8069940e-02
   1.9586679e-02
   1.8041106e-02
   1.9179606e-02
   1.8882853e-02
   1.9567910e-02
   1.7328184e-02
   1.5518805e-02
   1.7306411e-02
   1.5738193e-02
   1.8864256e-02
   1.8760738e-02
   1.5212993e-02
   1.8742000e-02
   1.4973704e-02
   1.5139818e-02
   1.7244828e-02
   1.6813905e-02
   1.6583917e-02
   1.8289851e-02
   1.8669233e-02
   1.5489142e-02
   1.5312207e-02
   1.7105936e-02
   1.5615729e-02
   1.4847101e-02
   1.8927522e-02
   1.6212425e-02
   1.8198130e-02
   1.4999518e-02
   1.6707228e-02
   1.7326369e-02
   1.5234507e-02
   1.9630912e-02
   1.8910876e-02
   1.4859810e-02
   1.5408169e-02
   1.6198358e-02
   1.6212555e-02
   1.8036282e-02
   1.7669106e-02
   1.8277178e-02
   1.9713583e-02
   1.8273189e-02
   1.5018351e-02
   1.8372948e-02
   1.6298161e-02
   1.5128229e-02
   1.6783469e-02
   1.7232296e-02
   1.6140975e-02
   1.7698042e-02
   1.6853485e-02
   1.5361597e-02
   1.9218451e-02
   1.7409601e-02
   1.8997368e-02
   1.5509096e-02
   1.6623560e-02
   1.7391861e-02
   1.7799270e-02
   1.6511119e-02
   1.8155600e-02
   1.5456393e-02
   1.6184099e-02
   1.7582378e-02
   1.7333980e-02
   1.8033967e-02
   1.8062166e-02
   1.6924002e-02
   1.7750204e-02
   1.9868668e-02
   1.8623349e-02
   1.8421452e-02
   1.6276187e-02
   1.4850971e-02
   1.9338798e-02
   1.7836397e-02
   1.7384590e-02
   1.6795240e-02
   1.9057204e-02
   1.9231320e-02
   2.0057569e-02
   1.5710918e-02
   1.7364451e-02
   1.5421296e-02
   1.9916706e-02
   1.9302554e-02
   1.7439553e-02
   1.9976744e-02
   1.7847657e-02
   1.9706627e-02
   1.9924113e-02
   1.7581846e-02
   1.6680291e-02
   1.8225897e-02
   1.8089416e-02
   1.7950746e-02
   1.5780221e-02
   1.8075162e-02
   1.5711787e-02
   1.8793694e-02
   1.8150893e-02
   1.7501899e-02
   1.4964319e-02
   1.7787555e-02
   1.5365342e-02
   1.9707088e-02
   1.7192840e-02
   1.9925674e-02
   1.5610181e-02
   2.0056641e-02
   1.8243467e-02
   1.9278763e-02
   1.5894375e-02
   1.5489886e-02
   1.5133715e-02
   1.7450296e-02
   1.5244580e-02
   2.0122537e-02
   1.8235468e-02
   1.6905785e-02
   2.0086226e-02
   1.6478036e-02
   1.8163102e-02
   1.9048388e-02
   1.7576807e-02
   1.6420214e-02
   1.7449686e-02
   1.6000772e-02
   1.5028765e-02
   1.6270437e-02
   1.8509858e-02
   1.5219086e-02
   1.7942520e-02
   1.7740721e-02
   1.5150521e-02
   1.5902737e-02
   1.5469851e-02
   1.6464912e-02
   1.8431348e-02
   1.6240970e-02
   1.5519151e-02
   1.6709039e-02
   1.7283549e-02
   1.6168926e-02
   1.9135400e-02
   1.5717534e-02
   1.7385412e-02
   1.9460048e-02
   1.7936573e-02
   1.7262388e-02
   1.9426569e-02
   1.6139065e-02
   1.6038943e-02
   1.9634546e-02
   1.8693128e-02
   1.6993939e-02
   1.8551779e-02
   1.5495117e-02
   2.0174943e-02
   1.6264012e-02
   1.8166624e-02
   1.9418914e-02
   2.0016306e-02
   1.9847076e-02
   2.0135279e-02
   1.9611414e-02
   2.0084277e-02
   1.9066820e-02
   1.7180170e-02
   1.7197845e-02
   1.6435614e-02
   1.6866692e-02
   1.6341508e-02
   1.7904731e-02
   1.5047023e-02
   1.8241949e-02
   1.5188865e-02
   1.8806646e-02
   1.9948316e-02
   2.0182459e-02
   1.7861210e-02
   1.5559651e-02
   1.8831482e-02
   1.8049431e-02
   2.0154819e-02
   1.5244389e-02
   1.4845886e-02
   1.8754555e-02
   1.8406051e-02
   1.8371219e-02
   1.5595521e-02
   1.6018075e-02
   1.8194261e-02
   1.9792104e-02
   1.7220543e-02
   1.7250715e-02
   1.7307799e-02
   2.0113249e-02
   1.6088218e-02
   1.9625398e-02
   1.5758408e-02
   1.9298720e-02
   1.6285884e-02
   1.5986116e-02
   1.6572920e-02
   1.9596896e-02
   1.6334430e-02
   1.8066254e-02
   1.7638308e-02
   1.9158948e-02
   1.9932059e-02
   1.8690906e-02
   1.7606372e-02
   1.7792299e-02
   1.8779205e-02
