   2.8263600e-02
   2.8267368e-02
   2.8234342e-02
   2.8864246e-02
   2.8227728e-02
   2.8243118e-02
   2.8235303e-02
   2.8224754e-02
   2.8499691e-02
   2.8366042e-02
   2.8884079e-02
   2.8274592e-02
   2.8586907e-02
   2.8247970e-02
   2.8247875e-02
   2.8175713e-02
   2.8456962e-02
   2.8239574e-02
   2.8261655e-02
   2.8207732e-02
   2.8224983e-02
   2.8202816e-02
   2.8228192e-02
   2.8461545e-02
   2.8886768e-02
   2.8230188e-02
   2.8189633e-02
   2.8302316e-02
   2.8847278e-02
   2.8915001e-02
   2.8506787e-02
   2.8765714e-02
   2.8249631e-02
   2.8873732e-02
   2.8866358e-02
   2.8918143e-02
   2.8597348e-02
   2.8224904e-02
   2.8383204e-02
   2.8819460e-02
   2.8423418e-02
   2.8258762e-02
   2.8337196e-02
   2.8605077e-02
   2.8712129e-02
   2.8228955e-02
   2.8193206e-02
   2.8823805e-02
   2.8507330e-02
   2.8185723e-02
   2.8797044e-02
   2.8250315e-02
   2.8748055e-02
   2.8225283e-02
   2.8270934e-02
   2.8891543e-02
   2.8250521e-02
   2.8352911e-02
   2.8438890e-02
   2.8586277e-02
   2.8877580e-02
   2.8306617e-02
   2.8907049e-02
   2.8228064e-02
   2.8813031e-02
   2.8290669e-02
   2.8226994e-02
   2.8280444e-02
   2.8655712e-02
   2.8250260e-02
   2.8672596e-02
   2.8190123e-02
   2.8759238e-02
   2.8699770e-02
   2.8309636e-02
   2.8268635e-02
   2.8173811e-02
   2.8561587e-02
   2.8271123e-02
   2.8300885e-02
   2.8290054e-02
   2.8265842e-02
   2.8286380e-02
   2.8224612e-02
   2.8178002e-02
   2.8414133e-02
   2.8610603e-02
   2.8555351e-02
   2.8854379e-02
   2.8698254e-02
   2.8331249e-02
   2.8633187e-02
   2.8921165e-02
   2.8248033e-02
   2.8280058e-02
   2.8389665e-02
   2.8631495e-02
   2.8274558e-02
   2.8716815e-02
   2.8702797e-02
   2.8534334e-02
   2.8755997e-02
   2.8173425e-02
   2.8343795e-02
   2.8590040e-02
   2.8799168e-02
   2.8333801e-02
   2.8397212e-02
   2.8232052e-02
   2.8273468e-02
   2.8300682e-02
   2.8351317e-02
   2.8229137e-02
   2.8271578e-02
   2.8379370e-02
   2.8415541e-02
   2.8320726e-02
   2.8344903e-02
   2.8419944e-02
   2.8887208e-02
   2.8647013e-02
   2.8874161e-02
   2.8188632e-02
   2.8223779e-02
   2.8328115e-02
   2.8226045e-02
   2.8694674e-02
   2.8312080e-02
   2.8230142e-02
   2.8588862e-02
   2.8174244e-02
   2.8922723e-02
   2.8353988e-02
   2.8307147e-02
   2.8180784e-02
   2.8857305e-02
   2.8188801e-02
   2.8204024e-02
   2.8836485e-02
   2.8794902e-02
   2.8503271e-02
   2.8570121e-02
   2.8761576e-02
   2.8265822e-02
   2.8446014e-02
   2.8327298e-02
   2.8239161e-02
   2.8278498e-02
   2.8263348e-02
   2.8912170e-02
   2.8882864e-02
   2.8906931e-02
   2.8664407e-02
   2.8896028e-02
   2.8665412e-02
   2.8657864e-02
   2.8261321e-02
   2.8870194e-02
   2.8554255e-02
   2.8411431e-02
   2.8342581e-02
   2.8904485e-02
   2.8625078e-02
   2.8865537e-02
   2.8576145e-02
   2.8275986e-02
   2.8832467e-02
   2.8784418e-02
   2.8196972e-02
   2.8196339e-02
   2.8910155e-02
   2.8631913e-02
   2.8286989e-02
   2.8791322e-02
   2.8864060e-02
   2.8225318e-02
   2.8304281e-02
   2.8483942e-02
   2.8200867e-02
   2.8260089e-02
   2.8761969e-02
   2.8265512e-02
   2.8422181e-02
   2.8484648e-02
   2.8772903e-02
   2.8592774e-02
   2.8824299e-02
   2.8618614e-02
   2.8261210e-02
   2.8337933e-02
   2.8252244e-02
   2.8407782e-02
   2.8389100e-02
   2.8512577e-02
   2.8225701e-02
   2.8313903e-02
   2.8845914e-02
   2.8912218e-02
   2.8253928e-02
   2.8916148e-02
   2.8528604e-02
   2.8830976e-02
   2.8293073e-02
   2.8315256e-02
   2.8694372e-02
   2.8451250e-02
   2.8435968e-02
   2.8812789e-02
   2.8702865e-02
   2.8277127e-02
   2.8197178e-02
   2.8187242e-02
   2.8280312e-02
   2.8250583e-02
   2.8190071e-02
   2.8840756e-02
   2.8658941e-02
   2.8685775e-02
   2.8902608e-02
   2.8807199e-02
   2.8837268e-02
   2.8259147e-02
   2.8682080e-02
   2.8240485e-02
   2.8338088e-02
   2.8224671e-02
   2.8547504e-02
   2.8228721e-02
   2.8883941e-02
   2.8464901e-02
   2.8193804e-02
   2.8488710e-02
   2.8681521e-02
   2.8566061e-02
   2.8363957e-02
   2.8614156e-02
   2.8323376e-02
   2.8809684e-02
   2.8585637e-02
   2.8922962e-02
   2.8248741e-02
   2.8196696e-02
   2.8239402e-02
   2.8818364e-02
   2.8273549e-02
   2.8724742e-02
   2.8552309e-02
   2.8226620e-02
   2.8249630e-02
   2.8226653e-02
   2.8254412e-02
   2.8263512e-02
   2.8700704e-02
   2.8329980e-02
   2.8255618e-02
   2.8231621e-02
   2.8435277e-02
   2.8262419e-02
   2.8230371e-02
   2.8227399e-02
   2.8614964e-02
   2.8478973e-02
   2.8227569e-02
   2.8189109e-02
   2.8235152e-02
   2.8302967e-02
   2.8517257e-02
   2.8253614e-02
   2.8923373e-02
   2.8238848e-02
   2.8262752e-02
   2.8306487e-02
   2.8235349e-02
   2.8921927e-02
   2.8199467e-02
   2.8469573e-02
   2.8252648e-02
   2.8174234e-02
   2.8699348e-02
   2.8263159e-02
   2.8693913e-02
   2.8234447e-02
   2.8232741e-02
   2.8235609e-02
   2.8226167e-02
   2.8857410e-02
   2.8296685e-02
   2.8226010e-02
   2.8225686e-02
   2.8504057e-02
   2.8635811e-02
   2.8585078e-02
   2.8434002e-02
   2.8359036e-02
   2.8697775e-02
   2.8194702e-02
   2.8830576e-02
   2.8254302e-02
   2.8629513e-02
   2.8255321e-02
