   2.3909089e-02
   2.4017145e-02
   2.3572575e-02
   2.3582120e-02
   2.2076870e-02
   2.0553669e-02
   1.8314947e-02
   2.3279550e-02
   1.8378372e-02
   2.3593864e-02
   2.1801681e-02
   2.4006813e-02
   1.7376709e-02
   2.2323067e-02
   2.1856699e-02
   1.9030923e-02
   2.2752433e-02
   2.5758528e-02
   1.8204211e-02
   1.7429819e-02
   2.0494126e-02
   1.8054043e-02
   2.0745721e-02
   2.1561551e-02
   2.2300104e-02
   2.1345652e-02
   1.7215076e-02
   1.9856519e-02
   2.1573309e-02
   2.6501143e-02
   1.8504614e-02
   1.7439442e-02
   2.3536034e-02
   2.6980251e-02
   2.0678326e-02
   2.1362886e-02
   2.1140493e-02
   2.2019659e-02
   1.8108415e-02
   2.3978855e-02
   1.7111088e-02
   2.2055344e-02
   2.2652836e-02
   1.7332849e-02
   2.2467590e-02
   2.1918053e-02
   2.1466678e-02
   2.0954443e-02
   2.6884573e-02
   1.7909867e-02
   2.3972841e-02
   1.8440439e-02
   2.4994049e-02
   2.3460837e-02
   1.8630327e-02
   2.0060121e-02
   2.4600289e-02
   2.1353168e-02
   2.3327098e-02
   2.1506313e-02
   2.1621005e-02
   2.3206865e-02
   2.4574640e-02
   1.7917934e-02
   1.9658589e-02
   2.4968240e-02
   2.3676997e-02
   1.9414633e-02
   2.2821829e-02
   2.2211624e-02
   1.7559116e-02
   1.9757790e-02
   2.0859623e-02
   1.9060840e-02
   2.2325926e-02
   2.0721150e-02
   2.0288355e-02
   2.6668062e-02
   2.3378460e-02
   2.1177692e-02
   2.5324968e-02
   2.1282979e-02
   1.9657725e-02
   2.2259036e-02
   2.2321297e-02
   2.1974635e-02
   1.8930969e-02
   1.8980147e-02
   1.8582950e-02
   1.8357970e-02
   1.9919243e-02
   2.0465977e-02
   2.4628996e-02
   2.1549008e-02
   1.9896637e-02
   1.8182962e-02
   2.0456118e-02
   1.9644655e-02
   2.3902756e-02
   1.9741156e-02
   2.0308769e-02
   2.2225015e-02
   2.4306170e-02
   1.9703111e-02
   2.2328699e-02
   2.3117050e-02
   2.1461332e-02
   1.7735066e-02
   1.9181931e-02
   2.3502054e-02
   2.1534611e-02
   2.1840571e-02
   1.9108449e-02
   2.3393088e-02
   1.9425961e-02
   2.2630245e-02
   2.3949659e-02
   1.9477907e-02
   2.3850177e-02
   1.7781670e-02
   1.9685807e-02
   2.4169311e-02
   1.9050112e-02
   2.4643088e-02
   2.0332107e-02
   2.3157424e-02
   1.9279430e-02
   2.2322108e-02
   2.1560407e-02
   2.1147806e-02
   2.4071811e-02
   2.2716601e-02
   1.7486266e-02
   2.2011665e-02
   1.7420357e-02
   2.0876671e-02
   2.2791143e-02
   2.7133333e-02
   2.1572349e-02
   1.9106795e-02
   2.1155471e-02
   2.5726462e-02
   2.0971897e-02
   1.8874688e-02
   1.8944583e-02
   2.2819788e-02
   2.3646372e-02
   2.4264978e-02
   1.8124678e-02
   2.0854348e-02
   2.3921539e-02
   1.9411666e-02
   2.3008293e-02
   2.7063329e-02
   1.8340682e-02
   2.0598322e-02
   2.1583821e-02
   1.7873640e-02
   1.7766689e-02
   2.0016137e-02
   2.0642280e-02
   2.0292488e-02
   1.7521429e-02
   2.3054781e-02
   2.1083686e-02
   1.7368359e-02
   2.0894803e-02
   2.3842608e-02
   2.6312638e-02
   2.0510547e-02
   1.9125865e-02
   1.8349204e-02
   2.3699765e-02
   2.3509531e-02
   2.2322573e-02
   2.6321212e-02
   1.9989908e-02
   2.3240503e-02
   2.7096395e-02
   2.1132216e-02
   2.3963779e-02
   1.8199354e-02
   1.8078398e-02
   2.3655748e-02
   1.9523597e-02
   2.5324742e-02
   2.2771253e-02
   2.3831808e-02
   1.8337225e-02
   1.8558819e-02
   1.8023927e-02
   1.8852136e-02
   1.9431364e-02
   2.0576575e-02
   1.9671037e-02
   1.9314056e-02
   2.0733007e-02
   2.3525185e-02
   2.0876066e-02
   2.2601796e-02
   1.8560937e-02
   2.4394083e-02
   1.7716313e-02
   2.3350231e-02
   2.6935611e-02
   1.7216222e-02
   1.7341604e-02
   1.8020561e-02
   2.1218242e-02
   2.6456695e-02
   1.9174948e-02
   2.6126289e-02
   1.9808870e-02
   2.0344770e-02
   1.7299156e-02
   2.0984050e-02
   2.5184439e-02
   2.0217197e-02
   2.1272585e-02
   2.5414766e-02
   2.4866272e-02
   2.4796980e-02
   2.4082379e-02
   1.8668729e-02
   2.6367396e-02
   2.0972875e-02
   1.7756303e-02
   2.3801329e-02
   2.4528474e-02
   2.4022137e-02
   2.0401645e-02
   2.4419029e-02
   2.0365839e-02
   2.2201724e-02
   1.8010348e-02
   2.0566229e-02
   2.2289109e-02
   1.7864704e-02
   2.3920078e-02
   1.7623621e-02
   2.3698632e-02
   1.9975043e-02
   2.1491744e-02
   2.3353967e-02
   2.3968459e-02
   2.3692370e-02
   1.9986186e-02
   1.7139491e-02
   1.9161747e-02
   2.0642319e-02
   2.1771575e-02
   1.7363283e-02
   2.3422265e-02
   2.1766993e-02
   1.7991654e-02
   2.2821858e-02
   2.3228351e-02
   2.1882387e-02
   2.4088671e-02
   2.4250362e-02
   1.7792156e-02
   2.3945647e-02
   1.8164670e-02
   2.3643062e-02
   2.2446789e-02
   1.7163444e-02
   2.5368990e-02
   1.7281726e-02
   2.3310898e-02
   2.4401358e-02
   2.3029117e-02
   1.7643151e-02
   2.2895931e-02
   2.1002562e-02
   2.0082299e-02
   2.1627441e-02
   2.2231939e-02
   2.2168885e-02
   2.0548785e-02
   2.1070874e-02
   2.2536458e-02
   2.0542274e-02
   2.1093365e-02
   1.8153389e-02
   1.7308738e-02
   2.1962481e-02
   2.0050131e-02
   2.4985204e-02
   2.2586680e-02
   2.3454334e-02
   1.9248581e-02
   1.7877689e-02
   1.9225203e-02
   2.6192608e-02
   1.8962740e-02
   2.2287516e-02
   2.3168445e-02
   2.2200995e-02
   2.4316960e-02
   2.3077002e-02
