   2.2127726e-02
   2.2070476e-02
   2.2624247e-02
   2.2070191e-02
   2.2035103e-02
   2.2344066e-02
   2.2038542e-02
   2.1786727e-02
   2.1990381e-02
   2.2140108e-02
   2.1761525e-02
   2.2095053e-02
   2.1875542e-02
   2.2284264e-02
   2.2285370e-02
   2.2064979e-02
   2.2397460e-02
   2.2105835e-02
   2.1606042e-02
   2.1607119e-02
   2.2039702e-02
   2.2413148e-02
   2.2003533e-02
   2.2345626e-02
   2.1937570e-02
   2.2057043e-02
   2.2078489e-02
   2.1828634e-02
   2.2147404e-02
   2.2069441e-02
   2.2202920e-02
   2.2102181e-02
   2.1675221e-02
   2.2224048e-02
   2.2423396e-02
   2.1918544e-02
   2.1825141e-02
   2.2287081e-02
   2.2051749e-02
   2.2024595e-02
   2.2173177e-02
   2.1649801e-02
   2.2042857e-02
   2.2349481e-02
   2.2220788e-02
   2.2346263e-02
   2.2048864e-02
   2.2019876e-02
   2.1734710e-02
   2.2072820e-02
   2.2174288e-02
   2.1999740e-02
   2.2369791e-02
   2.2059634e-02
   2.1857849e-02
   2.2170221e-02
   2.2018034e-02
   2.2338514e-02
   2.1727681e-02
   2.2390698e-02
   2.2436735e-02
   2.2297395e-02
   2.2234643e-02
   2.2026449e-02
   2.1730016e-02
   2.2403404e-02
   2.2499958e-02
   2.2659401e-02
   2.2474634e-02
   2.1836597e-02
   2.1896321e-02
   2.2265616e-02
   2.2317309e-02
   2.2226110e-02
   2.2383318e-02
   2.2109720e-02
   2.2098597e-02
   2.2310221e-02
   2.2151699e-02
   2.1882038e-02
   2.2010993e-02
   2.2582059e-02
   2.2205371e-02
   2.2198590e-02
   2.2574809e-02
   2.2236618e-02
   2.2115286e-02
   2.1795157e-02
   2.1702118e-02
   2.2333187e-02
   2.2417324e-02
   2.2169893e-02
   2.2352301e-02
   2.2075657e-02
   2.2116285e-02
   2.2262951e-02
   2.1834970e-02
   2.2548962e-02
   2.2314037e-02
   2.2641990e-02
   2.2136750e-02
   2.2312691e-02
   2.2190707e-02
   2.2239524e-02
   2.2155950e-02
   2.2205333e-02
   2.2104999e-02
   2.2162356e-02
   2.1998943e-02
   2.2077934e-02
   2.2525243e-02
   2.2067585e-02
   2.1956217e-02
   2.2019179e-02
   2.2029032e-02
   2.2153789e-02
   2.2137010e-02
   2.1617534e-02
   2.2088942e-02
   2.2153667e-02
   2.2247357e-02
   2.2230792e-02
   2.1603188e-02
   2.2465378e-02
   2.2170639e-02
   2.1882129e-02
   2.2004176e-02
   2.2087923e-02
   2.2093559e-02
   2.2068278e-02
   2.1966315e-02
   2.1664198e-02
   2.1569275e-02
   2.2170676e-02
   2.2111139e-02
   2.2068562e-02
   2.1851055e-02
   2.2454320e-02
   2.2089920e-02
   2.1857556e-02
   2.1922920e-02
   2.1645321e-02
   2.2157617e-02
   2.2379119e-02
   2.2275861e-02
   2.2256060e-02
   2.2247698e-02
   2.2237884e-02
   2.2084651e-02
   2.2542404e-02
   2.2107480e-02
   2.2501001e-02
   2.2083293e-02
   2.2157418e-02
   2.2131733e-02
   2.1583532e-02
   2.2078341e-02
   2.2303262e-02
   2.1770693e-02
   2.2091739e-02
   2.2512735e-02
   2.2088851e-02
   2.2379857e-02
   2.1864213e-02
   2.2596931e-02
   2.1733772e-02
   2.1956865e-02
   2.2547462e-02
   2.2236263e-02
   2.2069446e-02
   2.1919481e-02
   2.2034600e-02
   2.2130131e-02
   2.2471799e-02
   2.1884601e-02
   2.2065752e-02
   2.2251902e-02
   2.1796613e-02
   2.1792853e-02
   2.1997448e-02
   2.2065136e-02
   2.2130346e-02
   2.1618702e-02
   2.2031308e-02
   2.2431714e-02
   2.2081674e-02
   2.2529019e-02
   2.2137380e-02
   2.1782292e-02
   2.2238845e-02
   2.2117801e-02
   2.2181394e-02
   2.1495041e-02
   2.1798560e-02
   2.2389967e-02
   2.2118442e-02
   2.2112165e-02
   2.2259464e-02
   2.1999038e-02
   2.2150985e-02
   2.1749723e-02
   2.2299443e-02
   2.2157122e-02
   2.2035441e-02
   2.1587297e-02
   2.2673140e-02
   2.1857462e-02
   2.2454463e-02
   2.2089531e-02
   2.2200933e-02
   2.1870879e-02
   2.1708318e-02
   2.2521337e-02
   2.2015313e-02
   2.2307042e-02
   2.2120901e-02
   2.1813686e-02
   2.2100032e-02
   2.2092411e-02
   2.2492268e-02
   2.2052405e-02
   2.2062068e-02
   2.1583407e-02
   2.2414066e-02
   2.2240721e-02
   2.1854290e-02
   2.2156471e-02
   2.1993927e-02
   2.2209371e-02
   2.2036911e-02
   2.2213813e-02
   2.1847597e-02
   2.2112192e-02
   2.2155781e-02
   2.2170308e-02
   2.2110925e-02
   2.2212863e-02
   2.2063672e-02
   2.2019830e-02
   2.2646706e-02
   2.2430434e-02
   2.2100875e-02
   2.2135822e-02
   2.1947364e-02
   2.1834970e-02
   2.2083106e-02
   2.1498942e-02
   2.2120158e-02
   2.2367004e-02
   2.2104430e-02
   2.2229685e-02
   2.1892933e-02
   2.2011785e-02
   2.2101873e-02
   2.2133510e-02
   2.2201761e-02
   2.1807250e-02
   2.1816253e-02
   2.1840832e-02
   2.2095139e-02
   2.2325166e-02
   2.1497256e-02
   2.2379432e-02
   2.2387048e-02
   2.2433871e-02
   2.2063190e-02
   2.2150149e-02
   2.2036002e-02
   2.2524451e-02
   2.1801502e-02
   2.2567979e-02
   2.1506040e-02
   2.2073946e-02
   2.2457030e-02
   2.1929545e-02
   2.1700516e-02
   2.2442034e-02
   2.1601728e-02
   2.2265405e-02
   2.1823783e-02
   2.2102163e-02
   2.2400847e-02
   2.2477473e-02
   2.2109395e-02
   2.2101967e-02
   2.2217208e-02
   2.2023148e-02
   2.1780479e-02
   2.2301459e-02
   2.1772670e-02
   2.2146282e-02
   2.2372862e-02
   2.2000257e-02
   2.1680493e-02
   2.2117292e-02
   2.2373545e-02
   2.1629593e-02
   2.2113145e-02
   2.2268064e-02
   2.2198531e-02
