   1.3574647e-02
   1.4233298e-02
   1.5466265e-02
   1.5115806e-02
   1.4385662e-02
   1.5203695e-02
   1.3447923e-02
   1.6825676e-02
   1.6170193e-02
   1.5190575e-02
   1.4632030e-02
   1.4752971e-02
   1.3835996e-02
   1.5217229e-02
   1.3613330e-02
   1.3503406e-02
   1.5368511e-02
   1.6107212e-02
   1.4328575e-02
   1.3541393e-02
   1.5881231e-02
   1.6448508e-02
   1.6193665e-02
   1.5451183e-02
   1.5155414e-02
   1.6193087e-02
   1.4175572e-02
   1.6028224e-02
   1.3474381e-02
   1.5371990e-02
   1.3499131e-02
   1.5707260e-02
   1.5261611e-02
   1.5862804e-02
   1.6058094e-02
   1.3320765e-02
   1.4504469e-02
   1.6639797e-02
   1.5922218e-02
   1.5328769e-02
   1.4811004e-02
   1.6767576e-02
   1.4615883e-02
   1.4516524e-02
   1.5901973e-02
   1.6142115e-02
   1.5988497e-02
   1.3801515e-02
   1.6709060e-02
   1.6409949e-02
   1.3401781e-02
   1.6640119e-02
   1.4711471e-02
   1.4022201e-02
   1.4228009e-02
   1.6579341e-02
   1.3333843e-02
   1.6468746e-02
   1.6744497e-02
   1.3471251e-02
   1.6629098e-02
   1.5591315e-02
   1.6453397e-02
   1.4456758e-02
   1.4008414e-02
   1.6625911e-02
   1.3673206e-02
   1.6478380e-02
   1.5161686e-02
   1.5964982e-02
   1.6780479e-02
   1.6267512e-02
   1.5926881e-02
   1.4012826e-02
   1.5436950e-02
   1.5152232e-02
   1.5208299e-02
   1.3989948e-02
   1.6327736e-02
   1.3638806e-02
   1.3652021e-02
   1.6281246e-02
   1.6232567e-02
   1.4036165e-02
   1.5899694e-02
   1.4338902e-02
   1.6165825e-02
   1.4505109e-02
   1.5396839e-02
   1.6579598e-02
   1.3285884e-02
   1.3504913e-02
   1.6692571e-02
   1.3893451e-02
   1.6693482e-02
   1.5741783e-02
   1.4850064e-02
   1.6107613e-02
   1.5453093e-02
   1.5653840e-02
   1.4423379e-02
   1.5800441e-02
   1.3723581e-02
   1.5675933e-02
   1.6449574e-02
   1.4332157e-02
   1.6127269e-02
   1.4626451e-02
   1.6794852e-02
   1.6250454e-02
   1.5165482e-02
   1.3280915e-02
   1.6102321e-02
   1.5994258e-02
   1.5731709e-02
   1.5349287e-02
   1.5166081e-02
   1.3719600e-02
   1.4949614e-02
   1.4375714e-02
   1.5342739e-02
   1.4577717e-02
   1.6423247e-02
   1.6644916e-02
   1.4144550e-02
   1.4096156e-02
   1.4604081e-02
   1.5433599e-02
   1.4333241e-02
   1.5667950e-02
   1.3609451e-02
   1.4493999e-02
   1.5757090e-02
   1.4956582e-02
   1.3572247e-02
   1.5544292e-02
   1.3652220e-02
   1.5594568e-02
   1.3861809e-02
   1.5534203e-02
   1.5936485e-02
   1.4494900e-02
   1.5613283e-02
   1.4861917e-02
   1.4610014e-02
   1.3482538e-02
   1.6077379e-02
   1.5614680e-02
   1.4433336e-02
   1.4294249e-02
   1.4734323e-02
   1.6364781e-02
   1.4316208e-02
   1.4170529e-02
   1.6210213e-02
   1.3685297e-02
   1.6629159e-02
   1.5086223e-02
   1.6077803e-02
   1.5236625e-02
   1.6092871e-02
   1.4597788e-02
   1.4408977e-02
   1.4322032e-02
   1.4910983e-02
   1.3384438e-02
   1.5339823e-02
   1.6836903e-02
   1.6308780e-02
   1.5895079e-02
   1.6176506e-02
   1.6430006e-02
   1.3363624e-02
   1.3870571e-02
   1.6683021e-02
   1.6785585e-02
   1.5804077e-02
   1.4413404e-02
   1.4473786e-02
   1.4762983e-02
   1.3358855e-02
   1.6438831e-02
   1.5871953e-02
   1.5352966e-02
   1.6307693e-02
   1.4012500e-02
   1.5476853e-02
   1.5356881e-02
   1.5451360e-02
   1.3571823e-02
   1.6345786e-02
   1.4810958e-02
   1.5594755e-02
   1.4176265e-02
   1.6008195e-02
   1.3897481e-02
   1.5193939e-02
   1.4520924e-02
   1.6664998e-02
   1.3562539e-02
   1.4061205e-02
   1.5003771e-02
   1.4294692e-02
   1.3656600e-02
   1.3676808e-02
   1.5580718e-02
   1.5248841e-02
   1.4338902e-02
   1.5648484e-02
   1.6345447e-02
   1.5392122e-02
   1.4233611e-02
   1.4304928e-02
   1.6286833e-02
   1.5964473e-02
   1.6385169e-02
   1.3653600e-02
   1.6068176e-02
   1.5914910e-02
   1.4256926e-02
   1.4036264e-02
   1.3509377e-02
   1.6453901e-02
   1.4026698e-02
   1.5126009e-02
   1.5268364e-02
   1.5614408e-02
   1.4510901e-02
   1.5223647e-02
   1.6594289e-02
   1.3470351e-02
   1.5232204e-02
   1.6381366e-02
   1.4877227e-02
   1.3478070e-02
   1.4939405e-02
   1.6289571e-02
   1.3826599e-02
   1.4547595e-02
   1.3818677e-02
   1.4255823e-02
   1.6267663e-02
   1.3657317e-02
   1.3583140e-02
   1.5752975e-02
   1.6054023e-02
   1.4965886e-02
   1.4127354e-02
   1.5040770e-02
   1.5077953e-02
   1.3524946e-02
   1.3975483e-02
   1.3999148e-02
   1.5761947e-02
   1.3751434e-02
   1.6359481e-02
   1.5005592e-02
   1.6276457e-02
   1.3388737e-02
   1.4359239e-02
   1.5402134e-02
   1.4594656e-02
   1.3495738e-02
   1.4586722e-02
   1.3381085e-02
   1.4509507e-02
   1.4401607e-02
   1.5381385e-02
   1.3827685e-02
   1.5612497e-02
   1.4832614e-02
   1.3639220e-02
   1.6523244e-02
   1.4514636e-02
   1.5950994e-02
   1.6518521e-02
   1.3304349e-02
   1.5411282e-02
   1.4525668e-02
   1.4017324e-02
   1.5056039e-02
   1.6734483e-02
   1.5937824e-02
   1.6098459e-02
   1.6566066e-02
   1.3520101e-02
   1.4984765e-02
   1.6432984e-02
   1.4695548e-02
   1.3821668e-02
   1.3388439e-02
   1.5357130e-02
   1.6036934e-02
   1.5299921e-02
   1.4046394e-02
   1.3579262e-02
   1.6202249e-02
   1.5663831e-02
   1.3380027e-02
   1.4429233e-02
