   8.3157315e-03
   7.9369003e-03
   7.9618534e-03
   7.9164434e-03
   8.1181269e-03
   7.9646861e-03
   8.3588142e-03
   7.9106965e-03
   8.4560724e-03
   8.5092364e-03
   7.9867921e-03
   8.0693540e-03
   8.2824659e-03
   8.1353990e-03
   8.2949436e-03
   8.3751310e-03
   8.3019958e-03
   8.1203997e-03
   8.7315888e-03
   8.4736964e-03
   7.9780000e-03
   8.2585471e-03
   8.8462147e-03
   8.4299839e-03
   8.0566244e-03
   8.8865846e-03
   8.8309013e-03
   8.5695951e-03
   8.4458549e-03
   8.1558829e-03
   8.7006037e-03
   8.1694003e-03
   8.0889773e-03
   7.9074544e-03
   7.9567598e-03
   7.9170941e-03
   8.4829011e-03
   7.9079000e-03
   8.5936872e-03
   8.3473708e-03
   7.9673742e-03
   8.7922164e-03
   7.9532518e-03
   8.1485085e-03
   7.9372458e-03
   8.1047821e-03
   7.9600484e-03
   8.7879151e-03
   8.8086610e-03
   8.0287604e-03
   8.1472175e-03
   8.5292714e-03
   7.9167170e-03
   8.0939889e-03
   7.9173111e-03
   7.9795352e-03
   8.6847984e-03
   8.2786988e-03
   8.0630683e-03
   8.4353331e-03
   8.2976870e-03
   7.9183398e-03
   8.5757969e-03
   8.0209432e-03
   8.0213819e-03
   7.9747639e-03
   8.5667414e-03
   8.1164758e-03
   8.0005028e-03
   8.8357895e-03
   8.6896142e-03
   8.5703932e-03
   7.9891207e-03
   8.3193760e-03
   8.7970001e-03
   8.2406550e-03
   8.6170732e-03
   8.1293099e-03
   8.0153336e-03
   8.3897223e-03
   8.2679287e-03
   8.0928022e-03
   8.4112441e-03
   8.3703060e-03
   8.7592165e-03
   8.0607774e-03
   8.7005397e-03
   8.5647511e-03
   7.9157636e-03
   8.1589212e-03
   8.6967011e-03
   8.3304894e-03
   8.0250010e-03
   8.0888005e-03
   8.1685169e-03
   8.0707770e-03
   8.1185886e-03
   7.9522630e-03
   8.4034620e-03
   8.2449006e-03
   7.9898942e-03
   8.7355954e-03
   8.2608967e-03
   8.1858829e-03
   8.4230584e-03
   8.7514900e-03
   8.0088414e-03
   8.1029139e-03
   8.5641064e-03
   8.3433307e-03
   8.3264640e-03
   8.7483834e-03
   7.9095345e-03
   8.7743922e-03
   8.7940281e-03
   8.8179883e-03
   8.0946580e-03
   7.9790635e-03
   8.1366623e-03
   8.1369898e-03
   7.9761802e-03
   8.3313592e-03
   8.8758971e-03
   7.9124835e-03
   8.6171237e-03
   8.0624719e-03
   8.5817550e-03
   8.7522594e-03
   8.3657905e-03
   7.9534575e-03
   8.0962467e-03
   7.9549406e-03
   8.1132271e-03
   8.6854014e-03
   8.4930496e-03
   8.0379951e-03
   8.0412787e-03
   8.5852029e-03
   8.0797035e-03
   8.2663692e-03
   7.9284791e-03
   8.1461789e-03
   8.1936906e-03
   8.0363124e-03
   8.6080177e-03
   8.7285412e-03
   8.6770512e-03
   7.9609137e-03
   8.6851088e-03
   7.9120587e-03
   7.9358462e-03
   7.9086173e-03
   8.6822139e-03
   8.0826215e-03
   8.1330516e-03
   8.0595753e-03
   8.1220537e-03
   8.5719897e-03
   8.1733453e-03
   7.9534435e-03
   8.2302154e-03
   8.8406410e-03
   8.0766538e-03
   8.0049612e-03
   7.9595829e-03
   8.5839801e-03
   8.8924866e-03
   7.9568547e-03
   8.0457344e-03
   8.3275288e-03
   8.0987529e-03
   8.3096083e-03
   8.4510157e-03
   8.6363195e-03
   7.9212757e-03
   8.7412295e-03
   8.3084509e-03
   8.5638745e-03
   7.9131025e-03
   8.2623965e-03
   8.3873972e-03
   8.4252572e-03
   8.0089999e-03
   8.1504953e-03
   7.9809709e-03
   8.2675775e-03
   8.0429476e-03
   8.5752269e-03
   8.7027052e-03
   8.6046319e-03
   8.6669228e-03
   8.4166869e-03
   7.9256913e-03
   8.3038085e-03
   8.3610851e-03
   8.8391530e-03
   8.1100889e-03
   8.4201018e-03
   8.1267097e-03
   8.1767128e-03
   8.7126460e-03
   8.0633261e-03
   8.1898020e-03
   8.0653352e-03
   8.5715877e-03
   7.9250765e-03
   8.4154503e-03
   8.8208399e-03
   7.9642205e-03
   8.4099720e-03
   8.3515715e-03
   8.3198115e-03
   7.9398360e-03
   7.9946078e-03
   8.1062648e-03
   8.0092940e-03
   7.9946412e-03
   7.9080058e-03
   8.7770488e-03
   7.9216600e-03
   8.4095447e-03
   8.2664290e-03
   8.7820047e-03
   8.8509299e-03
   7.9212624e-03
   8.1754842e-03
   8.4197284e-03
   8.4025819e-03
   8.1683219e-03
   8.7645145e-03
   8.1830626e-03
   8.3335253e-03
   8.7183586e-03
   8.3438029e-03
   8.7139128e-03
   8.0291178e-03
   8.6329403e-03
   8.2715180e-03
   8.1075347e-03
   8.6202673e-03
   8.0575205e-03
   8.7624595e-03
   8.7752335e-03
   8.2300051e-03
   8.4054882e-03
   8.1659887e-03
   8.0748152e-03
   8.2032664e-03
   8.6078516e-03
   8.6160075e-03
   8.2174567e-03
   8.7140619e-03
   7.9409618e-03
   8.7382966e-03
   8.0857687e-03
   7.9170359e-03
   7.9970603e-03
   8.1925207e-03
   7.9134817e-03
   8.0952273e-03
   8.5626869e-03
   7.9423289e-03
   8.3924824e-03
   8.2310748e-03
   8.0778710e-03
   8.7781087e-03
   8.3312667e-03
   7.9808201e-03
   8.2783393e-03
   7.9990794e-03
   8.6767824e-03
   8.8126848e-03
   8.0758172e-03
   8.3705275e-03
   8.4357989e-03
   7.9143600e-03
   7.9875540e-03
   8.2793318e-03
   7.9315302e-03
   8.1585200e-03
   7.9259970e-03
   8.6098442e-03
   8.3456078e-03
   7.9930993e-03
   7.9345473e-03
   7.9084799e-03
   8.7932983e-03
   8.1144456e-03
   7.9093094e-03
   7.9401601e-03
   8.8451252e-03
   8.2806933e-03
   8.4005175e-03
   8.0143870e-03
   8.7790444e-03
   8.2390304e-03
   7.9567349e-03
   8.3688727e-03
   8.8753550e-03
   8.2431861e-03
