   1.6101134e-02
   1.8584484e-02
   1.7169707e-02
   1.5962012e-02
   1.6543819e-02
   1.7593073e-02
   1.6953172e-02
   1.7184244e-02
   1.8280382e-02
   1.6968254e-02
   1.8512769e-02
   1.7963309e-02
   1.6899994e-02
   1.6039365e-02
   1.9299203e-02
   1.7413994e-02
   1.5407896e-02
   1.8098562e-02
   1.5582440e-02
   1.6563197e-02
   1.8881186e-02
   1.6481840e-02
   1.8533040e-02
   1.8096568e-02
   1.7183071e-02
   1.7468673e-02
   1.6339868e-02
   1.7459366e-02
   1.5475740e-02
   1.6172139e-02
   1.6939649e-02
   1.6048690e-02
   2.0081523e-02
   1.5449570e-02
   1.7651639e-02
   1.7020359e-02
   1.6923777e-02
   1.7417577e-02
   1.5535537e-02
   1.7125600e-02
   1.6663875e-02
   1.7670241e-02
   1.5962675e-02
   1.7732879e-02
   1.7635003e-02
   1.9575451e-02
   2.0204746e-02
   1.8200627e-02
   1.9050923e-02
   1.8196062e-02
   1.5831946e-02
   1.7478113e-02
   1.8951487e-02
   1.8410856e-02
   1.6978005e-02
   1.7400138e-02
   1.9911704e-02
   1.7010809e-02
   1.7955197e-02
   1.7954921e-02
   1.7123246e-02
   1.6169730e-02
   1.9448387e-02
   1.5999633e-02
   2.0068684e-02
   1.5817358e-02
   1.9577575e-02
   1.6288981e-02
   1.8695568e-02
   1.8208325e-02
   1.7916678e-02
   1.6407151e-02
   1.8984439e-02
   2.0126035e-02
   1.7089881e-02
   1.7282948e-02
   1.5405255e-02
   1.7559594e-02
   1.9395472e-02
   1.7970135e-02
   1.7255018e-02
   1.6744094e-02
   1.6508465e-02
   1.9090985e-02
   2.0349289e-02
   1.7796995e-02
   1.6853775e-02
   1.8521802e-02
   1.7458043e-02
   1.5472174e-02
   1.6523851e-02
   1.8202088e-02
   1.9233280e-02
   1.7059508e-02
   1.5734583e-02
   1.9320652e-02
   1.8868461e-02
   1.6594711e-02
   1.7701609e-02
   1.7009106e-02
   1.8082644e-02
   1.6110541e-02
   1.8643409e-02
   1.7701044e-02
   1.9382028e-02
   1.7260015e-02
   1.7727164e-02
   1.9268463e-02
   1.9834596e-02
   1.8208361e-02
   1.8433182e-02
   1.8860616e-02
   1.6743421e-02
   1.8490560e-02
   1.9294745e-02
   1.8939947e-02
   1.9223120e-02
   1.5666042e-02
   1.6632376e-02
   1.8915632e-02
   1.7339069e-02
   1.7593149e-02
   1.6416039e-02
   1.6932895e-02
   1.7988495e-02
   1.6747110e-02
   1.5474165e-02
   1.8827076e-02
   1.9212620e-02
   1.5788706e-02
   1.7728063e-02
   1.5503232e-02
   1.5472679e-02
   1.7452009e-02
   1.9544860e-02
   1.5717311e-02
   1.6518456e-02
   1.8804658e-02
   1.6803456e-02
   2.0035020e-02
   1.8313188e-02
   2.0386909e-02
   1.9191353e-02
   1.7433513e-02
   1.8871501e-02
   1.6922660e-02
   1.7129302e-02
   1.7127991e-02
   1.6127897e-02
   1.8754503e-02
   1.5451746e-02
   1.8820448e-02
   1.8347309e-02
   1.9317991e-02
   1.6648865e-02
   1.9996122e-02
   1.9262628e-02
   1.8537273e-02
   1.5908442e-02
   1.5592886e-02
   1.9295552e-02
   1.7229591e-02
   2.0152492e-02
   1.8474199e-02
   1.8685046e-02
   1.7759906e-02
   1.5768807e-02
   1.8727534e-02
   1.9339126e-02
   1.7369881e-02
   1.8193016e-02
   1.8669466e-02
   1.6881247e-02
   1.5460673e-02
   1.5797252e-02
   1.8501037e-02
   1.8945233e-02
   1.8996689e-02
   1.9850729e-02
   1.7760452e-02
   1.7735031e-02
   1.8134794e-02
   1.8733398e-02
   1.7079308e-02
   1.7143706e-02
   1.9659956e-02
   1.7937274e-02
   1.8340390e-02
   1.7653971e-02
   1.7231954e-02
   1.7257222e-02
   1.6937031e-02
   1.9562950e-02
   1.9403812e-02
   1.6341298e-02
   1.6888521e-02
   1.7989026e-02
   1.6148494e-02
   1.7652518e-02
   1.6930079e-02
   1.9541678e-02
   1.8060774e-02
   1.7673680e-02
   1.8802722e-02
   1.7435290e-02
   1.9868083e-02
   1.7755673e-02
   1.5622512e-02
   1.8852077e-02
   1.6708208e-02
   1.8667938e-02
   1.9358200e-02
   1.7775586e-02
   1.6482856e-02
   1.8301710e-02
   1.9427203e-02
   1.5797598e-02
   1.6142211e-02
   1.7100156e-02
   1.6753883e-02
   1.8525771e-02
   1.8789925e-02
   2.0692309e-02
   1.6040863e-02
   1.7334772e-02
   1.9406919e-02
   1.6511100e-02
   1.7433990e-02
   1.9127481e-02
   1.6319679e-02
   1.8093357e-02
   1.6882642e-02
   1.7534104e-02
   1.8477719e-02
   1.9125109e-02
   1.7824148e-02
   1.8934372e-02
   1.6635897e-02
   1.8552569e-02
   1.6379582e-02
   1.6201938e-02
   1.7398121e-02
   1.6220791e-02
   1.8749326e-02
   1.7174868e-02
   1.6221026e-02
   1.9864303e-02
   1.6896855e-02
   1.9391351e-02
   1.7363435e-02
   1.8561198e-02
   1.7168532e-02
   1.8530990e-02
   1.9128886e-02
   1.9708579e-02
   1.7796132e-02
   1.6056896e-02
   1.8414608e-02
   2.0291048e-02
   1.7937824e-02
   1.7928753e-02
   1.6509315e-02
   1.6950238e-02
   1.5799934e-02
   1.5840516e-02
   1.6950127e-02
   1.6924640e-02
   1.8249540e-02
   1.9248591e-02
   1.7403383e-02
   1.6013826e-02
   1.5579750e-02
   1.6944812e-02
   1.5843769e-02
   1.6031645e-02
   1.9481460e-02
   1.9665513e-02
   1.9716527e-02
   1.9004750e-02
   1.9757531e-02
   1.8510921e-02
   1.8044398e-02
   1.5665192e-02
   1.6361510e-02
   1.7126646e-02
   1.5823035e-02
   1.7920072e-02
   1.6275339e-02
   1.7416424e-02
   1.6704891e-02
   1.9322083e-02
   1.6406052e-02
   1.7408711e-02
   1.7805366e-02
   1.8027579e-02
   1.7845869e-02
   1.7834375e-02
   2.0440807e-02
   1.5719243e-02
   1.5560566e-02
