   2.9872240e-02
   3.1012367e-02
   3.4877632e-02
   3.2164825e-02
   3.4818783e-02
   3.4863749e-02
   3.2033079e-02
   3.0901135e-02
   3.1180273e-02
   3.1821891e-02
   3.5540418e-02
   3.1707520e-02
   2.9765806e-02
   3.2435984e-02
   3.0140388e-02
   2.9934674e-02
   3.2838795e-02
   2.9834192e-02
   3.2755089e-02
   3.3546487e-02
   3.3819719e-02
   3.1965967e-02
   3.0636747e-02
   3.2041147e-02
   3.0661393e-02
   2.8914964e-02
   3.2799193e-02
   3.3077955e-02
   3.3080878e-02
   3.4829098e-02
   3.1534393e-02
   3.2271689e-02
   3.2955084e-02
   2.8925158e-02
   3.0406025e-02
   3.4526045e-02
   3.0780482e-02
   3.1799113e-02
   2.9690648e-02
   3.6246815e-02
   3.3613810e-02
   3.1275409e-02
   3.0006424e-02
   3.2469727e-02
   3.1047443e-02
   3.0794526e-02
   3.3615618e-02
   3.2950383e-02
   3.3126120e-02
   3.4660018e-02
   3.3383204e-02
   2.8459150e-02
   3.2984918e-02
   3.0454644e-02
   3.2916405e-02
   3.5540055e-02
   2.8039937e-02
   3.2689288e-02
   3.1837291e-02
   3.4169674e-02
   3.3650286e-02
   2.8895582e-02
   3.4759775e-02
   2.9976096e-02
   3.2450312e-02
   3.1441444e-02
   3.2949050e-02
   3.2161618e-02
   3.1381191e-02
   3.2942135e-02
   3.4584583e-02
   3.2943976e-02
   3.1143154e-02
   2.8859014e-02
   3.0191297e-02
   3.1423567e-02
   3.4646604e-02
   3.2169509e-02
   3.2728109e-02
   3.3282748e-02
   3.0114384e-02
   3.2101977e-02
   3.4382752e-02
   3.0561928e-02
   3.2869099e-02
   3.6333371e-02
   3.2067271e-02
   3.3900666e-02
   3.3267996e-02
   3.0691775e-02
   3.0681082e-02
   2.8807045e-02
   2.9517457e-02
   3.4289336e-02
   3.2157105e-02
   2.9792005e-02
   3.0600169e-02
   3.4789295e-02
   3.4448027e-02
   3.2655553e-02
   2.9983163e-02
   3.2093725e-02
   2.9896440e-02
   3.1176936e-02
   3.0028310e-02
   3.2981377e-02
   3.4926548e-02
   3.2848125e-02
   2.9215059e-02
   3.1774310e-02
   2.9606552e-02
   3.1628475e-02
   3.0945603e-02
   3.2222146e-02
   3.1300779e-02
   3.0074072e-02
   3.5242433e-02
   3.3575166e-02
   3.4529177e-02
   3.4028300e-02
   2.9408470e-02
   2.9266221e-02
   3.5194871e-02
   3.4382137e-02
   2.8830384e-02
   3.1914482e-02
   2.8599021e-02
   3.2323836e-02
   3.4893148e-02
   3.4759577e-02
   2.9674465e-02
   3.6240854e-02
   3.2939380e-02
   3.1208333e-02
   3.1754936e-02
   3.3029775e-02
   2.8989531e-02
   3.0356736e-02
   3.0131055e-02
   3.0087049e-02
   3.1350288e-02
   3.1165213e-02
   3.0931969e-02
   2.9342126e-02
   3.3150911e-02
   3.2993898e-02
   3.1605707e-02
   3.3503390e-02
   3.3124332e-02
   2.8355820e-02
   3.3352275e-02
   3.4024134e-02
   2.9593848e-02
   2.9502923e-02
   2.9239352e-02
   3.0457141e-02
   3.4151113e-02
   3.1274587e-02
   3.0921277e-02
   3.2004717e-02
   2.9596479e-02
   3.2312491e-02
   3.1796433e-02
   3.3104092e-02
   3.0952402e-02
   2.9809790e-02
   3.5630685e-02
   3.1381155e-02
   2.9927756e-02
   3.2628693e-02
   3.2741741e-02
   3.4507233e-02
   3.4951406e-02
   3.2619634e-02
   3.2117508e-02
   3.2472433e-02
   3.4388573e-02
   3.5668380e-02
   3.3151966e-02
   3.2901396e-02
   3.1870412e-02
   2.9122514e-02
   2.9210881e-02
   3.3857965e-02
   3.5340538e-02
   3.3735158e-02
   2.9902383e-02
   3.1398673e-02
   3.3781995e-02
   3.2373363e-02
   3.2360825e-02
   3.3078432e-02
   3.2040959e-02
   3.3627557e-02
   3.1718216e-02
   3.1456238e-02
   3.4083975e-02
   3.5716729e-02
   3.5879434e-02
   3.2961667e-02
   3.2148034e-02
   3.2383761e-02
   3.2503605e-02
   3.0090505e-02
   3.1060645e-02
   3.4873788e-02
   3.1035400e-02
   3.2491237e-02
   3.1104235e-02
   3.0684516e-02
   3.1022784e-02
   3.0327116e-02
   3.2232902e-02
   3.1699774e-02
   3.3068234e-02
   2.9461139e-02
   3.1035097e-02
   2.8957009e-02
   3.3640643e-02
   3.1108409e-02
   3.4902699e-02
   3.2083562e-02
   2.9850824e-02
   3.2181549e-02
   3.6092482e-02
   3.2791772e-02
   3.4663419e-02
   3.2169742e-02
   2.9591827e-02
   3.4854338e-02
   3.2774185e-02
   3.3361392e-02
   3.1522939e-02
   3.2794463e-02
   3.0935974e-02
   3.4511887e-02
   3.3451092e-02
   3.1466405e-02
   3.0582589e-02
   3.4618829e-02
   3.3747424e-02
   3.2021031e-02
   3.2003072e-02
   3.3534908e-02
   2.9949007e-02
   3.3758210e-02
   3.2992965e-02
   3.3244572e-02
   3.1439761e-02
   3.4375348e-02
   3.0919119e-02
   3.3141846e-02
   2.9823023e-02
   3.1422803e-02
   3.3713281e-02
   3.2936638e-02
   3.3689702e-02
   3.5081342e-02
   2.8184458e-02
   3.0524891e-02
   3.2497100e-02
   3.2629226e-02
   3.0068204e-02
   3.1434452e-02
   2.9030286e-02
   3.0358560e-02
   2.9309527e-02
   3.4367747e-02
   3.1347164e-02
   3.1144744e-02
   2.9311477e-02
   3.2514930e-02
   2.8977641e-02
   3.2547055e-02
   3.1457576e-02
   3.3338243e-02
   3.0199750e-02
   3.4387819e-02
   3.6155944e-02
   3.0855703e-02
   3.2701081e-02
   3.3564296e-02
   2.8007350e-02
   3.5760311e-02
   3.1587657e-02
   3.4939864e-02
   2.8945560e-02
   3.2610690e-02
   3.0941361e-02
   2.9208364e-02
   3.0105167e-02
   3.2713255e-02
   3.3187210e-02
   3.2081206e-02
   3.4417400e-02
   3.4652011e-02
   3.2713897e-02
   3.3128308e-02
   3.1931987e-02
   3.3090512e-02
