   8.5426887e-03
   9.0474259e-03
   9.3194693e-03
   8.5762441e-03
   9.5787074e-03
   9.3901898e-03
   9.0334793e-03
   8.4276251e-03
   9.2672967e-03
   8.8441418e-03
   8.4245524e-03
   8.8608653e-03
   9.1650727e-03
   9.0470041e-03
   9.2769253e-03
   9.7813464e-03
   9.7901078e-03
   9.1886880e-03
   9.8865721e-03
   8.4701025e-03
   9.3565508e-03
   9.2148161e-03
   8.7182779e-03
   9.0965750e-03
   8.9563354e-03
   9.2962533e-03
   9.0957399e-03
   9.9003192e-03
   9.2540505e-03
   9.0906751e-03
   9.3086741e-03
   9.0318762e-03
   8.5556462e-03
   9.2859768e-03
   9.2579913e-03
   9.0210658e-03
   8.7928772e-03
   9.2510874e-03
   9.5715480e-03
   9.1574497e-03
   9.0985251e-03
   9.1858004e-03
   9.0576923e-03
   8.6582498e-03
   8.7713025e-03
   9.5016295e-03
   8.4922651e-03
   9.2202251e-03
   8.6733639e-03
   8.7390672e-03
   8.9820221e-03
   9.0260973e-03
   8.2476102e-03
   8.8562024e-03
   8.7410226e-03
   8.8870278e-03
   9.0934888e-03
   9.6491590e-03
   9.1638411e-03
   9.0932125e-03
   9.3808911e-03
   9.3608288e-03
   9.4399595e-03
   8.6062908e-03
   8.6069902e-03
   9.0166005e-03
   9.2245393e-03
   9.1771643e-03
   9.6604191e-03
   9.8042155e-03
   9.3818277e-03
   9.3359601e-03
   9.2376795e-03
   8.7213695e-03
   9.8296461e-03
   9.2235049e-03
   8.6023728e-03
   9.0443435e-03
   8.1976269e-03
   8.2974882e-03
   9.1995010e-03
   8.7558372e-03
   8.7409004e-03
   8.5718019e-03
   9.7003480e-03
   8.5940354e-03
   8.4631428e-03
   9.1970545e-03
   9.8244298e-03
   8.5181865e-03
   9.0608107e-03
   9.1001256e-03
   9.4231217e-03
   9.7660521e-03
   9.0491959e-03
   9.8059220e-03
   8.4746433e-03
   9.1804303e-03
   9.0362831e-03
   8.6792050e-03
   9.1388544e-03
   1.0043697e-02
   8.9604779e-03
   8.8232926e-03
   8.8528121e-03
   8.7440479e-03
   9.2928283e-03
   8.2778012e-03
   9.0344230e-03
   9.0845090e-03
   8.9717717e-03
   8.5377646e-03
   9.7337962e-03
   8.9095587e-03
   9.0339434e-03
   9.1691918e-03
   8.5795503e-03
   9.0601880e-03
   9.0241192e-03
   8.5557970e-03
   9.2707453e-03
   8.2340106e-03
   8.5651954e-03
   8.7179786e-03
   9.2939545e-03
   9.9321292e-03
   8.8551874e-03
   9.4870778e-03
   8.5801723e-03
   9.0216236e-03
   9.2103913e-03
   9.0600397e-03
   8.5963993e-03
   9.0369669e-03
   8.6040591e-03
   8.9359718e-03
   9.0161226e-03
   8.5937871e-03
   9.0207449e-03
   9.1138754e-03
   8.9978994e-03
   9.1471918e-03
   9.0413026e-03
   9.3609346e-03
   8.9261273e-03
   9.0025556e-03
   8.9492943e-03
   8.7772587e-03
   8.9753366e-03
   9.1482346e-03
   9.0797673e-03
   8.2405859e-03
   9.6194997e-03
   9.2454507e-03
   8.4974223e-03
   8.8467827e-03
   8.7877789e-03
   9.0614000e-03
   9.0238369e-03
   9.0503909e-03
   8.9736205e-03
   9.0369962e-03
   8.8836185e-03
   8.5512998e-03
   1.0067644e-02
   8.9977351e-03
   8.8399970e-03
   8.5512405e-03
   8.4633814e-03
   9.4955445e-03
   8.8156231e-03
   8.5003287e-03
   8.2562774e-03
   9.0752318e-03
   8.6756391e-03
   8.7805848e-03
   1.0094782e-02
   8.2665490e-03
   9.2336763e-03
   9.9033958e-03
   9.0731435e-03
   9.3017294e-03
   9.8099532e-03
   9.7698874e-03
   8.9131247e-03
   9.1483857e-03
   8.5151474e-03
   8.7943308e-03
   9.3859970e-03
   9.0668122e-03
   8.9724583e-03
   9.0249182e-03
   8.3751553e-03
   8.6248781e-03
   8.6322174e-03
   8.6591361e-03
   9.1636305e-03
   9.6937718e-03
   9.4784973e-03
   8.8579505e-03
   9.4369481e-03
   1.0130906e-02
   9.7901591e-03
   8.9213652e-03
   8.4823473e-03
   8.5900938e-03
   8.5385469e-03
   8.5227973e-03
   9.0734461e-03
   9.0600287e-03
   9.6816146e-03
   8.6329523e-03
   9.0913464e-03
   8.4701466e-03
   9.8430310e-03
   9.4571433e-03
   9.0295718e-03
   8.8487679e-03
   8.6414678e-03
   9.0992373e-03
   8.5672409e-03
   8.6226848e-03
   8.5374647e-03
   9.2967196e-03
   9.0274438e-03
   9.0279975e-03
   9.1059919e-03
   9.1208217e-03
   9.1595642e-03
   8.6871209e-03
   8.8461238e-03
   8.5824575e-03
   9.3377651e-03
   9.0269305e-03
   9.5455691e-03
   9.0611409e-03
   8.6356955e-03
   8.5709818e-03
   8.8019523e-03
   8.4421579e-03
   9.1746925e-03
   8.9944929e-03
   8.5395671e-03
   9.3746492e-03
   9.0406528e-03
   8.7306544e-03
   9.0335424e-03
   8.6571635e-03
   9.0929338e-03
   9.7103311e-03
   8.8205385e-03
   8.5786773e-03
   8.7405813e-03
   8.7232071e-03
   9.3879077e-03
   9.1919307e-03
   9.4832155e-03
   9.6704771e-03
   9.9169342e-03
   9.0267495e-03
   8.6549107e-03
   9.2062819e-03
   9.3367274e-03
   9.2241209e-03
   9.1536576e-03
   9.2638517e-03
   8.3730584e-03
   9.2832831e-03
   8.5668404e-03
   9.2100213e-03
   9.1357700e-03
   9.0071701e-03
   9.3811866e-03
   9.2192075e-03
   9.0511776e-03
   9.8527691e-03
   9.2168593e-03
   8.8883123e-03
   8.5463364e-03
   8.6679400e-03
   9.0944471e-03
   9.6762357e-03
   9.0218903e-03
   9.2904290e-03
   9.0472531e-03
   9.0733778e-03
   8.4704516e-03
   8.6100574e-03
   8.5656294e-03
   9.6276511e-03
   9.0648131e-03
   9.0485267e-03
   8.6582699e-03
   8.2569379e-03
   8.7849730e-03
   9.3520031e-03
   9.9993174e-03
   9.9844774e-03
   9.0307110e-03
   9.3470654e-03
