   1.6603458e-01
   1.7122906e-01
   1.6259568e-01
   1.7383285e-01
   1.8357360e-01
   1.6965646e-01
   1.5981379e-01
   1.7042619e-01
   1.6798469e-01
   1.7126250e-01
   1.7386868e-01
   1.6916472e-01
   1.6598874e-01
   1.6757402e-01
   1.6665793e-01
   1.6350238e-01
   1.7717892e-01
   1.6583247e-01
   1.7022409e-01
   1.7164190e-01
   1.7115435e-01
   1.8165307e-01
   1.6248775e-01
   1.6564392e-01
   1.6188010e-01
   1.6413623e-01
   1.7933225e-01
   1.6015266e-01
   1.7148481e-01
   1.7741750e-01
   1.7206051e-01
   1.7030519e-01
   1.6677735e-01
   1.7412185e-01
   1.5760531e-01
   1.7152044e-01
   1.7403449e-01
   1.7426544e-01
   1.7206517e-01
   1.7497984e-01
   1.7485063e-01
   1.7338566e-01
   1.6847630e-01
   1.7172668e-01
   1.6634686e-01
   1.7099620e-01
   1.6699797e-01
   1.5925549e-01
   1.6521225e-01
   1.7031027e-01
   1.5765473e-01
   1.7034668e-01
   1.6616303e-01
   1.7010725e-01
   1.6799323e-01
   1.7295675e-01
   1.6868051e-01
   1.7931016e-01
   1.6660112e-01
   1.7073958e-01
   1.6913100e-01
   1.7318514e-01
   1.7309333e-01
   1.7797285e-01
   1.7359295e-01
   1.5814282e-01
   1.6064337e-01
   1.7266038e-01
   1.6919674e-01
   1.6422514e-01
   1.6832698e-01
   1.6426646e-01
   1.6175322e-01
   1.5700109e-01
   1.6171355e-01
   1.6786107e-01
   1.6783104e-01
   1.6702281e-01
   1.7344581e-01
   1.6190705e-01
   1.7430988e-01
   1.6591629e-01
   1.7082047e-01
   1.7002630e-01
   1.6805621e-01
   1.6977265e-01
   1.7232025e-01
   1.7089448e-01
   1.6894759e-01
   1.8026911e-01
   1.6350222e-01
   1.8050406e-01
   1.7495356e-01
   1.7684861e-01
   1.6898936e-01
   1.7772641e-01
   1.7026577e-01
   1.7472067e-01
   1.7357085e-01
   1.6824317e-01
   1.6676288e-01
   1.6864286e-01
   1.7026997e-01
   1.7677757e-01
   1.6719274e-01
   1.6856367e-01
   1.7193073e-01
   1.6557741e-01
   1.6608797e-01
   1.8028096e-01
   1.7632697e-01
   1.7177362e-01
   1.5890450e-01
   1.8198029e-01
   1.7938669e-01
   1.6579614e-01
   1.6632078e-01
   1.7736338e-01
   1.6166589e-01
   1.7612913e-01
   1.7085078e-01
   1.7800996e-01
   1.6459322e-01
   1.6787583e-01
   1.7848321e-01
   1.7234173e-01
   1.6610180e-01
   1.6731497e-01
   1.7327455e-01
   1.7347425e-01
   1.6170348e-01
   1.7587640e-01
   1.7369123e-01
   1.6758190e-01
   1.6047519e-01
   1.7362905e-01
   1.7328767e-01
   1.7655182e-01
   1.6132949e-01
   1.6823398e-01
   1.6904485e-01
   1.6868806e-01
   1.6741817e-01
   1.6664492e-01
   1.7094074e-01
   1.7570493e-01
   1.6644936e-01
   1.7037138e-01
   1.6945433e-01
   1.6004722e-01
   1.7173083e-01
   1.6969265e-01
   1.7779182e-01
   1.7389456e-01
   1.6739543e-01
   1.7003338e-01
   1.6382209e-01
   1.6666305e-01
   1.7770064e-01
   1.7425981e-01
   1.6417151e-01
   1.8010316e-01
   1.6865166e-01
   1.7149404e-01
   1.6658319e-01
   1.7087282e-01
   1.6463111e-01
   1.7343052e-01
   1.6278243e-01
   1.6594614e-01
   1.8141095e-01
   1.7104439e-01
   1.6804514e-01
   1.8124018e-01
   1.7156087e-01
   1.6620723e-01
   1.6599787e-01
   1.7269645e-01
   1.7862229e-01
   1.7130859e-01
   1.7382451e-01
   1.7648045e-01
   1.7208242e-01
   1.6561205e-01
   1.8042858e-01
   1.7564261e-01
   1.7732588e-01
   1.8334220e-01
   1.7174272e-01
   1.7298180e-01
   1.6444536e-01
   1.7001215e-01
   1.7641263e-01
   1.7457652e-01
   1.7490464e-01
   1.7406846e-01
   1.7117713e-01
   1.6800340e-01
   1.7007451e-01
   1.7323017e-01
   1.6754734e-01
   1.7174165e-01
   1.6636183e-01
   1.6956950e-01
   1.6659239e-01
   1.8083234e-01
   1.6493409e-01
   1.6995302e-01
   1.8228622e-01
   1.6771684e-01
   1.7138996e-01
   1.6679432e-01
   1.6868271e-01
   1.6915806e-01
   1.7416105e-01
   1.6659027e-01
   1.6750086e-01
   1.7065927e-01
   1.6078621e-01
   1.6747187e-01
   1.6640628e-01
   1.7195976e-01
   1.6284155e-01
   1.7531535e-01
   1.5822348e-01
   1.6643216e-01
   1.7282518e-01
   1.7462009e-01
   1.5834287e-01
   1.6984213e-01
   1.7695201e-01
   1.6600290e-01
   1.8297738e-01
   1.7275648e-01
   1.6683374e-01
   1.6820652e-01
   1.6977633e-01
   1.6714182e-01
   1.7905296e-01
   1.6615355e-01
   1.5745250e-01
   1.7920251e-01
   1.7465191e-01
   1.6204856e-01
   1.7842198e-01
   1.7570592e-01
   1.6481931e-01
   1.7950315e-01
   1.5991660e-01
   1.7368003e-01
   1.6725634e-01
   1.7028875e-01
   1.7442835e-01
   1.8287381e-01
   1.6567588e-01
   1.7170057e-01
   1.6272085e-01
   1.7184917e-01
   1.6822968e-01
   1.6312241e-01
   1.5998165e-01
   1.6429913e-01
   1.7133826e-01
   1.7976340e-01
   1.6967855e-01
   1.7335625e-01
   1.6845594e-01
   1.5693952e-01
   1.7411424e-01
   1.6793388e-01
   1.6699935e-01
   1.7598522e-01
   1.7447265e-01
   1.6745266e-01
   1.7489653e-01
   1.8235611e-01
   1.6864098e-01
   1.6855222e-01
   1.6992852e-01
   1.6475285e-01
   1.6150208e-01
   1.8253202e-01
   1.6676209e-01
   1.8055238e-01
   1.6071647e-01
   1.6257076e-01
   1.6234207e-01
   1.7155236e-01
   1.6984133e-01
   1.6110611e-01
   1.7204357e-01
   1.7338124e-01
   1.7597700e-01
   1.6987470e-01
   1.7882968e-01
   1.5966350e-01
   1.7762487e-01
   1.6738865e-01
   1.6786143e-01
   1.6737349e-01
