   2.9624118e-02
   2.8066127e-02
   2.9279066e-02
   2.8133210e-02
   2.8098020e-02
   2.7518838e-02
   2.9696454e-02
   2.8572480e-02
   2.8746460e-02
   2.8960770e-02
   2.8888784e-02
   2.8842653e-02
   2.8504415e-02
   2.8511010e-02
   2.8740774e-02
   2.9784749e-02
   2.7626873e-02
   2.7843378e-02
   2.7075853e-02
   2.7775476e-02
   2.6917639e-02
   2.6675042e-02
   2.8806216e-02
   2.8173666e-02
   2.7576633e-02
   2.7826572e-02
   2.9402976e-02
   2.9726645e-02
   2.9121781e-02
   2.7373015e-02
   2.9070682e-02
   2.9782748e-02
   2.9914517e-02
   2.8548663e-02
   2.7668333e-02
   2.8768566e-02
   2.7801364e-02
   2.9542147e-02
   2.6918271e-02
   2.9125673e-02
   2.7299399e-02
   2.9864266e-02
   2.8796843e-02
   2.7919542e-02
   2.7883671e-02
   2.8019645e-02
   2.6895100e-02
   2.8824641e-02
   2.6956297e-02
   2.9587239e-02
   2.8732732e-02
   2.8453542e-02
   2.9368175e-02
   2.9318456e-02
   2.8645015e-02
   2.8440409e-02
   2.6847256e-02
   2.8869657e-02
   2.8970830e-02
   2.9125760e-02
   2.8339397e-02
   2.7034998e-02
   2.7791486e-02
   2.7535107e-02
   2.6984251e-02
   2.9329952e-02
   2.9090823e-02
   2.9761200e-02
   2.8791275e-02
   2.9169195e-02
   2.8577309e-02
   2.7920034e-02
   2.6951336e-02
   2.9197507e-02
   2.7820955e-02
   2.9835747e-02
   2.8339143e-02
   2.9176408e-02
   2.7452640e-02
   2.8521804e-02
   2.8508156e-02
   2.8809264e-02
   2.8899658e-02
   2.9708047e-02
   2.8447539e-02
   2.8863085e-02
   2.6820513e-02
   2.7816402e-02
   2.7710369e-02
   2.8874430e-02
   2.9703695e-02
   2.6777703e-02
   2.7504672e-02
   2.6895345e-02
   2.8575690e-02
   2.7065869e-02
   2.8964349e-02
   2.7283907e-02
   2.6979744e-02
   2.8735535e-02
   2.8019138e-02
   2.7362763e-02
   2.7273549e-02
   2.7032183e-02
   2.7725237e-02
   2.8222745e-02
   2.7881300e-02
   2.8895816e-02
   2.8563124e-02
   2.8774405e-02
   2.9306921e-02
   2.7131412e-02
   2.9135960e-02
   2.9783082e-02
   2.7338805e-02
   2.6767612e-02
   2.8370467e-02
   2.8408876e-02
   2.6768771e-02
   2.9313286e-02
   2.8862465e-02
   2.8597331e-02
   2.8438591e-02
   2.8425725e-02
   2.9634890e-02
   2.7343180e-02
   2.9204214e-02
   2.7660015e-02
   2.6849446e-02
   2.7575052e-02
   2.8959738e-02
   2.7328875e-02
   2.9636209e-02
   2.7862871e-02
   2.7138612e-02
   2.7771009e-02
   2.8621789e-02
   2.7168189e-02
   2.8706578e-02
   2.8679628e-02
   2.9402853e-02
   2.7862945e-02
   2.8360552e-02
   2.8852610e-02
   2.9847871e-02
   2.9538498e-02
   2.7854153e-02
   2.6780200e-02
   2.8638961e-02
   2.7046313e-02
   2.8365866e-02
   2.8495860e-02
   2.9439620e-02
   2.7790033e-02
   2.8267458e-02
   2.8781571e-02
   2.9023961e-02
   2.8513957e-02
   2.7471772e-02
   2.7934578e-02
   2.7801345e-02
   2.7528758e-02
   2.9410100e-02
   2.8360699e-02
   2.6944905e-02
   2.8830984e-02
   2.7506223e-02
   2.6883126e-02
   2.8156729e-02
   2.9380511e-02
   2.7439854e-02
   2.8416077e-02
   2.9768623e-02
   2.8317442e-02
   2.8431472e-02
   2.7376767e-02
   2.8414140e-02
   2.8549904e-02
   2.8339355e-02
   2.9794889e-02
   2.8177824e-02
   2.8569217e-02
   2.7534444e-02
   2.7304868e-02
   2.6694685e-02
   2.9830075e-02
   2.8676523e-02
   2.9807010e-02
   2.9524139e-02
   2.7672022e-02
   2.9391607e-02
   2.8696782e-02
   2.6669608e-02
   2.8837391e-02
   2.8884267e-02
   2.8828235e-02
   2.6847847e-02
   2.7815953e-02
   2.8385895e-02
   2.7231440e-02
   2.6674602e-02
   2.7324366e-02
   2.7898346e-02
   2.6669183e-02
   2.9821125e-02
   2.8416004e-02
   2.8346207e-02
   2.8913586e-02
   2.8711328e-02
   2.9776993e-02
   2.8180383e-02
   2.9194414e-02
   2.7775557e-02
   2.7307068e-02
   2.7751274e-02
   2.7087418e-02
   2.8662926e-02
   2.7827458e-02
   2.6688929e-02
   2.9541735e-02
   2.7567580e-02
   2.9318420e-02
   2.7343123e-02
   2.7879129e-02
   2.8774129e-02
   2.8975002e-02
   2.8365029e-02
   2.8609758e-02
   2.8965541e-02
   2.8102275e-02
   2.8005853e-02
   2.6688480e-02
   2.7238362e-02
   2.7185522e-02
   2.7822772e-02
   2.7563516e-02
   2.7495231e-02
   2.8239764e-02
   2.7742789e-02
   2.8999234e-02
   2.8519911e-02
   2.6782816e-02
   2.6758572e-02
   2.7578270e-02
   2.7434745e-02
   2.8585861e-02
   2.9008995e-02
   2.6680150e-02
   2.9902958e-02
   2.7810672e-02
   2.7792842e-02
   2.6916986e-02
   2.7034472e-02
   2.6838742e-02
   2.9122246e-02
   2.9677896e-02
   2.8421522e-02
   2.8572283e-02
   2.6940181e-02
   2.9654083e-02
   2.6847105e-02
   2.9283537e-02
   2.6917978e-02
   2.6726738e-02
   2.7831901e-02
   2.6826245e-02
   2.8111669e-02
   2.9740219e-02
   2.8768590e-02
   2.7979426e-02
   2.7996391e-02
   2.7908919e-02
   2.7070813e-02
   2.8557926e-02
   2.7363297e-02
   2.7707601e-02
   2.8920648e-02
   2.7290306e-02
   2.9732985e-02
   2.9245247e-02
   2.7961050e-02
   2.9250947e-02
   2.8925222e-02
   2.8267072e-02
   2.9734326e-02
   2.8278590e-02
   2.8913396e-02
   2.8572898e-02
   2.9105841e-02
   2.8419520e-02
   2.7304485e-02
   2.8072375e-02
   2.8817867e-02
   2.8839336e-02
   2.8998298e-02
   2.7637176e-02
   2.8320925e-02
   2.9801332e-02
   2.6995990e-02
   2.6875256e-02
