   2.5079344e-02
   2.4902654e-02
   2.5358160e-02
   2.5193537e-02
   2.5205623e-02
   2.3779502e-02
   2.3530818e-02
   2.3316315e-02
   2.3414091e-02
   2.5175354e-02
   2.3274518e-02
   2.5258420e-02
   2.3674368e-02
   2.4116276e-02
   2.3977371e-02
   2.3524463e-02
   2.3961364e-02
   2.4514513e-02
   2.4196059e-02
   2.4271570e-02
   2.4494614e-02
   2.3696286e-02
   2.3662940e-02
   2.3262997e-02
   2.3361003e-02
   2.5224484e-02
   2.3446021e-02
   2.4265866e-02
   2.3630979e-02
   2.4652059e-02
   2.5415911e-02
   2.4605349e-02
   2.4096653e-02
   2.3310623e-02
   2.3604088e-02
   2.3391713e-02
   2.5231024e-02
   2.5363039e-02
   2.3527255e-02
   2.3336361e-02
   2.3320189e-02
   2.5285521e-02
   2.4973888e-02
   2.4384630e-02
   2.4984629e-02
   2.4203076e-02
   2.4527805e-02
   2.5374399e-02
   2.4656858e-02
   2.4604899e-02
   2.3815351e-02
   2.3274557e-02
   2.4186642e-02
   2.5076921e-02
   2.3438982e-02
   2.3983955e-02
   2.3755224e-02
   2.5307767e-02
   2.3544078e-02
   2.3623557e-02
   2.3674399e-02
   2.4656055e-02
   2.4785505e-02
   2.3354633e-02
   2.4258910e-02
   2.3541247e-02
   2.3558321e-02
   2.4591589e-02
   2.4144837e-02
   2.3785810e-02
   2.4574098e-02
   2.5278960e-02
   2.4163630e-02
   2.3327697e-02
   2.3683801e-02
   2.3260263e-02
   2.5341898e-02
   2.4930871e-02
   2.3886805e-02
   2.3439470e-02
   2.3931988e-02
   2.4277425e-02
   2.3756272e-02
   2.4679080e-02
   2.3360684e-02
   2.5094424e-02
   2.4185072e-02
   2.4130243e-02
   2.4222085e-02
   2.3381262e-02
   2.3913704e-02
   2.3482360e-02
   2.3988777e-02
   2.3426603e-02
   2.5138999e-02
   2.5036985e-02
   2.4194268e-02
   2.3780306e-02
   2.3398733e-02
   2.5385757e-02
   2.5264621e-02
   2.5083085e-02
   2.5232496e-02
   2.3467924e-02
   2.5361425e-02
   2.3474282e-02
   2.5409174e-02
   2.3954345e-02
   2.4519348e-02
   2.5355026e-02
   2.5344718e-02
   2.3426185e-02
   2.3286917e-02
   2.5356415e-02
   2.3808401e-02
   2.4027623e-02
   2.3755704e-02
   2.4033473e-02
   2.4233200e-02
   2.4882905e-02
   2.3523490e-02
   2.4109541e-02
   2.4288593e-02
   2.3979810e-02
   2.3693173e-02
   2.4046158e-02
   2.3875348e-02
   2.3457211e-02
   2.4073222e-02
   2.3729799e-02
   2.3409376e-02
   2.5374177e-02
   2.4633822e-02
   2.3940789e-02
   2.4406617e-02
   2.3625191e-02
   2.4590355e-02
   2.3361597e-02
   2.4484963e-02
   2.3544395e-02
   2.5235562e-02
   2.4367350e-02
   2.3363104e-02
   2.4262358e-02
   2.3647318e-02
   2.3922771e-02
   2.3601154e-02
   2.4427041e-02
   2.4781017e-02
   2.4127653e-02
   2.4742904e-02
   2.3322548e-02
   2.3511224e-02
   2.4397479e-02
   2.3757633e-02
   2.3461439e-02
   2.4767215e-02
   2.3641551e-02
   2.4279749e-02
   2.3951761e-02
   2.4047399e-02
   2.5356429e-02
   2.3250008e-02
   2.4184264e-02
   2.4732865e-02
   2.4950678e-02
   2.4203833e-02
   2.5417643e-02
   2.3398647e-02
   2.3760463e-02
   2.5253506e-02
   2.3907422e-02
   2.4612684e-02
   2.5399084e-02
   2.5225212e-02
   2.3877453e-02
   2.4238585e-02
   2.5333593e-02
   2.4590188e-02
   2.3663937e-02
   2.3288363e-02
   2.4874275e-02
   2.5333620e-02
   2.3791783e-02
   2.3486864e-02
   2.3349819e-02
   2.3276952e-02
   2.5228161e-02
   2.4498968e-02
   2.5382127e-02
   2.4152559e-02
   2.4280729e-02
   2.3811184e-02
   2.3813289e-02
   2.3656499e-02
   2.5211585e-02
   2.3598568e-02
   2.4546895e-02
   2.3461580e-02
   2.4066689e-02
   2.3753885e-02
   2.5402882e-02
   2.5308061e-02
   2.4917892e-02
   2.4103755e-02
   2.3489214e-02
   2.3966439e-02
   2.3710324e-02
   2.5109577e-02
   2.4037777e-02
   2.4341076e-02
   2.4346604e-02
   2.5121227e-02
   2.4216219e-02
   2.3911809e-02
   2.3281876e-02
   2.5348922e-02
   2.3361076e-02
   2.4380999e-02
   2.4935807e-02
   2.3777010e-02
   2.4632490e-02
   2.5083585e-02
   2.3937724e-02
   2.3598726e-02
   2.3608475e-02
   2.5268119e-02
   2.3732447e-02
   2.5167977e-02
   2.4398273e-02
   2.3606487e-02
   2.3566915e-02
   2.5417653e-02
   2.4824795e-02
   2.4096721e-02
   2.4342198e-02
   2.5329247e-02
   2.3893215e-02
   2.5143641e-02
   2.3708945e-02
   2.3782111e-02
   2.4882932e-02
   2.3699830e-02
   2.3893311e-02
   2.3464131e-02
   2.4377252e-02
   2.5344082e-02
   2.5106425e-02
   2.4096684e-02
   2.3291054e-02
   2.3318836e-02
   2.5257742e-02
   2.4244898e-02
   2.3339113e-02
   2.3253011e-02
   2.5239544e-02
   2.5407803e-02
   2.3453084e-02
   2.5179883e-02
   2.4075966e-02
   2.3283909e-02
   2.4081238e-02
   2.4338758e-02
   2.3628975e-02
   2.4240297e-02
   2.4989322e-02
   2.3943567e-02
   2.4219893e-02
   2.4191312e-02
   2.4452811e-02
   2.3352528e-02
   2.4322446e-02
   2.4964987e-02
   2.4319835e-02
   2.3596400e-02
   2.5345457e-02
   2.3373294e-02
   2.4159595e-02
   2.4611632e-02
   2.3951552e-02
   2.4239046e-02
   2.4110269e-02
   2.3289220e-02
   2.3630661e-02
   2.4627295e-02
   2.4756375e-02
   2.4113016e-02
   2.3936959e-02
   2.3464535e-02
   2.4401101e-02
   2.4761455e-02
   2.4926138e-02
   2.4650918e-02
   2.3375292e-02
   2.4142473e-02
   2.5029258e-02
   2.4505652e-02
   2.4475378e-02
   2.4734220e-02
   2.3371067e-02
