   1.0442359e-02
   1.0185593e-02
   1.0711211e-02
   1.1798636e-02
   1.0177094e-02
   1.1797695e-02
   1.0782241e-02
   1.1442200e-02
   1.1476182e-02
   1.1054750e-02
   1.0375806e-02
   1.1052099e-02
   1.0701181e-02
   1.1256310e-02
   1.1419229e-02
   1.1099429e-02
   1.1319355e-02
   1.0922614e-02
   1.1875018e-02
   1.0781825e-02
   1.0802578e-02
   1.1114596e-02
   1.1558661e-02
   1.0398510e-02
   1.0396640e-02
   1.1729785e-02
   1.1269451e-02
   1.0642294e-02
   1.0988412e-02
   9.9366495e-03
   1.0682151e-02
   1.1477625e-02
   1.1001022e-02
   1.0320802e-02
   1.0586561e-02
   1.0786859e-02
   1.0078489e-02
   1.1458249e-02
   1.0728076e-02
   1.0450189e-02
   1.1165007e-02
   1.1349055e-02
   9.8654958e-03
   1.0699291e-02
   1.1398337e-02
   1.0586384e-02
   9.9508252e-03
   1.1588601e-02
   1.1121464e-02
   1.1093579e-02
   1.1285207e-02
   1.0422107e-02
   1.1030338e-02
   1.0147438e-02
   1.1042912e-02
   1.1283593e-02
   1.0756593e-02
   1.1317097e-02
   1.1287235e-02
   1.0079500e-02
   1.1576148e-02
   1.1410849e-02
   1.1974198e-02
   1.1303146e-02
   1.0086900e-02
   1.0590114e-02
   1.0373778e-02
   1.1693822e-02
   1.1310278e-02
   1.0229168e-02
   1.1405227e-02
   1.0457070e-02
   1.0548664e-02
   1.1098044e-02
   1.0881054e-02
   1.0645613e-02
   1.1201523e-02
   9.9670170e-03
   1.1180239e-02
   1.1847107e-02
   1.0719169e-02
   1.1435761e-02
   1.0957997e-02
   1.1592620e-02
   1.0763102e-02
   1.1151565e-02
   1.1267213e-02
   1.0643293e-02
   1.0934916e-02
   1.1211608e-02
   1.1754240e-02
   1.0557680e-02
   1.0651678e-02
   1.1514171e-02
   1.0820112e-02
   1.0997057e-02
   1.1606754e-02
   1.1232827e-02
   1.0956300e-02
   1.0561565e-02
   1.1497392e-02
   1.0271282e-02
   1.1496708e-02
   1.0639756e-02
   1.1810994e-02
   1.0945406e-02
   1.0883043e-02
   1.0851103e-02
   9.9793036e-03
   1.1148992e-02
   1.0880214e-02
   1.1248151e-02
   1.0671061e-02
   1.1476675e-02
   1.0392824e-02
   1.1162754e-02
   1.0982562e-02
   1.0926448e-02
   1.0365320e-02
   1.0667081e-02
   1.0181336e-02
   1.0445874e-02
   1.0191018e-02
   1.1139018e-02
   1.0770048e-02
   1.0306829e-02
   1.1012166e-02
   1.1627275e-02
   1.0925109e-02
   1.0438136e-02
   1.0369437e-02
   1.1455579e-02
   1.0592372e-02
   1.1345147e-02
   1.0721300e-02
   1.1885179e-02
   1.0946641e-02
   1.0913562e-02
   1.0459018e-02
   1.1205268e-02
   1.0731239e-02
   1.0929265e-02
   1.0311811e-02
   1.1061418e-02
   1.1335800e-02
   1.0558856e-02
   1.0719267e-02
   1.0658438e-02
   1.0731728e-02
   1.0698768e-02
   1.1560335e-02
   1.0820043e-02
   1.0339133e-02
   1.0869353e-02
   1.0190892e-02
   1.0312281e-02
   1.0828302e-02
   1.1365252e-02
   1.0682824e-02
   1.1746785e-02
   1.0877527e-02
   1.0679551e-02
   9.8743402e-03
   1.1388623e-02
   1.0391739e-02
   1.1518871e-02
   1.0142751e-02
   1.0345108e-02
   1.1712052e-02
   1.1791840e-02
   9.9741209e-03
   1.0768706e-02
   1.1113367e-02
   1.0151482e-02
   1.0452706e-02
   1.0605374e-02
   1.1596842e-02
   1.1789128e-02
   1.1008705e-02
   1.0143323e-02
   1.1861477e-02
   1.0760724e-02
   1.0886101e-02
   1.0543517e-02
   1.0489789e-02
   1.0756689e-02
   1.0145907e-02
   1.0939781e-02
   1.0236063e-02
   1.0079316e-02
   1.1186541e-02
   1.0542697e-02
   1.1277811e-02
   1.0865855e-02
   1.0612442e-02
   1.0060277e-02
   1.0920713e-02
   1.0842366e-02
   1.0038192e-02
   1.0705309e-02
   1.0187502e-02
   1.1311620e-02
   1.1343233e-02
   1.1536426e-02
   1.0597384e-02
   1.1321947e-02
   1.0384847e-02
   1.1149946e-02
   1.1204998e-02
   1.0480450e-02
   1.1741078e-02
   1.1506974e-02
   1.0977417e-02
   1.1828064e-02
   1.1623657e-02
   1.1639459e-02
   9.9932830e-03
   1.0999609e-02
   1.1272187e-02
   1.1550510e-02
   1.1943691e-02
   1.0923350e-02
   1.0477104e-02
   1.1341385e-02
   1.0688269e-02
   1.1883719e-02
   1.0499501e-02
   1.0475635e-02
   1.0402881e-02
   1.0820982e-02
   1.0378452e-02
   1.1520714e-02
   1.0684492e-02
   1.1637776e-02
   1.1377366e-02
   1.0609648e-02
   1.0156652e-02
   1.0176659e-02
   1.0410802e-02
   1.0892880e-02
   1.1478910e-02
   1.0972504e-02
   1.1527180e-02
   1.0194929e-02
   1.1780977e-02
   1.1529252e-02
   1.0979748e-02
   1.0182517e-02
   1.0888813e-02
   1.1561064e-02
   1.2075951e-02
   1.0405920e-02
   1.1520964e-02
   1.1564063e-02
   1.0524438e-02
   1.1300965e-02
   1.1162826e-02
   1.1001794e-02
   1.0078242e-02
   1.0288094e-02
   1.1028589e-02
   1.1140605e-02
   1.0983083e-02
   1.1361822e-02
   1.1470910e-02
   1.0773265e-02
   1.0448079e-02
   1.0607647e-02
   1.1586317e-02
   1.1462208e-02
   1.1463243e-02
   1.0567184e-02
   1.0604347e-02
   1.0211293e-02
   1.0869327e-02
   1.1114656e-02
   1.0625619e-02
   1.0967435e-02
   1.0481004e-02
   1.0245703e-02
   1.1255140e-02
   1.1252995e-02
   1.1271228e-02
   1.1151039e-02
   1.0774946e-02
   1.0792846e-02
   1.1269341e-02
   1.0387746e-02
   1.0702530e-02
   1.0267411e-02
   1.1497359e-02
   1.0205569e-02
   1.1043953e-02
   1.0326150e-02
   1.0349166e-02
   9.8907651e-03
   1.1943093e-02
   1.2075814e-02
   1.1253039e-02
   1.1722218e-02
