   1.3257425e-02
   1.3645655e-02
   1.2652071e-02
   1.2521004e-02
   1.2660243e-02
   1.3447974e-02
   1.3244660e-02
   1.2706653e-02
   1.2511932e-02
   1.2755455e-02
   1.2685201e-02
   1.3752521e-02
   1.3892069e-02
   1.2883569e-02
   1.3193381e-02
   1.3898082e-02
   1.3604092e-02
   1.3056260e-02
   1.2672678e-02
   1.2499925e-02
   1.2499756e-02
   1.3358998e-02
   1.4012061e-02
   1.3237598e-02
   1.3032417e-02
   1.3052590e-02
   1.2974997e-02
   1.2397440e-02
   1.3789331e-02
   1.2749253e-02
   1.2677822e-02
   1.3683815e-02
   1.2563243e-02
   1.3651007e-02
   1.4144648e-02
   1.3474653e-02
   1.3289706e-02
   1.3476981e-02
   1.3029690e-02
   1.2975165e-02
   1.2388830e-02
   1.3323701e-02
   1.4025210e-02
   1.4022011e-02
   1.3511446e-02
   1.3670459e-02
   1.2736975e-02
   1.2471057e-02
   1.3577434e-02
   1.3437976e-02
   1.2512277e-02
   1.2645905e-02
   1.3639409e-02
   1.2513659e-02
   1.3281490e-02
   1.2662139e-02
   1.3135653e-02
   1.2478241e-02
   1.2892644e-02
   1.2685787e-02
   1.4006688e-02
   1.4019339e-02
   1.2402575e-02
   1.2848138e-02
   1.3511100e-02
   1.3796936e-02
   1.2894399e-02
   1.3161309e-02
   1.3308086e-02
   1.3210377e-02
   1.3677447e-02
   1.3300646e-02
   1.3348647e-02
   1.2541385e-02
   1.2813636e-02
   1.3391721e-02
   1.2923413e-02
   1.2599780e-02
   1.2958978e-02
   1.3262630e-02
   1.3922300e-02
   1.2426187e-02
   1.2637115e-02
   1.3702310e-02
   1.3551136e-02
   1.3921652e-02
   1.3058116e-02
   1.2409771e-02
   1.3129361e-02
   1.3659417e-02
   1.2539241e-02
   1.2484088e-02
   1.4144928e-02
   1.2925847e-02
   1.2809390e-02
   1.3275065e-02
   1.2623925e-02
   1.4089256e-02
   1.4105629e-02
   1.3698822e-02
   1.2490376e-02
   1.2387129e-02
   1.2829083e-02
   1.2479978e-02
   1.3730739e-02
   1.2548163e-02
   1.2486657e-02
   1.4144135e-02
   1.2523331e-02
   1.3158113e-02
   1.2463248e-02
   1.3321712e-02
   1.2863272e-02
   1.2389061e-02
   1.2568387e-02
   1.3524354e-02
   1.3373445e-02
   1.2474903e-02
   1.3342287e-02
   1.2791873e-02
   1.3907778e-02
   1.2470184e-02
   1.3572488e-02
   1.3692917e-02
   1.2841236e-02
   1.2762890e-02
   1.3199390e-02
   1.3726103e-02
   1.3308222e-02
   1.3772124e-02
   1.2828453e-02
   1.3590093e-02
   1.2878927e-02
   1.2674564e-02
   1.3373289e-02
   1.3663899e-02
   1.3982808e-02
   1.3592340e-02
   1.2724443e-02
   1.4140446e-02
   1.2693089e-02
   1.2793627e-02
   1.3964491e-02
   1.3844067e-02
   1.3174829e-02
   1.2888365e-02
   1.2406039e-02
   1.2467837e-02
   1.3212697e-02
   1.3497373e-02
   1.2934916e-02
   1.2937813e-02
   1.2494784e-02
   1.3187430e-02
   1.4140587e-02
   1.2741102e-02
   1.2956346e-02
   1.3445182e-02
   1.3433539e-02
   1.2616065e-02
   1.2472821e-02
   1.2471650e-02
   1.2993683e-02
   1.2920562e-02
   1.2477004e-02
   1.3491487e-02
   1.3175446e-02
   1.2400868e-02
   1.3301970e-02
   1.2448704e-02
   1.3954778e-02
   1.3587482e-02
   1.3643724e-02
   1.3631376e-02
   1.3225562e-02
   1.3596071e-02
   1.2435557e-02
   1.2609631e-02
   1.2397588e-02
   1.2581435e-02
   1.2692848e-02
   1.2944346e-02
   1.3001433e-02
   1.2875041e-02
   1.3794678e-02
   1.2790014e-02
   1.2883398e-02
   1.2843825e-02
   1.3365180e-02
   1.3532507e-02
   1.3231758e-02
   1.2604554e-02
   1.2638900e-02
   1.3514302e-02
   1.3090144e-02
   1.3196708e-02
   1.3503460e-02
   1.2496384e-02
   1.3289984e-02
   1.2923166e-02
   1.3784442e-02
   1.3411086e-02
   1.3183919e-02
   1.2991557e-02
   1.3480562e-02
   1.3652810e-02
   1.2417682e-02
   1.2905495e-02
   1.3414712e-02
   1.3787354e-02
   1.2893077e-02
   1.3789533e-02
   1.3520518e-02
   1.3032306e-02
   1.2420933e-02
   1.2573403e-02
   1.2415801e-02
   1.3642539e-02
   1.2879083e-02
   1.3728732e-02
   1.2625375e-02
   1.2586781e-02
   1.2959701e-02
   1.2625489e-02
   1.3626283e-02
   1.2685207e-02
   1.3199180e-02
   1.2765641e-02
   1.3284242e-02
   1.2612904e-02
   1.2583684e-02
   1.3728805e-02
   1.3687947e-02
   1.3108842e-02
   1.3524091e-02
   1.2561253e-02
   1.2839144e-02
   1.3835909e-02
   1.3361658e-02
   1.2597968e-02
   1.2935511e-02
   1.3550964e-02
   1.4024906e-02
   1.2733026e-02
   1.2412641e-02
   1.3838914e-02
   1.3253068e-02
   1.3982614e-02
   1.3686064e-02
   1.3029457e-02
   1.3369187e-02
   1.2585218e-02
   1.2940190e-02
   1.3357697e-02
   1.4005601e-02
   1.3562946e-02
   1.3451258e-02
   1.2524223e-02
   1.3046506e-02
   1.2913680e-02
   1.2587231e-02
   1.3073988e-02
   1.4092169e-02
   1.2546974e-02
   1.2499759e-02
   1.3741035e-02
   1.2878850e-02
   1.2463011e-02
   1.3322602e-02
   1.3583450e-02
   1.2693367e-02
   1.3598979e-02
   1.2773325e-02
   1.2679669e-02
   1.3114122e-02
   1.3851946e-02
   1.2540538e-02
   1.2698651e-02
   1.2667149e-02
   1.3708949e-02
   1.2652074e-02
   1.3736861e-02
   1.3574928e-02
   1.2511025e-02
   1.2934855e-02
   1.3737250e-02
   1.3876896e-02
   1.3620845e-02
   1.2724848e-02
   1.4124709e-02
   1.2498737e-02
   1.2925255e-02
   1.4031223e-02
   1.3355981e-02
   1.3471902e-02
   1.2531812e-02
   1.2848476e-02
   1.3158851e-02
   1.2992052e-02
   1.3126454e-02
