   1.6164516e-01
   1.6488490e-01
   1.7436774e-01
   1.5727737e-01
   1.7104282e-01
   1.5930852e-01
   1.8054392e-01
   1.6446111e-01
   1.6000584e-01
   1.6295856e-01
   1.5976834e-01
   1.6344060e-01
   1.6223318e-01
   1.6250756e-01
   1.6161669e-01
   1.6646567e-01
   1.7206497e-01
   1.7228931e-01
   1.7072438e-01
   1.6797397e-01
   1.6899508e-01
   1.5339265e-01
   1.5796425e-01
   1.6343485e-01
   1.6335487e-01
   1.7506825e-01
   1.5464638e-01
   1.6416948e-01
   1.5651538e-01
   1.5731212e-01
   1.5846873e-01
   1.6144462e-01
   1.6156325e-01
   1.7862046e-01
   1.5436929e-01
   1.6592002e-01
   1.6629126e-01
   1.5986687e-01
   1.5841832e-01
   1.5509071e-01
   1.6150094e-01
   1.6106552e-01
   1.5585129e-01
   1.7856066e-01
   1.5779143e-01
   1.5798969e-01
   1.6298786e-01
   1.6536870e-01
   1.7035857e-01
   1.6210726e-01
   1.6349461e-01
   1.5344750e-01
   1.6781079e-01
   1.8250913e-01
   1.5722225e-01
   1.5841268e-01
   1.6813652e-01
   1.7866364e-01
   1.6670927e-01
   1.6146115e-01
   1.6258405e-01
   1.8017712e-01
   1.7186488e-01
   1.5851939e-01
   1.6146825e-01
   1.6595532e-01
   1.6794152e-01
   1.7086177e-01
   1.6071367e-01
   1.6588164e-01
   1.5875121e-01
   1.5648114e-01
   1.5991091e-01
   1.7646830e-01
   1.6770341e-01
   1.5800023e-01
   1.5962137e-01
   1.6532968e-01
   1.7670601e-01
   1.5119587e-01
   1.6780874e-01
   1.6033865e-01
   1.6458149e-01
   1.5787132e-01
   1.7055958e-01
   1.5982638e-01
   1.5968748e-01
   1.5823595e-01
   1.6306374e-01
   1.5346402e-01
   1.6742861e-01
   1.5545546e-01
   1.7398170e-01
   1.6701116e-01
   1.6121040e-01
   1.5314132e-01
   1.6160668e-01
   1.6138359e-01
   1.6781177e-01
   1.5611223e-01
   1.6865461e-01
   1.7508525e-01
   1.6215727e-01
   1.6737366e-01
   1.6625577e-01
   1.4777044e-01
   1.6475232e-01
   1.6031677e-01
   1.7100660e-01
   1.6024180e-01
   1.6397337e-01
   1.6685802e-01
   1.6492844e-01
   1.5813348e-01
   1.7066672e-01
   1.5025309e-01
   1.6496986e-01
   1.5270099e-01
   1.6825233e-01
   1.6682581e-01
   1.6868543e-01
   1.5844082e-01
   1.6013830e-01
   1.5725950e-01
   1.7330359e-01
   1.6363974e-01
   1.6597297e-01
   1.5937355e-01
   1.6587181e-01
   1.5425566e-01
   1.6529801e-01
   1.6302720e-01
   1.6802229e-01
   1.6386325e-01
   1.5748057e-01
   1.6483344e-01
   1.6819494e-01
   1.5971682e-01
   1.5748283e-01
   1.7237742e-01
   1.6789767e-01
   1.6445405e-01
   1.6601055e-01
   1.6451461e-01
   1.6328821e-01
   1.5041783e-01
   1.6421504e-01
   1.5947424e-01
   1.6778096e-01
   1.5962015e-01
   1.6649408e-01
   1.6672070e-01
   1.7614558e-01
   1.5836842e-01
   1.6458538e-01
   1.6395790e-01
   1.5571642e-01
   1.6655348e-01
   1.5317787e-01
   1.6744653e-01
   1.6686624e-01
   1.6019235e-01
   1.5460523e-01
   1.7056412e-01
   1.5461503e-01
   1.6934109e-01
   1.5272118e-01
   1.6609712e-01
   1.5815413e-01
   1.7457184e-01
   1.6547181e-01
   1.6767822e-01
   1.6585400e-01
   1.6322581e-01
   1.6787134e-01
   1.5364274e-01
   1.6987587e-01
   1.6713202e-01
   1.6492298e-01
   1.5873115e-01
   1.6843851e-01
   1.6780632e-01
   1.6283191e-01
   1.5903651e-01
   1.5968314e-01
   1.6798309e-01
   1.6062565e-01
   1.5863732e-01
   1.7658207e-01
   1.6928335e-01
   1.5516428e-01
   1.6744615e-01
   1.5899058e-01
   1.7599305e-01
   1.5425909e-01
   1.6649771e-01
   1.6677010e-01
   1.5643805e-01
   1.6241171e-01
   1.6078834e-01
   1.5646295e-01
   1.7397325e-01
   1.5548386e-01
   1.5813842e-01
   1.6179140e-01
   1.5881660e-01
   1.7139178e-01
   1.6634926e-01
   1.6490186e-01
   1.5975820e-01
   1.7040903e-01
   1.8295562e-01
   1.6786788e-01
   1.6426335e-01
   1.6382434e-01
   1.5857404e-01
   1.6710896e-01
   1.6227592e-01
   1.6922869e-01
   1.6226666e-01
   1.5518336e-01
   1.6353078e-01
   1.5900147e-01
   1.8272846e-01
   1.6388476e-01
   1.7108643e-01
   1.6675441e-01
   1.8409605e-01
   1.5892122e-01
   1.7348813e-01
   1.7013092e-01
   1.5861985e-01
   1.6856622e-01
   1.6309766e-01
   1.6823815e-01
   1.5245025e-01
   1.7461946e-01
   1.7062659e-01
   1.5952350e-01
   1.6897490e-01
   1.7863474e-01
   1.7618692e-01
   1.6171112e-01
   1.6677447e-01
   1.6947657e-01
   1.7079651e-01
   1.6093896e-01
   1.7008600e-01
   1.5649846e-01
   1.5852860e-01
   1.7998676e-01
   1.5489259e-01
   1.8041948e-01
   1.4981140e-01
   1.6463785e-01
   1.5895566e-01
   1.7337933e-01
   1.6161859e-01
   1.5905834e-01
   1.6864339e-01
   1.6286615e-01
   1.5450357e-01
   1.6671730e-01
   1.5356738e-01
   1.6396170e-01
   1.7236881e-01
   1.6737758e-01
   1.5773388e-01
   1.4997360e-01
   1.5300522e-01
   1.6565114e-01
   1.6263415e-01
   1.6299549e-01
   1.5564320e-01
   1.5889905e-01
   1.6248822e-01
   1.5286201e-01
   1.6164790e-01
   1.7019358e-01
   1.6418513e-01
   1.6783813e-01
   1.6161853e-01
   1.6754938e-01
   1.7796908e-01
   1.5691335e-01
   1.6913378e-01
   1.5101839e-01
   1.4884939e-01
   1.6227405e-01
   1.6485114e-01
   1.6659382e-01
   1.5889425e-01
   1.5464205e-01
   1.6611417e-01
   1.7442414e-01
   1.6531916e-01
   1.6731441e-01
   1.7564725e-01
   1.5986277e-01
   1.6237061e-01
