   2.8926630e-02
   2.4991958e-02
   2.4370681e-02
   2.9192165e-02
   2.8581768e-02
   2.3743544e-02
   2.9381836e-02
   2.6936613e-02
   2.8238315e-02
   2.7738785e-02
   2.8473334e-02
   2.9117717e-02
   2.6222474e-02
   2.4776820e-02
   2.9095532e-02
   2.6424162e-02
   2.9004058e-02
   2.6147828e-02
   2.9809831e-02
   2.4780846e-02
   2.5136483e-02
   3.0193406e-02
   2.4010078e-02
   2.8009200e-02
   2.8401551e-02
   2.7126100e-02
   2.6141627e-02
   2.9885639e-02
   2.6294931e-02
   2.6473235e-02
   2.4668907e-02
   2.6472196e-02
   2.5860131e-02
   2.9303093e-02
   2.5929828e-02
   2.5574420e-02
   2.6320592e-02
   2.8595393e-02
   2.4596179e-02
   2.9189816e-02
   2.4304745e-02
   2.7425041e-02
   2.4313095e-02
   2.8436470e-02
   2.8091689e-02
   2.5032055e-02
   2.8801195e-02
   2.7221900e-02
   2.9042652e-02
   2.7412634e-02
   2.9469194e-02
   2.7159272e-02
   2.6863988e-02
   2.7422076e-02
   2.5647515e-02
   3.0075066e-02
   2.7475416e-02
   2.5210683e-02
   2.6401705e-02
   2.8040233e-02
   2.6879120e-02
   2.4916447e-02
   2.9073433e-02
   2.7383509e-02
   2.6154981e-02
   2.5092727e-02
   2.4990861e-02
   2.6961880e-02
   2.6374461e-02
   2.8375289e-02
   2.4115822e-02
   2.9081875e-02
   2.8878493e-02
   2.4549229e-02
   2.9135663e-02
   2.5089702e-02
   2.8343986e-02
   2.7105180e-02
   2.4589407e-02
   2.3722511e-02
   2.8558535e-02
   2.9007272e-02
   2.6392791e-02
   2.4326747e-02
   2.7762579e-02
   2.4924311e-02
   2.8544746e-02
   2.7867180e-02
   2.5573008e-02
   3.0395140e-02
   2.8549224e-02
   2.9323276e-02
   2.4026544e-02
   2.5186100e-02
   2.8323230e-02
   2.8426457e-02
   2.8901226e-02
   2.6969425e-02
   2.6753259e-02
   2.7649101e-02
   2.9194144e-02
   2.8019638e-02
   2.7955023e-02
   2.5565029e-02
   2.8147773e-02
   2.6111903e-02
   2.7619045e-02
   3.0116023e-02
   3.0155746e-02
   2.9364059e-02
   3.0203669e-02
   2.9027010e-02
   2.3698561e-02
   2.3782688e-02
   2.4305893e-02
   2.5600904e-02
   2.4197748e-02
   2.6362513e-02
   2.5801777e-02
   2.7790576e-02
   2.9529430e-02
   2.6057970e-02
   2.5845446e-02
   2.9137752e-02
   2.6653846e-02
   2.5241052e-02
   2.8024299e-02
   2.9969284e-02
   2.6016563e-02
   2.8216414e-02
   2.8809707e-02
   2.6631983e-02
   2.7461265e-02
   2.9697666e-02
   2.5217931e-02
   2.6310759e-02
   2.6656848e-02
   2.7422998e-02
   2.9207153e-02
   2.7048127e-02
   2.6331758e-02
   2.8387774e-02
   2.7551851e-02
   2.9266968e-02
   2.6697088e-02
   2.6923175e-02
   2.6760092e-02
   2.6066437e-02
   2.5221006e-02
   2.4194718e-02
   3.0502935e-02
   2.5197020e-02
   2.9158204e-02
   2.8195152e-02
   2.9213749e-02
   3.0434640e-02
   2.4922577e-02
   2.6283837e-02
   3.0704576e-02
   2.7867521e-02
   2.9499477e-02
   2.6752047e-02
   2.3934406e-02
   2.7644505e-02
   2.5052357e-02
   2.7357615e-02
   2.8488547e-02
   2.7539466e-02
   2.7407748e-02
   2.6669465e-02
   2.5350380e-02
   2.6400693e-02
   2.3773883e-02
   2.7428344e-02
   2.9753640e-02
   2.4351839e-02
   2.3926852e-02
   2.9627037e-02
   2.5102186e-02
   2.3715126e-02
   2.9916817e-02
   2.5558929e-02
   2.9215776e-02
   2.4355206e-02
   2.6631699e-02
   2.7432578e-02
   2.8103171e-02
   2.8594727e-02
   2.8039467e-02
   2.6291893e-02
   2.4566766e-02
   2.9370738e-02
   2.5522257e-02
   2.7785784e-02
   2.9374303e-02
   2.4257578e-02
   2.9996024e-02
   2.4862205e-02
   2.9799804e-02
   2.8934189e-02
   2.4296622e-02
   2.7118844e-02
   3.0848592e-02
   2.5668986e-02
   2.8763226e-02
   2.8145779e-02
   2.8675335e-02
   2.8866220e-02
   2.4479091e-02
   2.5879162e-02
   2.7835204e-02
   2.6812351e-02
   2.9799216e-02
   2.8502328e-02
   2.7453516e-02
   2.5583507e-02
   2.6097286e-02
   2.9575777e-02
   2.6529078e-02
   2.9001847e-02
   2.5146258e-02
   2.9755657e-02
   2.4152544e-02
   2.9438850e-02
   2.9340652e-02
   2.7148339e-02
   2.4477461e-02
   2.4810488e-02
   2.9084075e-02
   2.9844521e-02
   2.4376126e-02
   2.9469945e-02
   2.9747858e-02
   2.5944775e-02
   2.7968739e-02
   2.6699743e-02
   2.5340479e-02
   2.8643024e-02
   2.8737885e-02
   2.6031961e-02
   2.7570819e-02
   2.6308688e-02
   2.5070830e-02
   2.3716250e-02
   2.6899979e-02
   2.5426119e-02
   2.5825888e-02
   2.6073419e-02
   2.4796724e-02
   2.6989512e-02
   2.8507728e-02
   2.4966480e-02
   2.7891231e-02
   2.6488538e-02
   2.6922234e-02
   2.4684013e-02
   2.5216317e-02
   2.7815347e-02
   2.5797726e-02
   2.8320451e-02
   2.9641763e-02
   2.8181968e-02
   2.8830375e-02
   3.0485154e-02
   2.8650064e-02
   2.7515659e-02
   2.9833589e-02
   2.4097824e-02
   2.5483821e-02
   2.9885837e-02
   2.8540529e-02
   2.7096330e-02
   2.8099187e-02
   2.6878578e-02
   2.6116926e-02
   2.5334702e-02
   2.6029377e-02
   2.4350301e-02
   2.7002658e-02
   2.6735421e-02
   2.9874430e-02
   2.8090437e-02
   2.9143833e-02
   2.6482927e-02
   2.6599975e-02
   2.8907757e-02
   3.0827965e-02
   2.7013420e-02
   2.9510098e-02
   2.8599017e-02
   2.8413725e-02
   2.9923640e-02
   3.0087387e-02
   2.9735070e-02
   2.7765325e-02
   2.6427172e-02
   2.6646217e-02
   2.9979358e-02
   2.3786973e-02
   2.5209036e-02
