   1.7822859e-01
   1.7418314e-01
   1.7713492e-01
   1.7122804e-01
   1.8106602e-01
   1.7616028e-01
   1.7860382e-01
   1.7912062e-01
   1.7479344e-01
   1.7909253e-01
   1.7428981e-01
   1.7960240e-01
   1.8548127e-01
   1.7751076e-01
   1.7190727e-01
   1.8420057e-01
   1.7895231e-01
   1.7569187e-01
   1.7922365e-01
   1.7627885e-01
   1.7291473e-01
   1.7092529e-01
   1.7101152e-01
   1.7118334e-01
   1.7194913e-01
   1.7194909e-01
   1.7465542e-01
   1.7975109e-01
   1.7170216e-01
   1.8190748e-01
   1.7387868e-01
   1.7975115e-01
   1.8068750e-01
   1.7983341e-01
   1.8075333e-01
   1.7270840e-01
   1.7886206e-01
   1.7584030e-01
   1.7123015e-01
   1.7886947e-01
   1.7273635e-01
   1.7211439e-01
   1.7537686e-01
   1.7399104e-01
   1.7069244e-01
   1.7341302e-01
   1.7836840e-01
   1.7605095e-01
   1.8167147e-01
   1.7616672e-01
   1.8097848e-01
   1.7640962e-01
   1.7101930e-01
   1.7987902e-01
   1.7182493e-01
   1.7741562e-01
   1.7679707e-01
   1.7206805e-01
   1.7804496e-01
   1.7960112e-01
   1.7873325e-01
   1.7268404e-01
   1.7535518e-01
   1.7221556e-01
   1.7103165e-01
   1.7229831e-01
   1.8104326e-01
   1.7817093e-01
   1.7842379e-01
   1.7135564e-01
   1.7990790e-01
   1.7912776e-01
   1.7122226e-01
   1.7459560e-01
   1.7236090e-01
   1.7387920e-01
   1.7674467e-01
   1.7120700e-01
   1.7210243e-01
   1.7699574e-01
   1.7714552e-01
   1.7751955e-01
   1.8020004e-01
   1.7498451e-01
   1.7961378e-01
   1.7980536e-01
   1.7916349e-01
   1.7137773e-01
   1.8271634e-01
   1.7539873e-01
   1.7166954e-01
   1.8408545e-01
   1.8069895e-01
   1.7336075e-01
   1.8260700e-01
   1.8104129e-01
   1.8115335e-01
   1.7627764e-01
   1.7177222e-01
   1.7197298e-01
   1.8008692e-01
   1.7573205e-01
   1.7789694e-01
   1.7921300e-01
   1.7236631e-01
   1.7104196e-01
   1.7955602e-01
   1.8096650e-01
   1.8074161e-01
   1.8077318e-01
   1.7521343e-01
   1.8123116e-01
   1.7272007e-01
   1.7799553e-01
   1.7852536e-01
   1.7916354e-01
   1.7942940e-01
   1.7371754e-01
   1.7310302e-01
   1.8459407e-01
   1.7430530e-01
   1.7239455e-01
   1.8238287e-01
   1.7833141e-01
   1.8209915e-01
   1.7699715e-01
   1.7945427e-01
   1.7134506e-01
   1.8421666e-01
   1.8106574e-01
   1.8078207e-01
   1.8051824e-01
   1.7324413e-01
   1.7805301e-01
   1.7331793e-01
   1.8074625e-01
   1.7134640e-01
   1.8272655e-01
   1.7536361e-01
   1.8243617e-01
   1.7795793e-01
   1.8099815e-01
   1.8321443e-01
   1.7369575e-01
   1.8226455e-01
   1.8548692e-01
   1.7071137e-01
   1.8378941e-01
   1.7993178e-01
   1.7154410e-01
   1.7239767e-01
   1.7780038e-01
   1.8026679e-01
   1.7804747e-01
   1.7207255e-01
   1.8246588e-01
   1.7086715e-01
   1.7378601e-01
   1.7663113e-01
   1.8393522e-01
   1.7704550e-01
   1.8078660e-01
   1.8100484e-01
   1.7535676e-01
   1.7678457e-01
   1.7233277e-01
   1.7404626e-01
   1.7286522e-01
   1.7249252e-01
   1.8178091e-01
   1.7832222e-01
   1.8638717e-01
   1.7602307e-01
   1.7611793e-01
   1.7253359e-01
   1.7603672e-01
   1.7264283e-01
   1.7081350e-01
   1.8223451e-01
   1.7949229e-01
   1.7496014e-01
   1.7353658e-01
   1.8338569e-01
   1.7277328e-01
   1.7188224e-01
   1.8450399e-01
   1.7238681e-01
   1.7682385e-01
   1.7447411e-01
   1.7808625e-01
   1.7107715e-01
   1.7682055e-01
   1.7560171e-01
   1.7897666e-01
   1.7536497e-01
   1.7418389e-01
   1.7749790e-01
   1.8071773e-01
   1.7760057e-01
   1.7839061e-01
   1.8110742e-01
   1.7632813e-01
   1.7094775e-01
   1.7823889e-01
   1.7850472e-01
   1.8021468e-01
   1.7683762e-01
   1.8069251e-01
   1.7281303e-01
   1.7145074e-01
   1.7317559e-01
   1.7907530e-01
   1.8107969e-01
   1.7321325e-01
   1.8209132e-01
   1.8503309e-01
   1.7391852e-01
   1.7903363e-01
   1.7377322e-01
   1.8330980e-01
   1.7284588e-01
   1.7728469e-01
   1.8122618e-01
   1.7207701e-01
   1.8068607e-01
   1.7706237e-01
   1.7929244e-01
   1.7800372e-01
   1.8314404e-01
   1.7105414e-01
   1.7655822e-01
   1.7914983e-01
   1.7239767e-01
   1.8725430e-01
   1.7675123e-01
   1.7441101e-01
   1.8238607e-01
   1.8084503e-01
   1.7227288e-01
   1.7561023e-01
   1.8104215e-01
   1.7186706e-01
   1.7935108e-01
   1.7310750e-01
   1.7974789e-01
   1.7937993e-01
   1.7451035e-01
   1.7545374e-01
   1.7197934e-01
   1.8028090e-01
   1.7728680e-01
   1.8143149e-01
   1.8468868e-01
   1.7196951e-01
   1.7236047e-01
   1.7381171e-01
   1.7248421e-01
   1.8076678e-01
   1.7144163e-01
   1.7217481e-01
   1.8387189e-01
   1.7124880e-01
   1.7177196e-01
   1.8180279e-01
   1.7732464e-01
   1.7186450e-01
   1.7095744e-01
   1.7969718e-01
   1.7406502e-01
   1.7255715e-01
   1.8442252e-01
   1.7650285e-01
   1.7100258e-01
   1.7778621e-01
   1.7192493e-01
   1.7818118e-01
   1.7822638e-01
   1.7150026e-01
   1.8093508e-01
   1.7123828e-01
   1.7605036e-01
   1.7410958e-01
   1.8166408e-01
   1.7597088e-01
   1.7997390e-01
   1.7096482e-01
   1.7252790e-01
   1.7079973e-01
   1.7137059e-01
   1.7853963e-01
   1.7617970e-01
   1.7958602e-01
   1.7208600e-01
   1.8028591e-01
   1.7813853e-01
   1.8027826e-01
   1.7845907e-01
   1.8007692e-01
   1.7493424e-01
   1.7256682e-01
