   1.2782918e-02
   1.3681623e-02
   1.3783949e-02
   1.2984089e-02
   1.3937388e-02
   1.4427076e-02
   1.3759225e-02
   1.4574109e-02
   1.3088189e-02
   1.3645910e-02
   1.2846011e-02
   1.4787189e-02
   1.4561274e-02
   1.4660262e-02
   1.4134238e-02
   1.2772489e-02
   1.4782178e-02
   1.3001845e-02
   1.3664025e-02
   1.3642843e-02
   1.3592078e-02
   1.4360606e-02
   1.3219444e-02
   1.4552726e-02
   1.4000547e-02
   1.2845126e-02
   1.3994918e-02
   1.2829810e-02
   1.4786253e-02
   1.3959163e-02
   1.4667621e-02
   1.3129402e-02
   1.3422958e-02
   1.3687058e-02
   1.4106972e-02
   1.3099510e-02
   1.3257640e-02
   1.3649605e-02
   1.3537077e-02
   1.4730131e-02
   1.2830133e-02
   1.3666366e-02
   1.4171032e-02
   1.2901598e-02
   1.3022764e-02
   1.3752460e-02
   1.3965315e-02
   1.3349034e-02
   1.4209837e-02
   1.4547558e-02
   1.3752135e-02
   1.4398074e-02
   1.3449189e-02
   1.4452831e-02
   1.2797200e-02
   1.4102303e-02
   1.4403163e-02
   1.3953733e-02
   1.2779146e-02
   1.2770826e-02
   1.4370683e-02
   1.4573210e-02
   1.4127124e-02
   1.3761567e-02
   1.4751567e-02
   1.4320266e-02
   1.2931449e-02
   1.4644176e-02
   1.4600518e-02
   1.4747510e-02
   1.4268307e-02
   1.2943270e-02
   1.4457033e-02
   1.2915541e-02
   1.3878241e-02
   1.3539342e-02
   1.3631666e-02
   1.4121472e-02
   1.4242295e-02
   1.3394618e-02
   1.2793995e-02
   1.4196268e-02
   1.3826993e-02
   1.2906205e-02
   1.4695531e-02
   1.3603926e-02
   1.4795427e-02
   1.2774004e-02
   1.3247159e-02
   1.4481221e-02
   1.2863066e-02
   1.4584853e-02
   1.4575481e-02
   1.3559461e-02
   1.4159055e-02
   1.4544042e-02
   1.3278947e-02
   1.2812755e-02
   1.3751686e-02
   1.3637052e-02
   1.3937685e-02
   1.3367991e-02
   1.3362689e-02
   1.4790085e-02
   1.3524498e-02
   1.4543334e-02
   1.2981663e-02
   1.4455665e-02
   1.4012384e-02
   1.3327231e-02
   1.4489783e-02
   1.4697779e-02
   1.3974556e-02
   1.2950154e-02
   1.4447572e-02
   1.3159429e-02
   1.3663165e-02
   1.3063594e-02
   1.4779261e-02
   1.4012099e-02
   1.3494864e-02
   1.4158665e-02
   1.4194500e-02
   1.4204897e-02
   1.4714537e-02
   1.4662668e-02
   1.3412618e-02
   1.3034664e-02
   1.4508975e-02
   1.4503685e-02
   1.3182924e-02
   1.3490086e-02
   1.3668984e-02
   1.4396558e-02
   1.3786594e-02
   1.3356498e-02
   1.3164764e-02
   1.3400043e-02
   1.3282278e-02
   1.3452279e-02
   1.3268276e-02
   1.4770832e-02
   1.2786552e-02
   1.2928958e-02
   1.4008096e-02
   1.3910302e-02
   1.3527620e-02
   1.4057529e-02
   1.4127843e-02
   1.2784360e-02
   1.2843477e-02
   1.2922717e-02
   1.4017727e-02
   1.3878398e-02
   1.4745380e-02
   1.4475102e-02
   1.3410312e-02
   1.2960226e-02
   1.3396826e-02
   1.3312444e-02
   1.3606156e-02
   1.4628802e-02
   1.3674901e-02
   1.3990131e-02
   1.4114959e-02
   1.3252088e-02
   1.4056794e-02
   1.4547140e-02
   1.3197920e-02
   1.3519373e-02
   1.3930880e-02
   1.4351287e-02
   1.4107690e-02
   1.3606965e-02
   1.2913391e-02
   1.3014328e-02
   1.3479370e-02
   1.3082431e-02
   1.2994537e-02
   1.3041251e-02
   1.3122005e-02
   1.2808877e-02
   1.3985208e-02
   1.3809467e-02
   1.2778917e-02
   1.4702640e-02
   1.3470967e-02
   1.4737899e-02
   1.2848111e-02
   1.3362474e-02
   1.2862884e-02
   1.3987918e-02
   1.4555710e-02
   1.4498378e-02
   1.3480625e-02
   1.3439371e-02
   1.4536263e-02
   1.2891117e-02
   1.2955894e-02
   1.3143144e-02
   1.4706893e-02
   1.4513032e-02
   1.4493588e-02
   1.4041909e-02
   1.3301452e-02
   1.3603253e-02
   1.3146602e-02
   1.4735188e-02
   1.4010163e-02
   1.3946727e-02
   1.2776917e-02
   1.3315015e-02
   1.3471929e-02
   1.2883635e-02
   1.4385110e-02
   1.4210160e-02
   1.3449324e-02
   1.4096041e-02
   1.3844277e-02
   1.3377060e-02
   1.3746391e-02
   1.3457801e-02
   1.2858338e-02
   1.3849197e-02
   1.2834479e-02
   1.4599961e-02
   1.4793493e-02
   1.3170897e-02
   1.4673785e-02
   1.3678897e-02
   1.2823208e-02
   1.3740104e-02
   1.3280216e-02
   1.2772303e-02
   1.2786996e-02
   1.3017548e-02
   1.4233708e-02
   1.3167794e-02
   1.3945779e-02
   1.2962171e-02
   1.3685646e-02
   1.3365341e-02
   1.4692603e-02
   1.4115644e-02
   1.3565458e-02
   1.4090963e-02
   1.3939348e-02
   1.3213862e-02
   1.3962042e-02
   1.4781674e-02
   1.3854315e-02
   1.3995464e-02
   1.4629501e-02
   1.3679677e-02
   1.3932319e-02
   1.4137199e-02
   1.4686037e-02
   1.3927022e-02
   1.4134725e-02
   1.3466923e-02
   1.2779095e-02
   1.2867210e-02
   1.4456347e-02
   1.3598253e-02
   1.4104622e-02
   1.4012136e-02
   1.4322605e-02
   1.4320552e-02
   1.2829866e-02
   1.3959748e-02
   1.3503461e-02
   1.4209148e-02
   1.4675938e-02
   1.2974447e-02
   1.4144106e-02
   1.2927196e-02
   1.4283162e-02
   1.4337579e-02
   1.3880980e-02
   1.4032378e-02
   1.3397118e-02
   1.2778768e-02
   1.3978100e-02
   1.2808187e-02
   1.3149706e-02
   1.3913577e-02
   1.3415247e-02
   1.2952422e-02
   1.4518018e-02
   1.3990871e-02
   1.4180027e-02
   1.4429601e-02
   1.3908045e-02
   1.2779245e-02
   1.4067561e-02
   1.3725817e-02
   1.4436359e-02
   1.4791634e-02
   1.4511878e-02
   1.3851543e-02
