   2.6375288e-02
   2.6549719e-02
   2.7083631e-02
   2.7032072e-02
   2.7015740e-02
   2.7126488e-02
   2.6604165e-02
   2.7390393e-02
   2.7025016e-02
   2.7373535e-02
   2.6526362e-02
   2.6646184e-02
   2.6550099e-02
   2.7361812e-02
   2.6973380e-02
   2.6733968e-02
   2.7147666e-02
   2.7248003e-02
   2.6860932e-02
   2.7081657e-02
   2.7375050e-02
   2.7367508e-02
   2.7392478e-02
   2.6853925e-02
   2.6905372e-02
   2.6877426e-02
   2.7186319e-02
   2.7310242e-02
   2.7367264e-02
   2.7142899e-02
   2.7368081e-02
   2.6846801e-02
   2.7364091e-02
   2.7060788e-02
   2.7594352e-02
   2.7034010e-02
   2.6434462e-02
   2.7041859e-02
   2.7654490e-02
   2.6506768e-02
   2.6989870e-02
   2.7367383e-02
   2.7236912e-02
   2.7611350e-02
   2.7400642e-02
   2.7575695e-02
   2.7334834e-02
   2.7365867e-02
   2.7043862e-02
   2.7300919e-02
   2.7795849e-02
   2.6921371e-02
   2.6644687e-02
   2.7424639e-02
   2.7147666e-02
   2.7154568e-02
   2.7794737e-02
   2.6505159e-02
   2.6459723e-02
   2.7060868e-02
   2.7152109e-02
   2.7111083e-02
   2.6762131e-02
   2.7185286e-02
   2.7110978e-02
   2.7001697e-02
   2.7177879e-02
   2.7744637e-02
   2.6355424e-02
   2.7193850e-02
   2.7403348e-02
   2.6550808e-02
   2.6882540e-02
   2.7171782e-02
   2.6580972e-02
   2.7370801e-02
   2.6380934e-02
   2.7246401e-02
   2.7147790e-02
   2.7380490e-02
   2.7770505e-02
   2.6848839e-02
   2.7641273e-02
   2.6581739e-02
   2.7180040e-02
   2.7380972e-02
   2.6935277e-02
   2.6905945e-02
   2.6345974e-02
   2.7371110e-02
   2.7206534e-02
   2.7435632e-02
   2.7402928e-02
   2.6956331e-02
   2.7211918e-02
   2.6932255e-02
   2.7319851e-02
   2.6955440e-02
   2.7341327e-02
   2.6575055e-02
   2.6395166e-02
   2.7365580e-02
   2.7427649e-02
   2.7359630e-02
   2.7391860e-02
   2.7370966e-02
   2.6860804e-02
   2.7770777e-02
   2.6940239e-02
   2.7218228e-02
   2.6897727e-02
   2.6838857e-02
   2.6942133e-02
   2.7313776e-02
   2.6355446e-02
   2.7402478e-02
   2.7688974e-02
   2.7103759e-02
   2.6345945e-02
   2.7282375e-02
   2.7090373e-02
   2.6344566e-02
   2.6341187e-02
   2.6419572e-02
   2.7386310e-02
   2.7003689e-02
   2.6868895e-02
   2.6571107e-02
   2.7388779e-02
   2.7321251e-02
   2.7263152e-02
   2.7400495e-02
   2.7357815e-02
   2.6882325e-02
   2.7372071e-02
   2.6860835e-02
   2.6401340e-02
   2.7392931e-02
   2.6798626e-02
   2.7378245e-02
   2.7394247e-02
   2.7392461e-02
   2.7641684e-02
   2.7726382e-02
   2.6373129e-02
   2.6851979e-02
   2.7394355e-02
   2.7367604e-02
   2.6848871e-02
   2.7065505e-02
   2.6908662e-02
   2.7516631e-02
   2.7255280e-02
   2.7388027e-02
   2.7668016e-02
   2.6968901e-02
   2.7468623e-02
   2.6813247e-02
   2.7211220e-02
   2.7037672e-02
   2.6968925e-02
   2.6780503e-02
   2.6942807e-02
   2.7357759e-02
   2.7175611e-02
   2.7276112e-02
   2.7304544e-02
   2.6578425e-02
   2.6753190e-02
   2.6486863e-02
   2.7402512e-02
   2.7090412e-02
   2.6745999e-02
   2.7410079e-02
   2.6342920e-02
   2.6426742e-02
   2.7402163e-02
   2.7547665e-02
   2.7376628e-02
   2.7498025e-02
   2.6892208e-02
   2.6457994e-02
   2.7390393e-02
   2.7244589e-02
   2.7660931e-02
   2.7367272e-02
   2.7367857e-02
   2.6935523e-02
   2.6946336e-02
   2.7349983e-02
   2.7395803e-02
   2.7159424e-02
   2.7318179e-02
   2.7333505e-02
   2.7401745e-02
   2.7088935e-02
   2.6457349e-02
   2.6900196e-02
   2.6905983e-02
   2.7353330e-02
   2.7388784e-02
   2.7368852e-02
   2.7320936e-02
   2.6838890e-02
   2.6853858e-02
   2.7180474e-02
   2.7103546e-02
   2.6835964e-02
   2.6664996e-02
   2.6868484e-02
   2.7174094e-02
   2.7224276e-02
   2.6917937e-02
   2.7367773e-02
   2.7347928e-02
   2.6929577e-02
   2.7421870e-02
   2.7128906e-02
   2.6538718e-02
   2.7730247e-02
   2.7611822e-02
   2.6911501e-02
   2.7202426e-02
   2.7068374e-02
   2.7413549e-02
   2.7323827e-02
   2.7277966e-02
   2.7367256e-02
   2.6472800e-02
   2.7404781e-02
   2.6961117e-02
   2.7218200e-02
   2.6942890e-02
   2.7190317e-02
   2.7792290e-02
   2.6974112e-02
   2.7632634e-02
   2.7726796e-02
   2.7172842e-02
   2.7231813e-02
   2.6862300e-02
   2.7396729e-02
   2.7675681e-02
   2.6341197e-02
   2.6986402e-02
   2.6659157e-02
   2.7736914e-02
   2.6975579e-02
   2.7323271e-02
   2.6877632e-02
   2.6373088e-02
   2.7756159e-02
   2.7799716e-02
   2.7022798e-02
   2.6943422e-02
   2.7367093e-02
   2.7346551e-02
   2.7398668e-02
   2.7175792e-02
   2.7558005e-02
   2.7207914e-02
   2.7315368e-02
   2.6495665e-02
   2.7403401e-02
   2.7253620e-02
   2.6787902e-02
   2.6846809e-02
   2.6344580e-02
   2.6702158e-02
   2.6883814e-02
   2.7726027e-02
   2.7383456e-02
   2.6685859e-02
   2.6887272e-02
   2.7791699e-02
   2.7361312e-02
   2.7565889e-02
   2.7204005e-02
   2.6460528e-02
   2.7401719e-02
   2.6386601e-02
   2.6984008e-02
   2.6619056e-02
   2.7403623e-02
   2.7516595e-02
   2.6486372e-02
   2.7408190e-02
   2.6969915e-02
   2.7371097e-02
   2.7769546e-02
   2.6940424e-02
   2.6424218e-02
   2.7567374e-02
   2.7246040e-02
   2.7355524e-02
   2.7422208e-02
   2.6588840e-02
   2.7385222e-02
   2.6639768e-02
   2.7205606e-02
