   1.5124360e-02
   1.5303163e-02
   1.5037621e-02
   1.4047811e-02
   1.4845740e-02
   1.5064801e-02
   1.4658256e-02
   1.4944411e-02
   1.5733949e-02
   1.4971967e-02
   1.4311439e-02
   1.5021511e-02
   1.5419235e-02
   1.5361569e-02
   1.4969704e-02
   1.4488977e-02
   1.5673698e-02
   1.5093285e-02
   1.5791282e-02
   1.5502684e-02
   1.4648238e-02
   1.4070524e-02
   1.5392395e-02
   1.4457398e-02
   1.5151577e-02
   1.4576446e-02
   1.4915666e-02
   1.5375980e-02
   1.5699300e-02
   1.4909839e-02
   1.4137536e-02
   1.5552722e-02
   1.4571551e-02
   1.5613151e-02
   1.5848969e-02
   1.5871168e-02
   1.4876440e-02
   1.4896544e-02
   1.5723745e-02
   1.5010229e-02
   1.5726618e-02
   1.5174078e-02
   1.4890928e-02
   1.4921565e-02
   1.5761260e-02
   1.4928635e-02
   1.5320020e-02
   1.4966631e-02
   1.5635843e-02
   1.5395277e-02
   1.5624510e-02
   1.4676849e-02
   1.5083874e-02
   1.4474568e-02
   1.5333827e-02
   1.5431933e-02
   1.4627946e-02
   1.5096718e-02
   1.4581404e-02
   1.5058823e-02
   1.4328629e-02
   1.4928154e-02
   1.4986325e-02
   1.5204795e-02
   1.5054385e-02
   1.4561528e-02
   1.4433131e-02
   1.4932876e-02
   1.4616747e-02
   1.5487779e-02
   1.4906703e-02
   1.4415204e-02
   1.4959752e-02
   1.5741655e-02
   1.4859295e-02
   1.5379974e-02
   1.5742871e-02
   1.4940378e-02
   1.5463155e-02
   1.4900962e-02
   1.5350823e-02
   1.5282197e-02
   1.4653861e-02
   1.5147269e-02
   1.4939457e-02
   1.4946227e-02
   1.5504752e-02
   1.5100877e-02
   1.5756179e-02
   1.5674194e-02
   1.5903815e-02
   1.4934079e-02
   1.5262514e-02
   1.4893951e-02
   1.5056725e-02
   1.4351908e-02
   1.4895524e-02
   1.4514822e-02
   1.4909845e-02
   1.4729855e-02
   1.4604131e-02
   1.4828992e-02
   1.4330005e-02
   1.5700670e-02
   1.4738292e-02
   1.5720408e-02
   1.5248725e-02
   1.4894689e-02
   1.5824022e-02
   1.5848851e-02
   1.4974837e-02
   1.3989706e-02
   1.4035657e-02
   1.5511009e-02
   1.4066140e-02
   1.4580327e-02
   1.4554159e-02
   1.4877106e-02
   1.4461228e-02
   1.5669681e-02
   1.4535638e-02
   1.5435329e-02
   1.4606759e-02
   1.5515654e-02
   1.4556386e-02
   1.5378115e-02
   1.4907825e-02
   1.5797336e-02
   1.4404678e-02
   1.4798234e-02
   1.4836468e-02
   1.4974282e-02
   1.5334334e-02
   1.5316691e-02
   1.4756233e-02
   1.4068244e-02
   1.4031147e-02
   1.5079055e-02
   1.4942356e-02
   1.4373778e-02
   1.4235364e-02
   1.4901182e-02
   1.4892881e-02
   1.5231756e-02
   1.4972338e-02
   1.5806126e-02
   1.4830620e-02
   1.4938556e-02
   1.4950736e-02
   1.5313756e-02
   1.4931119e-02
   1.4954670e-02
   1.4935268e-02
   1.4913375e-02
   1.4795655e-02
   1.5431439e-02
   1.5187513e-02
   1.4711793e-02
   1.5297867e-02
   1.4178566e-02
   1.4752922e-02
   1.5143351e-02
   1.5566382e-02
   1.4197052e-02
   1.4857722e-02
   1.5339059e-02
   1.4601783e-02
   1.5368068e-02
   1.4028160e-02
   1.4717203e-02
   1.4797217e-02
   1.5395058e-02
   1.4656244e-02
   1.4040716e-02
   1.4349904e-02
   1.5331848e-02
   1.5179584e-02
   1.5260896e-02
   1.4195014e-02
   1.4571215e-02
   1.5214330e-02
   1.4128410e-02
   1.5147918e-02
   1.4701167e-02
   1.4239832e-02
   1.4892112e-02
   1.5567923e-02
   1.4940226e-02
   1.5854255e-02
   1.5654182e-02
   1.4534595e-02
   1.4627687e-02
   1.4622777e-02
   1.5309270e-02
   1.5630531e-02
   1.5771224e-02
   1.4026134e-02
   1.4936640e-02
   1.5031647e-02
   1.4981275e-02
   1.5868732e-02
   1.4231046e-02
   1.5231937e-02
   1.5088622e-02
   1.4938640e-02
   1.5118014e-02
   1.4519706e-02
   1.5520157e-02
   1.4767689e-02
   1.5801985e-02
   1.4694894e-02
   1.4837404e-02
   1.5329339e-02
   1.4435869e-02
   1.5586809e-02
   1.5397058e-02
   1.5265748e-02
   1.4769514e-02
   1.5745196e-02
   1.4224990e-02
   1.5933678e-02
   1.5311487e-02
   1.4761603e-02
   1.5175972e-02
   1.4921177e-02
   1.5045196e-02
   1.4441171e-02
   1.5249989e-02
   1.4609383e-02
   1.4806005e-02
   1.4973877e-02
   1.5147432e-02
   1.4913129e-02
   1.4150019e-02
   1.4312876e-02
   1.5395538e-02
   1.4788940e-02
   1.4060160e-02
   1.5587211e-02
   1.4931347e-02
   1.5024850e-02
   1.4470702e-02
   1.5057022e-02
   1.5865290e-02
   1.4962519e-02
   1.4426802e-02
   1.4926137e-02
   1.4895740e-02
   1.5354644e-02
   1.5642196e-02
   1.5110207e-02
   1.4161343e-02
   1.5626382e-02
   1.4912136e-02
   1.5649360e-02
   1.4913813e-02
   1.5690070e-02
   1.4761713e-02
   1.5524959e-02
   1.4346607e-02
   1.4969317e-02
   1.4339013e-02
   1.5392701e-02
   1.4081748e-02
   1.4962446e-02
   1.5391077e-02
   1.4611340e-02
   1.5018718e-02
   1.5253593e-02
   1.5278926e-02
   1.4507316e-02
   1.5051509e-02
   1.4674339e-02
   1.5471014e-02
   1.5428139e-02
   1.4907567e-02
   1.5319854e-02
   1.4968332e-02
   1.5742637e-02
   1.5044087e-02
   1.4928767e-02
   1.4130712e-02
   1.4992774e-02
   1.4916346e-02
   1.5533369e-02
   1.5151646e-02
   1.4821996e-02
   1.5522673e-02
   1.5467961e-02
   1.4558838e-02
   1.4637592e-02
   1.4490198e-02
   1.5363398e-02
   1.5009031e-02
   1.5198259e-02
   1.4672242e-02
   1.5142891e-02
   1.4293395e-02
   1.4626868e-02
   1.4701315e-02
