   2.1650636e-01
   2.2322174e-01
   2.1738482e-01
   2.2334931e-01
   2.2354883e-01
   2.2450798e-01
   2.2329555e-01
   2.2152973e-01
   2.2340408e-01
   2.2304485e-01
   2.2132815e-01
   2.2248245e-01
   2.2305036e-01
   2.1826435e-01
   2.1850344e-01
   2.2433369e-01
   2.2603432e-01
   2.2320193e-01
   2.2171949e-01
   2.2077799e-01
   2.2308680e-01
   2.2287614e-01
   2.2446282e-01
   2.1706111e-01
   2.1647550e-01
   2.1617769e-01
   2.2159198e-01
   2.1759275e-01
   2.2437331e-01
   2.1776010e-01
   2.1695173e-01
   2.2421053e-01
   2.2149757e-01
   2.1871281e-01
   2.2876570e-01
   2.1717445e-01
   2.2618812e-01
   2.2077998e-01
   2.1671899e-01
   2.2336012e-01
   2.2166429e-01
   2.2184101e-01
   2.1645381e-01
   2.1829616e-01
   2.1731506e-01
   2.2294117e-01
   2.2291851e-01
   2.2242602e-01
   2.2217202e-01
   2.1608222e-01
   2.1809765e-01
   2.1858859e-01
   2.2319817e-01
   2.1588765e-01
   2.2021086e-01
   2.2312873e-01
   2.2194244e-01
   2.2288701e-01
   2.2680638e-01
   2.2434781e-01
   2.2502129e-01
   2.2247908e-01
   2.2119332e-01
   2.1669651e-01
   2.2144940e-01
   2.1878387e-01
   2.1869661e-01
   2.1635206e-01
   2.2099845e-01
   2.1810841e-01
   2.2148391e-01
   2.2334981e-01
   2.1580984e-01
   2.2174059e-01
   2.1671576e-01
   2.1752765e-01
   2.2448431e-01
   2.2358070e-01
   2.2262127e-01
   2.2018166e-01
   2.2380112e-01
   2.2309922e-01
   2.2063722e-01
   2.2176254e-01
   2.2127625e-01
   2.1910287e-01
   2.2566376e-01
   2.2482331e-01
   2.2381721e-01
   2.1734629e-01
   2.2134180e-01
   2.2062924e-01
   2.1660348e-01
   2.2300551e-01
   2.2153816e-01
   2.1665249e-01
   2.1695794e-01
   2.2171077e-01
   2.1655822e-01
   2.1872000e-01
   2.2470615e-01
   2.2276138e-01
   2.2483194e-01
   2.2412834e-01
   2.2398990e-01
   2.1938425e-01
   2.2206146e-01
   2.2245174e-01
   2.1590622e-01
   2.2280513e-01
   2.1948557e-01
   2.2462049e-01
   2.2106314e-01
   2.2256192e-01
   2.2441466e-01
   2.1958371e-01
   2.2323953e-01
   2.2322163e-01
   2.2496463e-01
   2.2031512e-01
   2.2152308e-01
   2.2295942e-01
   2.2234048e-01
   2.1804165e-01
   2.2110233e-01
   2.2125747e-01
   2.2705596e-01
   2.1955962e-01
   2.2332976e-01
   2.1976820e-01
   2.2432991e-01
   2.2247703e-01
   2.2269336e-01
   2.2439503e-01
   2.2375871e-01
   2.2221256e-01
   2.1730466e-01
   2.1921232e-01
   2.2338178e-01
   2.2446327e-01
   2.1637372e-01
   2.1773863e-01
   2.2118875e-01
   2.1759457e-01
   2.2278732e-01
   2.2230248e-01
   2.2361958e-01
   2.1711579e-01
   2.1938414e-01
   2.2409433e-01
   2.2157520e-01
   2.2063153e-01
   2.2446803e-01
   2.1701534e-01
   2.2095380e-01
   2.2213525e-01
   2.2410004e-01
   2.2288831e-01
   2.2224097e-01
   2.1592809e-01
   2.2132069e-01
   2.1819135e-01
   2.2174372e-01
   2.2434599e-01
   2.1672396e-01
   2.1710426e-01
   2.2146739e-01
   2.2430021e-01
   2.2332025e-01
   2.2067032e-01
   2.1986794e-01
   2.1985866e-01
   2.2270324e-01
   2.2247276e-01
   2.2038939e-01
   2.2150385e-01
   2.2371309e-01
   2.1714713e-01
   2.1909352e-01
   2.1930380e-01
   2.2209585e-01
   2.2251132e-01
   2.2382434e-01
   2.2399962e-01
   2.2727262e-01
   2.2442343e-01
   2.2594373e-01
   2.2342037e-01
   2.2265040e-01
   2.2339118e-01
   2.2070487e-01
   2.1649579e-01
   2.2076910e-01
   2.2095507e-01
   2.1605985e-01
   2.2513589e-01
   2.1745222e-01
   2.1663311e-01
   2.2239745e-01
   2.1620383e-01
   2.2493461e-01
   2.2440350e-01
   2.1587536e-01
   2.1764643e-01
   2.2394370e-01
   2.2450329e-01
   2.1605969e-01
   2.1644348e-01
   2.2226360e-01
   2.2113864e-01
   2.2365019e-01
   2.2180533e-01
   2.2119168e-01
   2.2245192e-01
   2.2804639e-01
   2.2166434e-01
   2.2262854e-01
   2.2619148e-01
   2.2135431e-01
   2.2509271e-01
   2.2172729e-01
   2.1578298e-01
   2.1713334e-01
   2.2282040e-01
   2.2344579e-01
   2.2304876e-01
   2.1755632e-01
   2.2001184e-01
   2.1649369e-01
   2.1783414e-01
   2.2196361e-01
   2.2420784e-01
   2.2375205e-01
   2.2355778e-01
   2.1668222e-01
   2.2130882e-01
   2.2349770e-01
   2.2189379e-01
   2.1736457e-01
   2.1786437e-01
   2.1833611e-01
   2.2405805e-01
   2.2585190e-01
   2.2464621e-01
   2.2070183e-01
   2.2300848e-01
   2.2147226e-01
   2.1615821e-01
   2.2367376e-01
   2.2129709e-01
   2.2355919e-01
   2.2242914e-01
   2.2568603e-01
   2.2437988e-01
   2.2630573e-01
   2.1806292e-01
   2.1660288e-01
   2.2754675e-01
   2.1768292e-01
   2.2104257e-01
   2.2154282e-01
   2.1813925e-01
   2.2131710e-01
   2.2294576e-01
   2.2093130e-01
   2.1563577e-01
   2.2427052e-01
   2.2146535e-01
   2.2335124e-01
   2.2414204e-01
   2.2427481e-01
   2.1985962e-01
   2.2147957e-01
   2.1667630e-01
   2.2521196e-01
   2.2456333e-01
   2.2231056e-01
   2.2577304e-01
   2.2367368e-01
   2.2231342e-01
   2.2025108e-01
   2.1779857e-01
   2.2413998e-01
   2.1709372e-01
   2.1693608e-01
   2.2321255e-01
   2.2695262e-01
   2.1858578e-01
   2.1750347e-01
   2.2323457e-01
   2.2162058e-01
   2.2315027e-01
   2.2439931e-01
   2.1899624e-01
   2.1715779e-01
   2.2563000e-01
   2.2292576e-01
   2.1664142e-01
   2.2265837e-01
   2.1873805e-01
