   2.3219809e-01
   2.2446276e-01
   2.2231892e-01
   2.2318645e-01
   2.2218876e-01
   2.2644181e-01
   2.2247512e-01
   2.2077278e-01
   2.2977972e-01
   2.2136463e-01
   2.2242142e-01
   2.2503200e-01
   2.2418683e-01
   2.2269391e-01
   2.2950542e-01
   2.2588720e-01
   2.2898142e-01
   2.2290048e-01
   2.3243739e-01
   2.2295862e-01
   2.2120569e-01
   2.2297021e-01
   2.3327136e-01
   2.2107039e-01
   2.2193065e-01
   2.2724138e-01
   2.2289121e-01
   2.3168484e-01
   2.3422631e-01
   2.2568744e-01
   2.2233888e-01
   2.3384848e-01
   2.3235213e-01
   2.3403741e-01
   2.2629606e-01
   2.2051396e-01
   2.2326767e-01
   2.2421844e-01
   2.2115505e-01
   2.2493781e-01
   2.2111839e-01
   2.2301589e-01
   2.2418427e-01
   2.1835360e-01
   2.2776169e-01
   2.2744651e-01
   2.2333603e-01
   2.2166053e-01
   2.2235101e-01
   2.2699346e-01
   2.1846835e-01
   2.2254072e-01
   2.2331416e-01
   2.2515743e-01
   2.2563446e-01
   2.2109675e-01
   2.2051662e-01
   2.2378694e-01
   2.2864425e-01
   2.3434537e-01
   2.2148191e-01
   2.2702302e-01
   2.1939216e-01
   2.2692791e-01
   2.2550485e-01
   2.2026365e-01
   2.1859296e-01
   2.2830648e-01
   2.2705444e-01
   2.2526298e-01
   2.2710746e-01
   2.2609545e-01
   2.3191821e-01
   2.2280035e-01
   2.1962579e-01
   2.1979039e-01
   2.2474382e-01
   2.2185532e-01
   2.2701977e-01
   2.3419919e-01
   2.2016560e-01
   2.2131331e-01
   2.2258507e-01
   2.2312587e-01
   2.2201512e-01
   2.2327996e-01
   2.2875933e-01
   2.2298419e-01
   2.2740631e-01
   2.2888107e-01
   2.1888196e-01
   2.2729082e-01
   2.2588220e-01
   2.2311562e-01
   2.1864348e-01
   2.2346914e-01
   2.1867613e-01
   2.2216529e-01
   2.2230000e-01
   2.2218142e-01
   2.2046927e-01
   2.1902471e-01
   2.2580754e-01
   2.2405197e-01
   2.3115035e-01
   2.2894414e-01
   2.2759986e-01
   2.3211634e-01
   2.3055198e-01
   2.2840979e-01
   2.1848224e-01
   2.2571433e-01
   2.2523928e-01
   2.2380473e-01
   2.2749581e-01
   2.3399227e-01
   2.2247035e-01
   2.2015698e-01
   2.2415638e-01
   2.2782961e-01
   2.2545241e-01
   2.1996511e-01
   2.2268712e-01
   2.2730947e-01
   2.2122474e-01
   2.2708210e-01
   2.2247806e-01
   2.2269539e-01
   2.1924560e-01
   2.3613960e-01
   2.2256217e-01
   2.2427901e-01
   2.2931693e-01
   2.2300448e-01
   2.3339821e-01
   2.2513788e-01
   2.3635345e-01
   2.2347151e-01
   2.2105346e-01
   2.2144576e-01
   2.2116898e-01
   2.3348865e-01
   2.2758100e-01
   2.1980063e-01
   2.2093273e-01
   2.3404494e-01
   2.2887247e-01
   2.2198233e-01
   2.2351394e-01
   2.2022636e-01
   2.2598083e-01
   2.2343240e-01
   2.2347419e-01
   2.2208707e-01
   2.3055902e-01
   2.2290953e-01
   2.2164988e-01
   2.2435903e-01
   2.2621043e-01
   2.2543798e-01
   2.2300908e-01
   2.2005502e-01
   2.2001865e-01
   2.2690730e-01
   2.2264948e-01
   2.2017297e-01
   2.2884248e-01
   2.2495038e-01
   2.3203656e-01
   2.2259329e-01
   2.2104817e-01
   2.2359737e-01
   2.2637099e-01
   2.2336914e-01
   2.2194397e-01
   2.2950263e-01
   2.3314342e-01
   2.2221865e-01
   2.3256632e-01
   2.2653020e-01
   2.2911031e-01
   2.2709215e-01
   2.2645518e-01
   2.2281093e-01
   2.2035731e-01
   2.2866675e-01
   2.2643384e-01
   2.3048976e-01
   2.2236291e-01
   2.2731204e-01
   2.2171323e-01
   2.2669838e-01
   2.2283022e-01
   2.2280910e-01
   2.2534002e-01
   2.1838555e-01
   2.1809198e-01
   2.2307542e-01
   2.2258281e-01
   2.2306194e-01
   2.2761367e-01
   2.2179836e-01
   2.2659913e-01
   2.3101635e-01
   2.2309367e-01
   2.2341704e-01
   2.2285714e-01
   2.2364186e-01
   2.2476658e-01
   2.2245692e-01
   2.2373782e-01
   2.2049239e-01
   2.2587763e-01
   2.2215618e-01
   2.2224373e-01
   2.1872771e-01
   2.2276108e-01
   2.2773361e-01
   2.2030709e-01
   2.3275536e-01
   2.2416767e-01
   2.2444659e-01
   2.2684194e-01
   2.3138495e-01
   2.1794752e-01
   2.1888286e-01
   2.2215633e-01
   2.2322505e-01
   2.2403206e-01
   2.2049686e-01
   2.2433320e-01
   2.2181040e-01
   2.2869950e-01
   2.2154306e-01
   2.2499424e-01
   2.1957466e-01
   2.2322559e-01
   2.2444069e-01
   2.1765136e-01
   2.1995852e-01
   2.2255979e-01
   2.2238246e-01
   2.2906395e-01
   2.2042577e-01
   2.2368015e-01
   2.2069457e-01
   2.3244600e-01
   2.3186504e-01
   2.2975499e-01
   2.3480049e-01
   2.2256996e-01
   2.2588388e-01
   2.3011523e-01
   2.2733705e-01
   2.2929539e-01
   2.3111750e-01
   2.2491517e-01
   2.2238809e-01
   2.2848341e-01
   2.1878881e-01
   2.2946052e-01
   2.2492966e-01
   2.2370417e-01
   2.3480503e-01
   2.3261020e-01
   2.2216715e-01
   2.3065679e-01
   2.2421592e-01
   2.2727177e-01
   2.2490636e-01
   2.2856567e-01
   2.3711988e-01
   2.1893855e-01
   2.2907104e-01
   2.2115805e-01
   2.1970623e-01
   2.2216384e-01
   2.2067533e-01
   2.2787819e-01
   2.2963835e-01
   2.2737121e-01
   2.1833463e-01
   2.1828919e-01
   2.2935185e-01
   2.2829021e-01
   2.2146250e-01
   2.2523010e-01
   2.1982005e-01
   2.2238447e-01
   2.2251958e-01
   2.2532930e-01
   2.2809017e-01
   2.3633875e-01
   2.3424780e-01
   2.2094193e-01
   2.2998858e-01
   2.2185627e-01
   2.3355936e-01
   2.2446178e-01
   2.2725766e-01
