   2.3203131e-01
   2.4128429e-01
   2.4020130e-01
   2.3821475e-01
   2.3772830e-01
   2.4764568e-01
   2.3535369e-01
   2.4030428e-01
   2.3533147e-01
   2.3190318e-01
   2.3324137e-01
   2.4033739e-01
   2.4141667e-01
   2.3699371e-01
   2.3331902e-01
   2.4205229e-01
   2.3086801e-01
   2.3560167e-01
   2.4423551e-01
   2.3427951e-01
   2.4121038e-01
   2.4003875e-01
   2.3391875e-01
   2.3855634e-01
   2.3093200e-01
   2.4078646e-01
   2.4044794e-01
   2.3786788e-01
   2.4045378e-01
   2.4023579e-01
   2.3842802e-01
   2.4063213e-01
   2.4033505e-01
   2.3933171e-01
   2.3894635e-01
   2.4094836e-01
   2.3659405e-01
   2.3709689e-01
   2.3264278e-01
   2.3793315e-01
   2.3141631e-01
   2.3809104e-01
   2.3643903e-01
   2.4555514e-01
   2.3748893e-01
   2.3843146e-01
   2.4011195e-01
   2.4576052e-01
   2.4380306e-01
   2.4057081e-01
   2.4007411e-01
   2.3931914e-01
   2.3973751e-01
   2.3337296e-01
   2.4460234e-01
   2.3791779e-01
   2.4043294e-01
   2.4220804e-01
   2.3904050e-01
   2.3774768e-01
   2.3948184e-01
   2.3917562e-01
   2.4342428e-01
   2.3534385e-01
   2.4092677e-01
   2.3389696e-01
   2.3779813e-01
   2.4332848e-01
   2.3516706e-01
   2.4033225e-01
   2.3963517e-01
   2.3487749e-01
   2.3971379e-01
   2.3152793e-01
   2.4070685e-01
   2.3685539e-01
   2.3535431e-01
   2.3823007e-01
   2.3175119e-01
   2.3804461e-01
   2.4095115e-01
   2.4082388e-01
   2.3953953e-01
   2.4068814e-01
   2.4417027e-01
   2.4128195e-01
   2.4048409e-01
   2.4404896e-01
   2.4530241e-01
   2.3835084e-01
   2.4342677e-01
   2.4573109e-01
   2.4366739e-01
   2.3363221e-01
   2.4574354e-01
   2.3436306e-01
   2.4197130e-01
   2.4160874e-01
   2.4365572e-01
   2.4167373e-01
   2.3859221e-01
   2.4019411e-01
   2.3911208e-01
   2.3853826e-01
   2.3285162e-01
   2.4093739e-01
   2.4053303e-01
   2.3705909e-01
   2.3463385e-01
   2.3229556e-01
   2.3843361e-01
   2.3908586e-01
   2.4204961e-01
   2.3628704e-01
   2.4158153e-01
   2.3740687e-01
   2.4062580e-01
   2.3213148e-01
   2.4101715e-01
   2.4762533e-01
   2.3993167e-01
   2.3845277e-01
   2.3542435e-01
   2.4064676e-01
   2.3451811e-01
   2.4346205e-01
   2.4654202e-01
   2.4190581e-01
   2.3922802e-01
   2.3609061e-01
   2.3350257e-01
   2.3240128e-01
   2.3763831e-01
   2.3105110e-01
   2.4360713e-01
   2.3129883e-01
   2.4055162e-01
   2.4096058e-01
   2.3313728e-01
   2.3986291e-01
   2.4146589e-01
   2.3750668e-01
   2.3844803e-01
   2.4147160e-01
   2.3775564e-01
   2.3775759e-01
   2.3756352e-01
   2.3608713e-01
   2.3739146e-01
   2.4106965e-01
   2.3237039e-01
   2.4382096e-01
   2.4379933e-01
   2.3464844e-01
   2.3742632e-01
   2.3779864e-01
   2.3445654e-01
   2.3818024e-01
   2.3404243e-01
   2.3400890e-01
   2.4006679e-01
   2.4345461e-01
   2.4115566e-01
   2.4223262e-01
   2.4671985e-01
   2.3411336e-01
   2.3906473e-01
   2.4609076e-01
   2.4488509e-01
   2.4048754e-01
   2.3997257e-01
   2.4266494e-01
   2.3358285e-01
   2.4034863e-01
   2.3707233e-01
   2.3375637e-01
   2.3898947e-01
   2.4309117e-01
   2.4014151e-01
   2.3909999e-01
   2.4228004e-01
   2.4160521e-01
   2.3157153e-01
   2.3272762e-01
   2.3936912e-01
   2.3230682e-01
   2.3954605e-01
   2.3886264e-01
   2.4155948e-01
   2.4383428e-01
   2.3457104e-01
   2.4045930e-01
   2.3685353e-01
   2.3774304e-01
   2.4034551e-01
   2.3039438e-01
   2.4032648e-01
   2.4279446e-01
   2.3784597e-01
   2.3991756e-01
   2.3671239e-01
   2.3528389e-01
   2.3502001e-01
   2.3683709e-01
   2.3877675e-01
   2.4031603e-01
   2.3252990e-01
   2.4147149e-01
   2.3488355e-01
   2.4520680e-01
   2.3925743e-01
   2.4130143e-01
   2.4622974e-01
   2.3903882e-01
   2.3667321e-01
   2.3034332e-01
   2.3877512e-01
   2.4098446e-01
   2.4066805e-01
   2.3882523e-01
   2.3891520e-01
   2.4012401e-01
   2.4186553e-01
   2.3428353e-01
   2.4611497e-01
   2.3855818e-01
   2.3378594e-01
   2.3923782e-01
   2.3871060e-01
   2.4388150e-01
   2.3986418e-01
   2.3662248e-01
   2.4016624e-01
   2.3738174e-01
   2.3665128e-01
   2.3981959e-01
   2.3954138e-01
   2.3196002e-01
   2.4144552e-01
   2.4023481e-01
   2.3760876e-01
   2.3991909e-01
   2.3372870e-01
   2.4074496e-01
   2.4735733e-01
   2.3906293e-01
   2.3715043e-01
   2.4328678e-01
   2.4021538e-01
   2.4021128e-01
   2.3918834e-01
   2.3756985e-01
   2.3339663e-01
   2.3340519e-01
   2.4064918e-01
   2.4374419e-01
   2.4066960e-01
   2.3818940e-01
   2.4086620e-01
   2.4655155e-01
   2.4209496e-01
   2.3746579e-01
   2.4035084e-01
   2.3277810e-01
   2.4014491e-01
   2.3238834e-01
   2.3909006e-01
   2.3590763e-01
   2.3951800e-01
   2.3753790e-01
   2.4001834e-01
   2.3348413e-01
   2.3273575e-01
   2.3826655e-01
   2.4057096e-01
   2.4008267e-01
   2.3641005e-01
   2.3868839e-01
   2.4102860e-01
   2.3554737e-01
   2.3489854e-01
   2.3100246e-01
   2.4027115e-01
   2.3365364e-01
   2.3539917e-01
   2.4448152e-01
   2.4128541e-01
   2.3775567e-01
   2.3612570e-01
   2.4013971e-01
   2.3049383e-01
   2.3635298e-01
   2.3279580e-01
   2.4464139e-01
   2.4137329e-01
   2.3160047e-01
   2.3323826e-01
   2.4187552e-01
   2.4219582e-01
   2.3346444e-01
