   2.9146757e-02
   3.1215008e-02
   2.6193908e-02
   2.9728672e-02
   3.3303898e-02
   3.1800962e-02
   2.6549415e-02
   3.0516906e-02
   2.9536470e-02
   3.0575497e-02
   2.6051039e-02
   2.7709002e-02
   2.6184656e-02
   3.0171219e-02
   2.5835865e-02
   3.1224120e-02
   2.9164199e-02
   3.0328756e-02
   3.0999248e-02
   3.2893862e-02
   3.0080086e-02
   3.2829386e-02
   2.7267807e-02
   2.6662829e-02
   3.1368619e-02
   3.0215517e-02
   3.2532364e-02
   2.6904781e-02
   3.1586346e-02
   2.6861545e-02
   3.2317338e-02
   2.8266288e-02
   2.9722723e-02
   3.0342021e-02
   2.8108782e-02
   2.9240765e-02
   3.1751248e-02
   2.7571999e-02
   2.6761251e-02
   2.7788172e-02
   3.1317747e-02
   3.2443803e-02
   3.1631676e-02
   2.6107547e-02
   2.6121188e-02
   3.0467720e-02
   2.5887608e-02
   2.8338851e-02
   2.6183897e-02
   2.7124531e-02
   3.2359278e-02
   2.6803767e-02
   3.0415749e-02
   2.6923826e-02
   2.9228156e-02
   2.6517230e-02
   2.7712611e-02
   2.7035711e-02
   2.8479826e-02
   3.2547286e-02
   3.0481941e-02
   2.5857358e-02
   2.6712893e-02
   2.8407236e-02
   2.7690532e-02
   2.5895133e-02
   2.9366019e-02
   3.1513241e-02
   2.7475493e-02
   3.1246064e-02
   2.5901880e-02
   2.7142386e-02
   3.0825331e-02
   2.5821794e-02
   2.9780160e-02
   3.2819205e-02
   2.7860238e-02
   2.6887990e-02
   2.8063003e-02
   2.6599782e-02
   3.1351929e-02
   2.7205648e-02
   3.2893155e-02
   2.5844173e-02
   3.3236243e-02
   2.8184251e-02
   3.1752508e-02
   2.7543264e-02
   2.6672363e-02
   2.8431324e-02
   3.1581895e-02
   3.2738485e-02
   2.9814694e-02
   2.7946839e-02
   3.1056652e-02
   2.9480295e-02
   2.8937791e-02
   3.0322685e-02
   3.1326001e-02
   2.8791057e-02
   3.0628779e-02
   2.6526955e-02
   3.0983833e-02
   2.7173054e-02
   2.7197095e-02
   2.5936873e-02
   2.6019223e-02
   2.7883528e-02
   2.9972909e-02
   3.1426080e-02
   2.6475884e-02
   3.1641853e-02
   2.7123897e-02
   2.9637846e-02
   2.5970786e-02
   3.2478327e-02
   3.2249066e-02
   2.7843504e-02
   3.2287894e-02
   3.2679034e-02
   2.6003431e-02
   3.2620230e-02
   2.9202263e-02
   2.6412389e-02
   2.8601216e-02
   2.6128771e-02
   3.0988178e-02
   2.6794876e-02
   2.7234888e-02
   3.3130592e-02
   2.9786036e-02
   3.0088751e-02
   2.6770537e-02
   2.9491376e-02
   2.7103061e-02
   3.1870677e-02
   2.6200096e-02
   2.8442000e-02
   2.6081713e-02
   2.8283189e-02
   2.8065246e-02
   3.0815818e-02
   3.3564012e-02
   2.7513864e-02
   2.7430898e-02
   2.5928951e-02
   3.1245824e-02
   3.2682585e-02
   2.7288537e-02
   2.6243549e-02
   2.8466292e-02
   2.6065854e-02
   2.9911900e-02
   2.6937534e-02
   3.0011815e-02
   3.0376181e-02
   2.6432052e-02
   3.0328630e-02
   3.2285719e-02
   3.1094840e-02
   3.0106357e-02
   2.7158951e-02
   2.5867632e-02
   2.7469978e-02
   2.6336564e-02
   2.9018441e-02
   2.6938064e-02
   2.6967247e-02
   2.8719405e-02
   2.7076374e-02
   2.7218295e-02
   3.2227534e-02
   2.5866518e-02
   3.2135527e-02
   3.2712337e-02
   2.8384952e-02
   3.1111992e-02
   3.0469320e-02
   2.9491706e-02
   2.6214705e-02
   3.0691764e-02
   3.3295825e-02
   2.6223748e-02
   2.7602937e-02
   2.9624584e-02
   2.7892485e-02
   3.0701014e-02
   3.1858265e-02
   2.6342687e-02
   2.9749333e-02
   2.9732607e-02
   3.1410023e-02
   2.9142740e-02
   2.7144838e-02
   2.8739037e-02
   2.6059232e-02
   2.8816818e-02
   3.0712053e-02
   2.6392096e-02
   2.6945162e-02
   2.7077021e-02
   3.0637635e-02
   3.1752596e-02
   2.7131753e-02
   2.8008588e-02
   2.5836683e-02
   2.6444303e-02
   2.9486861e-02
   3.1066565e-02
   3.1734272e-02
   3.1796803e-02
   3.0786041e-02
   3.0104431e-02
   3.3106547e-02
   2.9304084e-02
   2.5901090e-02
   3.3091930e-02
   3.1633115e-02
   2.8144551e-02
   2.7811070e-02
   3.3190416e-02
   2.7149022e-02
   2.7789430e-02
   3.2132747e-02
   3.0461336e-02
   2.6141802e-02
   2.6304005e-02
   3.1993800e-02
   2.7037595e-02
   2.6577920e-02
   3.1704383e-02
   3.0762130e-02
   2.9396328e-02
   3.2919244e-02
   2.8664222e-02
   3.2071660e-02
   3.2236913e-02
   2.6803761e-02
   2.7350821e-02
   2.6321666e-02
   2.6342092e-02
   3.1749875e-02
   2.6058538e-02
   2.8065963e-02
   2.5979089e-02
   2.8412490e-02
   2.7412294e-02
   3.3606763e-02
   2.6961865e-02
   3.1937298e-02
   2.6421683e-02
   2.8443355e-02
   2.5843237e-02
   3.0588736e-02
   2.8075287e-02
   2.6455147e-02
   3.0194061e-02
   3.0572660e-02
   2.9635995e-02
   2.7822096e-02
   3.0400331e-02
   2.9551201e-02
   2.8997287e-02
   2.7223514e-02
   3.1789273e-02
   2.7632790e-02
   3.0036502e-02
   2.6591097e-02
   2.7782491e-02
   2.6144113e-02
   2.7285794e-02
   2.7200662e-02
   2.6390180e-02
   2.8128488e-02
   2.8667841e-02
   3.1650185e-02
   3.1821699e-02
   2.6072870e-02
   2.7002762e-02
   2.9006388e-02
   2.9430263e-02
   3.0583896e-02
   3.1662600e-02
   3.2306206e-02
   3.0183542e-02
   3.0374982e-02
   3.2666753e-02
   2.8716918e-02
   2.7640028e-02
   2.9449689e-02
   2.9885850e-02
   3.0118234e-02
   2.8751388e-02
   2.7581179e-02
   3.1701092e-02
   2.6727010e-02
   3.0557468e-02
   2.6315557e-02
   3.0797914e-02
   2.7533385e-02
