   2.1267197e-01
   1.9484171e-01
   1.9727790e-01
   2.1078175e-01
   2.0747652e-01
   2.0108693e-01
   2.1252410e-01
   1.9478537e-01
   2.0153271e-01
   2.1395698e-01
   1.9277924e-01
   2.0741035e-01
   2.0592687e-01
   1.9910921e-01
   1.9838659e-01
   1.9949898e-01
   2.0728741e-01
   2.0370220e-01
   1.9883209e-01
   2.1302198e-01
   1.9520163e-01
   1.9820404e-01
   1.9664447e-01
   2.0646008e-01
   1.9953451e-01
   1.9992928e-01
   2.0281723e-01
   1.9319988e-01
   2.1327726e-01
   2.0832302e-01
   1.9713553e-01
   2.0890070e-01
   1.9321411e-01
   2.0234255e-01
   2.0011004e-01
   1.9737900e-01
   2.0966672e-01
   1.9601468e-01
   1.9454014e-01
   2.1105603e-01
   1.9213623e-01
   2.1214493e-01
   2.1145955e-01
   1.9705069e-01
   2.0849989e-01
   1.9766781e-01
   1.9740845e-01
   1.9908407e-01
   1.9871753e-01
   2.1311674e-01
   1.9940912e-01
   1.9751925e-01
   1.9608064e-01
   1.9452421e-01
   2.0631379e-01
   2.0206177e-01
   1.9628051e-01
   2.0767448e-01
   2.0795254e-01
   2.1315197e-01
   1.9963422e-01
   1.9992778e-01
   2.0210778e-01
   1.9562736e-01
   1.9750070e-01
   1.9881497e-01
   2.0177663e-01
   1.9963705e-01
   2.0338565e-01
   2.1048548e-01
   1.9909958e-01
   2.0051807e-01
   1.9485497e-01
   2.0915272e-01
   1.9589157e-01
   2.0847972e-01
   1.9716691e-01
   1.9846433e-01
   2.1300966e-01
   2.0717818e-01
   2.1070571e-01
   2.1184446e-01
   2.1359372e-01
   2.0881665e-01
   1.9317908e-01
   1.9320936e-01
   2.0865431e-01
   2.1442708e-01
   1.9217327e-01
   1.9297551e-01
   1.9622362e-01
   1.9487722e-01
   2.0731711e-01
   1.9643363e-01
   2.0293198e-01
   1.9200155e-01
   1.9536099e-01
   1.9984178e-01
   1.9185542e-01
   1.9851250e-01
   1.9537559e-01
   1.9942637e-01
   1.9716667e-01
   2.1007744e-01
   2.0518708e-01
   2.1409041e-01
   2.0757448e-01
   1.9458960e-01
   1.9930631e-01
   2.1018250e-01
   2.0373331e-01
   1.9357723e-01
   1.9479834e-01
   1.9730223e-01
   2.0778724e-01
   2.1403700e-01
   2.1250714e-01
   1.9696948e-01
   1.9751617e-01
   1.9598480e-01
   2.0103562e-01
   1.9830603e-01
   1.9761172e-01
   1.9242566e-01
   1.9615362e-01
   1.9718528e-01
   2.1375107e-01
   2.0371024e-01
   1.9448971e-01
   2.1029051e-01
   1.9666302e-01
   1.9638707e-01
   2.0539087e-01
   1.9089322e-01
   1.9481075e-01
   2.0496323e-01
   2.0189395e-01
   2.0053502e-01
   2.0668462e-01
   1.9545171e-01
   1.9895360e-01
   2.0519331e-01
   1.9523431e-01
   1.9922871e-01
   2.1205152e-01
   1.9749882e-01
   2.0159639e-01
   1.9355404e-01
   1.9392872e-01
   1.9893561e-01
   1.9552230e-01
   2.0608146e-01
   1.9596755e-01
   2.0141642e-01
   2.0887809e-01
   1.9686137e-01
   1.9587935e-01
   1.9251566e-01
   1.9638895e-01
   1.9474509e-01
   2.1158791e-01
   1.9973650e-01
   1.9878402e-01
   2.0707065e-01
   1.9542939e-01
   2.0815129e-01
   2.1003203e-01
   2.0232938e-01
   1.9766174e-01
   1.9833350e-01
   2.0817551e-01
   1.9203228e-01
   1.9540036e-01
   1.9603116e-01
   2.1115732e-01
   2.0005471e-01
   2.1332743e-01
   1.9646212e-01
   2.1075862e-01
   2.0485522e-01
   1.9849953e-01
   1.9926856e-01
   2.0217282e-01
   1.9342867e-01
   1.9799927e-01
   1.9568799e-01
   1.9561017e-01
   2.0689885e-01
   2.0673134e-01
   1.9486211e-01
   2.0377301e-01
   2.0033220e-01
   1.9651115e-01
   2.0000010e-01
   2.0250363e-01
   1.9383548e-01
   1.9648568e-01
   1.9967956e-01
   1.9501353e-01
   1.9284164e-01
   1.9683679e-01
   2.0249067e-01
   2.0978229e-01
   2.0889640e-01
   1.9383587e-01
   1.9370415e-01
   1.9321912e-01
   1.9202816e-01
   2.0743563e-01
   2.0851174e-01
   1.9466849e-01
   2.0361683e-01
   1.9682001e-01
   1.9468980e-01
   2.1053880e-01
   1.9864383e-01
   1.9383574e-01
   2.0568520e-01
   1.9378793e-01
   1.9539486e-01
   2.0761124e-01
   1.9499563e-01
   1.9753377e-01
   1.9352385e-01
   2.1236102e-01
   2.0375427e-01
   1.9326256e-01
   1.9551740e-01
   2.0678747e-01
   2.1281269e-01
   2.0072840e-01
   1.9198514e-01
   2.1171123e-01
   1.9820073e-01
   2.0842054e-01
   1.9374282e-01
   2.0030967e-01
   2.0771197e-01
   2.1297085e-01
   2.0914376e-01
   2.0181546e-01
   2.1317157e-01
   1.9945197e-01
   1.9478973e-01
   1.9789695e-01
   2.1310579e-01
   2.1315685e-01
   2.1343410e-01
   1.9991877e-01
   1.9886458e-01
   2.1412291e-01
   2.0208867e-01
   1.9840834e-01
   2.0622709e-01
   2.1191776e-01
   2.0918439e-01
   2.1253475e-01
   1.9673155e-01
   1.9621386e-01
   1.9934908e-01
   1.9491499e-01
   1.9389630e-01
   2.0514287e-01
   2.0035895e-01
   1.9339357e-01
   2.0112380e-01
   2.0715509e-01
   1.9927205e-01
   2.1465292e-01
   2.0847033e-01
   2.0636831e-01
   2.0699328e-01
   2.1019977e-01
   2.0373034e-01
   2.0081256e-01
   2.0094330e-01
   1.9734806e-01
   2.1351172e-01
   1.9979392e-01
   1.9729711e-01
   1.9692031e-01
   2.0936739e-01
   1.9495201e-01
   2.1427052e-01
   2.0260590e-01
   1.9423161e-01
   2.0241282e-01
   1.9422076e-01
   2.1150069e-01
   1.9647812e-01
   2.0440065e-01
   2.0779991e-01
   1.9582625e-01
   2.0786785e-01
   2.1315043e-01
   2.1007473e-01
   1.9948194e-01
   1.9558715e-01
   2.0825943e-01
   1.9189732e-01
