   2.1948020e-01
   2.2784881e-01
   2.2124318e-01
   2.2874305e-01
   2.2926586e-01
   2.1771818e-01
   2.1975745e-01
   2.2888554e-01
   2.2103535e-01
   2.2706482e-01
   2.2775916e-01
   2.1811977e-01
   2.2597231e-01
   2.3317164e-01
   2.1835808e-01
   2.2791869e-01
   2.2801014e-01
   2.2958145e-01
   2.1862156e-01
   2.3163519e-01
   2.2732423e-01
   2.2862530e-01
   2.2178229e-01
   2.2877620e-01
   2.2042510e-01
   2.2539574e-01
   2.2051911e-01
   2.2558210e-01
   2.2008969e-01
   2.2189813e-01
   2.3213341e-01
   2.2315085e-01
   2.3334772e-01
   2.1775007e-01
   2.2208399e-01
   2.2419176e-01
   2.3058864e-01
   2.2977795e-01
   2.2586766e-01
   2.2378696e-01
   2.2486646e-01
   2.2109190e-01
   2.2676962e-01
   2.1885598e-01
   2.1910463e-01
   2.1826607e-01
   2.2194088e-01
   2.2744933e-01
   2.2735986e-01
   2.2789641e-01
   2.1957983e-01
   2.2904141e-01
   2.2867590e-01
   2.2232215e-01
   2.2354078e-01
   2.2873385e-01
   2.1802500e-01
   2.2527435e-01
   2.2888018e-01
   2.1797760e-01
   2.2846330e-01
   2.3288218e-01
   2.3183826e-01
   2.2272865e-01
   2.2916555e-01
   2.2078122e-01
   2.2981575e-01
   2.2832189e-01
   2.2937244e-01
   2.2484248e-01
   2.2584231e-01
   2.2017575e-01
   2.3273655e-01
   2.2367853e-01
   2.1848151e-01
   2.1832552e-01
   2.1820406e-01
   2.2134520e-01
   2.3078887e-01
   2.2046325e-01
   2.2198358e-01
   2.2883263e-01
   2.2860256e-01
   2.1978564e-01
   2.1821641e-01
   2.2227872e-01
   2.2103378e-01
   2.2419382e-01
   2.2228286e-01
   2.2880272e-01
   2.3211534e-01
   2.2792211e-01
   2.2834802e-01
   2.2335652e-01
   2.1823891e-01
   2.1982992e-01
   2.1955775e-01
   2.3224080e-01
   2.2629771e-01
   2.1875677e-01
   2.1886985e-01
   2.2060491e-01
   2.2863056e-01
   2.2840743e-01
   2.1964810e-01
   2.1958211e-01
   2.3133403e-01
   2.3046874e-01
   2.2823900e-01
   2.2015738e-01
   2.2944596e-01
   2.2064041e-01
   2.3187868e-01
   2.3319412e-01
   2.2914341e-01
   2.2797172e-01
   2.1994170e-01
   2.1750338e-01
   2.2222115e-01
   2.2850915e-01
   2.2807685e-01
   2.1852899e-01
   2.1728917e-01
   2.3049161e-01
   2.2654754e-01
   2.1770549e-01
   2.1823735e-01
   2.2060828e-01
   2.2900313e-01
   2.2876727e-01
   2.3305521e-01
   2.1959766e-01
   2.3257277e-01
   2.2983437e-01
   2.1900582e-01
   2.3029421e-01
   2.1957175e-01
   2.2073214e-01
   2.1778001e-01
   2.2752136e-01
   2.2956084e-01
   2.2054124e-01
   2.2861142e-01
   2.2099368e-01
   2.2286035e-01
   2.2964430e-01
   2.2057910e-01
   2.3152166e-01
   2.2953408e-01
   2.1829556e-01
   2.2761100e-01
   2.3638992e-01
   2.1785887e-01
   2.2932856e-01
   2.2139523e-01
   2.2695984e-01
   2.2276197e-01
   2.2069734e-01
   2.2057686e-01
   2.2742353e-01
   2.2947832e-01
   2.1829912e-01
   2.1962148e-01
   2.2145024e-01
   2.2818922e-01
   2.2650649e-01
   2.2922205e-01
   2.2226508e-01
   2.1826588e-01
   2.1934722e-01
   2.2297486e-01
   2.3281227e-01
   2.2237037e-01
   2.1808986e-01
   2.2769448e-01
   2.2337673e-01
   2.2751274e-01
   2.2074674e-01
   2.2203029e-01
   2.2861188e-01
   2.2142032e-01
   2.2365255e-01
   2.2313703e-01
   2.2210516e-01
   2.2756845e-01
   2.2882384e-01
   2.1835789e-01
   2.2683038e-01
   2.1786224e-01
   2.2299030e-01
   2.2331818e-01
   2.2568487e-01
   2.3068757e-01
   2.2872914e-01
   2.1835523e-01
   2.1795109e-01
   2.1824107e-01
   2.1730353e-01
   2.2186679e-01
   2.2002897e-01
   2.3099672e-01
   2.3202334e-01
   2.1798641e-01
   2.1801438e-01
   2.1736385e-01
   2.2391115e-01
   2.2954452e-01
   2.2236996e-01
   2.3095786e-01
   2.2541751e-01
   2.3235669e-01
   2.2245844e-01
   2.2043097e-01
   2.1850806e-01
   2.1783288e-01
   2.2884618e-01
   2.2890479e-01
   2.2857259e-01
   2.3098150e-01
   2.2932987e-01
   2.3016205e-01
   2.2919743e-01
   2.1872889e-01
   2.2853375e-01
   2.3124831e-01
   2.3220315e-01
   2.1724578e-01
   2.3275154e-01
   2.2392467e-01
   2.1907967e-01
   2.2380327e-01
   2.2943160e-01
   2.1929685e-01
   2.2875938e-01
   2.2040911e-01
   2.1975150e-01
   2.2192250e-01
   2.3353078e-01
   2.2698559e-01
   2.2868183e-01
   2.1828481e-01
   2.2047737e-01
   2.2993261e-01
   2.2061737e-01
   2.2669857e-01
   2.2680294e-01
   2.2966430e-01
   2.2946844e-01
   2.1921907e-01
   2.2012191e-01
   2.1848567e-01
   2.3021192e-01
   2.1791918e-01
   2.2942904e-01
   2.2839361e-01
   2.3160226e-01
   2.2864956e-01
   2.1901537e-01
   2.2970501e-01
   2.2275360e-01
   2.2316672e-01
   2.2077443e-01
   2.2647210e-01
   2.2501066e-01
   2.3442927e-01
   2.2201744e-01
   2.2925758e-01
   2.3267702e-01
   2.2921131e-01
   2.1837603e-01
   2.2983691e-01
   2.2921107e-01
   2.2526450e-01
   2.2055579e-01
   2.2146907e-01
   2.1940422e-01
   2.1870983e-01
   2.2839205e-01
   2.2523778e-01
   2.2885525e-01
   2.2155991e-01
   2.3000343e-01
   2.2417062e-01
   2.2198991e-01
   2.2975656e-01
   2.3305908e-01
   2.2223196e-01
   2.2332208e-01
   2.2898716e-01
   2.2756883e-01
   2.2819684e-01
   2.3236415e-01
   2.1959367e-01
   2.2862089e-01
   2.1958949e-01
   2.2000011e-01
   2.2999499e-01
   2.2964371e-01
   2.1780175e-01
   2.2932123e-01
