   2.1481041e-02
   2.1530294e-02
   2.0687450e-02
   2.0486824e-02
   2.1809343e-02
   2.1449306e-02
   2.1703722e-02
   2.2212579e-02
   2.2335191e-02
   2.0110259e-02
   2.0713746e-02
   2.0261808e-02
   2.2797804e-02
   2.2431931e-02
   2.0700467e-02
   2.1111649e-02
   2.2069223e-02
   1.9970030e-02
   2.0552935e-02
   2.2618390e-02
   2.0944760e-02
   2.1839528e-02
   2.1347633e-02
   2.2643851e-02
   2.1291209e-02
   2.2388649e-02
   2.3019640e-02
   2.2824899e-02
   2.1549994e-02
   2.1926476e-02
   2.0415512e-02
   2.2087608e-02
   2.0281963e-02
   2.2135793e-02
   2.1891895e-02
   2.0811375e-02
   2.2180654e-02
   2.2007303e-02
   2.2282125e-02
   2.0423267e-02
   2.1599458e-02
   2.1802916e-02
   2.0179079e-02
   2.1685273e-02
   2.0653310e-02
   2.2703043e-02
   2.0918341e-02
   2.1452376e-02
   2.1849994e-02
   2.1832389e-02
   2.2954943e-02
   2.1613350e-02
   2.2240125e-02
   2.2012608e-02
   2.0374445e-02
   2.1047802e-02
   2.0937798e-02
   2.2150093e-02
   2.1304999e-02
   2.2556251e-02
   2.2733104e-02
   2.1673234e-02
   2.0813349e-02
   2.0592543e-02
   2.1971380e-02
   2.1525424e-02
   2.2508379e-02
   2.1325565e-02
   2.0887432e-02
   2.0854549e-02
   2.1591338e-02
   2.2036361e-02
   2.0685514e-02
   2.3010491e-02
   2.2082743e-02
   2.1221041e-02
   2.1279272e-02
   2.1774995e-02
   2.2501255e-02
   2.2399424e-02
   2.2340485e-02
   2.1788659e-02
   2.0938871e-02
   2.1029976e-02
   2.1894036e-02
   2.2953922e-02
   2.2377463e-02
   2.3017709e-02
   2.1394659e-02
   2.1681150e-02
   2.2887745e-02
   2.1912559e-02
   2.2876959e-02
   2.1189349e-02
   2.1390397e-02
   2.1430562e-02
   2.0180674e-02
   2.2284030e-02
   2.1078860e-02
   2.0851952e-02
   2.1826697e-02
   2.1681993e-02
   2.1225995e-02
   2.1845567e-02
   2.1682950e-02
   2.2701481e-02
   2.1972551e-02
   2.1412784e-02
   2.1869317e-02
   2.0624947e-02
   2.1462450e-02
   2.2067897e-02
   2.0000985e-02
   2.2556135e-02
   2.1472832e-02
   2.0525106e-02
   2.1765823e-02
   2.1610583e-02
   2.0136020e-02
   2.1618634e-02
   2.2164892e-02
   2.1281795e-02
   2.2716459e-02
   2.1701405e-02
   2.1116851e-02
   2.1455537e-02
   2.1249521e-02
   2.1028662e-02
   2.1797508e-02
   2.2779391e-02
   2.0307532e-02
   2.1870907e-02
   2.1593595e-02
   2.1224052e-02
   2.2151429e-02
   2.2778667e-02
   1.9898288e-02
   2.1678856e-02
   2.2151169e-02
   2.2992691e-02
   2.0468926e-02
   2.1168021e-02
   2.0902700e-02
   2.0697090e-02
   2.0807561e-02
   2.0856929e-02
   2.2412920e-02
   2.1797754e-02
   2.2477528e-02
   2.0466006e-02
   2.0821630e-02
   2.2393929e-02
   2.1697388e-02
   2.3050630e-02
   2.1652160e-02
   2.1722714e-02
   2.1794639e-02
   2.1846123e-02
   2.2150818e-02
   2.1634648e-02
   2.1696181e-02
   2.1495869e-02
   2.1394798e-02
   2.1039220e-02
   2.3026169e-02
   2.1284524e-02
   2.2207760e-02
   2.2829519e-02
   2.1201644e-02
   2.2351137e-02
   2.2739350e-02
   2.2868969e-02
   2.1155787e-02
   2.1782004e-02
   2.1811408e-02
   2.1627833e-02
   2.1695481e-02
   2.1529405e-02
   2.2060125e-02
   2.0997441e-02
   2.2651812e-02
   2.1584524e-02
   2.1043031e-02
   2.2950413e-02
   2.2673077e-02
   2.2198928e-02
   2.2394492e-02
   2.1697884e-02
   2.1176086e-02
   2.1268305e-02
   2.1735734e-02
   2.1713415e-02
   2.2028858e-02
   2.1964620e-02
   2.2110113e-02
   2.0478609e-02
   2.2249790e-02
   2.2842372e-02
   2.0554871e-02
   2.0100161e-02
   2.1727945e-02
   2.2972477e-02
   2.1353221e-02
   2.1412407e-02
   2.1388356e-02
   2.0839407e-02
   2.2240600e-02
   2.1599421e-02
   2.1511293e-02
   2.2252457e-02
   1.9988111e-02
   2.0308264e-02
   2.2834605e-02
   2.2870389e-02
   2.0609228e-02
   2.1969625e-02
   2.1950691e-02
   2.0666907e-02
   2.2577234e-02
   2.2589850e-02
   2.2487754e-02
   2.0849843e-02
   2.0855045e-02
   2.2110367e-02
   2.0768946e-02
   2.1245757e-02
   2.2133612e-02
   2.0470044e-02
   2.2772217e-02
   2.2686763e-02
   2.2966089e-02
   2.1521927e-02
   2.2195453e-02
   2.2109085e-02
   2.2881695e-02
   2.1694503e-02
   2.0942684e-02
   2.2009704e-02
   2.1976040e-02
   2.2132714e-02
   2.2471386e-02
   2.0378674e-02
   2.1575594e-02
   2.1702864e-02
   2.2091157e-02
   2.2199142e-02
   2.2244793e-02
   2.2454019e-02
   2.0946762e-02
   2.1561241e-02
   2.0201007e-02
   2.1937202e-02
   2.0725765e-02
   2.2033601e-02
   2.2326123e-02
   2.0102391e-02
   2.2213645e-02
   2.0526857e-02
   2.0458958e-02
   2.1119355e-02
   2.1824108e-02
   2.1614015e-02
   2.2417670e-02
   2.0654834e-02
   2.0904508e-02
   2.0834605e-02
   2.1739636e-02
   2.1227395e-02
   2.2411023e-02
   2.0543528e-02
   2.1588011e-02
   2.2386092e-02
   2.0601780e-02
   2.0588437e-02
   2.1477550e-02
   2.1649200e-02
   2.2493990e-02
   2.2644301e-02
   2.2044394e-02
   2.1467998e-02
   2.0366612e-02
   2.2406598e-02
   2.2788848e-02
   2.2392413e-02
   2.1660996e-02
   2.0719693e-02
   2.1206256e-02
   2.1197676e-02
   2.1800416e-02
   2.0782287e-02
   2.2454370e-02
   2.1350273e-02
   2.1600428e-02
   2.1687158e-02
   2.0668188e-02
   2.1823993e-02
   2.1701663e-02
   2.2403490e-02
   2.1763861e-02
   2.1249541e-02
