   2.1078454e-02
   2.1025982e-02
   2.1057493e-02
   2.0774054e-02
   2.0877858e-02
   2.0968493e-02
   2.1113175e-02
   2.0849169e-02
   2.1472373e-02
   2.1660299e-02
   2.1417795e-02
   2.1445807e-02
   2.0927117e-02
   2.1583156e-02
   2.1117293e-02
   2.1466306e-02
   2.1377357e-02
   2.0774888e-02
   2.1603418e-02
   2.1399710e-02
   2.1507637e-02
   2.1609432e-02
   2.0861004e-02
   2.1068152e-02
   2.1592148e-02
   2.0815583e-02
   2.1061148e-02
   2.1041873e-02
   2.1057511e-02
   2.1194505e-02
   2.1330801e-02
   2.1119184e-02
   2.1176875e-02
   2.0724322e-02
   2.0802955e-02
   2.1029444e-02
   2.0936220e-02
   2.0804119e-02
   2.0658887e-02
   2.0988283e-02
   2.1360163e-02
   2.1113799e-02
   2.0904864e-02
   2.1568659e-02
   2.1006683e-02
   2.0885145e-02
   2.1041751e-02
   2.1241758e-02
   2.1554019e-02
   2.1146125e-02
   2.1053544e-02
   2.1574008e-02
   2.1261501e-02
   2.1737483e-02
   2.1274059e-02
   2.1201725e-02
   2.0818379e-02
   2.1174922e-02
   2.1122133e-02
   2.0963143e-02
   2.1030133e-02
   2.0803219e-02
   2.0706999e-02
   2.0914656e-02
   2.0902609e-02
   2.1587172e-02
   2.1118617e-02
   2.0710373e-02
   2.1034003e-02
   2.0799490e-02
   2.1582493e-02
   2.1395972e-02
   2.0984086e-02
   2.1192912e-02
   2.0904659e-02
   2.1278953e-02
   2.1740914e-02
   2.1101241e-02
   2.1215269e-02
   2.0733197e-02
   2.0720871e-02
   2.1411747e-02
   2.0988604e-02
   2.0964246e-02
   2.1052758e-02
   2.1123302e-02
   2.1076528e-02
   2.1217315e-02
   2.1598126e-02
   2.0673026e-02
   2.1072923e-02
   2.1238372e-02
   2.1226003e-02
   2.0861492e-02
   2.1528489e-02
   2.1212120e-02
   2.1620724e-02
   2.1355947e-02
   2.1203177e-02
   2.1379411e-02
   2.1570010e-02
   2.1172411e-02
   2.0931484e-02
   2.0833760e-02
   2.1158613e-02
   2.1157792e-02
   2.1004274e-02
   2.1107438e-02
   2.1064840e-02
   2.1494787e-02
   2.1362395e-02
   2.1282648e-02
   2.0926693e-02
   2.1622905e-02
   2.1295241e-02
   2.1200902e-02
   2.1273634e-02
   2.1178143e-02
   2.1685597e-02
   2.1130907e-02
   2.1520320e-02
   2.0843302e-02
   2.1596065e-02
   2.1532884e-02
   2.1109588e-02
   2.1565420e-02
   2.1161645e-02
   2.1561986e-02
   2.1139358e-02
   2.0990944e-02
   2.1163600e-02
   2.1616578e-02
   2.1138413e-02
   2.1629590e-02
   2.0834169e-02
   2.1148774e-02
   2.1481651e-02
   2.1025519e-02
   2.1060133e-02
   2.1508248e-02
   2.1312235e-02
   2.1251497e-02
   2.1402417e-02
   2.1228447e-02
   2.0747072e-02
   2.1528296e-02
   2.0916723e-02
   2.1094990e-02
   2.1075619e-02
   2.1473493e-02
   2.1207309e-02
   2.1261803e-02
   2.1076681e-02
   2.0968228e-02
   2.1196977e-02
   2.1329015e-02
   2.1510840e-02
   2.1198876e-02
   2.1447261e-02
   2.1514242e-02
   2.1118648e-02
   2.1626068e-02
   2.0902889e-02
   2.1362329e-02
   2.0788146e-02
   2.0900043e-02
   2.1020680e-02
   2.1020051e-02
   2.1458853e-02
   2.1100400e-02
   2.1376082e-02
   2.0719570e-02
   2.1229010e-02
   2.1174312e-02
   2.1177796e-02
   2.1472533e-02
   2.1484886e-02
   2.0945136e-02
   2.1521023e-02
   2.0886522e-02
   2.0938814e-02
   2.1228270e-02
   2.1121674e-02
   2.1001698e-02
   2.0955628e-02
   2.1219688e-02
   2.0727397e-02
   2.1122141e-02
   2.0667543e-02
   2.1282654e-02
   2.1295236e-02
   2.1252647e-02
   2.0901184e-02
   2.0904028e-02
   2.1139080e-02
   2.0931698e-02
   2.1279351e-02
   2.1125518e-02
   2.0675275e-02
   2.1563118e-02
   2.1530070e-02
   2.0971310e-02
   2.1120099e-02
   2.0875002e-02
   2.1099531e-02
   2.1619313e-02
   2.1372906e-02
   2.1355050e-02
   2.0905044e-02
   2.1247225e-02
   2.1104096e-02
   2.1156585e-02
   2.1140136e-02
   2.1050427e-02
   2.0913723e-02
   2.1492143e-02
   2.0924478e-02
   2.1205528e-02
   2.1379740e-02
   2.0862008e-02
   2.1077899e-02
   2.1215986e-02
   2.1256778e-02
   2.1499132e-02
   2.1072268e-02
   2.1032384e-02
   2.1598928e-02
   2.0775783e-02
   2.1081459e-02
   2.0711564e-02
   2.1197390e-02
   2.1212163e-02
   2.1211918e-02
   2.1080895e-02
   2.1046078e-02
   2.1744718e-02
   2.1165398e-02
   2.0725373e-02
   2.0695169e-02
   2.1312268e-02
   2.1284278e-02
   2.1156923e-02
   2.1166312e-02
   2.1148501e-02
   2.0917607e-02
   2.0787112e-02
   2.1135476e-02
   2.1138330e-02
   2.1642737e-02
   2.0924927e-02
   2.1066668e-02
   2.1449881e-02
   2.1252998e-02
   2.1415791e-02
   2.0968082e-02
   2.1524690e-02
   2.1549627e-02
   2.1530066e-02
   2.1115821e-02
   2.1203516e-02
   2.1453848e-02
   2.1484817e-02
   2.0876708e-02
   2.1117861e-02
   2.0933551e-02
   2.0865559e-02
   2.1450764e-02
   2.1486581e-02
   2.1246453e-02
   2.0715757e-02
   2.1502539e-02
   2.1321766e-02
   2.1450656e-02
   2.1223201e-02
   2.0962787e-02
   2.1258552e-02
   2.1714463e-02
   2.0725666e-02
   2.1266587e-02
   2.0701044e-02
   2.1169866e-02
   2.1392130e-02
   2.0831959e-02
   2.1569152e-02
   2.1541244e-02
   2.1038246e-02
   2.0951431e-02
   2.0965434e-02
   2.1605180e-02
   2.1354069e-02
   2.0999771e-02
   2.1056722e-02
   2.0665993e-02
   2.1516319e-02
   2.1129257e-02
   2.1051512e-02
   2.0790466e-02
   2.1126149e-02
   2.0913345e-02
   2.0925029e-02
