   2.2612643e-01
   2.1934380e-01
   2.2896384e-01
   2.2792094e-01
   2.2254654e-01
   2.1950520e-01
   2.1315818e-01
   2.1225135e-01
   2.1438636e-01
   2.1857272e-01
   2.2423598e-01
   2.2404184e-01
   2.2254226e-01
   2.1598091e-01
   2.3008714e-01
   2.1460081e-01
   2.2872937e-01
   2.2100217e-01
   2.1816307e-01
   2.1542157e-01
   2.1974745e-01
   2.3139667e-01
   2.1795799e-01
   2.2674671e-01
   2.2070854e-01
   2.2819522e-01
   2.1387694e-01
   2.2285879e-01
   2.2315994e-01
   2.1777068e-01
   2.1785609e-01
   2.2044557e-01
   2.2551727e-01
   2.2312138e-01
   2.2612804e-01
   2.1406330e-01
   2.3040413e-01
   2.2815583e-01
   2.1456957e-01
   2.2838467e-01
   2.2178736e-01
   2.2379233e-01
   2.2261944e-01
   2.1944124e-01
   2.1314373e-01
   2.2032466e-01
   2.1351020e-01
   2.2397980e-01
   2.2311766e-01
   2.3091483e-01
   2.1661458e-01
   2.2406662e-01
   2.2368349e-01
   2.2048164e-01
   2.2053411e-01
   2.3247676e-01
   2.2226159e-01
   2.1795194e-01
   2.3053092e-01
   2.2406164e-01
   2.2284390e-01
   2.3133502e-01
   2.2482943e-01
   2.1259711e-01
   2.2188715e-01
   2.1366817e-01
   2.2973656e-01
   2.3019796e-01
   2.2043825e-01
   2.1923258e-01
   2.2372701e-01
   2.2984553e-01
   2.2152668e-01
   2.2337405e-01
   2.1587063e-01
   2.2154391e-01
   2.2256710e-01
   2.3011277e-01
   2.1494636e-01
   2.1412693e-01
   2.2168239e-01
   2.2363517e-01
   2.1973707e-01
   2.2928161e-01
   2.2285939e-01
   2.2239988e-01
   2.2935732e-01
   2.2024943e-01
   2.2310403e-01
   2.1445441e-01
   2.2226452e-01
   2.3066037e-01
   2.3171766e-01
   2.2124984e-01
   2.2814325e-01
   2.1520303e-01
   2.1367673e-01
   2.2106743e-01
   2.2079010e-01
   2.2346829e-01
   2.1447950e-01
   2.1311463e-01
   2.1552563e-01
   2.2282998e-01
   2.2038387e-01
   2.1582949e-01
   2.1796624e-01
   2.1484604e-01
   2.2890582e-01
   2.2116106e-01
   2.2047604e-01
   2.2883706e-01
   2.2347082e-01
   2.1805330e-01
   2.1298115e-01
   2.2055327e-01
   2.2758972e-01
   2.2343601e-01
   2.1864314e-01
   2.1982838e-01
   2.3205303e-01
   2.1577894e-01
   2.2037117e-01
   2.1387626e-01
   2.3190667e-01
   2.2234650e-01
   2.3141233e-01
   2.1766832e-01
   2.1539615e-01
   2.1476882e-01
   2.2924272e-01
   2.2261514e-01
   2.1328820e-01
   2.1507153e-01
   2.2310613e-01
   2.2672297e-01
   2.3258068e-01
   2.2523808e-01
   2.1382173e-01
   2.2373071e-01
   2.2187124e-01
   2.1669214e-01
   2.2100586e-01
   2.3126557e-01
   2.1989892e-01
   2.1609002e-01
   2.2271983e-01
   2.2978413e-01
   2.2250895e-01
   2.2160166e-01
   2.1904186e-01
   2.2330838e-01
   2.1403514e-01
   2.2423683e-01
   2.3110159e-01
   2.2096600e-01
   2.1392528e-01
   2.2710653e-01
   2.1353713e-01
   2.1357081e-01
   2.1727249e-01
   2.1567107e-01
   2.1999402e-01
   2.1830326e-01
   2.1712492e-01
   2.3223956e-01
   2.2196101e-01
   2.3009991e-01
   2.2069319e-01
   2.1331928e-01
   2.1517982e-01
   2.1903267e-01
   2.1277224e-01
   2.2343710e-01
   2.2319020e-01
   2.1397434e-01
   2.1421165e-01
   2.2084670e-01
   2.2592976e-01
   2.2091109e-01
   2.2114312e-01
   2.1667284e-01
   2.2439156e-01
   2.2110543e-01
   2.2160506e-01
   2.2982641e-01
   2.2929738e-01
   2.3027136e-01
   2.2306110e-01
   2.1942613e-01
   2.2402514e-01
   2.2251269e-01
   2.1293070e-01
   2.1399041e-01
   2.1655714e-01
   2.3175893e-01
   2.1329670e-01
   2.1674333e-01
   2.1514961e-01
   2.2206417e-01
   2.1555336e-01
   2.1539707e-01
   2.2210677e-01
   2.2194655e-01
   2.1975160e-01
   2.2578849e-01
   2.2080957e-01
   2.1353817e-01
   2.1210619e-01
   2.1476565e-01
   2.2020192e-01
   2.1558160e-01
   2.2523410e-01
   2.2107217e-01
   2.3210446e-01
   2.2036756e-01
   2.2080671e-01
   2.2269670e-01
   2.1911813e-01
   2.2342606e-01
   2.2221470e-01
   2.1905102e-01
   2.2140318e-01
   2.2903617e-01
   2.3282934e-01
   2.2041962e-01
   2.3010960e-01
   2.1599420e-01
   2.2491881e-01
   2.2916239e-01
   2.1578899e-01
   2.2021166e-01
   2.2155569e-01
   2.1816871e-01
   2.2024428e-01
   2.1384488e-01
   2.2082809e-01
   2.2069656e-01
   2.2238086e-01
   2.1221516e-01
   2.1538995e-01
   2.2228872e-01
   2.2969781e-01
   2.2131417e-01
   2.1365774e-01
   2.1786835e-01
   2.2275472e-01
   2.2988369e-01
   2.2129973e-01
   2.3151586e-01
   2.1241005e-01
   2.2504179e-01
   2.2032424e-01
   2.2093747e-01
   2.1757464e-01
   2.1716630e-01
   2.2387385e-01
   2.2196224e-01
   2.2269263e-01
   2.2525829e-01
   2.1416053e-01
   2.2524581e-01
   2.1266450e-01
   2.1658069e-01
   2.1226810e-01
   2.1311426e-01
   2.1351599e-01
   2.2861346e-01
   2.1410682e-01
   2.2495107e-01
   2.1760017e-01
   2.1687591e-01
   2.3093903e-01
   2.2057656e-01
   2.2151888e-01
   2.2156788e-01
   2.1905947e-01
   2.2646994e-01
   2.2489524e-01
   2.2233835e-01
   2.3051661e-01
   2.1463311e-01
   2.2178358e-01
   2.2459536e-01
   2.1422791e-01
   2.1353034e-01
   2.2864969e-01
   2.2280626e-01
   2.2069660e-01
   2.2730700e-01
   2.1954185e-01
   2.2904859e-01
   2.3169729e-01
   2.1505081e-01
   2.2467939e-01
   2.3280115e-01
   2.1511010e-01
   2.1474812e-01
   2.1915798e-01
   2.2222961e-01
