   1.4056050e-02
   1.3884482e-02
   1.3973746e-02
   1.3959211e-02
   1.3220203e-02
   1.3279804e-02
   1.3599176e-02
   1.3378593e-02
   1.3181264e-02
   1.3206197e-02
   1.3997344e-02
   1.3984707e-02
   1.3767268e-02
   1.4210287e-02
   1.4357994e-02
   1.4125412e-02
   1.3627816e-02
   1.3559423e-02
   1.4114577e-02
   1.3826109e-02
   1.3860972e-02
   1.3758603e-02
   1.4106251e-02
   1.3713546e-02
   1.4057833e-02
   1.3268727e-02
   1.3687409e-02
   1.4199406e-02
   1.3887251e-02
   1.3227024e-02
   1.3944294e-02
   1.4031535e-02
   1.4087297e-02
   1.3395300e-02
   1.3292856e-02
   1.3796084e-02
   1.3967657e-02
   1.3908231e-02
   1.3990398e-02
   1.4244307e-02
   1.3810801e-02
   1.3823805e-02
   1.3469724e-02
   1.4047174e-02
   1.4288162e-02
   1.3266105e-02
   1.3524761e-02
   1.3571753e-02
   1.4440476e-02
   1.3868650e-02
   1.3412019e-02
   1.3747239e-02
   1.3842930e-02
   1.3786033e-02
   1.4557512e-02
   1.3987448e-02
   1.3614456e-02
   1.3676258e-02
   1.4244978e-02
   1.3783662e-02
   1.3442443e-02
   1.3395676e-02
   1.4489437e-02
   1.3703931e-02
   1.3757698e-02
   1.3946948e-02
   1.3730739e-02
   1.4784008e-02
   1.3704999e-02
   1.4034415e-02
   1.4180815e-02
   1.4178615e-02
   1.3987062e-02
   1.4067599e-02
   1.3803639e-02
   1.4669437e-02
   1.3901155e-02
   1.4958615e-02
   1.3981398e-02
   1.3394119e-02
   1.4338384e-02
   1.3911619e-02
   1.3989508e-02
   1.4042594e-02
   1.3967791e-02
   1.3314492e-02
   1.4217389e-02
   1.4576974e-02
   1.4115835e-02
   1.4065639e-02
   1.3826742e-02
   1.4168708e-02
   1.3597830e-02
   1.4443510e-02
   1.3629651e-02
   1.3694214e-02
   1.4549411e-02
   1.3909248e-02
   1.3488150e-02
   1.3257574e-02
   1.3242380e-02
   1.3785314e-02
   1.3888045e-02
   1.3625586e-02
   1.4034439e-02
   1.3928225e-02
   1.4031082e-02
   1.4419940e-02
   1.3282667e-02
   1.3978586e-02
   1.4083976e-02
   1.3856978e-02
   1.4116305e-02
   1.3919452e-02
   1.3617341e-02
   1.3969920e-02
   1.4017219e-02
   1.4050834e-02
   1.4637341e-02
   1.3891069e-02
   1.3549993e-02
   1.4206671e-02
   1.3932540e-02
   1.4216204e-02
   1.3803526e-02
   1.3788400e-02
   1.4362094e-02
   1.4419807e-02
   1.4456966e-02
   1.3787378e-02
   1.3579906e-02
   1.4007575e-02
   1.4297002e-02
   1.3975346e-02
   1.4036392e-02
   1.4186413e-02
   1.4449558e-02
   1.4337000e-02
   1.3656917e-02
   1.3434541e-02
   1.3934995e-02
   1.3841937e-02
   1.4028640e-02
   1.3793530e-02
   1.3902817e-02
   1.3267444e-02
   1.3493036e-02
   1.4392103e-02
   1.3266509e-02
   1.3743941e-02
   1.4113870e-02
   1.3956959e-02
   1.3679078e-02
   1.4592427e-02
   1.3779562e-02
   1.4019321e-02
   1.3946940e-02
   1.3255230e-02
   1.3205695e-02
   1.3976306e-02
   1.4042783e-02
   1.3109504e-02
   1.3734592e-02
   1.3638334e-02
   1.3691634e-02
   1.4116272e-02
   1.3617914e-02
   1.3998332e-02
   1.3054782e-02
   1.4193021e-02
   1.3053801e-02
   1.3349080e-02
   1.3378824e-02
   1.3843214e-02
   1.5045359e-02
   1.3668315e-02
   1.3717636e-02
   1.4384919e-02
   1.4561053e-02
   1.3883535e-02
   1.3082660e-02
   1.3571480e-02
   1.3949905e-02
   1.3408213e-02
   1.4315978e-02
   1.3341882e-02
   1.3644999e-02
   1.4140434e-02
   1.3733753e-02
   1.4082987e-02
   1.3413901e-02
   1.4771317e-02
   1.3686816e-02
   1.4930725e-02
   1.3732805e-02
   1.3948964e-02
   1.4127205e-02
   1.4001898e-02
   1.3613926e-02
   1.3967794e-02
   1.3623853e-02
   1.3817869e-02
   1.3973827e-02
   1.4116095e-02
   1.3951791e-02
   1.3910278e-02
   1.3699100e-02
   1.4130220e-02
   1.4131546e-02
   1.3980211e-02
   1.4115244e-02
   1.3437043e-02
   1.4040389e-02
   1.3966718e-02
   1.3069677e-02
   1.3019568e-02
   1.3617818e-02
   1.4905264e-02
   1.4038679e-02
   1.4054539e-02
   1.3782855e-02
   1.4929433e-02
   1.3186883e-02
   1.3733361e-02
   1.3887845e-02
   1.3369155e-02
   1.4069944e-02
   1.3151838e-02
   1.4004519e-02
   1.3940713e-02
   1.3204624e-02
   1.3686643e-02
   1.3585419e-02
   1.3740792e-02
   1.3590616e-02
   1.3428457e-02
   1.3213639e-02
   1.3595958e-02
   1.3798665e-02
   1.3002761e-02
   1.5009218e-02
   1.3994288e-02
   1.3323368e-02
   1.3944936e-02
   1.3549552e-02
   1.3260371e-02
   1.4089733e-02
   1.3219692e-02
   1.3506315e-02
   1.3958755e-02
   1.3392470e-02
   1.3719369e-02
   1.3558048e-02
   1.3945262e-02
   1.3606598e-02
   1.3794429e-02
   1.3692233e-02
   1.4020691e-02
   1.3417970e-02
   1.4137230e-02
   1.3362575e-02
   1.3661802e-02
   1.4049754e-02
   1.3757460e-02
   1.4088712e-02
   1.4123134e-02
   1.4522286e-02
   1.3090560e-02
   1.3661295e-02
   1.3218775e-02
   1.3036361e-02
   1.3983260e-02
   1.3661657e-02
   1.3326210e-02
   1.4006793e-02
   1.3266465e-02
   1.4400112e-02
   1.3703174e-02
   1.4048570e-02
   1.4017041e-02
   1.4010178e-02
   1.3337596e-02
   1.3668859e-02
   1.3833429e-02
   1.4259946e-02
   1.4074963e-02
   1.3557531e-02
   1.4457114e-02
   1.3822452e-02
   1.3616852e-02
   1.3967268e-02
   1.4468777e-02
   1.4497703e-02
   1.3150052e-02
   1.3820553e-02
   1.3957333e-02
   1.3653201e-02
   1.4052946e-02
   1.3898008e-02
   1.3975356e-02
