   1.9319980e-02
   1.9922268e-02
   2.0159013e-02
   2.0203159e-02
   1.9376413e-02
   1.9836908e-02
   1.9610686e-02
   2.0588889e-02
   2.0398033e-02
   2.0513759e-02
   1.9395912e-02
   2.0168064e-02
   2.0305902e-02
   2.0079507e-02
   2.0455242e-02
   2.0443932e-02
   1.9356409e-02
   2.0330585e-02
   2.0447952e-02
   2.0435262e-02
   2.0298427e-02
   1.9499193e-02
   2.0318487e-02
   1.9657674e-02
   1.9996142e-02
   2.0461557e-02
   1.9992376e-02
   1.9651430e-02
   1.9699403e-02
   2.0387422e-02
   2.0203047e-02
   1.9946809e-02
   1.9599296e-02
   1.9500957e-02
   1.9319947e-02
   2.0250300e-02
   1.9958989e-02
   2.0323555e-02
   1.9548622e-02
   1.9473689e-02
   1.9819632e-02
   1.9412435e-02
   2.0357067e-02
   2.0387575e-02
   1.9739728e-02
   2.0366178e-02
   1.9360612e-02
   2.0146802e-02
   2.0329545e-02
   2.0114459e-02
   2.0321966e-02
   1.9546182e-02
   2.0575242e-02
   1.9795260e-02
   2.0547940e-02
   2.0271309e-02
   2.0243834e-02
   2.0172547e-02
   2.0405386e-02
   1.9415097e-02
   1.9580881e-02
   2.0297586e-02
   1.9874803e-02
   2.0143078e-02
   1.9371844e-02
   2.0355591e-02
   1.9784762e-02
   2.0036730e-02
   2.0476126e-02
   1.9449161e-02
   2.0446492e-02
   1.9695289e-02
   2.0461798e-02
   1.9387003e-02
   2.0035124e-02
   2.0143109e-02
   2.0165934e-02
   1.9656248e-02
   1.9339829e-02
   2.0459063e-02
   2.0027407e-02
   1.9585584e-02
   1.9885170e-02
   2.0370536e-02
   1.9635231e-02
   1.9815024e-02
   2.0547182e-02
   1.9954183e-02
   2.0203197e-02
   1.9535825e-02
   2.0455460e-02
   1.9910947e-02
   2.0451597e-02
   1.9547380e-02
   2.0572755e-02
   2.0247614e-02
   2.0158925e-02
   1.9524735e-02
   1.9352334e-02
   2.0247913e-02
   2.0036696e-02
   2.0017647e-02
   1.9604253e-02
   1.9390404e-02
   2.0387890e-02
   1.9791256e-02
   2.0406318e-02
   1.9886595e-02
   2.0385771e-02
   1.9335789e-02
   1.9698728e-02
   1.9834013e-02
   2.0238273e-02
   2.0532796e-02
   2.0323566e-02
   2.0334751e-02
   2.0348876e-02
   2.0117333e-02
   2.0427667e-02
   2.0514279e-02
   1.9852806e-02
   2.0262924e-02
   1.9699860e-02
   1.9648814e-02
   1.9388174e-02
   1.9903767e-02
   1.9628857e-02
   2.0077607e-02
   2.0404775e-02
   2.0024202e-02
   1.9584816e-02
   1.9897719e-02
   2.0159029e-02
   1.9326674e-02
   1.9487137e-02
   1.9333784e-02
   1.9998228e-02
   1.9615411e-02
   1.9970727e-02
   2.0285803e-02
   1.9930110e-02
   1.9537467e-02
   2.0468108e-02
   2.0422735e-02
   2.0017118e-02
   2.0076955e-02
   2.0514010e-02
   2.0240273e-02
   2.0569399e-02
   1.9835721e-02
   2.0098324e-02
   2.0389328e-02
   1.9306550e-02
   1.9625349e-02
   2.0129539e-02
   1.9699211e-02
   1.9688116e-02
   1.9918085e-02
   2.0042907e-02
   2.0062285e-02
   2.0574843e-02
   1.9481217e-02
   1.9494590e-02
   1.9974973e-02
   1.9919056e-02
   1.9952640e-02
   2.0337798e-02
   2.0556842e-02
   2.0450343e-02
   2.0528941e-02
   1.9759143e-02
   1.9810371e-02
   2.0408839e-02
   2.0292478e-02
   2.0355380e-02
   2.0085596e-02
   1.9789020e-02
   1.9854491e-02
   1.9923808e-02
   2.0504254e-02
   2.0417164e-02
   2.0044601e-02
   1.9812297e-02
   1.9958631e-02
   1.9558567e-02
   2.0322201e-02
   1.9454012e-02
   1.9570152e-02
   1.9469720e-02
   1.9864905e-02
   1.9886511e-02
   2.0139287e-02
   2.0344165e-02
   1.9822048e-02
   1.9379701e-02
   2.0061796e-02
   2.0183452e-02
   2.0460199e-02
   1.9809977e-02
   1.9557271e-02
   1.9631688e-02
   1.9328667e-02
   2.0353301e-02
   2.0273048e-02
   1.9540749e-02
   2.0329066e-02
   1.9882489e-02
   2.0510974e-02
   1.9786850e-02
   2.0364809e-02
   1.9866551e-02
   1.9819777e-02
   2.0450243e-02
   1.9521593e-02
   2.0034342e-02
   1.9363016e-02
   2.0395523e-02
   2.0219276e-02
   1.9623259e-02
   1.9764756e-02
   2.0525950e-02
   2.0225514e-02
   1.9861885e-02
   2.0366269e-02
   1.9962281e-02
   2.0551319e-02
   2.0497691e-02
   2.0085654e-02
   2.0474423e-02
   1.9760508e-02
   2.0382290e-02
   2.0481810e-02
   1.9366305e-02
   2.0392216e-02
   1.9453686e-02
   1.9922437e-02
   2.0030124e-02
   2.0226956e-02
   2.0190477e-02
   2.0321312e-02
   2.0566952e-02
   1.9579767e-02
   2.0499050e-02
   2.0367008e-02
   1.9754399e-02
   2.0415756e-02
   1.9535087e-02
   1.9891381e-02
   2.0357607e-02
   2.0344039e-02
   1.9388101e-02
   1.9820277e-02
   1.9430318e-02
   1.9718644e-02
   1.9374816e-02
   2.0128508e-02
   1.9861471e-02
   2.0404424e-02
   1.9529615e-02
   1.9956903e-02
   1.9517641e-02
   2.0408852e-02
   2.0367315e-02
   2.0392799e-02
   1.9806362e-02
   2.0146644e-02
   2.0399411e-02
   2.0416808e-02
   2.0288147e-02
   2.0524167e-02
   1.9796311e-02
   2.0369121e-02
   2.0526752e-02
   2.0036712e-02
   2.0478521e-02
   1.9495003e-02
   2.0201139e-02
   2.0503447e-02
   1.9970263e-02
   2.0190571e-02
   1.9670769e-02
   1.9384675e-02
   2.0042956e-02
   1.9920464e-02
   1.9944601e-02
   2.0497962e-02
   1.9810477e-02
   2.0386715e-02
   2.0336748e-02
   1.9372292e-02
   1.9871943e-02
   2.0425057e-02
   1.9390763e-02
   2.0072346e-02
   1.9585672e-02
   1.9375514e-02
   2.0399369e-02
   1.9662191e-02
   2.0508356e-02
   1.9363445e-02
