   1.3315353e-02
   1.3904508e-02
   1.6814594e-02
   1.3468139e-02
   1.6833255e-02
   1.2793571e-02
   1.2342309e-02
   1.5356001e-02
   1.5117681e-02
   1.3631537e-02
   1.5254759e-02
   1.5469567e-02
   1.4675515e-02
   1.4051430e-02
   1.7294526e-02
   1.4192104e-02
   1.4070836e-02
   1.3426832e-02
   1.3412620e-02
   1.3823431e-02
   1.4598386e-02
   1.4971116e-02
   1.4126571e-02
   1.4443967e-02
   1.4792917e-02
   1.3682578e-02
   1.5971840e-02
   1.4942505e-02
   1.4021532e-02
   1.5866520e-02
   1.3339230e-02
   1.7181114e-02
   1.6222580e-02
   1.2292679e-02
   1.5820017e-02
   1.4499569e-02
   1.4653995e-02
   1.5897249e-02
   1.5392429e-02
   1.6074784e-02
   1.4465345e-02
   1.5050151e-02
   1.6836571e-02
   1.3852992e-02
   1.5255733e-02
   1.6327968e-02
   1.8114867e-02
   1.5358553e-02
   1.6678114e-02
   1.6652957e-02
   1.5537853e-02
   1.5726105e-02
   1.4658271e-02
   1.3244639e-02
   1.7488496e-02
   1.7815258e-02
   1.4701718e-02
   1.4638075e-02
   1.4300626e-02
   1.3622829e-02
   1.4261239e-02
   1.7444345e-02
   1.6614914e-02
   1.4528357e-02
   1.3747920e-02
   1.4600381e-02
   1.7954302e-02
   1.2603141e-02
   1.3264766e-02
   1.5552452e-02
   1.3698505e-02
   1.6184672e-02
   1.4783714e-02
   1.4035514e-02
   1.5634080e-02
   1.2637633e-02
   1.5480923e-02
   1.7365231e-02
   1.4705633e-02
   1.4502740e-02
   1.4713062e-02
   1.3570273e-02
   1.3043576e-02
   1.1926773e-02
   1.2953832e-02
   1.4596730e-02
   1.6841531e-02
   1.5908135e-02
   1.2299776e-02
   1.6340379e-02
   1.3360019e-02
   1.6077261e-02
   1.2577253e-02
   1.6371012e-02
   1.4204439e-02
   1.5819525e-02
   1.5253549e-02
   1.4010917e-02
   1.2804438e-02
   1.3694152e-02
   1.2786689e-02
   1.6020345e-02
   1.2110359e-02
   1.4936092e-02
   1.6546711e-02
   1.4781837e-02
   1.4162583e-02
   1.3956616e-02
   1.7556762e-02
   1.1875669e-02
   1.4783802e-02
   1.4406245e-02
   1.6521286e-02
   1.4917526e-02
   1.7382072e-02
   1.3196227e-02
   1.5775811e-02
   1.3351348e-02
   1.4248162e-02
   1.2456291e-02
   1.3235755e-02
   1.5779392e-02
   1.3410536e-02
   1.5125274e-02
   1.6595194e-02
   1.5414714e-02
   1.2714284e-02
   1.3549751e-02
   1.5118960e-02
   1.3425957e-02
   1.1928795e-02
   1.4071312e-02
   1.4533238e-02
   1.6394445e-02
   1.3199914e-02
   1.4037285e-02
   1.4223380e-02
   1.3754494e-02
   1.6328900e-02
   1.5091907e-02
   1.3354543e-02
   1.3485134e-02
   1.3402621e-02
   1.3329129e-02
   1.5736423e-02
   1.6397019e-02
   1.2234116e-02
   1.4185995e-02
   1.6325277e-02
   1.5878042e-02
   1.3331257e-02
   1.5461178e-02
   1.5114991e-02
   1.5504776e-02
   1.4959738e-02
   1.3632759e-02
   1.6252734e-02
   1.3827782e-02
   1.3498852e-02
   1.6957570e-02
   1.5927201e-02
   1.5598605e-02
   1.3067322e-02
   1.5670302e-02
   1.4588483e-02
   1.2559941e-02
   1.3347444e-02
   1.4015834e-02
   1.3590094e-02
   1.3597850e-02
   1.4497550e-02
   1.4404121e-02
   1.3274601e-02
   1.5103309e-02
   1.4277745e-02
   1.5876963e-02
   1.3627971e-02
   1.5829195e-02
   1.4995497e-02
   1.2800359e-02
   1.4197407e-02
   1.6771908e-02
   1.5954784e-02
   1.3562921e-02
   1.3824822e-02
   1.4664467e-02
   1.2917101e-02
   1.4088449e-02
   1.2819756e-02
   1.5925332e-02
   1.4079831e-02
   1.5062828e-02
   1.3094128e-02
   1.5200074e-02
   1.3768214e-02
   1.4952701e-02
   1.7043716e-02
   1.4283507e-02
   1.2533041e-02
   1.2186846e-02
   1.4957344e-02
   1.6779081e-02
   1.3771332e-02
   1.3081666e-02
   1.5585647e-02
   1.2759471e-02
   1.6506851e-02
   1.3726155e-02
   1.5031231e-02
   1.2647384e-02
   1.3502644e-02
   1.5101478e-02
   1.3971207e-02
   1.5117032e-02
   1.4315483e-02
   1.4301982e-02
   1.5298655e-02
   1.3550307e-02
   1.5029553e-02
   1.4066391e-02
   1.3980791e-02
   1.7228793e-02
   1.2981526e-02
   1.5416837e-02
   1.4171791e-02
   1.5003951e-02
   1.3851273e-02
   1.4593849e-02
   1.4923328e-02
   1.6626142e-02
   1.2390478e-02
   1.3605030e-02
   1.7767540e-02
   1.5553590e-02
   1.4699209e-02
   1.5471352e-02
   1.2413894e-02
   1.4481908e-02
   1.6851209e-02
   1.5887820e-02
   1.3935224e-02
   1.4657697e-02
   1.3295346e-02
   1.2792513e-02
   1.6753870e-02
   1.3861284e-02
   1.5974258e-02
   1.5904053e-02
   1.5269759e-02
   1.4052094e-02
   1.3868220e-02
   1.5034167e-02
   1.5308679e-02
   1.3332712e-02
   1.5279827e-02
   1.4194369e-02
   1.5143646e-02
   1.4053121e-02
   1.3511573e-02
   1.2322460e-02
   1.3758292e-02
   1.5460910e-02
   1.5321294e-02
   1.4695148e-02
   1.2243932e-02
   1.3881486e-02
   1.2619150e-02
   1.5881635e-02
   1.4512958e-02
   1.3244252e-02
   1.7719872e-02
   1.3665793e-02
   1.5244858e-02
   1.4794330e-02
   1.4338561e-02
   1.4545150e-02
   1.3289524e-02
   1.4452887e-02
   1.7475486e-02
   1.5167062e-02
   1.4243612e-02
   1.4931493e-02
   1.2129830e-02
   1.5647979e-02
   1.4821242e-02
   1.5887620e-02
   1.4136315e-02
   1.6766541e-02
   1.5090110e-02
   1.5879373e-02
   1.4819161e-02
   1.3452649e-02
   1.3371606e-02
   1.2871788e-02
   1.3415090e-02
   1.4065121e-02
   1.7487188e-02
   1.2810617e-02
   1.6272170e-02
   1.3022666e-02
