   1.9412171e-01
   1.8121577e-01
   1.8281129e-01
   1.9100157e-01
   1.8617672e-01
   1.8764787e-01
   1.7504636e-01
   1.9542246e-01
   1.8107433e-01
   1.8840968e-01
   1.9646558e-01
   1.8101002e-01
   1.8686103e-01
   1.7269393e-01
   1.8461951e-01
   1.7364167e-01
   1.8781174e-01
   1.8643177e-01
   1.9540325e-01
   1.7608302e-01
   1.8618883e-01
   1.9746935e-01
   1.8307746e-01
   1.7892735e-01
   1.7746228e-01
   1.8601452e-01
   1.7896551e-01
   1.8884770e-01
   1.9284070e-01
   1.9398847e-01
   1.8937570e-01
   1.9955705e-01
   1.7598921e-01
   1.8282701e-01
   1.9398095e-01
   1.8172269e-01
   1.9273809e-01
   1.8310624e-01
   1.7983679e-01
   1.8690696e-01
   1.9277363e-01
   1.9299664e-01
   1.7228974e-01
   1.8135301e-01
   1.9800743e-01
   1.8236857e-01
   1.8348786e-01
   1.8501287e-01
   1.7901178e-01
   1.9454387e-01
   1.8533800e-01
   1.8537306e-01
   1.9534734e-01
   1.8107309e-01
   1.9372767e-01
   1.8403214e-01
   1.8908145e-01
   1.8320761e-01
   1.7484239e-01
   1.8251792e-01
   1.9484862e-01
   1.8124523e-01
   1.7616300e-01
   1.7237204e-01
   1.9289783e-01
   1.8870170e-01
   1.7901747e-01
   1.8561054e-01
   1.9661825e-01
   1.7243716e-01
   1.7363662e-01
   1.7288782e-01
   1.8734009e-01
   1.8535340e-01
   1.8542375e-01
   1.7840680e-01
   1.9945438e-01
   1.8014988e-01
   1.9145147e-01
   1.8697684e-01
   1.7898504e-01
   1.7895210e-01
   1.8676781e-01
   1.8850549e-01
   1.7518899e-01
   1.8160925e-01
   1.8523724e-01
   1.8507624e-01
   1.8917263e-01
   1.7229394e-01
   1.8609909e-01
   1.8858883e-01
   1.7865870e-01
   1.8602803e-01
   1.8363086e-01
   1.8562755e-01
   1.9454005e-01
   1.8794809e-01
   1.8027488e-01
   1.8137844e-01
   1.8569569e-01
   1.7946716e-01
   1.7687704e-01
   1.8757557e-01
   1.6986624e-01
   1.8482334e-01
   1.8142589e-01
   1.8174549e-01
   1.7582571e-01
   1.8063879e-01
   1.7447105e-01
   1.8701898e-01
   1.8828754e-01
   1.7656164e-01
   1.8583197e-01
   1.7396223e-01
   1.8653423e-01
   1.7759279e-01
   1.7723629e-01
   1.8939697e-01
   1.8770305e-01
   1.8597460e-01
   1.9206823e-01
   1.7717845e-01
   1.8372134e-01
   1.7970400e-01
   1.8767712e-01
   1.8142860e-01
   1.8661089e-01
   1.8120704e-01
   1.8615723e-01
   1.8683585e-01
   1.8826861e-01
   1.8372054e-01
   1.8123140e-01
   1.8601990e-01
   1.8011496e-01
   1.8111640e-01
   1.8373794e-01
   1.9594086e-01
   1.8141969e-01
   1.8518564e-01
   1.8767900e-01
   1.7754641e-01
   1.8339635e-01
   1.7860987e-01
   1.9255297e-01
   1.8183812e-01
   1.8693859e-01
   1.7647589e-01
   1.9246712e-01
   1.8990444e-01
   1.7508701e-01
   1.8561107e-01
   1.8080359e-01
   1.8156781e-01
   1.8260594e-01
   1.8235796e-01
   1.7729464e-01
   1.8160087e-01
   1.7681512e-01
   1.8151858e-01
   1.7912798e-01
   1.8286606e-01
   1.8813659e-01
   1.7181180e-01
   1.8196310e-01
   1.8396633e-01
   1.8182204e-01
   1.7564534e-01
   1.7786268e-01
   1.7338303e-01
   1.7648178e-01
   1.8529108e-01
   1.8753672e-01
   1.9010910e-01
   1.8587483e-01
   1.9455413e-01
   1.7338432e-01
   1.8270963e-01
   1.8091774e-01
   1.8573465e-01
   1.9116493e-01
   1.8997459e-01
   1.7378804e-01
   1.8532819e-01
   1.7767843e-01
   1.8287304e-01
   1.8434002e-01
   1.8599754e-01
   1.8829511e-01
   1.8731446e-01
   1.7106668e-01
   1.7897227e-01
   1.8605570e-01
   1.8619232e-01
   1.8575433e-01
   1.9132161e-01
   1.8491598e-01
   1.9354477e-01
   1.8752342e-01
   1.7166207e-01
   1.8384873e-01
   1.8279582e-01
   1.8069906e-01
   1.7943544e-01
   1.8476267e-01
   1.9949732e-01
   1.7651522e-01
   1.8245632e-01
   1.8209703e-01
   1.8661756e-01
   1.8382986e-01
   1.9603216e-01
   1.8248399e-01
   1.8121239e-01
   1.8300807e-01
   1.7446763e-01
   1.7984401e-01
   1.8128318e-01
   1.8302742e-01
   1.7791382e-01
   1.7728769e-01
   1.9121343e-01
   1.8513430e-01
   1.8906337e-01
   1.8296485e-01
   1.7788020e-01
   1.8069422e-01
   1.7070651e-01
   1.8232813e-01
   1.9492703e-01
   1.7967572e-01
   1.8534443e-01
   1.8256004e-01
   1.9090852e-01
   1.8204249e-01
   1.7919691e-01
   1.8361625e-01
   1.8511605e-01
   1.8709021e-01
   1.8573517e-01
   1.8662919e-01
   1.8454441e-01
   1.8319654e-01
   1.8200261e-01
   1.7920985e-01
   1.8540490e-01
   1.7108456e-01
   1.7816592e-01
   1.7994074e-01
   1.8692869e-01
   1.8919529e-01
   1.8727285e-01
   1.9323417e-01
   1.8905580e-01
   1.7541673e-01
   1.9150601e-01
   1.9253638e-01
   1.8086179e-01
   1.8748668e-01
   1.8392623e-01
   1.8475362e-01
   1.8221836e-01
   1.8621091e-01
   1.8030081e-01
   1.7091274e-01
   1.8117074e-01
   1.9624551e-01
   1.7980355e-01
   1.8513573e-01
   1.7474240e-01
   1.7704975e-01
   1.8121976e-01
   1.8225602e-01
   1.7520363e-01
   1.8188397e-01
   1.7681336e-01
   1.8199197e-01
   1.7114074e-01
   1.8984575e-01
   1.8840270e-01
   1.7757913e-01
   1.8570646e-01
   1.8598400e-01
   1.7747806e-01
   1.9302420e-01
   1.8622467e-01
   1.8262766e-01
   1.8650589e-01
   1.8196870e-01
   2.0011248e-01
   1.7130573e-01
   1.8258956e-01
   1.7964442e-01
   1.7995688e-01
   1.8772261e-01
   1.8554151e-01
   1.9281190e-01
   1.9402820e-01
