   3.0707000e-02
   2.9483365e-02
   2.7870920e-02
   3.0456990e-02
   2.9441789e-02
   2.6006178e-02
   2.7746405e-02
   2.5911135e-02
   2.7652838e-02
   2.6984029e-02
   3.0478109e-02
   3.0494686e-02
   2.6274427e-02
   2.9727705e-02
   3.1066463e-02
   3.0408484e-02
   2.6736336e-02
   2.6962342e-02
   2.7727736e-02
   2.8143284e-02
   3.0762389e-02
   3.0470179e-02
   2.6721095e-02
   2.5807694e-02
   3.0200811e-02
   2.6823136e-02
   2.8715974e-02
   3.0145488e-02
   2.9529632e-02
   2.7347534e-02
   2.9677921e-02
   2.6887145e-02
   2.7829659e-02
   2.9383595e-02
   3.0727992e-02
   2.5622128e-02
   3.0903274e-02
   2.8514156e-02
   2.7816777e-02
   2.9530936e-02
   2.9013386e-02
   2.8124508e-02
   3.0138209e-02
   2.7847486e-02
   2.5814519e-02
   2.6426768e-02
   3.0955467e-02
   2.7808290e-02
   2.6273926e-02
   3.0459478e-02
   2.8125448e-02
   2.8250473e-02
   3.0234042e-02
   2.9239812e-02
   2.9624180e-02
   3.0761642e-02
   3.0100805e-02
   2.7501202e-02
   2.8182748e-02
   2.7976584e-02
   2.8806111e-02
   2.8421995e-02
   2.8671915e-02
   3.0701672e-02
   2.9279706e-02
   2.9084651e-02
   2.9948705e-02
   2.6109358e-02
   3.0667746e-02
   2.5676495e-02
   2.6711797e-02
   2.6511638e-02
   2.6560068e-02
   2.5800379e-02
   2.8843098e-02
   2.9349304e-02
   2.9743954e-02
   2.5860439e-02
   3.0391636e-02
   2.5711774e-02
   3.0334100e-02
   3.0707890e-02
   2.6237882e-02
   3.0761485e-02
   2.7746717e-02
   2.8405441e-02
   2.7694335e-02
   2.6654697e-02
   2.9003388e-02
   2.6613801e-02
   2.6367426e-02
   2.9720846e-02
   2.7507034e-02
   3.0380436e-02
   3.0760184e-02
   2.8330533e-02
   2.7424883e-02
   3.0604396e-02
   2.6591983e-02
   2.7458090e-02
   2.9194275e-02
   2.9750555e-02
   3.0793411e-02
   2.7713820e-02
   2.7521949e-02
   2.9384437e-02
   2.7601277e-02
   2.9963564e-02
   3.0789068e-02
   2.8479933e-02
   2.9964242e-02
   2.9698653e-02
   2.9573114e-02
   2.9537607e-02
   3.1011705e-02
   2.8415504e-02
   2.6392755e-02
   2.9778716e-02
   3.0048284e-02
   2.8273610e-02
   2.9178378e-02
   3.0902630e-02
   2.8784794e-02
   2.9196129e-02
   3.0504628e-02
   3.0889104e-02
   2.8282311e-02
   2.9861952e-02
   2.7913522e-02
   2.5755579e-02
   2.8546081e-02
   2.9081327e-02
   3.0184914e-02
   2.9551623e-02
   2.7323656e-02
   2.7107675e-02
   3.0499507e-02
   2.6769076e-02
   2.6330680e-02
   3.0326271e-02
   2.9070900e-02
   2.7411258e-02
   2.7195851e-02
   2.7753514e-02
   2.9240317e-02
   2.7886698e-02
   2.8177555e-02
   2.6874804e-02
   2.9105707e-02
   2.5721388e-02
   3.0297979e-02
   2.9037598e-02
   2.7092629e-02
   2.9076929e-02
   2.9847338e-02
   2.8612042e-02
   2.8522126e-02
   2.6159925e-02
   2.9469557e-02
   2.5992432e-02
   2.9450856e-02
   2.7035487e-02
   3.0283467e-02
   3.0308847e-02
   2.9146241e-02
   2.8456944e-02
   2.9766799e-02
   2.6139462e-02
   2.6944839e-02
   3.0054680e-02
   2.9019225e-02
   2.7885907e-02
   2.7054249e-02
   2.9987338e-02
   2.5655605e-02
   3.0498209e-02
   2.7830479e-02
   2.8825671e-02
   2.9423239e-02
   3.0076153e-02
   2.7602465e-02
   2.7317606e-02
   2.6378133e-02
   2.9430834e-02
   2.6836746e-02
   2.7481089e-02
   2.6267992e-02
   2.7159498e-02
   2.8703445e-02
   2.9647554e-02
   2.9981049e-02
   2.6006653e-02
   2.7022757e-02
   2.8575558e-02
   3.0545872e-02
   2.8975892e-02
   2.5912843e-02
   2.8086778e-02
   2.6623096e-02
   2.9260957e-02
   2.6060210e-02
   2.9169000e-02
   3.1038546e-02
   2.8156850e-02
   2.7192221e-02
   2.7721134e-02
   3.0213988e-02
   2.8559380e-02
   2.6932798e-02
   2.8589971e-02
   2.8857291e-02
   2.7961874e-02
   2.9972913e-02
   2.8446762e-02
   3.0434220e-02
   2.7126451e-02
   2.5669509e-02
   2.6146902e-02
   2.7082604e-02
   3.0412811e-02
   2.9014578e-02
   2.7595470e-02
   2.8806237e-02
   2.9963155e-02
   2.6481037e-02
   3.0325447e-02
   2.6422255e-02
   2.9615547e-02
   2.9267693e-02
   2.6712207e-02
   2.7373326e-02
   2.5607327e-02
   2.7029640e-02
   3.1108454e-02
   2.8389451e-02
   2.7025433e-02
   2.6147778e-02
   3.0644051e-02
   2.7092963e-02
   3.0438445e-02
   2.7900520e-02
   2.7898626e-02
   3.0883805e-02
   2.7388781e-02
   3.0548909e-02
   2.5741555e-02
   2.6076836e-02
   2.8993637e-02
   3.0921479e-02
   3.0638245e-02
   3.0530340e-02
   2.7970633e-02
   3.0205634e-02
   2.7413816e-02
   2.7492969e-02
   3.1068351e-02
   2.8687784e-02
   2.5717117e-02
   2.6457161e-02
   2.5634854e-02
   2.7890580e-02
   2.9433628e-02
   2.7818088e-02
   2.9944158e-02
   2.8388672e-02
   2.9915077e-02
   2.9288146e-02
   2.9459441e-02
   3.0257504e-02
   2.7713383e-02
   2.9141460e-02
   2.8994821e-02
   2.7507034e-02
   2.5892774e-02
   2.9200975e-02
   2.7306908e-02
   2.8759412e-02
   3.0110508e-02
   2.8200049e-02
   2.8488519e-02
   2.6872557e-02
   2.9808235e-02
   3.0452705e-02
   3.0901588e-02
   3.0118231e-02
   2.9850686e-02
   2.7442603e-02
   2.6788484e-02
   2.7553943e-02
   2.8070340e-02
   2.6781594e-02
   2.7296896e-02
   2.7075325e-02
   2.5810020e-02
   2.8686630e-02
   3.0163870e-02
   2.7505766e-02
   2.6661120e-02
   2.9367023e-02
   2.8816238e-02
