   1.3057278e-02
   1.4396928e-02
   1.2867217e-02
   1.4030473e-02
   1.4606202e-02
   1.1654209e-02
   1.2127769e-02
   1.2574056e-02
   1.3849291e-02
   1.4337817e-02
   1.0633738e-02
   1.0995767e-02
   1.1056894e-02
   1.3454558e-02
   1.3848884e-02
   1.2315366e-02
   1.4647482e-02
   1.1166395e-02
   1.3687715e-02
   1.4052269e-02
   1.4259108e-02
   1.3333138e-02
   1.3951586e-02
   1.4535557e-02
   1.0692072e-02
   1.2119450e-02
   1.1955769e-02
   1.4593065e-02
   1.2239296e-02
   1.4489588e-02
   1.3269257e-02
   1.4825397e-02
   1.3100960e-02
   1.1314651e-02
   1.2877878e-02
   1.4072434e-02
   1.3082923e-02
   1.1091844e-02
   1.3709327e-02
   1.4675183e-02
   1.0881942e-02
   1.2479279e-02
   1.1845561e-02
   1.4129336e-02
   1.1794971e-02
   1.3168384e-02
   1.4028874e-02
   1.1201285e-02
   1.4362604e-02
   1.3503200e-02
   1.2666491e-02
   1.1739998e-02
   1.4452664e-02
   1.2190703e-02
   1.4612886e-02
   1.4467750e-02
   1.3196226e-02
   1.3599854e-02
   1.3272093e-02
   1.3533685e-02
   1.2501373e-02
   1.3907622e-02
   1.1362316e-02
   1.2007326e-02
   1.1659186e-02
   1.2607225e-02
   1.4590444e-02
   1.0911829e-02
   1.2546367e-02
   1.1221268e-02
   1.2661550e-02
   1.2279187e-02
   1.4404445e-02
   1.2190613e-02
   1.3143158e-02
   1.2073126e-02
   1.4552489e-02
   1.3559868e-02
   1.3048542e-02
   1.0493101e-02
   1.2556295e-02
   1.2086612e-02
   1.3024164e-02
   1.2192819e-02
   1.2993483e-02
   1.2007494e-02
   1.4174511e-02
   1.3209181e-02
   1.1142874e-02
   1.4437903e-02
   1.1587463e-02
   1.2157764e-02
   1.2487701e-02
   1.4282125e-02
   1.2058901e-02
   1.1565163e-02
   1.3193318e-02
   1.4047533e-02
   1.0661348e-02
   1.3399491e-02
   1.4406406e-02
   1.1920140e-02
   1.3717540e-02
   1.2076939e-02
   1.3620437e-02
   1.2540990e-02
   1.4374932e-02
   1.1658664e-02
   1.2188400e-02
   1.2563418e-02
   1.3753066e-02
   1.1815952e-02
   1.4352876e-02
   1.3713590e-02
   1.4285330e-02
   1.2506314e-02
   1.4530604e-02
   1.4424755e-02
   1.1508286e-02
   1.1427530e-02
   1.4545466e-02
   1.2416478e-02
   1.0542143e-02
   1.4553600e-02
   1.3905320e-02
   1.3803256e-02
   1.4008983e-02
   1.1981115e-02
   1.2923457e-02
   1.4090982e-02
   1.4485500e-02
   1.3808267e-02
   1.4572155e-02
   1.3138380e-02
   1.1927439e-02
   1.4579040e-02
   1.2485006e-02
   1.3790622e-02
   1.2648914e-02
   1.1819996e-02
   1.2892512e-02
   1.1680518e-02
   1.4149465e-02
   1.1075696e-02
   1.4552099e-02
   1.1447797e-02
   1.2022083e-02
   1.3553539e-02
   1.2945482e-02
   1.1121893e-02
   1.3453085e-02
   1.0488033e-02
   1.1001923e-02
   1.1957026e-02
   1.3867665e-02
   1.4111347e-02
   1.4248025e-02
   1.1030542e-02
   1.1817275e-02
   1.4569117e-02
   1.4061533e-02
   1.2419671e-02
   1.1007836e-02
   1.1291778e-02
   1.4397163e-02
   1.1671971e-02
   1.4691492e-02
   1.3547573e-02
   1.2852297e-02
   1.2353080e-02
   1.3751390e-02
   1.1649266e-02
   1.4497648e-02
   1.4614301e-02
   1.4469986e-02
   1.2579631e-02
   1.4076111e-02
   1.4178741e-02
   1.2379690e-02
   1.3883211e-02
   1.1217980e-02
   1.1782262e-02
   1.1568106e-02
   1.3121924e-02
   1.2698896e-02
   1.4819000e-02
   1.0871283e-02
   1.0764317e-02
   1.3317719e-02
   1.4011636e-02
   1.0823242e-02
   1.2853975e-02
   1.2634027e-02
   1.1250381e-02
   1.4490187e-02
   1.4854603e-02
   1.4354591e-02
   1.3695951e-02
   1.0656761e-02
   1.3428345e-02
   1.4376498e-02
   1.1828359e-02
   1.0507952e-02
   1.4520762e-02
   1.2622394e-02
   1.4496212e-02
   1.2555473e-02
   1.0707798e-02
   1.3566518e-02
   1.1816686e-02
   1.3378461e-02
   1.4561465e-02
   1.1751672e-02
   1.1891621e-02
   1.3388187e-02
   1.1713187e-02
   1.1311257e-02
   1.0989716e-02
   1.2629897e-02
   1.4216957e-02
   1.3475612e-02
   1.3227882e-02
   1.2427055e-02
   1.3802788e-02
   1.2490071e-02
   1.4067036e-02
   1.0878065e-02
   1.1945744e-02
   1.1598736e-02
   1.3119570e-02
   1.1142664e-02
   1.2558296e-02
   1.1331621e-02
   1.4238091e-02
   1.3870404e-02
   1.1950161e-02
   1.4417292e-02
   1.1298103e-02
   1.3006917e-02
   1.3948119e-02
   1.3389581e-02
   1.2885987e-02
   1.1237793e-02
   1.1602781e-02
   1.4036796e-02
   1.2885690e-02
   1.4565790e-02
   1.3672473e-02
   1.2852356e-02
   1.3851340e-02
   1.1674577e-02
   1.2150343e-02
   1.2866111e-02
   1.1105423e-02
   1.1621348e-02
   1.0776257e-02
   1.4218790e-02
   1.4430127e-02
   1.1766510e-02
   1.0715152e-02
   1.2176535e-02
   1.2888078e-02
   1.0407671e-02
   1.2910067e-02
   1.1872837e-02
   1.4544349e-02
   1.1602912e-02
   1.2306008e-02
   1.3189585e-02
   1.4602470e-02
   1.3144258e-02
   1.2862814e-02
   1.4567549e-02
   1.3076940e-02
   1.4757824e-02
   1.1083376e-02
   1.3600102e-02
   1.2802337e-02
   1.3349151e-02
   1.1533267e-02
   1.1347674e-02
   1.1766676e-02
   1.3771262e-02
   1.3723925e-02
   1.1928018e-02
   1.2728333e-02
   1.1856259e-02
   1.1138985e-02
   1.3274474e-02
   1.3901636e-02
   1.1078725e-02
   1.2341701e-02
   1.3854225e-02
   1.0793856e-02
   1.2629293e-02
   1.3299889e-02
   1.3116382e-02
   1.3671473e-02
   1.1691848e-02
   1.4403583e-02
