   2.2285999e-02
   1.9162452e-02
   1.9725251e-02
   2.1862145e-02
   1.9956036e-02
   1.9950028e-02
   2.1276896e-02
   2.3273349e-02
   2.4200159e-02
   1.9997063e-02
   2.0556959e-02
   2.1629243e-02
   1.9686135e-02
   2.2250873e-02
   2.1863824e-02
   2.4979514e-02
   2.2302881e-02
   2.0909614e-02
   2.2246460e-02
   2.2175065e-02
   2.2218676e-02
   2.0317349e-02
   1.9900073e-02
   2.1478705e-02
   2.2382499e-02
   1.9684226e-02
   2.3369908e-02
   2.5209193e-02
   2.0052865e-02
   1.9118876e-02
   2.1060736e-02
   2.0720810e-02
   2.0039850e-02
   2.4282492e-02
   2.1939823e-02
   2.4899268e-02
   2.2197686e-02
   2.2016234e-02
   2.5964789e-02
   2.0458377e-02
   2.1391198e-02
   1.9906411e-02
   2.1322919e-02
   1.9666780e-02
   1.9386832e-02
   2.1909732e-02
   2.2456142e-02
   2.2152690e-02
   2.1279023e-02
   2.0828359e-02
   2.3684976e-02
   2.1043899e-02
   2.1061698e-02
   2.3260650e-02
   2.2482106e-02
   2.2120007e-02
   2.3862961e-02
   2.0301674e-02
   2.2982245e-02
   2.0200503e-02
   1.9773745e-02
   2.1155237e-02
   2.1953890e-02
   2.2847970e-02
   1.9732181e-02
   2.1780031e-02
   2.6187614e-02
   2.3570785e-02
   2.0796086e-02
   2.1176793e-02
   2.1906870e-02
   2.0516090e-02
   2.2528882e-02
   2.3462355e-02
   2.1528145e-02
   2.2344522e-02
   2.1004035e-02
   2.0823508e-02
   2.2395605e-02
   1.9358344e-02
   2.1301738e-02
   2.0681396e-02
   1.9903677e-02
   2.1510855e-02
   2.1229739e-02
   2.6634528e-02
   2.3990291e-02
   2.1081610e-02
   2.1737950e-02
   2.0737827e-02
   2.0271255e-02
   2.0757820e-02
   2.1781427e-02
   2.0316652e-02
   2.1080974e-02
   2.0843314e-02
   1.9409712e-02
   2.3425597e-02
   2.2522446e-02
   2.2227107e-02
   2.1076843e-02
   1.9000675e-02
   2.0717300e-02
   2.0123425e-02
   2.3533500e-02
   2.0466649e-02
   2.2967713e-02
   2.0855089e-02
   2.1489165e-02
   2.3168977e-02
   2.1984893e-02
   2.2510797e-02
   2.3454175e-02
   2.0398288e-02
   1.9026433e-02
   2.0358886e-02
   2.1916302e-02
   2.6002638e-02
   2.1790888e-02
   1.9254927e-02
   2.3643171e-02
   2.0681001e-02
   2.2162401e-02
   2.1532188e-02
   2.1702296e-02
   2.1548073e-02
   2.5571049e-02
   2.6859130e-02
   2.2262717e-02
   2.1270054e-02
   2.2800135e-02
   2.1906582e-02
   1.9615902e-02
   2.2119240e-02
   2.2097461e-02
   2.0770593e-02
   2.0610648e-02
   2.2005725e-02
   1.9907827e-02
   2.2542052e-02
   1.9863037e-02
   2.4196664e-02
   2.0858268e-02
   2.2860912e-02
   2.0166464e-02
   2.0279803e-02
   2.0739323e-02
   2.2011533e-02
   2.1985052e-02
   2.0489061e-02
   1.9317691e-02
   2.2170095e-02
   2.0543580e-02
   2.2076496e-02
   2.2098613e-02
   2.0720463e-02
   2.1791715e-02
   2.0280514e-02
   2.1391676e-02
   2.1823731e-02
   2.2887461e-02
   2.2207568e-02
   2.0791460e-02
   2.6837000e-02
   2.2259616e-02
   2.0936112e-02
   2.3527321e-02
   2.6204726e-02
   2.1307400e-02
   2.5040248e-02
   2.2436419e-02
   2.0329101e-02
   2.1217844e-02
   2.2544315e-02
   2.1438424e-02
   2.3467340e-02
   1.9708930e-02
   2.1810630e-02
   2.1915054e-02
   2.1553391e-02
   1.9994361e-02
   1.9158043e-02
   2.0270943e-02
   2.0521542e-02
   2.5036263e-02
   2.4418737e-02
   2.4024923e-02
   2.2112370e-02
   2.4968155e-02
   2.1628972e-02
   2.3865318e-02
   2.1839865e-02
   2.2948655e-02
   2.3388696e-02
   1.9944638e-02
   2.1877322e-02
   2.2416788e-02
   2.1618836e-02
   2.0483402e-02
   2.1667377e-02
   2.0327075e-02
   2.2042862e-02
   2.4087262e-02
   2.1396772e-02
   1.9846619e-02
   2.0620568e-02
   2.1487632e-02
   2.1456568e-02
   2.0199222e-02
   2.0331966e-02
   2.1153859e-02
   2.1702136e-02
   2.1674267e-02
   1.9763836e-02
   2.1606404e-02
   2.1580138e-02
   2.7534782e-02
   2.2363017e-02
   1.9389780e-02
   2.1289792e-02
   2.0883167e-02
   2.1426288e-02
   2.1355799e-02
   2.2085162e-02
   2.2134104e-02
   2.1423767e-02
   2.1056953e-02
   2.4801094e-02
   2.2330471e-02
   2.2904354e-02
   2.4253055e-02
   1.9987562e-02
   1.9956640e-02
   2.2754994e-02
   2.1072758e-02
   2.1611438e-02
   2.1650048e-02
   2.6566921e-02
   2.2857168e-02
   2.0876413e-02
   2.0125166e-02
   2.0376295e-02
   2.1895897e-02
   2.0992515e-02
   2.3085085e-02
   2.0051274e-02
   2.1375271e-02
   2.0035122e-02
   2.1083172e-02
   1.9705012e-02
   2.2915213e-02
   2.0711224e-02
   2.2818713e-02
   2.4463800e-02
   2.0868807e-02
   2.0810739e-02
   2.2326302e-02
   2.2469886e-02
   1.9449360e-02
   1.8928673e-02
   2.1167153e-02
   1.9489367e-02
   2.1257644e-02
   2.2609011e-02
   1.9293070e-02
   1.9931085e-02
   2.0501897e-02
   2.1850498e-02
   2.1853105e-02
   2.1082973e-02
   2.0660478e-02
   1.9006602e-02
   2.1938255e-02
   2.3210970e-02
   2.0209646e-02
   2.0029927e-02
   2.2337760e-02
   2.0863446e-02
   1.9887569e-02
   1.9353605e-02
   2.4423738e-02
   2.4568113e-02
   2.1417803e-02
   2.2204637e-02
   2.0227915e-02
   2.2501538e-02
   2.1703305e-02
   2.0408231e-02
   2.3948036e-02
   2.0127182e-02
   2.0051781e-02
   2.0166841e-02
   2.0621896e-02
   1.9978314e-02
   2.2239294e-02
   2.0083818e-02
   2.0406050e-02
   1.9672554e-02
   2.1396817e-02
   2.5990580e-02
