   2.1779185e-01
   2.1039181e-01
   2.0608715e-01
   2.2323496e-01
   2.1021388e-01
   2.1807639e-01
   2.0587715e-01
   2.1317157e-01
   2.1915009e-01
   2.1796253e-01
   2.0767409e-01
   2.0920062e-01
   2.1297182e-01
   2.0973443e-01
   2.1994157e-01
   2.0628592e-01
   2.1864672e-01
   2.1307022e-01
   2.2616705e-01
   2.2596234e-01
   2.0713686e-01
   2.1254314e-01
   2.1079376e-01
   2.2295331e-01
   2.2350295e-01
   2.0236138e-01
   2.0731931e-01
   2.0973352e-01
   2.1149141e-01
   2.1870084e-01
   2.1381202e-01
   2.0840454e-01
   2.0619494e-01
   2.0310572e-01
   2.2030260e-01
   2.2671025e-01
   2.0869929e-01
   2.1773237e-01
   2.1021398e-01
   2.1041251e-01
   2.1140951e-01
   2.1088585e-01
   2.2656974e-01
   2.1550984e-01
   2.2454320e-01
   2.0894022e-01
   2.0323733e-01
   2.0980174e-01
   2.0507126e-01
   2.2905164e-01
   2.0769617e-01
   2.1177398e-01
   2.1409862e-01
   2.0797892e-01
   2.0267735e-01
   2.1815501e-01
   2.2048114e-01
   2.2429753e-01
   2.1667176e-01
   2.1010758e-01
   2.2513844e-01
   2.0694197e-01
   2.1051003e-01
   2.0657177e-01
   2.1070225e-01
   2.0866287e-01
   2.0427771e-01
   2.0937516e-01
   2.0579242e-01
   2.1252001e-01
   2.2312889e-01
   2.1662232e-01
   2.0502980e-01
   2.2798878e-01
   2.0823360e-01
   2.1161148e-01
   2.2523048e-01
   2.2494966e-01
   2.1075389e-01
   2.2536394e-01
   2.2250285e-01
   2.0927336e-01
   2.1509830e-01
   2.1074130e-01
   2.1823154e-01
   2.0791001e-01
   2.2931539e-01
   2.1834375e-01
   2.0780591e-01
   2.2208789e-01
   2.0898430e-01
   2.0929031e-01
   2.1051127e-01
   2.0977573e-01
   2.0222939e-01
   2.2701421e-01
   2.0276787e-01
   2.0721319e-01
   2.2017569e-01
   2.1843482e-01
   2.1756465e-01
   2.1365196e-01
   2.1009720e-01
   2.1073193e-01
   2.0418899e-01
   2.1721155e-01
   2.1341738e-01
   2.1965591e-01
   2.0948772e-01
   2.0611971e-01
   2.1589962e-01
   2.2157107e-01
   2.1483437e-01
   2.1159007e-01
   2.1969538e-01
   2.0358877e-01
   2.0632835e-01
   2.0464123e-01
   2.1159514e-01
   2.2058627e-01
   2.2614366e-01
   2.1096276e-01
   2.1661203e-01
   2.1704566e-01
   2.1311395e-01
   2.0845037e-01
   2.1102738e-01
   2.2294522e-01
   2.0963745e-01
   2.1195308e-01
   2.1136585e-01
   2.1156499e-01
   2.1088774e-01
   2.0428396e-01
   2.2244703e-01
   2.2590569e-01
   2.1093757e-01
   2.1742243e-01
   2.1175917e-01
   2.2576032e-01
   2.1401405e-01
   2.1455189e-01
   2.0637508e-01
   2.2444462e-01
   2.0810681e-01
   2.0754499e-01
   2.2696804e-01
   2.2442642e-01
   2.0843812e-01
   2.0987144e-01
   2.0750963e-01
   2.1431431e-01
   2.0736799e-01
   2.0902931e-01
   2.0978951e-01
   2.1675664e-01
   2.0467180e-01
   2.2781469e-01
   2.1213793e-01
   2.2269240e-01
   2.1293925e-01
   2.0862395e-01
   2.1251417e-01
   2.2718414e-01
   2.0536512e-01
   2.1220327e-01
   2.2416761e-01
   2.1800307e-01
   2.1781070e-01
   2.1138625e-01
   2.1671689e-01
   2.0678942e-01
   2.1536791e-01
   2.2393899e-01
   2.1820517e-01
   2.1068626e-01
   2.1448802e-01
   2.1025574e-01
   2.0710284e-01
   2.2665786e-01
   2.0750881e-01
   2.0598737e-01
   2.2862434e-01
   2.1837255e-01
   2.1083983e-01
   2.2835400e-01
   2.1205108e-01
   2.0778241e-01
   2.1968358e-01
   2.1634575e-01
   2.0849172e-01
   2.0283983e-01
   2.1827124e-01
   2.1089303e-01
   2.0964419e-01
   2.2563407e-01
   2.2043697e-01
   2.2022202e-01
   2.1176429e-01
   2.0762859e-01
   2.1511152e-01
   2.0806848e-01
   2.0215435e-01
   2.2369005e-01
   2.1275020e-01
   2.1292116e-01
   2.0731991e-01
   2.0772977e-01
   2.1158000e-01
   2.1415705e-01
   2.1750559e-01
   2.1417116e-01
   2.2155565e-01
   2.0420566e-01
   2.2184458e-01
   2.0763262e-01
   2.0732862e-01
   2.0680208e-01
   2.0892167e-01
   2.2449894e-01
   2.0641245e-01
   2.2852324e-01
   2.2676996e-01
   2.2831605e-01
   2.2483209e-01
   2.0957329e-01
   2.0483555e-01
   2.0967086e-01
   2.2793270e-01
   2.0978638e-01
   2.0851220e-01
   2.0423697e-01
   2.1193399e-01
   2.0752362e-01
   2.2469848e-01
   2.1187100e-01
   2.0536017e-01
   2.1298290e-01
   2.1939820e-01
   2.0906247e-01
   2.2521907e-01
   2.0878187e-01
   2.2269222e-01
   2.2696978e-01
   2.2557591e-01
   2.0976327e-01
   2.1418800e-01
   2.1005794e-01
   2.2199149e-01
   2.0856450e-01
   2.0898239e-01
   2.1077441e-01
   2.2188548e-01
   2.0547637e-01
   2.0799156e-01
   2.2446171e-01
   2.2390365e-01
   2.0827499e-01
   2.1243611e-01
   2.0771376e-01
   2.1907316e-01
   2.1370006e-01
   2.0259340e-01
   2.0478344e-01
   2.0876337e-01
   2.2783748e-01
   2.0819539e-01
   2.1152234e-01
   2.0739963e-01
   2.1691348e-01
   2.2045025e-01
   2.1082903e-01
   2.1150740e-01
   2.0945594e-01
   2.0971739e-01
   2.1000822e-01
   2.0684076e-01
   2.2487598e-01
   2.0982855e-01
   2.2698620e-01
   2.0694165e-01
   2.2681141e-01
   2.2705381e-01
   2.2017142e-01
   2.2429180e-01
   2.1136274e-01
   2.0746177e-01
   2.2342215e-01
   2.0681540e-01
   2.1183634e-01
   2.1484611e-01
   2.2674259e-01
   2.1139224e-01
   2.0679943e-01
   2.0274559e-01
   2.0448726e-01
   2.0922058e-01
   2.0997987e-01
   2.2526253e-01
   2.1161139e-01
