   1.6663584e-02
   1.6639832e-02
   1.6657495e-02
   1.6597899e-02
   1.6674681e-02
   1.6651246e-02
   1.6592116e-02
   1.6653560e-02
   1.6639092e-02
   1.6661497e-02
   1.6416286e-02
   1.6640845e-02
   1.6662050e-02
   1.6637175e-02
   1.6602350e-02
   1.6437531e-02
   1.6659581e-02
   1.6658709e-02
   1.6673664e-02
   1.6666497e-02
   1.6639491e-02
   1.6479154e-02
   1.6407723e-02
   1.6569019e-02
   1.6641077e-02
   1.6687663e-02
   1.6536484e-02
   1.6659180e-02
   1.6650354e-02
   1.6474068e-02
   1.6449358e-02
   1.6646933e-02
   1.6660972e-02
   1.6392570e-02
   1.6641989e-02
   1.6635377e-02
   1.6441617e-02
   1.6684008e-02
   1.6552584e-02
   1.6667147e-02
   1.6391043e-02
   1.6671884e-02
   1.6401777e-02
   1.6409802e-02
   1.6347126e-02
   1.6667486e-02
   1.6523127e-02
   1.6659773e-02
   1.6646683e-02
   1.6687909e-02
   1.6686845e-02
   1.6358695e-02
   1.6644878e-02
   1.6651640e-02
   1.6650481e-02
   1.6630035e-02
   1.6647923e-02
   1.6642710e-02
   1.6675093e-02
   1.6637569e-02
   1.6649872e-02
   1.6688907e-02
   1.6392339e-02
   1.6638159e-02
   1.6439654e-02
   1.6666767e-02
   1.6634523e-02
   1.6668954e-02
   1.6654274e-02
   1.6652819e-02
   1.6482236e-02
   1.6667917e-02
   1.6651352e-02
   1.6549482e-02
   1.6618300e-02
   1.6660437e-02
   1.6684647e-02
   1.6666130e-02
   1.6655560e-02
   1.6637726e-02
   1.6404448e-02
   1.6687206e-02
   1.6677093e-02
   1.6475548e-02
   1.6657660e-02
   1.6671541e-02
   1.6488747e-02
   1.6604035e-02
   1.6403959e-02
   1.6382233e-02
   1.6661983e-02
   1.6531123e-02
   1.6662322e-02
   1.6660300e-02
   1.6652934e-02
   1.6658720e-02
   1.6670130e-02
   1.6658307e-02
   1.6541112e-02
   1.6365409e-02
   1.6621535e-02
   1.6677878e-02
   1.6671140e-02
   1.6667552e-02
   1.6484554e-02
   1.6676746e-02
   1.6446873e-02
   1.6676069e-02
   1.6641106e-02
   1.6361973e-02
   1.6663178e-02
   1.6667204e-02
   1.6658506e-02
   1.6638232e-02
   1.6688770e-02
   1.6689370e-02
   1.6614817e-02
   1.6455542e-02
   1.6661054e-02
   1.6661022e-02
   1.6689476e-02
   1.6501712e-02
   1.6389189e-02
   1.6638352e-02
   1.6345960e-02
   1.6426874e-02
   1.6636375e-02
   1.6581542e-02
   1.6585521e-02
   1.6650432e-02
   1.6647363e-02
   1.6662426e-02
   1.6661363e-02
   1.6551045e-02
   1.6680078e-02
   1.6355158e-02
   1.6537432e-02
   1.6455246e-02
   1.6657228e-02
   1.6542095e-02
   1.6643454e-02
   1.6688239e-02
   1.6347320e-02
   1.6674352e-02
   1.6689739e-02
   1.6447068e-02
   1.6690207e-02
   1.6667000e-02
   1.6655227e-02
   1.6660678e-02
   1.6687912e-02
   1.6666727e-02
   1.6679197e-02
   1.6634864e-02
   1.6662331e-02
   1.6651381e-02
   1.6458642e-02
   1.6655939e-02
   1.6650268e-02
   1.6603027e-02
   1.6657302e-02
   1.6662672e-02
   1.6667259e-02
   1.6641232e-02
   1.6682601e-02
   1.6650646e-02
   1.6658687e-02
   1.6644997e-02
   1.6638141e-02
   1.6634513e-02
   1.6394636e-02
   1.6637925e-02
   1.6687707e-02
   1.6647860e-02
   1.6677361e-02
   1.6482091e-02
   1.6651402e-02
   1.6522015e-02
   1.6616430e-02
   1.6677518e-02
   1.6689493e-02
   1.6660139e-02
   1.6421870e-02
   1.6348898e-02
   1.6647035e-02
   1.6650110e-02
   1.6538155e-02
   1.6661629e-02
   1.6416504e-02
   1.6652154e-02
   1.6635707e-02
   1.6666874e-02
   1.6650390e-02
   1.6667526e-02
   1.6567800e-02
   1.6643261e-02
   1.6623157e-02
   1.6687913e-02
   1.6381047e-02
   1.6667518e-02
   1.6359663e-02
   1.6679700e-02
   1.6690323e-02
   1.6401814e-02
   1.6688506e-02
   1.6690123e-02
   1.6680136e-02
   1.6689595e-02
   1.6650544e-02
   1.6369668e-02
   1.6534133e-02
   1.6471385e-02
   1.6664022e-02
   1.6649019e-02
   1.6659718e-02
   1.6640285e-02
   1.6690228e-02
   1.6652932e-02
   1.6687862e-02
   1.6422052e-02
   1.6370628e-02
   1.6643154e-02
   1.6552118e-02
   1.6541598e-02
   1.6636716e-02
   1.6676555e-02
   1.6651876e-02
   1.6676551e-02
   1.6645247e-02
   1.6503000e-02
   1.6565941e-02
   1.6636843e-02
   1.6465041e-02
   1.6658692e-02
   1.6631707e-02
   1.6459570e-02
   1.6665799e-02
   1.6642252e-02
   1.6685408e-02
   1.6662676e-02
   1.6658134e-02
   1.6635132e-02
   1.6651824e-02
   1.6654531e-02
   1.6667236e-02
   1.6650289e-02
   1.6659594e-02
   1.6664360e-02
   1.6634832e-02
   1.6640820e-02
   1.6610935e-02
   1.6649264e-02
   1.6688723e-02
   1.6492070e-02
   1.6634913e-02
   1.6682563e-02
   1.6461093e-02
   1.6653037e-02
   1.6683051e-02
   1.6637286e-02
   1.6653852e-02
   1.6651564e-02
   1.6688226e-02
   1.6655427e-02
   1.6690324e-02
   1.6653925e-02
   1.6548187e-02
   1.6636223e-02
   1.6662255e-02
   1.6662400e-02
   1.6650057e-02
   1.6662493e-02
   1.6660383e-02
   1.6652113e-02
   1.6659582e-02
   1.6663121e-02
   1.6375690e-02
   1.6665441e-02
   1.6638513e-02
   1.6650784e-02
   1.6378718e-02
   1.6441583e-02
   1.6679723e-02
   1.6661867e-02
   1.6403237e-02
   1.6548182e-02
   1.6353757e-02
   1.6647775e-02
   1.6540085e-02
   1.6636900e-02
   1.6658343e-02
   1.6667677e-02
   1.6667905e-02
   1.6519397e-02
   1.6636937e-02
   1.6453961e-02
   1.6659995e-02
   1.6663576e-02
   1.6687004e-02
   1.6637022e-02
