   2.3570422e-02
   2.2849888e-02
   2.3117513e-02
   2.2820975e-02
   2.2848321e-02
   2.3346754e-02
   2.3837050e-02
   2.2812132e-02
   2.2707292e-02
   2.1502512e-02
   2.2822900e-02
   2.3853457e-02
   2.2760858e-02
   2.2622236e-02
   2.2478762e-02
   2.3347696e-02
   2.2974723e-02
   2.2866273e-02
   2.2636618e-02
   2.3203145e-02
   2.2859166e-02
   2.3116947e-02
   2.3429344e-02
   2.2891781e-02
   2.4328746e-02
   2.2573109e-02
   2.2724667e-02
   2.2938029e-02
   2.2811136e-02
   2.2547002e-02
   2.2763701e-02
   2.3845219e-02
   2.2817795e-02
   2.2419515e-02
   2.3533364e-02
   2.2470632e-02
   2.2423472e-02
   2.2411228e-02
   2.2555234e-02
   2.2822966e-02
   2.2814656e-02
   2.3289619e-02
   2.2708898e-02
   2.3790216e-02
   2.2816896e-02
   2.3092410e-02
   2.2396513e-02
   2.3201558e-02
   2.2502083e-02
   2.2816595e-02
   2.2942298e-02
   2.2329560e-02
   2.3199705e-02
   2.3019382e-02
   2.3858140e-02
   2.2847471e-02
   2.2843448e-02
   2.2914375e-02
   2.2795279e-02
   2.3415813e-02
   2.2826356e-02
   2.2986588e-02
   2.2819273e-02
   2.2801452e-02
   2.2737182e-02
   2.3624716e-02
   2.2999660e-02
   2.3376112e-02
   2.3017788e-02
   2.2842694e-02
   2.3091150e-02
   2.3137233e-02
   2.1694807e-02
   2.3292642e-02
   2.3581391e-02
   2.2557986e-02
   2.2778592e-02
   2.3626587e-02
   2.3108544e-02
   2.2706630e-02
   2.2777476e-02
   2.2435085e-02
   2.2446488e-02
   2.2591887e-02
   2.2811594e-02
   2.2731813e-02
   2.2853860e-02
   2.3711106e-02
   2.2683185e-02
   2.6382027e-02
   2.2803889e-02
   2.2831396e-02
   2.2741604e-02
   2.2751838e-02
   2.3737030e-02
   2.6315335e-02
   2.2499352e-02
   2.2853031e-02
   2.3551794e-02
   2.3849321e-02
   2.2487528e-02
   2.1847535e-02
   2.2578746e-02
   2.2629878e-02
   2.3478415e-02
   2.5569171e-02
   2.2803868e-02
   2.3207402e-02
   2.2470691e-02
   2.2824819e-02
   2.3779134e-02
   2.3124179e-02
   2.3882054e-02
   2.2750850e-02
   2.3940344e-02
   2.2661716e-02
   2.3570560e-02
   2.4198185e-02
   2.2778568e-02
   2.2905609e-02
   2.2634576e-02
   2.2819307e-02
   2.2827195e-02
   2.1576306e-02
   2.2806981e-02
   2.2825507e-02
   2.4457890e-02
   2.2768194e-02
   2.2562827e-02
   2.2499071e-02
   2.2986449e-02
   2.3643484e-02
   2.3907279e-02
   2.3282284e-02
   2.2600246e-02
   2.2766039e-02
   2.2733427e-02
   2.2904114e-02
   2.6164461e-02
   2.2492334e-02
   2.3660869e-02
   2.3096296e-02
   2.3943090e-02
   2.2805390e-02
   2.2659773e-02
   2.2842651e-02
   2.1561473e-02
   2.2883057e-02
   2.2799211e-02
   2.3788470e-02
   2.4021084e-02
   2.3542030e-02
   2.2811649e-02
   2.2819665e-02
   2.2684401e-02
   2.2919371e-02
   2.3296190e-02
   2.3312922e-02
   2.2644513e-02
   2.2781493e-02
   2.2880145e-02
   2.3376348e-02
   2.2268885e-02
   2.2521853e-02
   2.2994407e-02
   2.3391986e-02
   2.3691482e-02
   2.3200387e-02
   2.2551730e-02
   2.2981234e-02
   2.3802199e-02
   2.2435754e-02
   2.4777947e-02
   2.3868313e-02
   2.3679215e-02
   2.3056545e-02
   2.2820773e-02
   2.3053397e-02
   2.2670376e-02
   2.4997292e-02
   2.2847464e-02
   2.3314245e-02
   2.3120741e-02
   2.3539835e-02
   2.2699737e-02
   2.3345266e-02
   2.2482672e-02
   2.2011784e-02
   2.3663242e-02
   2.2580827e-02
   2.2827702e-02
   2.3044538e-02
   2.2683396e-02
   2.2765664e-02
   2.2636376e-02
   2.3529631e-02
   2.3071746e-02
   2.2759765e-02
   2.3049617e-02
   2.3532414e-02
   2.2838420e-02
   2.2080266e-02
   2.3174548e-02
   2.3347674e-02
   2.2780372e-02
   2.2743861e-02
   2.2588504e-02
   2.2815160e-02
   2.1867516e-02
   2.2560966e-02
   2.5419989e-02
   2.3267185e-02
   2.3379603e-02
   2.3088185e-02
   2.3560442e-02
   2.3680385e-02
   2.3130535e-02
   2.2809924e-02
   2.3829032e-02
   2.3008569e-02
   2.2821658e-02
   2.2993859e-02
   2.2499002e-02
   2.3459135e-02
   2.2531927e-02
   2.2408347e-02
   2.5444515e-02
   2.3740045e-02
   2.3866344e-02
   2.3579602e-02
   2.1681484e-02
   2.3923423e-02
   2.2600402e-02
   2.3903979e-02
   2.2654019e-02
   2.2733541e-02
   2.2712468e-02
   2.2590472e-02
   2.2598205e-02
   2.3844912e-02
   2.2800679e-02
   2.2855614e-02
   2.2905408e-02
   2.2882782e-02
   2.2982193e-02
   2.2888623e-02
   2.1800129e-02
   2.4539908e-02
   2.3737081e-02
   2.3040611e-02
   2.2813825e-02
   2.2674598e-02
   2.3023432e-02
   2.2821795e-02
   2.2860816e-02
   2.3439903e-02
   2.2562738e-02
   2.2748585e-02
   2.2814876e-02
   2.3287237e-02
   2.2960472e-02
   2.2793781e-02
   2.3914834e-02
   2.3368082e-02
   2.3632286e-02
   2.2746464e-02
   2.3696389e-02
   2.3655392e-02
   2.2821601e-02
   2.2595802e-02
   2.3903716e-02
   2.2285276e-02
   2.2293662e-02
   2.4896357e-02
   2.3239504e-02
   2.2783937e-02
   2.3220153e-02
   2.4659553e-02
   2.2517501e-02
   2.3209930e-02
   2.2764514e-02
   2.2821915e-02
   2.2550548e-02
   2.3467978e-02
   2.3511096e-02
   2.2450146e-02
   2.3719647e-02
   2.3136156e-02
   2.2387343e-02
   2.2440614e-02
   2.2489413e-02
   2.2711437e-02
   2.2653963e-02
   2.3816367e-02
   2.2809839e-02
   2.2628216e-02
   2.3309562e-02
   2.2433158e-02
   2.3598540e-02
   2.2845904e-02
