   9.1350986e-03
   9.7592337e-03
   9.9735762e-03
   9.1706286e-03
   9.2174873e-03
   9.0737913e-03
   9.2692904e-03
   8.8663887e-03
   8.9389712e-03
   9.1784543e-03
   9.9712441e-03
   9.2512037e-03
   9.1817247e-03
   9.6902562e-03
   9.3833858e-03
   9.3299144e-03
   9.1580510e-03
   8.8831146e-03
   9.6919982e-03
   9.1487115e-03
   9.4781474e-03
   8.9673579e-03
   9.7734702e-03
   9.3507825e-03
   9.6790381e-03
   9.2984406e-03
   9.8004084e-03
   9.3736796e-03
   9.5677795e-03
   9.7229825e-03
   8.9097002e-03
   8.9991574e-03
   8.8780236e-03
   8.7771252e-03
   9.5457335e-03
   9.9564041e-03
   8.8732122e-03
   9.1936328e-03
   9.9146859e-03
   8.8602812e-03
   9.3706612e-03
   8.8203834e-03
   9.6070122e-03
   9.8131094e-03
   8.7857156e-03
   8.9137064e-03
   8.7821745e-03
   9.0913404e-03
   8.9286811e-03
   9.0435156e-03
   9.9629125e-03
   8.9109399e-03
   9.0768863e-03
   9.2075576e-03
   9.6905561e-03
   9.7120874e-03
   9.5734884e-03
   9.4007194e-03
   9.6479971e-03
   8.7996214e-03
   9.0947751e-03
   9.9752353e-03
   9.8982038e-03
   9.9560855e-03
   9.2352615e-03
   9.4689984e-03
   9.9648639e-03
   8.9086828e-03
   9.1559659e-03
   9.1433029e-03
   8.9301533e-03
   9.4017504e-03
   9.7036658e-03
   9.5099054e-03
   9.2716398e-03
   8.8578429e-03
   9.0711780e-03
   9.0449000e-03
   9.8379484e-03
   9.2958114e-03
   8.9871609e-03
   8.8447862e-03
   9.6220227e-03
   9.7171441e-03
   9.6780858e-03
   8.9833443e-03
   8.9727420e-03
   8.9322481e-03
   8.9345983e-03
   9.6136400e-03
   8.9813740e-03
   9.9653983e-03
   9.3835206e-03
   8.9758971e-03
   9.9704594e-03
   9.5813905e-03
   9.0176656e-03
   9.5432302e-03
   9.0813911e-03
   9.8713567e-03
   9.7435203e-03
   9.8007033e-03
   9.0727254e-03
   9.9200717e-03
   8.9006618e-03
   9.4500510e-03
   9.9228663e-03
   8.8701578e-03
   9.5077767e-03
   8.8940275e-03
   9.7010072e-03
   9.5464128e-03
   9.4668591e-03
   9.0226643e-03
   9.2909991e-03
   9.1272420e-03
   9.3762595e-03
   9.3254781e-03
   9.6345515e-03
   9.8372285e-03
   8.7941478e-03
   9.5587886e-03
   8.8348827e-03
   9.1304905e-03
   9.8971443e-03
   9.1348092e-03
   9.4294082e-03
   9.0389338e-03
   9.5910067e-03
   8.9810797e-03
   9.6685917e-03
   9.6791255e-03
   8.9245429e-03
   9.7979193e-03
   9.2268441e-03
   8.7857116e-03
   9.4918552e-03
   8.8967503e-03
   8.8058553e-03
   9.5047043e-03
   9.5174206e-03
   9.0434520e-03
   9.8531623e-03
   9.1591805e-03
   8.8321408e-03
   9.6772206e-03
   8.9417695e-03
   9.0230720e-03
   9.5200557e-03
   8.8867519e-03
   9.9137070e-03
   9.2333005e-03
   9.0746374e-03
   9.2445595e-03
   8.8846345e-03
   8.9784452e-03
   9.6440169e-03
   9.6405624e-03
   9.0870522e-03
   9.1024543e-03
   9.4545997e-03
   9.0174111e-03
   8.8654493e-03
   9.2590112e-03
   9.9378291e-03
   9.6967344e-03
   8.7860806e-03
   9.9648333e-03
   9.7258621e-03
   9.6173379e-03
   8.8054118e-03
   9.0243225e-03
   9.2339227e-03
   9.6463584e-03
   9.2266318e-03
   9.6925570e-03
   9.2397846e-03
   9.0781023e-03
   8.9857138e-03
   9.7645497e-03
   9.3203009e-03
   9.4282431e-03
   8.9212612e-03
   9.0565957e-03
   9.1501196e-03
   8.9150995e-03
   9.6445229e-03
   9.4498162e-03
   9.3289291e-03
   8.9964869e-03
   9.5216379e-03
   8.9405628e-03
   9.2745015e-03
   8.9588336e-03
   9.9691256e-03
   8.9749139e-03
   8.7884744e-03
   8.8960193e-03
   9.8163725e-03
   9.3318590e-03
   9.0737621e-03
   8.9647405e-03
   8.8740824e-03
   9.9771180e-03
   9.8373487e-03
   9.0190801e-03
   8.8930009e-03
   9.3711277e-03
   9.7956243e-03
   9.4377297e-03
   9.5752640e-03
   9.1824611e-03
   9.6794043e-03
   9.0146775e-03
   9.1573269e-03
   8.8107782e-03
   9.7409945e-03
   9.5194442e-03
   9.1205815e-03
   8.9616931e-03
   9.6833679e-03
   9.9722659e-03
   9.5001552e-03
   9.1817430e-03
   9.0189757e-03
   8.8154092e-03
   9.4902630e-03
   9.6834242e-03
   9.9613051e-03
   8.8640287e-03
   9.5553908e-03
   9.3077640e-03
   8.8727206e-03
   9.3905572e-03
   9.5895415e-03
   9.3426165e-03
   8.8925680e-03
   9.3170486e-03
   9.2565441e-03
   8.7803075e-03
   9.2005092e-03
   8.8034607e-03
   8.8034469e-03
   9.9666369e-03
   9.4797337e-03
   9.3376770e-03
   8.7842613e-03
   9.7614840e-03
   9.4078436e-03
   9.4234028e-03
   9.9114304e-03
   9.9720767e-03
   9.5979805e-03
   8.9835236e-03
   9.7098807e-03
   9.9765389e-03
   9.2619033e-03
   9.8719373e-03
   9.1822326e-03
   9.8171479e-03
   9.4798532e-03
   8.9437136e-03
   9.6695434e-03
   9.2002847e-03
   8.9856164e-03
   8.8478269e-03
   9.9240576e-03
   9.2440591e-03
   9.7483067e-03
   9.7248750e-03
   9.1928474e-03
   9.1517125e-03
   8.8733925e-03
   8.7850298e-03
   8.8137301e-03
   9.5873580e-03
   9.3331639e-03
   9.7386675e-03
   9.5040003e-03
   9.0121809e-03
   9.0786947e-03
   8.8642881e-03
   9.8469772e-03
   9.5000225e-03
   8.9300058e-03
   8.9709090e-03
   9.3396954e-03
   9.1823167e-03
   9.9341840e-03
   9.2160012e-03
   8.8524724e-03
   9.9521077e-03
   9.1367914e-03
   9.1615878e-03
   9.5784191e-03
   9.9604633e-03
   8.7796822e-03
   9.0205918e-03
   9.6206248e-03
   9.4261586e-03
