   3.1592847e-02
   3.3080998e-02
   3.2065012e-02
   3.3196293e-02
   3.6260215e-02
   3.1128962e-02
   3.1376268e-02
   3.6913003e-02
   3.4074445e-02
   3.3799262e-02
   3.3812727e-02
   3.2721578e-02
   3.4547841e-02
   3.1155852e-02
   3.2285712e-02
   3.4426778e-02
   3.4440882e-02
   3.5349539e-02
   3.3329968e-02
   3.2285647e-02
   3.5368924e-02
   3.4875793e-02
   3.6947638e-02
   3.3951900e-02
   3.2129230e-02
   3.2554887e-02
   3.3438032e-02
   3.5254572e-02
   3.5543181e-02
   3.6053142e-02
   3.3597054e-02
   3.0955962e-02
   3.0826078e-02
   3.1562790e-02
   3.3417655e-02
   3.1125083e-02
   3.3868376e-02
   3.5388777e-02
   3.2517368e-02
   3.5187222e-02
   3.3006899e-02
   3.5404401e-02
   3.0493025e-02
   3.5418592e-02
   3.4374349e-02
   3.1554353e-02
   3.7253767e-02
   3.2712345e-02
   3.5269737e-02
   3.2981408e-02
   3.1764730e-02
   3.6292642e-02
   3.1643322e-02
   3.5104402e-02
   3.1987066e-02
   3.6998046e-02
   3.4765545e-02
   3.1020020e-02
   3.5142957e-02
   3.2831973e-02
   3.4646137e-02
   3.5054121e-02
   3.4673829e-02
   3.2036242e-02
   3.5128550e-02
   3.6040149e-02
   3.2170977e-02
   3.4467850e-02
   3.5650722e-02
   3.0388482e-02
   3.3248367e-02
   3.2884871e-02
   3.0220121e-02
   3.4170571e-02
   3.5050251e-02
   3.5165904e-02
   3.4533763e-02
   3.5789866e-02
   3.1561860e-02
   3.0800563e-02
   3.0587682e-02
   3.5755167e-02
   3.2453328e-02
   3.5879107e-02
   3.6334521e-02
   3.6259129e-02
   3.2621961e-02
   3.2058533e-02
   3.1212955e-02
   3.3050378e-02
   3.0327616e-02
   3.5564085e-02
   3.1658325e-02
   3.2492278e-02
   3.5734243e-02
   3.2951680e-02
   3.6021602e-02
   3.6471092e-02
   3.5612074e-02
   3.4507529e-02
   3.2786397e-02
   3.5960759e-02
   3.4016489e-02
   3.4491272e-02
   3.0809553e-02
   3.5633310e-02
   3.1237136e-02
   3.1344069e-02
   3.7553811e-02
   3.2040573e-02
   3.6259020e-02
   3.4409855e-02
   3.1127943e-02
   3.3552191e-02
   3.1871358e-02
   3.1409173e-02
   3.1414848e-02
   3.5926993e-02
   3.3493257e-02
   3.7294927e-02
   3.2550815e-02
   3.4953922e-02
   3.0959777e-02
   3.3059137e-02
   3.7246067e-02
   3.0579840e-02
   2.9931247e-02
   3.4078997e-02
   3.5292117e-02
   3.1927837e-02
   3.7672819e-02
   3.3852748e-02
   3.5610984e-02
   3.1349937e-02
   3.5645087e-02
   3.3121013e-02
   3.3973508e-02
   3.2451276e-02
   3.2650727e-02
   3.2305997e-02
   3.0607575e-02
   3.0162521e-02
   3.3662213e-02
   3.5933082e-02
   3.5881449e-02
   3.1991243e-02
   3.2829296e-02
   3.4816059e-02
   3.3992507e-02
   3.2423397e-02
   3.3789333e-02
   3.4246132e-02
   3.4043170e-02
   3.1739014e-02
   3.4924719e-02
   3.5809990e-02
   3.1424989e-02
   3.4623491e-02
   3.4888131e-02
   3.5649516e-02
   3.5804619e-02
   3.0821352e-02
   3.1256783e-02
   3.2888286e-02
   3.3339315e-02
   3.2816018e-02
   3.6294408e-02
   3.2086162e-02
   3.6160092e-02
   3.4247395e-02
   3.6406797e-02
   3.4306801e-02
   3.0850670e-02
   3.2729367e-02
   3.3463003e-02
   3.6016484e-02
   3.3758536e-02
   3.0694497e-02
   3.5524069e-02
   3.2373254e-02
   3.2498487e-02
   3.4318344e-02
   3.3681692e-02
   3.5191746e-02
   3.4207426e-02
   3.0952595e-02
   3.3224873e-02
   3.1485350e-02
   3.4250715e-02
   3.4184191e-02
   3.3655962e-02
   3.6204915e-02
   3.3993595e-02
   3.1854166e-02
   3.3089918e-02
   3.3233739e-02
   3.3104997e-02
   3.3864615e-02
   3.6478188e-02
   3.5306133e-02
   3.4670655e-02
   3.2123851e-02
   3.5309030e-02
   3.1276808e-02
   3.1661679e-02
   3.1586363e-02
   3.1839253e-02
   3.5474138e-02
   3.5101237e-02
   3.1761464e-02
   3.4589336e-02
   3.5007000e-02
   3.4073543e-02
   3.2777859e-02
   3.2441636e-02
   3.1320671e-02
   3.5648366e-02
   3.5295576e-02
   3.2507946e-02
   3.7362491e-02
   3.1307879e-02
   3.5665700e-02
   3.1480128e-02
   3.1575733e-02
   3.2618428e-02
   3.4144522e-02
   3.3634164e-02
   3.3250832e-02
   3.1122025e-02
   3.4757550e-02
   3.1974072e-02
   3.0598381e-02
   3.7282836e-02
   3.3075163e-02
   3.5918835e-02
   3.2778822e-02
   3.2912343e-02
   3.1899071e-02
   3.6834227e-02
   3.2691576e-02
   3.0954289e-02
   3.2084860e-02
   3.4367970e-02
   3.6713348e-02
   3.2113204e-02
   3.2263750e-02
   3.4829015e-02
   3.5151959e-02
   3.4496435e-02
   3.4424788e-02
   3.2373633e-02
   3.2085268e-02
   3.1460925e-02
   3.3462722e-02
   3.2818582e-02
   3.0498137e-02
   3.3406664e-02
   3.0285724e-02
   3.5665477e-02
   3.6169970e-02
   3.4103290e-02
   3.6694962e-02
   3.2487158e-02
   3.2468244e-02
   3.5110807e-02
   3.4042803e-02
   3.5425040e-02
   3.1886481e-02
   3.1818698e-02
   3.4072351e-02
   3.0479684e-02
   3.7975582e-02
   3.5193283e-02
   3.3087896e-02
   3.3202987e-02
   3.6401256e-02
   3.5204524e-02
   3.3317951e-02
   3.0862424e-02
   3.5019286e-02
   3.3137771e-02
   3.6109850e-02
   3.5376257e-02
   3.1462744e-02
   3.5794922e-02
   3.2155154e-02
   3.2233256e-02
   3.1452763e-02
   3.7389544e-02
   3.7302131e-02
   3.5982659e-02
   3.2762965e-02
   3.4086721e-02
   3.3912875e-02
   3.3252023e-02
   3.3248300e-02
   3.5672606e-02
   3.1665593e-02
   3.1622302e-02
   3.1752152e-02
