   2.0594089e-01
   2.1169834e-01
   1.9980976e-01
   2.0044483e-01
   2.0208932e-01
   2.0981528e-01
   1.9635677e-01
   2.0880374e-01
   2.0941711e-01
   2.0220044e-01
   2.0686587e-01
   2.0806628e-01
   2.0823093e-01
   1.9855777e-01
   2.0900690e-01
   2.0302517e-01
   1.9803008e-01
   1.9996715e-01
   2.0838816e-01
   2.0390968e-01
   2.0100989e-01
   2.0777978e-01
   2.0980165e-01
   2.0070325e-01
   2.0073133e-01
   2.0808387e-01
   2.0553046e-01
   2.0817337e-01
   2.0548279e-01
   1.9909186e-01
   2.0968864e-01
   2.1326123e-01
   2.0019206e-01
   2.0850202e-01
   2.0986752e-01
   2.0954466e-01
   1.9978155e-01
   1.9791301e-01
   2.0935220e-01
   1.9979551e-01
   2.0841255e-01
   1.9848802e-01
   2.0918188e-01
   2.0431908e-01
   1.9768161e-01
   1.9898033e-01
   2.0902189e-01
   2.0790561e-01
   1.9799458e-01
   1.9781303e-01
   2.0710011e-01
   2.0607067e-01
   2.0605822e-01
   2.0511278e-01
   2.0870573e-01
   1.9774162e-01
   2.0845756e-01
   2.0115991e-01
   2.1091978e-01
   2.0024930e-01
   2.0943562e-01
   2.0638936e-01
   2.0601183e-01
   2.0619925e-01
   2.0761587e-01
   2.0058226e-01
   2.0850515e-01
   2.0869373e-01
   2.0168526e-01
   2.0836473e-01
   2.0750133e-01
   2.0125701e-01
   2.0103435e-01
   1.9886650e-01
   1.9815051e-01
   2.0012449e-01
   2.0570685e-01
   2.0687447e-01
   2.1059712e-01
   1.9905582e-01
   1.9949021e-01
   2.0153089e-01
   2.1109774e-01
   2.0107720e-01
   2.0090702e-01
   1.9936504e-01
   1.9929923e-01
   2.1068806e-01
   2.1246385e-01
   1.9996098e-01
   2.0035906e-01
   2.0739508e-01
   1.9961360e-01
   2.1300406e-01
   1.9838529e-01
   1.9702721e-01
   2.0003816e-01
   2.0754057e-01
   2.0892321e-01
   1.9901601e-01
   2.0824665e-01
   2.0940758e-01
   2.0962609e-01
   1.9999847e-01
   2.0411599e-01
   2.1273802e-01
   2.0951457e-01
   2.0541147e-01
   2.0994041e-01
   2.0062234e-01
   2.0314387e-01
   2.0120892e-01
   1.9996855e-01
   2.0102298e-01
   2.0995877e-01
   2.0666234e-01
   2.0407929e-01
   1.9992121e-01
   2.1040700e-01
   2.0776355e-01
   1.9925483e-01
   2.1260131e-01
   2.1082248e-01
   2.0031017e-01
   2.0086759e-01
   2.0829669e-01
   2.0036113e-01
   2.1020683e-01
   2.0723174e-01
   2.0074886e-01
   1.9952784e-01
   2.0870416e-01
   2.0953152e-01
   2.0962210e-01
   2.0854395e-01
   2.0756232e-01
   2.0962684e-01
   2.0097932e-01
   2.0942711e-01
   2.1252663e-01
   2.0570522e-01
   1.9991930e-01
   2.0953680e-01
   2.1027058e-01
   2.0378979e-01
   1.9763469e-01
   2.1000751e-01
   2.0025125e-01
   2.0794840e-01
   2.1202937e-01
   2.0656764e-01
   2.0649334e-01
   2.0834258e-01
   1.9833150e-01
   1.9943141e-01
   2.0979007e-01
   2.1306328e-01
   2.1055042e-01
   1.9954524e-01
   2.0327713e-01
   2.0996602e-01
   2.0733407e-01
   2.1211350e-01
   2.0548314e-01
   2.0068374e-01
   2.1190569e-01
   1.9649056e-01
   2.0698502e-01
   2.0773207e-01
   2.0530370e-01
   2.0374463e-01
   2.0961912e-01
   2.0052071e-01
   2.0207591e-01
   2.0761646e-01
   2.0683105e-01
   2.1102204e-01
   2.0076691e-01
   1.9969327e-01
   2.0723676e-01
   1.9796247e-01
   2.0020207e-01
   2.0648215e-01
   2.0182938e-01
   1.9650016e-01
   1.9983929e-01
   2.0069678e-01
   2.1019119e-01
   1.9949183e-01
   2.0257301e-01
   2.0547158e-01
   2.0834477e-01
   2.1036717e-01
   1.9802640e-01
   2.0190483e-01
   2.0230995e-01
   1.9998739e-01
   2.0417617e-01
   1.9833786e-01
   2.0575575e-01
   1.9774525e-01
   2.0445471e-01
   2.0266678e-01
   2.0524405e-01
   2.0457036e-01
   2.0743744e-01
   2.0031320e-01
   2.1213634e-01
   2.0202091e-01
   2.0905561e-01
   1.9837071e-01
   2.0168901e-01
   1.9942401e-01
   2.0052274e-01
   2.0582774e-01
   2.0853140e-01
   2.0901803e-01
   1.9934001e-01
   2.0490260e-01
   2.0595314e-01
   2.0083987e-01
   2.1141701e-01
   2.1256368e-01
   2.0687160e-01
   1.9895389e-01
   2.1011331e-01
   2.0651791e-01
   1.9925505e-01
   2.0982600e-01
   2.0708834e-01
   1.9898379e-01
   2.0340961e-01
   2.1260768e-01
   2.0792903e-01
   2.0182128e-01
   2.1021576e-01
   2.0935366e-01
   2.1250416e-01
   1.9988626e-01
   2.0881709e-01
   2.0657470e-01
   2.0091320e-01
   2.0998007e-01
   1.9929305e-01
   2.0029570e-01
   1.9998674e-01
   2.0146306e-01
   2.0929960e-01
   2.0732951e-01
   2.0797215e-01
   2.0513711e-01
   2.1100102e-01
   1.9884156e-01
   2.0641771e-01
   2.0759565e-01
   2.1334545e-01
   2.1333585e-01
   2.1188484e-01
   2.0220052e-01
   2.0151123e-01
   2.0349848e-01
   2.0170946e-01
   2.0502320e-01
   2.1137801e-01
   1.9972321e-01
   2.0172793e-01
   1.9933427e-01
   2.0684784e-01
   2.1130380e-01
   2.0789943e-01
   1.9964270e-01
   2.0816660e-01
   2.0672564e-01
   2.0826070e-01
   2.0784777e-01
   2.0697837e-01
   2.0015593e-01
   2.0938548e-01
   2.0590807e-01
   2.0004111e-01
   2.0744238e-01
   2.1157543e-01
   2.0387562e-01
   2.1145269e-01
   2.1263435e-01
   1.9944104e-01
   2.1073239e-01
   2.0067098e-01
   2.1143640e-01
   1.9875436e-01
   1.9666521e-01
   2.0967264e-01
   2.0993716e-01
   1.9964069e-01
   1.9797320e-01
   1.9577772e-01
   1.9834583e-01
   2.0551264e-01
   2.0807808e-01
   2.0265312e-01
