   1.9189534e-01
   2.0369335e-01
   2.0291654e-01
   1.9212240e-01
   1.9374888e-01
   2.0013721e-01
   1.9276825e-01
   1.9203129e-01
   1.9025767e-01
   1.8568929e-01
   2.0271905e-01
   1.9173352e-01
   1.9072676e-01
   1.8614333e-01
   2.0306938e-01
   1.9214824e-01
   1.9175251e-01
   1.9112569e-01
   1.9203877e-01
   1.9343951e-01
   1.8747610e-01
   1.9203208e-01
   1.9195219e-01
   1.9346180e-01
   1.8802405e-01
   1.8958605e-01
   1.9297529e-01
   1.9289681e-01
   2.0336710e-01
   1.8866461e-01
   1.9048341e-01
   1.9172050e-01
   1.9253916e-01
   1.9673031e-01
   1.9222805e-01
   1.9181093e-01
   1.8219928e-01
   1.9174642e-01
   1.9715358e-01
   1.9963275e-01
   1.8922570e-01
   1.9182421e-01
   1.9216539e-01
   2.0331198e-01
   1.8705342e-01
   1.9182770e-01
   1.9257041e-01
   1.9618960e-01
   1.8753354e-01
   2.0293832e-01
   1.8834168e-01
   1.8794045e-01
   1.9084498e-01
   1.9570733e-01
   1.9420800e-01
   2.0055518e-01
   1.8936329e-01
   2.0226844e-01
   1.9648442e-01
   1.8779540e-01
   2.0396356e-01
   1.9215455e-01
   1.8577509e-01
   1.9383275e-01
   1.9969552e-01
   1.9176820e-01
   1.9253253e-01
   1.9941709e-01
   1.8452077e-01
   1.9080748e-01
   1.8870425e-01
   1.9203140e-01
   1.9173497e-01
   2.0137663e-01
   1.9786004e-01
   1.8375090e-01
   1.9207564e-01
   1.9383549e-01
   2.0220076e-01
   1.9289771e-01
   1.9980764e-01
   1.9174978e-01
   2.0389514e-01
   1.9145987e-01
   1.9202739e-01
   1.9263097e-01
   1.8504512e-01
   1.9060544e-01
   1.9646595e-01
   1.8424611e-01
   1.9747928e-01
   1.9023276e-01
   2.0204496e-01
   1.9255241e-01
   1.9991125e-01
   1.8435600e-01
   1.9481701e-01
   1.8589306e-01
   1.9152244e-01
   2.0308637e-01
   1.9280161e-01
   1.9248145e-01
   1.9096957e-01
   1.9092093e-01
   1.9305300e-01
   1.9607818e-01
   2.0067237e-01
   1.9697031e-01
   1.9228021e-01
   2.0391281e-01
   1.9137348e-01
   2.0269839e-01
   2.0256596e-01
   1.9797935e-01
   1.9749966e-01
   1.8926932e-01
   1.8367079e-01
   1.8223007e-01
   1.9248936e-01
   1.9682420e-01
   1.9647116e-01
   1.9382319e-01
   1.9179868e-01
   1.9298140e-01
   2.0110435e-01
   1.8757315e-01
   1.9208383e-01
   1.9298098e-01
   1.9209789e-01
   1.9661296e-01
   1.9523698e-01
   2.0293434e-01
   1.9103076e-01
   1.9121785e-01
   1.8626101e-01
   1.9295719e-01
   1.9254116e-01
   1.8804441e-01
   1.9215452e-01
   1.8907267e-01
   1.8993126e-01
   1.8390892e-01
   1.8865957e-01
   1.8421653e-01
   2.0110306e-01
   1.9464764e-01
   1.9561257e-01
   1.9300448e-01
   1.9159566e-01
   1.8679800e-01
   1.9181509e-01
   1.8443655e-01
   1.9140522e-01
   1.9816971e-01
   1.9180899e-01
   1.9172429e-01
   1.9570130e-01
   1.9194333e-01
   2.0263697e-01
   1.9208442e-01
   2.0227862e-01
   1.8774472e-01
   1.8248568e-01
   1.9224007e-01
   1.8533787e-01
   1.9407971e-01
   2.0284946e-01
   2.0190164e-01
   1.9349231e-01
   1.9228436e-01
   1.8892163e-01
   2.0317002e-01
   1.8825559e-01
   1.9366950e-01
   2.0308722e-01
   1.8479955e-01
   1.9170679e-01
   1.9172227e-01
   1.8439649e-01
   1.9811853e-01
   1.8659628e-01
   1.8750518e-01
   1.9122376e-01
   1.9178190e-01
   1.9792219e-01
   1.9158487e-01
   1.9216170e-01
   1.9580241e-01
   1.8218237e-01
   1.9214520e-01
   2.0387147e-01
   1.9193896e-01
   1.9209649e-01
   1.9137037e-01
   1.9291182e-01
   1.9187769e-01
   2.0370762e-01
   1.8463019e-01
   1.8224499e-01
   1.9094836e-01
   1.8588736e-01
   1.8911109e-01
   1.9126207e-01
   1.9327334e-01
   1.9138726e-01
   2.0341222e-01
   1.9273622e-01
   1.8847883e-01
   1.9097376e-01
   1.8940582e-01
   1.9954135e-01
   2.0382669e-01
   1.8770945e-01
   1.9174380e-01
   1.9802215e-01
   1.9191062e-01
   1.8442264e-01
   1.9169449e-01
   1.9872154e-01
   1.9303574e-01
   1.9083483e-01
   2.0393757e-01
   1.9281097e-01
   1.9174624e-01
   1.9187640e-01
   1.9391737e-01
   2.0034310e-01
   1.8671733e-01
   1.8571227e-01
   1.9196881e-01
   1.8741403e-01
   2.0387268e-01
   1.8772015e-01
   1.9147252e-01
   2.0324437e-01
   1.9300003e-01
   1.9213745e-01
   2.0259574e-01
   1.9295664e-01
   1.9260425e-01
   1.9172479e-01
   1.8958238e-01
   1.9418518e-01
   1.8973866e-01
   1.8951010e-01
   2.0373177e-01
   1.8580915e-01
   1.9256927e-01
   1.9329085e-01
   1.9534666e-01
   2.0216951e-01
   1.8349847e-01
   1.8955406e-01
   1.9726394e-01
   1.9044258e-01
   1.9180489e-01
   1.9271054e-01
   1.9291300e-01
   2.0241494e-01
   2.0228593e-01
   1.9114403e-01
   1.9242368e-01
   1.9085140e-01
   1.9225976e-01
   1.9253533e-01
   2.0387121e-01
   1.8321402e-01
   1.9341987e-01
   2.0297094e-01
   1.9426813e-01
   1.9088806e-01
   1.9172812e-01
   1.9169254e-01
   1.9330313e-01
   2.0274279e-01
   1.8711703e-01
   1.9472607e-01
   1.9365025e-01
   1.9365098e-01
   1.9241986e-01
   1.9297545e-01
   1.9487299e-01
   1.9624872e-01
   1.9949718e-01
   1.9203673e-01
   1.8728135e-01
   1.8668332e-01
   1.9267190e-01
   1.9301373e-01
   1.9234417e-01
   1.9253973e-01
   1.8731604e-01
   1.8224558e-01
   1.8473701e-01
   2.0331102e-01
   1.8845850e-01
   1.8674884e-01
   1.9269386e-01
   1.9278045e-01
   1.9845641e-01
