   2.2226037e-02
   2.1741842e-02
   2.1734069e-02
   2.2911384e-02
   1.9897044e-02
   2.2195514e-02
   2.0451264e-02
   2.0026895e-02
   2.0821237e-02
   2.1968351e-02
   2.2202663e-02
   1.9636027e-02
   2.1533002e-02
   2.1167344e-02
   1.9724680e-02
   2.0118849e-02
   2.2842010e-02
   2.1294742e-02
   2.3721910e-02
   1.9706032e-02
   2.0457285e-02
   2.3900319e-02
   2.4735632e-02
   2.1919946e-02
   2.3610849e-02
   2.0102069e-02
   2.3680117e-02
   2.4484270e-02
   2.4220906e-02
   2.1702996e-02
   2.4148840e-02
   2.0952307e-02
   2.2961877e-02
   2.3571924e-02
   2.3904110e-02
   1.9515606e-02
   2.1168947e-02
   1.9487880e-02
   2.0405856e-02
   1.9593816e-02
   2.3636416e-02
   2.2011428e-02
   2.2728630e-02
   2.1874329e-02
   2.3448409e-02
   2.5034695e-02
   2.3694390e-02
   2.1907587e-02
   2.1149381e-02
   2.0254329e-02
   2.4065553e-02
   2.3009068e-02
   2.2850654e-02
   2.2796759e-02
   2.2671358e-02
   2.4271159e-02
   2.1133651e-02
   1.9408478e-02
   2.0639528e-02
   2.0859904e-02
   2.1708999e-02
   2.1141538e-02
   1.9751213e-02
   2.0967630e-02
   2.4212510e-02
   2.1296665e-02
   2.1414067e-02
   2.1654168e-02
   2.1017445e-02
   2.1976479e-02
   2.0516383e-02
   2.0201219e-02
   2.3378764e-02
   2.1310893e-02
   1.9730341e-02
   1.9920419e-02
   2.1789642e-02
   2.3085381e-02
   2.3461740e-02
   2.1894225e-02
   2.2954982e-02
   2.1927028e-02
   2.2202340e-02
   1.9837107e-02
   2.3546308e-02
   2.3912510e-02
   2.1369657e-02
   2.1867320e-02
   2.0489139e-02
   1.9816303e-02
   1.9506564e-02
   1.9775278e-02
   2.3088084e-02
   2.0104510e-02
   2.2357779e-02
   2.4739593e-02
   2.1710063e-02
   1.9828253e-02
   2.1009320e-02
   2.4353346e-02
   2.4678373e-02
   2.2121987e-02
   2.2180226e-02
   2.4270063e-02
   2.4774976e-02
   2.3588885e-02
   2.2569306e-02
   2.4120073e-02
   1.9801632e-02
   1.9434493e-02
   2.0221670e-02
   2.0487353e-02
   2.0074981e-02
   2.2519097e-02
   2.3806811e-02
   2.3356453e-02
   2.3304385e-02
   1.9905802e-02
   2.3790096e-02
   2.2145924e-02
   2.2574073e-02
   2.4698282e-02
   1.9981604e-02
   2.1557966e-02
   2.2276301e-02
   2.1369356e-02
   2.1880202e-02
   2.2898730e-02
   2.3533132e-02
   1.9699559e-02
   2.1184646e-02
   2.4113863e-02
   2.1495928e-02
   2.2634060e-02
   2.0807453e-02
   2.2348637e-02
   2.0264884e-02
   2.3342223e-02
   1.9416656e-02
   2.0902072e-02
   1.9918116e-02
   2.1197177e-02
   2.4644755e-02
   2.1848110e-02
   2.1264999e-02
   2.2255758e-02
   2.0105403e-02
   2.4861675e-02
   2.0849392e-02
   2.4207688e-02
   2.0535089e-02
   2.0907810e-02
   1.9406943e-02
   2.0254416e-02
   2.1510564e-02
   2.3750339e-02
   1.9604919e-02
   2.1893322e-02
   2.1321861e-02
   2.4006241e-02
   2.2607746e-02
   2.1789902e-02
   2.3964421e-02
   2.3108409e-02
   2.0274155e-02
   2.0075675e-02
   1.9907942e-02
   2.5048496e-02
   2.1975146e-02
   1.9931650e-02
   2.2142333e-02
   2.4246634e-02
   2.2484417e-02
   2.2981536e-02
   2.1684634e-02
   2.1740999e-02
   2.4109835e-02
   2.2950596e-02
   2.3963618e-02
   1.9797625e-02
   2.1425511e-02
   1.9829302e-02
   2.3150134e-02
   2.2452275e-02
   2.0653180e-02
   2.3093759e-02
   2.0992129e-02
   1.9648701e-02
   1.9790703e-02
   2.2872493e-02
   2.1460020e-02
   1.9763391e-02
   2.4929757e-02
   2.3453879e-02
   2.2332732e-02
   2.2822327e-02
   2.0887158e-02
   2.0243542e-02
   1.9594198e-02
   2.3662596e-02
   2.0866821e-02
   1.9795085e-02
   2.4696596e-02
   2.4598115e-02
   2.0778001e-02
   2.1246315e-02
   2.3588804e-02
   2.0002836e-02
   2.0242892e-02
   2.2584984e-02
   2.0472076e-02
   2.3826521e-02
   2.0567259e-02
   2.4608142e-02
   2.3342336e-02
   2.1673898e-02
   2.3584931e-02
   2.3365778e-02
   2.1254030e-02
   2.4460707e-02
   2.3253088e-02
   2.3044664e-02
   2.0786792e-02
   2.1065182e-02
   2.1379047e-02
   1.9533400e-02
   2.0082538e-02
   2.0992339e-02
   2.0303298e-02
   1.9592511e-02
   2.4270323e-02
   2.3856944e-02
   2.3091283e-02
   2.0833405e-02
   1.9788301e-02
   2.3603219e-02
   2.2038626e-02
   2.0570573e-02
   2.3476275e-02
   2.1430766e-02
   2.5114480e-02
   2.2048473e-02
   2.3440122e-02
   2.2304479e-02
   2.4255414e-02
   2.3225365e-02
   2.3021337e-02
   2.1587766e-02
   2.0168694e-02
   2.1089157e-02
   2.3833818e-02
   2.2739252e-02
   2.0428786e-02
   2.0897553e-02
   2.1429875e-02
   2.3483302e-02
   2.3358373e-02
   2.2801704e-02
   2.0589829e-02
   1.9556910e-02
   2.1661877e-02
   2.4263536e-02
   2.3356467e-02
   2.2865460e-02
   2.1180199e-02
   1.9843765e-02
   2.1226991e-02
   2.2961410e-02
   2.0171663e-02
   2.4960094e-02
   2.4207961e-02
   1.9707038e-02
   2.1101332e-02
   1.9604030e-02
   2.0172285e-02
   2.4521422e-02
   2.0298697e-02
   2.3684864e-02
   2.3893614e-02
   1.9810887e-02
   2.2395920e-02
   2.4549701e-02
   2.3229657e-02
   2.4311982e-02
   1.9471588e-02
   2.0193195e-02
   2.4650015e-02
   1.9974161e-02
   2.1596778e-02
   2.3024037e-02
   2.1368345e-02
   2.3656744e-02
   2.4863689e-02
   1.9568453e-02
   2.1245904e-02
   2.3498787e-02
   2.1680075e-02
   2.2668372e-02
   2.2574211e-02
   2.1873892e-02
