   1.4733968e-02
   1.6144437e-02
   1.6800004e-02
   1.4652051e-02
   2.0212773e-02
   1.4674769e-02
   1.5279217e-02
   1.9462904e-02
   1.7273201e-02
   1.8022633e-02
   1.8490995e-02
   1.9296124e-02
   1.8359750e-02
   2.0163804e-02
   1.5644285e-02
   1.4632954e-02
   1.8942306e-02
   1.8712007e-02
   1.5508374e-02
   1.7501709e-02
   1.9514376e-02
   1.5519878e-02
   1.8633552e-02
   1.6744782e-02
   1.6496060e-02
   1.8178476e-02
   1.5472940e-02
   1.9135827e-02
   1.7402408e-02
   2.0396010e-02
   1.8401146e-02
   1.8377063e-02
   1.4571015e-02
   2.0797858e-02
   1.5762377e-02
   2.0123639e-02
   1.8102908e-02
   1.8605121e-02
   2.0913923e-02
   1.5304864e-02
   1.7883038e-02
   1.7236536e-02
   1.7210052e-02
   1.9382511e-02
   2.1094694e-02
   1.9960338e-02
   1.6993407e-02
   1.6903834e-02
   1.9124823e-02
   1.4397437e-02
   1.4791627e-02
   1.7500170e-02
   1.7189858e-02
   2.0415412e-02
   1.8277775e-02
   2.0199751e-02
   1.9875224e-02
   1.7678199e-02
   1.5040367e-02
   1.5793582e-02
   2.0133692e-02
   1.7879323e-02
   1.7856900e-02
   1.8713824e-02
   1.5547013e-02
   1.9260046e-02
   1.8353131e-02
   1.8201960e-02
   1.7469062e-02
   2.0241089e-02
   1.7591400e-02
   2.0075916e-02
   1.9895951e-02
   1.8572948e-02
   1.9305762e-02
   1.8719146e-02
   1.9956851e-02
   1.5327919e-02
   1.6904235e-02
   1.8441050e-02
   2.0187862e-02
   1.9387620e-02
   1.8379503e-02
   1.9264153e-02
   1.5211294e-02
   1.7214928e-02
   2.0190933e-02
   2.0766742e-02
   2.0779754e-02
   2.0756859e-02
   1.6509618e-02
   1.9076185e-02
   1.9078113e-02
   1.7462614e-02
   1.4377661e-02
   1.9440213e-02
   1.6421696e-02
   1.5589478e-02
   1.6433736e-02
   1.9221950e-02
   1.4933044e-02
   1.9769362e-02
   1.7731952e-02
   1.5726592e-02
   1.8604455e-02
   1.8651428e-02
   1.6301913e-02
   1.7536344e-02
   1.7881456e-02
   1.7863648e-02
   1.4866196e-02
   1.8780242e-02
   1.5871012e-02
   2.0597173e-02
   1.6326868e-02
   1.8558302e-02
   1.5804624e-02
   1.6241773e-02
   1.7285849e-02
   1.9386178e-02
   1.7911124e-02
   2.0493806e-02
   1.5715344e-02
   1.7534358e-02
   1.8113009e-02
   1.8178653e-02
   1.8925115e-02
   1.7049439e-02
   1.8668272e-02
   1.8021130e-02
   2.0851652e-02
   1.8673205e-02
   1.6060298e-02
   2.0006090e-02
   1.7853331e-02
   1.8698703e-02
   1.6867334e-02
   1.7310996e-02
   1.7839193e-02
   1.8547805e-02
   1.7607986e-02
   1.9412403e-02
   1.9029746e-02
   1.5655341e-02
   1.9456615e-02
   1.6059107e-02
   1.6070904e-02
   1.6257831e-02
   1.8344295e-02
   1.8556674e-02
   2.0994498e-02
   2.0128759e-02
   1.6145378e-02
   1.5771611e-02
   1.5588268e-02
   1.7774280e-02
   1.5461789e-02
   1.5820533e-02
   1.6933836e-02
   1.6385481e-02
   1.9113177e-02
   1.9260260e-02
   2.0794236e-02
   1.7678905e-02
   2.1004439e-02
   1.6950620e-02
   1.5365360e-02
   1.8750032e-02
   1.7442448e-02
   1.8332236e-02
   1.9093726e-02
   1.9274945e-02
   1.5393677e-02
   1.4875851e-02
   1.5372470e-02
   1.9062199e-02
   1.9504930e-02
   1.9576516e-02
   1.7928799e-02
   1.8093047e-02
   1.6013005e-02
   1.4578974e-02
   1.8079895e-02
   1.7288623e-02
   1.5985537e-02
   1.7897482e-02
   1.8760975e-02
   1.6305406e-02
   1.4779138e-02
   1.9085541e-02
   1.5209774e-02
   1.7555757e-02
   1.6222136e-02
   1.9066332e-02
   1.6476730e-02
   1.5954650e-02
   1.7325610e-02
   1.7910157e-02
   1.7026082e-02
   1.9380542e-02
   1.8190644e-02
   1.6410081e-02
   1.9035128e-02
   1.8418680e-02
   1.5694139e-02
   2.0516962e-02
   1.5085735e-02
   1.4988488e-02
   1.6463687e-02
   1.8997968e-02
   1.6358413e-02
   1.4816873e-02
   1.4714859e-02
   1.6858660e-02
   1.7852978e-02
   1.8187831e-02
   2.0187609e-02
   2.0400879e-02
   1.7352679e-02
   1.7271088e-02
   2.0459674e-02
   1.7125574e-02
   1.8030398e-02
   1.8741513e-02
   1.8887890e-02
   1.9807723e-02
   1.8232759e-02
   2.0016339e-02
   1.8433624e-02
   1.7011275e-02
   1.5704625e-02
   1.6690004e-02
   1.9389415e-02
   1.8003096e-02
   1.6514259e-02
   1.5887546e-02
   2.0394831e-02
   2.1632027e-02
   1.4425946e-02
   1.5347333e-02
   1.7055586e-02
   1.7194318e-02
   2.0345179e-02
   1.7496144e-02
   2.0517588e-02
   2.0386741e-02
   1.9301939e-02
   1.5614764e-02
   1.4925483e-02
   1.7027154e-02
   1.6395950e-02
   1.6716434e-02
   1.7666690e-02
   1.5492470e-02
   1.8697046e-02
   1.7299689e-02
   1.6005528e-02
   1.6129352e-02
   1.5137582e-02
   1.5669929e-02
   1.8058428e-02
   1.8979614e-02
   1.6537648e-02
   2.1069608e-02
   1.4758297e-02
   1.8953832e-02
   2.0553771e-02
   1.6952553e-02
   1.7584964e-02
   1.9679199e-02
   1.7062828e-02
   1.7623426e-02
   2.0281551e-02
   1.7832475e-02
   1.7512325e-02
   2.0264505e-02
   1.6582513e-02
   1.8702313e-02
   1.5531623e-02
   1.8505990e-02
   1.5598173e-02
   1.8006483e-02
   1.6649268e-02
   1.6496240e-02
   1.6427767e-02
   1.6981955e-02
   1.5684782e-02
   1.7086998e-02
   1.7519721e-02
   1.5823777e-02
   1.8319053e-02
   1.6944323e-02
   1.9024811e-02
   1.9708733e-02
   1.7113405e-02
   1.7403864e-02
   1.8750204e-02
   1.8524599e-02
   1.8702135e-02
   1.8117939e-02
