   1.6388175e-02
   1.7021872e-02
   1.6850703e-02
   1.7367921e-02
   1.7618582e-02
   1.6407875e-02
   1.7603831e-02
   1.7595007e-02
   1.7212995e-02
   1.6833494e-02
   1.6582827e-02
   1.7489741e-02
   1.7318274e-02
   1.7519775e-02
   1.7466649e-02
   1.7260755e-02
   1.6253646e-02
   1.5705991e-02
   1.5416950e-02
   1.7435413e-02
   1.7086824e-02
   1.7685182e-02
   1.7209987e-02
   1.6690931e-02
   1.7207039e-02
   1.7132189e-02
   1.6777945e-02
   1.7369071e-02
   1.7240535e-02
   1.5759388e-02
   1.7662601e-02
   1.6698592e-02
   1.7537321e-02
   1.6634070e-02
   1.7380052e-02
   1.6410583e-02
   1.7195894e-02
   1.7025755e-02
   1.7060476e-02
   1.7083509e-02
   1.7314388e-02
   1.7450665e-02
   1.7107035e-02
   1.6910673e-02
   1.6434860e-02
   1.7643380e-02
   1.7491580e-02
   1.7129910e-02
   1.7395981e-02
   1.7626597e-02
   1.7246781e-02
   1.7697779e-02
   1.7509290e-02
   1.7443723e-02
   1.7386671e-02
   1.5882700e-02
   1.7159775e-02
   1.7518317e-02
   1.7145940e-02
   1.6742190e-02
   1.7237059e-02
   1.7207201e-02
   1.5943772e-02
   1.7208289e-02
   1.7264607e-02
   1.7359106e-02
   1.6884824e-02
   1.7020626e-02
   1.6417152e-02
   1.7435274e-02
   1.7581587e-02
   1.7305533e-02
   1.6926994e-02
   1.7465249e-02
   1.7210733e-02
   1.6936054e-02
   1.7183583e-02
   1.6431382e-02
   1.6136486e-02
   1.7364600e-02
   1.7231397e-02
   1.7205777e-02
   1.7312492e-02
   1.6601844e-02
   1.6813916e-02
   1.6732114e-02
   1.6105550e-02
   1.7160057e-02
   1.7183905e-02
   1.7581481e-02
   1.7072093e-02
   1.6818543e-02
   1.7590184e-02
   1.6531726e-02
   1.6938639e-02
   1.7332497e-02
   1.7636450e-02
   1.6785393e-02
   1.7670059e-02
   1.7615424e-02
   1.6634942e-02
   1.7460699e-02
   1.7538672e-02
   1.7169552e-02
   1.6891620e-02
   1.7263280e-02
   1.6195454e-02
   1.6645391e-02
   1.7623063e-02
   1.7010820e-02
   1.6966752e-02
   1.7286822e-02
   1.7217751e-02
   1.7290479e-02
   1.7177939e-02
   1.7496834e-02
   1.7346704e-02
   1.7709900e-02
   1.7090701e-02
   1.7014154e-02
   1.6994489e-02
   1.7456282e-02
   1.7254546e-02
   1.7590732e-02
   1.7267238e-02
   1.7228855e-02
   1.5385451e-02
   1.7233701e-02
   1.6101205e-02
   1.7424508e-02
   1.6812656e-02
   1.5909187e-02
   1.7299494e-02
   1.7151192e-02
   1.7186403e-02
   1.6756073e-02
   1.7505610e-02
   1.7538777e-02
   1.7240547e-02
   1.6443310e-02
   1.7583282e-02
   1.7151252e-02
   1.7235398e-02
   1.7141971e-02
   1.7613518e-02
   1.7218284e-02
   1.6655342e-02
   1.7309621e-02
   1.7368416e-02
   1.6755913e-02
   1.6782971e-02
   1.5618801e-02
   1.7180693e-02
   1.7358328e-02
   1.7428199e-02
   1.6329683e-02
   1.7552651e-02
   1.6687151e-02
   1.7065171e-02
   1.6650369e-02
   1.6715049e-02
   1.7653871e-02
   1.7632383e-02
   1.6695743e-02
   1.5849707e-02
   1.6945451e-02
   1.6754172e-02
   1.6518251e-02
   1.7557232e-02
   1.6534728e-02
   1.7591600e-02
   1.7311151e-02
   1.6592899e-02
   1.7250491e-02
   1.7245016e-02
   1.7054690e-02
   1.7365659e-02
   1.6872533e-02
   1.7068735e-02
   1.7208450e-02
   1.6918417e-02
   1.6843372e-02
   1.7387723e-02
   1.7012404e-02
   1.6994857e-02
   1.7480751e-02
   1.6642263e-02
   1.7303119e-02
   1.6214890e-02
   1.7223919e-02
   1.7643837e-02
   1.6943712e-02
   1.7564161e-02
   1.6690830e-02
   1.7285237e-02
   1.7366466e-02
   1.6833509e-02
   1.7427207e-02
   1.7580423e-02
   1.7617489e-02
   1.6869101e-02
   1.6587938e-02
   1.7400409e-02
   1.7169454e-02
   1.7356828e-02
   1.6542435e-02
   1.7367500e-02
   1.7237458e-02
   1.7349893e-02
   1.7307702e-02
   1.6791770e-02
   1.7674111e-02
   1.7704144e-02
   1.6636806e-02
   1.7175070e-02
   1.7547852e-02
   1.7078059e-02
   1.5748240e-02
   1.5576587e-02
   1.7511504e-02
   1.7312978e-02
   1.6787837e-02
   1.7028941e-02
   1.7621566e-02
   1.7275749e-02
   1.7029499e-02
   1.6191777e-02
   1.6705854e-02
   1.7343586e-02
   1.6633057e-02
   1.6919484e-02
   1.7037433e-02
   1.7264539e-02
   1.7213518e-02
   1.7250400e-02
   1.6511785e-02
   1.7556700e-02
   1.7176007e-02
   1.7571369e-02
   1.6439556e-02
   1.7195138e-02
   1.7064441e-02
   1.6495279e-02
   1.7631030e-02
   1.6357775e-02
   1.7013766e-02
   1.6572580e-02
   1.7539976e-02
   1.7542149e-02
   1.7289302e-02
   1.7366136e-02
   1.7629679e-02
   1.6755728e-02
   1.6751045e-02
   1.6605545e-02
   1.7131337e-02
   1.7100894e-02
   1.5795610e-02
   1.7162954e-02
   1.7432536e-02
   1.7528248e-02
   1.7226324e-02
   1.7490109e-02
   1.7260285e-02
   1.7175440e-02
   1.7459119e-02
   1.6455481e-02
   1.7241640e-02
   1.5647331e-02
   1.7224829e-02
   1.6820391e-02
   1.6817885e-02
   1.7553617e-02
   1.7135066e-02
   1.6877661e-02
   1.6211662e-02
   1.6235482e-02
   1.6667639e-02
   1.7549913e-02
   1.7251432e-02
   1.7361694e-02
   1.7242658e-02
   1.7523882e-02
   1.7278499e-02
   1.7480467e-02
   1.6565774e-02
   1.6873051e-02
   1.6551706e-02
   1.7385148e-02
   1.7454177e-02
   1.7431098e-02
   1.7692519e-02
   1.7236436e-02
   1.6000078e-02
   1.6929575e-02
   1.6713704e-02
   1.7273888e-02
   1.7467050e-02
   1.5566185e-02
   1.7452577e-02
