   1.6707893e-01
   1.7224117e-01
   1.6761569e-01
   1.7242548e-01
   1.7349534e-01
   1.8037011e-01
   1.6712062e-01
   1.6330644e-01
   1.6845559e-01
   1.7077971e-01
   1.7781400e-01
   1.6358116e-01
   1.6435885e-01
   1.7784332e-01
   1.7863642e-01
   1.7315093e-01
   1.7275264e-01
   1.7921230e-01
   1.7288039e-01
   1.6642148e-01
   1.6486931e-01
   1.6444989e-01
   1.7955976e-01
   1.7499345e-01
   1.6051827e-01
   1.6274772e-01
   1.7368474e-01
   1.8394568e-01
   1.7378904e-01
   1.5786633e-01
   1.6713214e-01
   1.7426599e-01
   1.7291696e-01
   1.5947207e-01
   1.7018572e-01
   1.7033002e-01
   1.6518965e-01
   1.8575382e-01
   1.6619826e-01
   1.6770167e-01
   1.7457924e-01
   1.5953482e-01
   1.7480821e-01
   1.8645850e-01
   1.8104078e-01
   1.7322184e-01
   1.7797254e-01
   1.6439614e-01
   1.5716633e-01
   1.6542344e-01
   1.7613340e-01
   1.6065453e-01
   1.5940057e-01
   1.6219799e-01
   1.6660287e-01
   1.6374345e-01
   1.6491274e-01
   1.6889356e-01
   1.6928515e-01
   1.8111044e-01
   1.7665094e-01
   1.7661625e-01
   1.7695245e-01
   1.7956422e-01
   1.7290432e-01
   1.7778011e-01
   1.6903572e-01
   1.7859433e-01
   1.6382729e-01
   1.7082780e-01
   1.7583430e-01
   1.7660178e-01
   1.6912347e-01
   1.8232664e-01
   1.6696502e-01
   1.7186073e-01
   1.6674232e-01
   1.7383725e-01
   1.7022350e-01
   1.8593152e-01
   1.7274218e-01
   1.5741002e-01
   1.6677673e-01
   1.7298799e-01
   1.7320398e-01
   1.6397965e-01
   1.7273208e-01
   1.7284302e-01
   1.6661683e-01
   1.6890173e-01
   1.7516841e-01
   1.7940473e-01
   1.5918493e-01
   1.6116759e-01
   1.7514997e-01
   1.6831981e-01
   1.6218510e-01
   1.7441967e-01
   1.8502522e-01
   1.6823745e-01
   1.7264187e-01
   1.8273928e-01
   1.6920270e-01
   1.6756227e-01
   1.7650005e-01
   1.7830242e-01
   1.8085461e-01
   1.7147781e-01
   1.7771998e-01
   1.6093192e-01
   1.7369228e-01
   1.6407164e-01
   1.6515583e-01
   1.6949636e-01
   1.8483044e-01
   1.7344452e-01
   1.6731384e-01
   1.5926796e-01
   1.5966312e-01
   1.6594973e-01
   1.7898539e-01
   1.7294166e-01
   1.7517877e-01
   1.7845709e-01
   1.5793723e-01
   1.5974603e-01
   1.7144729e-01
   1.6636480e-01
   1.5944420e-01
   1.6445949e-01
   1.7877289e-01
   1.5939790e-01
   1.8584013e-01
   1.6580166e-01
   1.7195458e-01
   1.8166849e-01
   1.6991021e-01
   1.5839133e-01
   1.5902417e-01
   1.6530806e-01
   1.7392069e-01
   1.8332688e-01
   1.7468182e-01
   1.6438415e-01
   1.5931877e-01
   1.7119485e-01
   1.7501683e-01
   1.6149229e-01
   1.6472741e-01
   1.6111059e-01
   1.7300763e-01
   1.7887181e-01
   1.6398332e-01
   1.6014944e-01
   1.6275834e-01
   1.6684745e-01
   1.5897820e-01
   1.6057888e-01
   1.6698342e-01
   1.7190228e-01
   1.6937388e-01
   1.8315482e-01
   1.6796242e-01
   1.8475794e-01
   1.8399484e-01
   1.5936577e-01
   1.6039644e-01
   1.5715367e-01
   1.6896835e-01
   1.6450208e-01
   1.6658398e-01
   1.5823836e-01
   1.8206073e-01
   1.6782800e-01
   1.6714391e-01
   1.6092882e-01
   1.6817878e-01
   1.7145392e-01
   1.7417144e-01
   1.5969973e-01
   1.5909485e-01
   1.8325758e-01
   1.7174572e-01
   1.6590187e-01
   1.6912853e-01
   1.5977628e-01
   1.6916459e-01
   1.6258491e-01
   1.7370621e-01
   1.7457434e-01
   1.8167282e-01
   1.7427530e-01
   1.7273001e-01
   1.6791451e-01
   1.6814515e-01
   1.8469781e-01
   1.5993323e-01
   1.6831473e-01
   1.6027448e-01
   1.7207322e-01
   1.7384529e-01
   1.6603013e-01
   1.6031578e-01
   1.7253203e-01
   1.5939268e-01
   1.7385182e-01
   1.7683251e-01
   1.7241475e-01
   1.5737866e-01
   1.5892482e-01
   1.7752945e-01
   1.6174632e-01
   1.6369375e-01
   1.6389737e-01
   1.7467455e-01
   1.6222111e-01
   1.7362737e-01
   1.7265609e-01
   1.7199450e-01
   1.6623403e-01
   1.6658340e-01
   1.6756847e-01
   1.6373704e-01
   1.7768619e-01
   1.7236999e-01
   1.7636829e-01
   1.8529557e-01
   1.6646863e-01
   1.7309411e-01
   1.5946907e-01
   1.8965376e-01
   1.7914132e-01
   1.8107282e-01
   1.6746563e-01
   1.7901111e-01
   1.6518821e-01
   1.7028669e-01
   1.8044878e-01
   1.6996111e-01
   1.7643823e-01
   1.6127106e-01
   1.7288874e-01
   1.8216858e-01
   1.6998868e-01
   1.7314345e-01
   1.7737585e-01
   1.6030632e-01
   1.7441066e-01
   1.8485316e-01
   1.5762255e-01
   1.5943834e-01
   1.6399602e-01
   1.7199223e-01
   1.7658869e-01
   1.7271324e-01
   1.6977663e-01
   1.7488827e-01
   1.7866846e-01
   1.5735441e-01
   1.7201710e-01
   1.6881040e-01
   1.7325308e-01
   1.7326554e-01
   1.6871436e-01
   1.7561150e-01
   1.6324525e-01
   1.7379319e-01
   1.8170818e-01
   1.8229749e-01
   1.6991093e-01
   1.7075602e-01
   1.6820125e-01
   1.7239436e-01
   1.7255289e-01
   1.7593563e-01
   1.7632927e-01
   1.6871437e-01
   1.6145145e-01
   1.8385448e-01
   1.6288349e-01
   1.5772553e-01
   1.9490817e-01
   1.7145511e-01
   1.7034991e-01
   1.6948178e-01
   1.7253667e-01
   1.8280313e-01
   1.7240825e-01
   1.6808501e-01
   1.6226759e-01
   1.7722550e-01
   1.5796064e-01
   1.7270804e-01
   1.8765997e-01
   1.7429162e-01
   1.8493977e-01
   1.5846488e-01
   1.8099818e-01
   1.6518918e-01
   1.7721124e-01
