   2.1993968e-02
   2.1995934e-02
   2.1985525e-02
   2.2011306e-02
   2.1948609e-02
   2.1983501e-02
   2.1980267e-02
   2.1938749e-02
   2.2039839e-02
   2.2211361e-02
   2.1963589e-02
   2.1998812e-02
   2.2011647e-02
   2.2218203e-02
   2.1936934e-02
   2.1969916e-02
   2.2164604e-02
   2.2224338e-02
   2.1949657e-02
   2.1963599e-02
   2.2009796e-02
   2.2019037e-02
   2.1972821e-02
   2.1977195e-02
   2.2179406e-02
   2.2045433e-02
   2.1980548e-02
   2.1986795e-02
   2.2337418e-02
   2.2356431e-02
   2.1970852e-02
   2.2333326e-02
   2.1971379e-02
   2.2195892e-02
   2.1973250e-02
   2.1972273e-02
   2.1984932e-02
   2.1924257e-02
   2.2171578e-02
   2.2156652e-02
   2.2013990e-02
   2.2290654e-02
   2.2106051e-02
   2.2101173e-02
   2.1937615e-02
   2.1987498e-02
   2.2008369e-02
   2.2348196e-02
   2.1990011e-02
   2.1945391e-02
   2.1989388e-02
   2.1985543e-02
   2.1976273e-02
   2.2220759e-02
   2.2290725e-02
   2.1953100e-02
   2.1943857e-02
   2.2277044e-02
   2.1984972e-02
   2.1976795e-02
   2.1968608e-02
   2.1977676e-02
   2.2060334e-02
   2.2008921e-02
   2.2152585e-02
   2.1970865e-02
   2.2004830e-02
   2.1975017e-02
   2.2326557e-02
   2.2184441e-02
   2.2325653e-02
   2.2121123e-02
   2.2191219e-02
   2.2237839e-02
   2.1984764e-02
   2.1970928e-02
   2.1996273e-02
   2.2316780e-02
   2.2240194e-02
   2.1991258e-02
   2.2047631e-02
   2.1977503e-02
   2.2342290e-02
   2.2345985e-02
   2.1941596e-02
   2.1925787e-02
   2.1957930e-02
   2.2049005e-02
   2.2173801e-02
   2.2351879e-02
   2.2324066e-02
   2.2324764e-02
   2.2284149e-02
   2.2057229e-02
   2.1943907e-02
   2.1989432e-02
   2.1933850e-02
   2.1925817e-02
   2.2187961e-02
   2.1968897e-02
   2.1931314e-02
   2.2212280e-02
   2.2004275e-02
   2.2210146e-02
   2.1940649e-02
   2.2012318e-02
   2.1970996e-02
   2.2008271e-02
   2.2246194e-02
   2.2111658e-02
   2.1966099e-02
   2.2091468e-02
   2.1928228e-02
   2.2183332e-02
   2.2164600e-02
   2.1924168e-02
   2.1988923e-02
   2.1977664e-02
   2.2324380e-02
   2.1976446e-02
   2.1976906e-02
   2.1982163e-02
   2.2331499e-02
   2.1978120e-02
   2.2002763e-02
   2.2003292e-02
   2.2167071e-02
   2.2093737e-02
   2.1968697e-02
   2.2182356e-02
   2.2357580e-02
   2.1977179e-02
   2.1972097e-02
   2.1978063e-02
   2.1924827e-02
   2.1990788e-02
   2.1997734e-02
   2.1989705e-02
   2.1985078e-02
   2.1969986e-02
   2.1970073e-02
   2.1972629e-02
   2.1949830e-02
   2.1970158e-02
   2.2009790e-02
   2.2125015e-02
   2.2185211e-02
   2.2353023e-02
   2.2013232e-02
   2.1970777e-02
   2.1990388e-02
   2.1992018e-02
   2.1943836e-02
   2.2278781e-02
   2.1924516e-02
   2.1936300e-02
   2.2229705e-02
   2.1983779e-02
   2.1925038e-02
   2.1974415e-02
   2.2135492e-02
   2.1957470e-02
   2.1976174e-02
   2.2181380e-02
   2.1971256e-02
   2.1976868e-02
   2.2042565e-02
   2.1993333e-02
   2.1976024e-02
   2.2010087e-02
   2.2012882e-02
   2.1971527e-02
   2.2351655e-02
   2.1977991e-02
   2.1932668e-02
   2.2280548e-02
   2.1999449e-02
   2.1997959e-02
   2.1996606e-02
   2.2346172e-02
   2.2170526e-02
   2.1976565e-02
   2.2294389e-02
   2.1980549e-02
   2.1977933e-02
   2.1982387e-02
   2.2332961e-02
   2.1992191e-02
   2.1968412e-02
   2.1977235e-02
   2.2220547e-02
   2.1982377e-02
   2.2314881e-02
   2.1970627e-02
   2.2180592e-02
   2.2285098e-02
   2.2346357e-02
   2.2013104e-02
   2.1974338e-02
   2.2314873e-02
   2.1967468e-02
   2.2003481e-02
   2.1973880e-02
   2.1990785e-02
   2.2012565e-02
   2.1932220e-02
   2.1989705e-02
   2.2008277e-02
   2.2146668e-02
   2.1976765e-02
   2.1971200e-02
   2.1997697e-02
   2.1948753e-02
   2.1943944e-02
   2.1976681e-02
   2.2012947e-02
   2.2046328e-02
   2.1974268e-02
   2.1980655e-02
   2.2327496e-02
   2.1999395e-02
   2.2004884e-02
   2.2325610e-02
   2.1976892e-02
   2.1981577e-02
   2.2011358e-02
   2.1929063e-02
   2.1999143e-02
   2.1968571e-02
   2.1946257e-02
   2.2187201e-02
   2.1942224e-02
   2.1968796e-02
   2.1997094e-02
   2.1977819e-02
   2.1976651e-02
   2.2010417e-02
   2.2003904e-02
   2.1939026e-02
   2.2012941e-02
   2.1978126e-02
   2.2011606e-02
   2.1974914e-02
   2.2320671e-02
   2.1928535e-02
   2.1993029e-02
   2.2312601e-02
   2.2177619e-02
   2.1968950e-02
   2.1984935e-02
   2.1941476e-02
   2.1958134e-02
   2.2209917e-02
   2.2107030e-02
   2.2320700e-02
   2.1954685e-02
   2.2007450e-02
   2.2318967e-02
   2.1991571e-02
   2.2007942e-02
   2.1978023e-02
   2.2139662e-02
   2.2020587e-02
   2.2223899e-02
   2.1991582e-02
   2.2322521e-02
   2.1991953e-02
   2.2345791e-02
   2.2184281e-02
   2.2333015e-02
   2.2287024e-02
   2.1987192e-02
   2.1924173e-02
   2.1931459e-02
   2.2182419e-02
   2.2267551e-02
   2.1977244e-02
   2.2003686e-02
   2.1923534e-02
   2.1978101e-02
   2.1976226e-02
   2.1975262e-02
   2.1977926e-02
   2.2038896e-02
   2.2003133e-02
   2.1949668e-02
   2.2001627e-02
   2.1926940e-02
   2.1953537e-02
   2.1970783e-02
   2.2353236e-02
   2.1973109e-02
   2.1993184e-02
   2.2333279e-02
   2.1977175e-02
   2.2196138e-02
   2.2263079e-02
   2.2292978e-02
   2.2234562e-02
   2.2150148e-02
