   1.6379571e-02
   1.6717291e-02
   1.6702429e-02
   1.7614547e-02
   1.7271191e-02
   1.4425102e-02
   1.4645027e-02
   1.8425112e-02
   1.3376379e-02
   1.3670525e-02
   1.7662684e-02
   1.4529446e-02
   1.5040108e-02
   1.5989762e-02
   1.6564972e-02
   1.5383593e-02
   1.4123717e-02
   1.6324134e-02
   1.5690033e-02
   1.3467899e-02
   1.5646488e-02
   1.8803265e-02
   1.3512037e-02
   1.3328868e-02
   1.6792377e-02
   1.7037704e-02
   1.7871543e-02
   1.7380831e-02
   1.6375430e-02
   1.5363655e-02
   1.5451208e-02
   1.4026792e-02
   1.7190251e-02
   1.7390193e-02
   1.7333724e-02
   1.3297592e-02
   1.7025310e-02
   1.7449946e-02
   1.4704687e-02
   1.6380976e-02
   1.9332579e-02
   1.4613707e-02
   1.4068893e-02
   1.7351554e-02
   1.6829685e-02
   1.5016308e-02
   1.5424599e-02
   1.4918764e-02
   1.7942412e-02
   1.8156308e-02
   1.8661553e-02
   1.7330904e-02
   1.5484382e-02
   1.8720956e-02
   1.8828458e-02
   1.2865757e-02
   1.6288466e-02
   1.3547654e-02
   1.4838499e-02
   1.3853622e-02
   1.4795286e-02
   1.8423767e-02
   1.7007246e-02
   1.4560099e-02
   1.4210775e-02
   1.4874685e-02
   1.4442576e-02
   1.3380192e-02
   1.3605900e-02
   1.5732778e-02
   1.6256112e-02
   1.6786395e-02
   1.4605714e-02
   1.5192838e-02
   1.6649959e-02
   1.3146076e-02
   1.5305482e-02
   1.3331982e-02
   1.6745890e-02
   1.8050925e-02
   1.7808823e-02
   1.7338387e-02
   1.4666150e-02
   1.4656903e-02
   1.4403433e-02
   1.3108079e-02
   1.3599509e-02
   1.2766687e-02
   1.4336143e-02
   1.8917043e-02
   1.3902372e-02
   1.9209462e-02
   1.4410377e-02
   1.6599033e-02
   1.7636053e-02
   1.3716388e-02
   1.5143258e-02
   1.4556305e-02
   1.4758728e-02
   1.7466118e-02
   1.7213306e-02
   1.7760844e-02
   1.5711468e-02
   1.4320178e-02
   1.6195366e-02
   1.7456178e-02
   1.3575583e-02
   1.8472845e-02
   1.7780490e-02
   1.4490861e-02
   1.5069869e-02
   1.7308259e-02
   1.3816183e-02
   1.3501525e-02
   1.3497644e-02
   1.6348633e-02
   1.7223501e-02
   1.5996382e-02
   1.6104681e-02
   1.5480678e-02
   1.6277950e-02
   1.2990312e-02
   1.7995209e-02
   1.5169536e-02
   1.4170740e-02
   1.4545940e-02
   1.5718822e-02
   1.5257694e-02
   1.5543647e-02
   1.5259543e-02
   1.7558027e-02
   1.7014953e-02
   1.4733713e-02
   1.4844502e-02
   1.4650076e-02
   1.5788783e-02
   1.5008862e-02
   1.3675001e-02
   1.5366010e-02
   1.8061782e-02
   1.2933951e-02
   1.3732000e-02
   1.3628322e-02
   1.6054471e-02
   1.8895325e-02
   1.6756437e-02
   1.3822848e-02
   1.5444955e-02
   1.6042283e-02
   1.3667978e-02
   1.5170972e-02
   1.6561218e-02
   1.5806654e-02
   1.5966198e-02
   1.5566203e-02
   1.4940606e-02
   1.2744110e-02
   1.4408903e-02
   1.4553227e-02
   1.7175181e-02
   1.6724677e-02
   1.4481037e-02
   1.5706234e-02
   1.5098566e-02
   1.7096406e-02
   1.5400140e-02
   1.8241890e-02
   1.4169058e-02
   1.4925493e-02
   1.7176828e-02
   1.6243483e-02
   1.7696881e-02
   1.6669778e-02
   1.7431662e-02
   1.5391976e-02
   1.4577357e-02
   1.4691779e-02
   1.5264967e-02
   1.5339584e-02
   1.5766327e-02
   1.5727398e-02
   1.5831235e-02
   1.5048408e-02
   1.2519877e-02
   1.6052187e-02
   1.5907313e-02
   1.3747839e-02
   1.6018017e-02
   1.5358648e-02
   1.7585006e-02
   1.4718611e-02
   1.9097050e-02
   1.6843839e-02
   1.8272450e-02
   1.8655022e-02
   1.4370112e-02
   1.4844650e-02
   1.3246548e-02
   1.7156358e-02
   1.5410786e-02
   1.4458292e-02
   1.8577422e-02
   1.6119753e-02
   1.5186496e-02
   1.7825460e-02
   1.4190859e-02
   1.3919981e-02
   1.4289324e-02
   1.6955860e-02
   1.5195305e-02
   1.4667638e-02
   1.5869789e-02
   1.4056771e-02
   1.6817244e-02
   1.6390499e-02
   1.4276125e-02
   1.6539793e-02
   1.5661602e-02
   1.9154855e-02
   1.3549015e-02
   1.4387789e-02
   1.4405413e-02
   1.5032006e-02
   1.4880692e-02
   1.7403275e-02
   1.5824655e-02
   1.3475742e-02
   1.8843920e-02
   1.5104865e-02
   1.3710166e-02
   1.5395089e-02
   1.5946596e-02
   1.3468604e-02
   1.5923181e-02
   1.4632242e-02
   1.5383953e-02
   1.3871143e-02
   1.7022928e-02
   1.7516912e-02
   1.5681191e-02
   1.8689596e-02
   1.5980809e-02
   1.3678651e-02
   1.6222582e-02
   1.4245490e-02
   1.5185584e-02
   1.7406704e-02
   1.4401770e-02
   1.7427443e-02
   1.8152385e-02
   1.6682684e-02
   1.3271644e-02
   1.5006950e-02
   1.3627370e-02
   1.6240287e-02
   1.3882245e-02
   1.4508679e-02
   1.4034900e-02
   1.5123121e-02
   1.5241896e-02
   1.4999632e-02
   1.6914746e-02
   1.4808717e-02
   1.4600754e-02
   1.7908689e-02
   1.4282431e-02
   1.8559004e-02
   1.4731231e-02
   1.6543046e-02
   1.6360658e-02
   1.4855888e-02
   1.3913122e-02
   1.4855074e-02
   1.4860695e-02
   1.8682384e-02
   1.4095145e-02
   1.3842380e-02
   1.3177014e-02
   1.8389683e-02
   1.5533759e-02
   1.6609791e-02
   1.6365100e-02
   1.4790954e-02
   1.6626625e-02
   1.6435144e-02
   1.4121739e-02
   1.3198301e-02
   1.3479872e-02
   1.8959705e-02
   1.7154264e-02
   1.6441618e-02
   1.9003326e-02
   1.3646619e-02
   1.7029980e-02
   1.7310526e-02
   1.5760073e-02
   1.6615975e-02
   1.8746792e-02
   1.7066871e-02
   1.3522853e-02
