   2.2288383e-02
   1.9657050e-02
   1.9596665e-02
   2.0722059e-02
   2.0326962e-02
   2.1631111e-02
   2.1601300e-02
   2.3248757e-02
   2.1073183e-02
   2.3249574e-02
   2.0523876e-02
   2.2125324e-02
   2.0582981e-02
   2.0349539e-02
   1.9968289e-02
   2.1352439e-02
   2.2154471e-02
   2.1259199e-02
   2.0456810e-02
   2.2550555e-02
   2.2749315e-02
   2.1131374e-02
   2.0844236e-02
   1.9726212e-02
   2.2740430e-02
   1.9704505e-02
   2.0964541e-02
   2.3482818e-02
   2.1191587e-02
   2.2227537e-02
   1.9590319e-02
   2.0300734e-02
   2.2145528e-02
   2.1450740e-02
   1.9859834e-02
   2.1759596e-02
   2.0005091e-02
   2.3396187e-02
   2.2797407e-02
   2.2498273e-02
   1.9207108e-02
   2.2477671e-02
   2.2409528e-02
   2.0280880e-02
   2.0380964e-02
   2.1889104e-02
   2.2690353e-02
   2.1627858e-02
   2.0253234e-02
   2.2139797e-02
   2.1628965e-02
   2.1886744e-02
   2.0137438e-02
   2.2932468e-02
   1.9915522e-02
   1.9539415e-02
   2.2416715e-02
   2.1666259e-02
   2.2740755e-02
   2.1675220e-02
   2.0490542e-02
   2.2186940e-02
   2.1962956e-02
   2.2562399e-02
   2.1040485e-02
   2.3140884e-02
   2.2278456e-02
   2.2296624e-02
   2.1911859e-02
   2.2145589e-02
   2.2617665e-02
   2.0025381e-02
   1.9781305e-02
   2.2025090e-02
   2.0772660e-02
   2.0642435e-02
   2.3084956e-02
   2.2828441e-02
   2.2028527e-02
   2.2100046e-02
   2.1469261e-02
   2.2050971e-02
   2.2421830e-02
   2.0940699e-02
   2.3436534e-02
   2.1053847e-02
   2.0669535e-02
   2.2313832e-02
   2.2034667e-02
   2.1173578e-02
   1.9926556e-02
   2.1194116e-02
   2.1709125e-02
   2.1957630e-02
   2.0333417e-02
   2.3467342e-02
   1.9770190e-02
   2.2037133e-02
   2.2453938e-02
   2.1983880e-02
   1.9952442e-02
   2.2758528e-02
   2.2703608e-02
   2.3172080e-02
   2.2097914e-02
   2.1937820e-02
   2.2855406e-02
   2.2110483e-02
   2.0412126e-02
   1.9204704e-02
   2.1286641e-02
   2.0273502e-02
   2.0106105e-02
   2.2647294e-02
   2.0793924e-02
   2.0721441e-02
   2.1873941e-02
   2.3307920e-02
   2.1997051e-02
   2.2274256e-02
   1.9736728e-02
   2.0254172e-02
   2.2563449e-02
   2.2806720e-02
   2.3239039e-02
   1.9401456e-02
   2.2301872e-02
   2.0682769e-02
   2.0345003e-02
   2.2107631e-02
   2.1738012e-02
   1.9762566e-02
   2.1087842e-02
   2.1403591e-02
   2.0272809e-02
   2.2313149e-02
   2.1656158e-02
   2.1395676e-02
   2.2185917e-02
   2.2385047e-02
   2.2009205e-02
   2.1721570e-02
   2.0747793e-02
   2.1928989e-02
   2.1814809e-02
   2.0883413e-02
   2.1300568e-02
   2.3071026e-02
   2.2676190e-02
   1.9495884e-02
   2.3135845e-02
   2.2036911e-02
   2.3166466e-02
   2.2673787e-02
   2.1322529e-02
   2.1418537e-02
   2.1381414e-02
   2.2154016e-02
   2.2628518e-02
   2.2251521e-02
   2.3389549e-02
   2.1292720e-02
   1.9665032e-02
   2.2386692e-02
   2.2953020e-02
   2.1910579e-02
   1.9487825e-02
   2.0491458e-02
   2.3445933e-02
   2.2484462e-02
   2.2629408e-02
   2.1553438e-02
   2.0821532e-02
   2.0018727e-02
   2.0497650e-02
   2.2160823e-02
   1.9735559e-02
   1.9441339e-02
   1.9212990e-02
   2.2026613e-02
   2.0009690e-02
   2.1371954e-02
   2.1807432e-02
   2.2066267e-02
   2.0395003e-02
   2.1585741e-02
   2.2106602e-02
   2.1134579e-02
   2.2362959e-02
   2.0797196e-02
   2.2141977e-02
   2.1416768e-02
   2.0479143e-02
   2.0852567e-02
   2.2306458e-02
   1.9739128e-02
   2.1797039e-02
   2.2081109e-02
   2.2463941e-02
   2.0302949e-02
   1.9996159e-02
   1.9232217e-02
   1.9732106e-02
   2.1648186e-02
   2.2088569e-02
   2.1656585e-02
   2.2738729e-02
   2.2127153e-02
   1.9925133e-02
   2.2088396e-02
   2.3406972e-02
   2.2097269e-02
   2.2095928e-02
   2.2834462e-02
   1.9991266e-02
   2.1764007e-02
   2.1721192e-02
   1.9997477e-02
   2.1106575e-02
   2.1861670e-02
   2.3448244e-02
   2.2347027e-02
   2.3003471e-02
   2.2248985e-02
   2.3329764e-02
   2.1977581e-02
   2.2466704e-02
   2.1419108e-02
   2.2647743e-02
   1.9784158e-02
   2.2710476e-02
   2.0768245e-02
   2.1042424e-02
   1.9535913e-02
   2.2179446e-02
   1.9563654e-02
   2.1987655e-02
   2.2515412e-02
   2.0680070e-02
   1.9214528e-02
   2.1292795e-02
   2.3020460e-02
   2.0013999e-02
   2.2975360e-02
   2.2741151e-02
   1.9801646e-02
   2.1679189e-02
   2.2193465e-02
   1.9783444e-02
   2.2295583e-02
   2.0440257e-02
   1.9737125e-02
   2.3215663e-02
   1.9645732e-02
   2.0554712e-02
   2.2590411e-02
   1.9263368e-02
   2.3204225e-02
   2.0741988e-02
   2.0261636e-02
   2.0550844e-02
   2.0758749e-02
   2.0290090e-02
   2.1938972e-02
   2.1895587e-02
   2.0997902e-02
   2.2696732e-02
   2.2518441e-02
   1.9623588e-02
   2.2325227e-02
   2.2393968e-02
   2.0262517e-02
   2.1046134e-02
   1.9218743e-02
   2.1004415e-02
   2.2507500e-02
   2.2156300e-02
   2.2552586e-02
   1.9560435e-02
   1.9644110e-02
   2.3066396e-02
   1.9703886e-02
   2.1751713e-02
   2.0360306e-02
   2.2940989e-02
   2.2077977e-02
   2.1042956e-02
   2.1688338e-02
   2.1514043e-02
   2.0894377e-02
   2.0006187e-02
   2.2760910e-02
   2.3474665e-02
   2.0656306e-02
   2.2353862e-02
   2.0981148e-02
   1.9600751e-02
   2.2188621e-02
   2.1270660e-02
   2.1384719e-02
