   1.3810839e-01
   1.4098670e-01
   1.3574745e-01
   1.4542911e-01
   1.3361647e-01
   1.4641627e-01
   1.3915466e-01
   1.3637633e-01
   1.3724683e-01
   1.3820461e-01
   1.3351422e-01
   1.3786993e-01
   1.3165976e-01
   1.3578037e-01
   1.4240286e-01
   1.4037947e-01
   1.4271294e-01
   1.3800460e-01
   1.2975806e-01
   1.3635792e-01
   1.3994243e-01
   1.3121987e-01
   1.3221782e-01
   1.4170509e-01
   1.3412768e-01
   1.2946366e-01
   1.4013593e-01
   1.3975243e-01
   1.4705837e-01
   1.2737063e-01
   1.3683959e-01
   1.3838965e-01
   1.3569292e-01
   1.3384722e-01
   1.2756556e-01
   1.4215368e-01
   1.4918951e-01
   1.4170855e-01
   1.4168545e-01
   1.3688415e-01
   1.3681960e-01
   1.3676429e-01
   1.3724913e-01
   1.3789436e-01
   1.3730225e-01
   1.3956480e-01
   1.3381610e-01
   1.4342995e-01
   1.3967849e-01
   1.4025152e-01
   1.3709038e-01
   1.3096766e-01
   1.3597745e-01
   1.4285271e-01
   1.4068619e-01
   1.3606806e-01
   1.4228397e-01
   1.3367002e-01
   1.4025408e-01
   1.3476499e-01
   1.4505497e-01
   1.3567505e-01
   1.2958781e-01
   1.3420477e-01
   1.3241362e-01
   1.4090419e-01
   1.3410709e-01
   1.3308307e-01
   1.3536858e-01
   1.3323369e-01
   1.3461706e-01
   1.2756286e-01
   1.3813165e-01
   1.2733727e-01
   1.3517065e-01
   1.3732271e-01
   1.3134116e-01
   1.3157746e-01
   1.3640750e-01
   1.3832288e-01
   1.3440326e-01
   1.4441648e-01
   1.3909237e-01
   1.3385666e-01
   1.4109696e-01
   1.3815483e-01
   1.3259902e-01
   1.4209680e-01
   1.3718260e-01
   1.3376805e-01
   1.4408642e-01
   1.3706754e-01
   1.4013563e-01
   1.3787496e-01
   1.3035493e-01
   1.4096365e-01
   1.4541782e-01
   1.4640902e-01
   1.2995936e-01
   1.4037241e-01
   1.3659030e-01
   1.3759387e-01
   1.3531278e-01
   1.3721633e-01
   1.3678956e-01
   1.3430319e-01
   1.3340333e-01
   1.3621101e-01
   1.3339629e-01
   1.3463289e-01
   1.2954062e-01
   1.4242139e-01
   1.2757609e-01
   1.3937155e-01
   1.3329591e-01
   1.4055516e-01
   1.3860183e-01
   1.2765088e-01
   1.4236252e-01
   1.3406378e-01
   1.3507029e-01
   1.4177977e-01
   1.2788734e-01
   1.4592229e-01
   1.3338984e-01
   1.3723895e-01
   1.3708988e-01
   1.4205610e-01
   1.4776959e-01
   1.3731560e-01
   1.2813560e-01
   1.4864657e-01
   1.4339950e-01
   1.4074720e-01
   1.2802384e-01
   1.3771348e-01
   1.3420402e-01
   1.3314323e-01
   1.2950700e-01
   1.4517068e-01
   1.3612195e-01
   1.3446240e-01
   1.3719462e-01
   1.3506697e-01
   1.3610989e-01
   1.4586599e-01
   1.3711484e-01
   1.3692528e-01
   1.3445667e-01
   1.2991224e-01
   1.2824694e-01
   1.3543886e-01
   1.4636763e-01
   1.3421563e-01
   1.4044647e-01
   1.4814595e-01
   1.3380598e-01
   1.4454860e-01
   1.3386051e-01
   1.4267463e-01
   1.3968191e-01
   1.2957567e-01
   1.4059154e-01
   1.4716917e-01
   1.3997354e-01
   1.3120191e-01
   1.3791565e-01
   1.3593734e-01
   1.4517220e-01
   1.3841310e-01
   1.4723862e-01
   1.4216650e-01
   1.3668022e-01
   1.4296873e-01
   1.2719290e-01
   1.3634145e-01
   1.2940346e-01
   1.3425169e-01
   1.3319765e-01
   1.3396120e-01
   1.3261987e-01
   1.4059444e-01
   1.4551642e-01
   1.4449488e-01
   1.4092171e-01
   1.3136185e-01
   1.3779576e-01
   1.4953264e-01
   1.4316277e-01
   1.4252927e-01
   1.2817854e-01
   1.4454263e-01
   1.3214920e-01
   1.4345458e-01
   1.4440913e-01
   1.4985220e-01
   1.3512482e-01
   1.3694061e-01
   1.3550223e-01
   1.3885886e-01
   1.4468512e-01
   1.2830009e-01
   1.3710833e-01
   1.2843478e-01
   1.3267149e-01
   1.4852274e-01
   1.3919855e-01
   1.3899419e-01
   1.4187352e-01
   1.3669911e-01
   1.4210323e-01
   1.3459617e-01
   1.3533059e-01
   1.4063443e-01
   1.4277495e-01
   1.2769460e-01
   1.2860640e-01
   1.4081992e-01
   1.3849725e-01
   1.3586168e-01
   1.3933895e-01
   1.4090353e-01
   1.4147371e-01
   1.3733210e-01
   1.3193264e-01
   1.4541162e-01
   1.3401679e-01
   1.4834530e-01
   1.3406502e-01
   1.3812127e-01
   1.2894835e-01
   1.3190109e-01
   1.4391557e-01
   1.3231043e-01
   1.3321187e-01
   1.4390958e-01
   1.3909732e-01
   1.4333725e-01
   1.3201644e-01
   1.3631582e-01
   1.3986548e-01
   1.4322897e-01
   1.3441019e-01
   1.2708947e-01
   1.4707594e-01
   1.4352009e-01
   1.4527225e-01
   1.3877851e-01
   1.4969892e-01
   1.3911484e-01
   1.3652269e-01
   1.4468459e-01
   1.4026843e-01
   1.3541096e-01
   1.4518442e-01
   1.4198968e-01
   1.3447482e-01
   1.2822719e-01
   1.4553243e-01
   1.3850849e-01
   1.3436405e-01
   1.4340723e-01
   1.3679519e-01
   1.3321892e-01
   1.2658733e-01
   1.4004051e-01
   1.3786994e-01
   1.3686721e-01
   1.4239419e-01
   1.4158418e-01
   1.3573720e-01
   1.3397497e-01
   1.3783322e-01
   1.4254233e-01
   1.2770594e-01
   1.3844845e-01
   1.4440449e-01
   1.4192704e-01
   1.3577420e-01
   1.3674048e-01
   1.3396228e-01
   1.3844379e-01
   1.4437806e-01
   1.3526825e-01
   1.3484389e-01
   1.3129272e-01
   1.3308432e-01
   1.4040169e-01
   1.3715211e-01
   1.3288760e-01
   1.4237851e-01
   1.4458938e-01
   1.3190373e-01
   1.3344596e-01
   1.4209543e-01
   1.3514058e-01
   1.4739244e-01
   1.3345509e-01
   1.3243579e-01
   1.3404818e-01
