   2.0570092e-01
   2.0883831e-01
   2.1051907e-01
   2.1029260e-01
   2.0641533e-01
   1.9932844e-01
   2.0856373e-01
   2.0954314e-01
   2.0474441e-01
   2.0798481e-01
   2.0164840e-01
   2.0807945e-01
   2.0834678e-01
   2.0672235e-01
   2.0516927e-01
   2.1005166e-01
   2.0981325e-01
   2.0811288e-01
   2.0980965e-01
   2.0541558e-01
   2.0161608e-01
   1.9978526e-01
   2.0940766e-01
   2.0700747e-01
   2.0678502e-01
   2.0796232e-01
   2.0543402e-01
   2.0969361e-01
   2.1223636e-01
   2.0070904e-01
   1.9841601e-01
   2.1288964e-01
   1.9940881e-01
   2.0672130e-01
   2.0311376e-01
   2.0029497e-01
   2.0404198e-01
   2.0088559e-01
   1.9976327e-01
   2.0918686e-01
   2.0897063e-01
   2.0387718e-01
   2.0033038e-01
   2.1281096e-01
   1.9825095e-01
   1.9991080e-01
   1.9967704e-01
   2.0687890e-01
   2.1102611e-01
   2.0467815e-01
   2.1068142e-01
   2.0721231e-01
   2.1238352e-01
   2.0515799e-01
   2.0637936e-01
   1.9903539e-01
   2.0681149e-01
   1.9999263e-01
   2.0634496e-01
   2.1066491e-01
   1.9906636e-01
   2.1104235e-01
   2.0860138e-01
   2.0456513e-01
   2.0561201e-01
   2.0069252e-01
   2.0518061e-01
   2.0702344e-01
   2.0791929e-01
   2.0382088e-01
   2.0838326e-01
   2.0279400e-01
   1.9905891e-01
   2.0458751e-01
   2.0599284e-01
   2.0098087e-01
   1.9855890e-01
   2.0914910e-01
   2.0872997e-01
   2.0993065e-01
   2.1197166e-01
   1.9991621e-01
   2.0610515e-01
   2.0382705e-01
   2.0561173e-01
   2.0551943e-01
   1.9959870e-01
   2.0543289e-01
   2.1200409e-01
   2.0018138e-01
   2.0998356e-01
   2.0856552e-01
   2.0307638e-01
   2.0045956e-01
   2.0344115e-01
   2.0622747e-01
   2.0980024e-01
   1.9743515e-01
   2.0109253e-01
   2.0985168e-01
   2.0713022e-01
   2.1125468e-01
   2.0553504e-01
   2.0925245e-01
   2.0209219e-01
   2.0600588e-01
   2.0930531e-01
   2.0794549e-01
   2.0373370e-01
   2.0683415e-01
   2.0817882e-01
   1.9786992e-01
   2.0990274e-01
   2.0221289e-01
   2.0849679e-01
   2.0701643e-01
   2.0862360e-01
   2.0365549e-01
   2.1004327e-01
   2.0705175e-01
   2.0831418e-01
   2.0565615e-01
   2.0820854e-01
   2.0593179e-01
   2.0563739e-01
   2.0910582e-01
   2.0813699e-01
   2.1193320e-01
   2.0136399e-01
   2.0696873e-01
   2.0803681e-01
   2.0736279e-01
   2.0527860e-01
   2.0386500e-01
   2.0358981e-01
   2.0576106e-01
   2.0192716e-01
   2.0153478e-01
   2.1012663e-01
   1.9903398e-01
   2.0142348e-01
   2.0729406e-01
   2.0242479e-01
   2.0294557e-01
   2.0930538e-01
   1.9881814e-01
   2.0242075e-01
   1.9932633e-01
   2.0858579e-01
   2.0940848e-01
   2.0674666e-01
   2.0521733e-01
   2.1223835e-01
   2.0904207e-01
   2.0152903e-01
   2.0175162e-01
   2.0702180e-01
   2.0912219e-01
   2.1107129e-01
   2.0096329e-01
   2.1110050e-01
   2.0482757e-01
   2.0839276e-01
   2.0502196e-01
   2.0388478e-01
   1.9960597e-01
   2.0249798e-01
   2.0547361e-01
   2.0661983e-01
   2.0599503e-01
   2.0647236e-01
   2.0985248e-01
   2.0654778e-01
   1.9972050e-01
   2.0755606e-01
   2.0651323e-01
   2.0862925e-01
   2.0218818e-01
   2.0229978e-01
   2.0623275e-01
   2.0058006e-01
   2.0555270e-01
   2.1209147e-01
   2.0685716e-01
   2.0552015e-01
   2.0664541e-01
   2.0119636e-01
   2.0864023e-01
   2.0667564e-01
   2.0153425e-01
   2.1054882e-01
   2.0872996e-01
   2.0551473e-01
   2.0941335e-01
   2.0840915e-01
   2.0822205e-01
   2.0404260e-01
   2.1020985e-01
   2.0535955e-01
   1.9913210e-01
   2.0786934e-01
   2.1000953e-01
   2.1010507e-01
   2.0307537e-01
   2.0521443e-01
   1.9883717e-01
   2.1104974e-01
   2.0906572e-01
   1.9894798e-01
   2.0385479e-01
   2.0271341e-01
   2.0622987e-01
   2.0284476e-01
   2.0040662e-01
   2.0681995e-01
   1.9906849e-01
   1.9831898e-01
   2.0839491e-01
   2.0765823e-01
   2.1248098e-01
   1.9945035e-01
   2.0497502e-01
   2.0386165e-01
   2.0618027e-01
   2.0974237e-01
   2.0665479e-01
   2.0212218e-01
   1.9840104e-01
   1.9998453e-01
   2.0460817e-01
   2.0588935e-01
   2.0694036e-01
   2.0609515e-01
   2.0118077e-01
   2.0679952e-01
   2.0535655e-01
   2.0534926e-01
   2.1006686e-01
   2.1084032e-01
   1.9889843e-01
   2.0539814e-01
   2.0926750e-01
   2.0836223e-01
   2.1195980e-01
   2.0247039e-01
   2.0525956e-01
   2.0978964e-01
   2.0623675e-01
   2.1285347e-01
   2.0042582e-01
   2.0512607e-01
   2.0194257e-01
   2.1305013e-01
   2.0801363e-01
   2.0631444e-01
   1.9673546e-01
   2.0616198e-01
   2.0405240e-01
   1.9740560e-01
   2.0187671e-01
   2.0851078e-01
   2.0581376e-01
   2.0039203e-01
   2.0707674e-01
   1.9956234e-01
   1.9905473e-01
   2.0201968e-01
   2.0068795e-01
   2.0734187e-01
   2.0400250e-01
   2.0032199e-01
   2.0554531e-01
   2.0605136e-01
   2.0723582e-01
   2.0277677e-01
   2.0254428e-01
   2.0878370e-01
   2.0421280e-01
   2.0872387e-01
   2.0922561e-01
   1.9903911e-01
   2.0539967e-01
   2.0263958e-01
   2.0782073e-01
   2.0727634e-01
   2.0517172e-01
   1.9951661e-01
   2.1103214e-01
   2.0776846e-01
   1.9993702e-01
   2.1091917e-01
   1.9875021e-01
   2.1004122e-01
   2.0261030e-01
   2.0660095e-01
   2.0916590e-01
   2.0214840e-01
   2.0553110e-01
   2.0696190e-01
   2.0669109e-01
