   3.7242698e-02
   3.1117782e-02
   3.5720010e-02
   3.3843392e-02
   3.7522551e-02
   3.5051692e-02
   3.3283484e-02
   3.7157119e-02
   3.4431960e-02
   3.8327102e-02
   4.0051366e-02
   4.0049511e-02
   3.2477160e-02
   3.2681336e-02
   3.7066818e-02
   3.7735320e-02
   3.7470673e-02
   3.2680548e-02
   3.2345348e-02
   3.9961994e-02
   3.7269491e-02
   3.3509104e-02
   3.6396157e-02
   3.7911292e-02
   3.7650768e-02
   3.4817064e-02
   3.9871064e-02
   4.1102197e-02
   3.5192248e-02
   3.9162462e-02
   3.1016165e-02
   3.2838326e-02
   3.7325116e-02
   3.4225589e-02
   3.8369380e-02
   3.6911060e-02
   3.2763996e-02
   3.8344475e-02
   3.4997003e-02
   3.5046076e-02
   3.9468639e-02
   4.0164274e-02
   3.0553276e-02
   3.3801117e-02
   3.7337209e-02
   3.8895268e-02
   3.6447605e-02
   3.8166851e-02
   3.6495504e-02
   3.5414674e-02
   3.8945538e-02
   3.8695611e-02
   3.6426796e-02
   3.6193421e-02
   3.9421303e-02
   3.5026124e-02
   3.5601944e-02
   3.5446601e-02
   3.5752318e-02
   3.3368309e-02
   3.1182083e-02
   3.9250471e-02
   3.5211906e-02
   3.4082525e-02
   3.5143788e-02
   3.4767674e-02
   3.6005808e-02
   3.6356482e-02
   3.4637401e-02
   3.2950029e-02
   3.8036940e-02
   3.4494170e-02
   3.4415570e-02
   3.3473058e-02
   3.8104963e-02
   3.8699040e-02
   3.9925618e-02
   4.0632366e-02
   3.4072960e-02
   3.9022374e-02
   3.0299726e-02
   3.8534332e-02
   3.8072923e-02
   3.3541404e-02
   4.0201016e-02
   3.0979651e-02
   3.6755349e-02
   3.7747937e-02
   3.2562153e-02
   3.6343301e-02
   3.4273996e-02
   3.5909176e-02
   3.9139468e-02
   4.0127496e-02
   3.9231814e-02
   3.8633034e-02
   3.6390734e-02
   3.3386198e-02
   3.1960482e-02
   3.9557092e-02
   3.3588961e-02
   3.6710756e-02
   3.6678122e-02
   3.5504338e-02
   3.0551603e-02
   3.1639842e-02
   3.5401404e-02
   3.2195226e-02
   3.8755835e-02
   4.0058048e-02
   3.5620513e-02
   3.6784682e-02
   3.4949840e-02
   3.5053646e-02
   3.2380935e-02
   3.5994792e-02
   3.0689802e-02
   3.1220919e-02
   3.8010351e-02
   3.6012270e-02
   3.8627304e-02
   3.8265901e-02
   3.9331895e-02
   3.7552390e-02
   3.4164136e-02
   3.9993745e-02
   4.0153974e-02
   3.3745914e-02
   3.8470311e-02
   3.2517011e-02
   3.5593023e-02
   3.3716315e-02
   4.1445671e-02
   4.0258630e-02
   3.9873011e-02
   3.9405324e-02
   3.3808906e-02
   3.9859349e-02
   3.2649260e-02
   3.6795995e-02
   3.4941593e-02
   3.7954502e-02
   4.0007469e-02
   3.1998518e-02
   3.5798694e-02
   3.2866992e-02
   3.6558479e-02
   3.9837186e-02
   3.9670065e-02
   3.7326289e-02
   3.9249621e-02
   3.7707614e-02
   3.4329432e-02
   3.0548278e-02
   3.1417379e-02
   3.8550034e-02
   3.5430436e-02
   3.4330114e-02
   3.3057827e-02
   3.4670296e-02
   4.0019945e-02
   3.1778438e-02
   3.5840394e-02
   3.9859730e-02
   3.7542873e-02
   3.5966200e-02
   4.0931937e-02
   3.7441457e-02
   3.4850411e-02
   3.5257241e-02
   3.6737508e-02
   3.7931446e-02
   3.8089528e-02
   3.7640503e-02
   3.8677814e-02
   3.2288732e-02
   3.2240901e-02
   3.2883916e-02
   3.7954616e-02
   3.1840737e-02
   3.7344462e-02
   4.0186329e-02
   3.6540745e-02
   3.1115781e-02
   3.8586931e-02
   3.4863405e-02
   3.7355270e-02
   3.8107785e-02
   3.6265093e-02
   3.5622221e-02
   3.9994063e-02
   3.7870897e-02
   3.8598535e-02
   3.0920513e-02
   3.1300869e-02
   3.7306393e-02
   3.4879450e-02
   3.0466751e-02
   3.1033230e-02
   3.0332153e-02
   3.6185762e-02
   3.8406704e-02
   3.2065031e-02
   4.1514320e-02
   3.9377513e-02
   3.4038736e-02
   3.8212805e-02
   3.4464811e-02
   4.0180942e-02
   3.2537811e-02
   3.9717108e-02
   3.3932338e-02
   3.8514396e-02
   3.8121462e-02
   3.2373922e-02
   3.6469997e-02
   3.8003245e-02
   3.2512217e-02
   3.7088123e-02
   3.5451091e-02
   3.7528769e-02
   3.2331410e-02
   3.6674096e-02
   3.3537062e-02
   3.8815000e-02
   4.1678166e-02
   3.0827569e-02
   3.7799980e-02
   3.7329353e-02
   3.4577563e-02
   3.1841670e-02
   3.6798601e-02
   3.9129920e-02
   4.1120864e-02
   3.2552093e-02
   3.5976739e-02
   3.6317041e-02
   3.5049621e-02
   3.7128446e-02
   4.0190118e-02
   3.2701889e-02
   3.8377958e-02
   3.4130142e-02
   3.3647726e-02
   3.2804208e-02
   4.0096411e-02
   3.9504624e-02
   3.3933115e-02
   3.2303311e-02
   3.3914035e-02
   3.4872057e-02
   3.9874722e-02
   4.0272100e-02
   3.3014209e-02
   3.4134755e-02
   3.3192059e-02
   3.6650082e-02
   3.9801128e-02
   3.6381501e-02
   3.3241547e-02
   3.5009962e-02
   3.1092029e-02
   3.1904536e-02
   3.7135519e-02
   3.9942638e-02
   3.4825695e-02
   3.3777993e-02
   3.9323010e-02
   4.0025012e-02
   3.7943105e-02
   4.1229327e-02
   3.4895790e-02
   3.5640372e-02
   3.4216290e-02
   4.0273050e-02
   3.3796882e-02
   3.6944128e-02
   3.6455274e-02
   3.9592854e-02
   3.3283192e-02
   3.9768290e-02
   3.3137250e-02
   3.5185690e-02
   3.3776778e-02
   3.4121205e-02
   3.2617724e-02
   3.6871200e-02
   3.9288714e-02
   3.4964557e-02
   3.7767010e-02
   3.6337579e-02
   3.2486219e-02
   3.0250275e-02
   4.0954473e-02
   4.0018817e-02
   3.5611715e-02
   3.6653423e-02
   3.4399354e-02
   3.7403376e-02
   3.7473558e-02
