   1.7543017e-02
   1.6124032e-02
   1.6456411e-02
   1.5813058e-02
   1.5764757e-02
   1.6762591e-02
   1.5766724e-02
   1.6522359e-02
   1.7221979e-02
   1.6135953e-02
   1.5993840e-02
   1.5843910e-02
   1.7301121e-02
   1.5971525e-02
   1.5819055e-02
   1.7516959e-02
   1.6230128e-02
   1.7223678e-02
   1.6221142e-02
   1.7504109e-02
   1.6762583e-02
   1.5683821e-02
   1.6186140e-02
   1.6357093e-02
   1.6233491e-02
   1.5685381e-02
   1.6823000e-02
   1.5707564e-02
   1.7318162e-02
   1.7382215e-02
   1.7549090e-02
   1.7182845e-02
   1.5780275e-02
   1.5952168e-02
   1.6050213e-02
   1.5728522e-02
   1.5732622e-02
   1.6446875e-02
   1.6173299e-02
   1.6556897e-02
   1.7465436e-02
   1.6606932e-02
   1.7036453e-02
   1.6983028e-02
   1.7201982e-02
   1.6927836e-02
   1.7448645e-02
   1.5971429e-02
   1.7378997e-02
   1.6017585e-02
   1.5810522e-02
   1.5732542e-02
   1.6610682e-02
   1.6463575e-02
   1.6508163e-02
   1.6541353e-02
   1.7031022e-02
   1.5739424e-02
   1.6625545e-02
   1.6199431e-02
   1.6063825e-02
   1.6300338e-02
   1.7536565e-02
   1.6473352e-02
   1.5856011e-02
   1.6155557e-02
   1.5690719e-02
   1.7554571e-02
   1.6463111e-02
   1.5929774e-02
   1.6919167e-02
   1.5735533e-02
   1.6386693e-02
   1.5937864e-02
   1.6395325e-02
   1.6402287e-02
   1.6214555e-02
   1.6003878e-02
   1.5760436e-02
   1.6779302e-02
   1.6564822e-02
   1.7369638e-02
   1.6223753e-02
   1.6682439e-02
   1.5690958e-02
   1.6343612e-02
   1.6746792e-02
   1.6701262e-02
   1.6320327e-02
   1.6871882e-02
   1.5868050e-02
   1.7379433e-02
   1.6426393e-02
   1.5705245e-02
   1.6701958e-02
   1.7494663e-02
   1.7113363e-02
   1.6087104e-02
   1.6534163e-02
   1.5705825e-02
   1.6697948e-02
   1.5987104e-02
   1.6975851e-02
   1.7139737e-02
   1.5685738e-02
   1.5770846e-02
   1.5873330e-02
   1.6618029e-02
   1.7309276e-02
   1.6645559e-02
   1.6843558e-02
   1.7263331e-02
   1.6645099e-02
   1.6901628e-02
   1.7552849e-02
   1.7442222e-02
   1.6914799e-02
   1.7265273e-02
   1.5874886e-02
   1.6746398e-02
   1.5716157e-02
   1.5867776e-02
   1.6928807e-02
   1.6263853e-02
   1.6652434e-02
   1.5908662e-02
   1.6648683e-02
   1.6494532e-02
   1.6629745e-02
   1.5871308e-02
   1.5725542e-02
   1.7276942e-02
   1.7251276e-02
   1.6739532e-02
   1.7488186e-02
   1.7213557e-02
   1.6259501e-02
   1.5902872e-02
   1.6859190e-02
   1.7327706e-02
   1.5797045e-02
   1.7422822e-02
   1.5732944e-02
   1.7232345e-02
   1.6398673e-02
   1.7127180e-02
   1.6890943e-02
   1.6466608e-02
   1.6120481e-02
   1.5904668e-02
   1.6982184e-02
   1.5910201e-02
   1.7047359e-02
   1.6139122e-02
   1.5772157e-02
   1.6621853e-02
   1.6755770e-02
   1.6061261e-02
   1.6198575e-02
   1.6090257e-02
   1.6347448e-02
   1.6276062e-02
   1.6273646e-02
   1.7040279e-02
   1.5993712e-02
   1.7120885e-02
   1.5652836e-02
   1.6878424e-02
   1.5810688e-02
   1.7251145e-02
   1.7425888e-02
   1.7002912e-02
   1.7527234e-02
   1.7327412e-02
   1.6296673e-02
   1.5924076e-02
   1.7472515e-02
   1.5677802e-02
   1.5684276e-02
   1.7429264e-02
   1.7192461e-02
   1.5748111e-02
   1.6921726e-02
   1.6730183e-02
   1.6383245e-02
   1.6220683e-02
   1.6922276e-02
   1.7382526e-02
   1.6649074e-02
   1.5774519e-02
   1.7517055e-02
   1.7205528e-02
   1.5832621e-02
   1.5940149e-02
   1.6211689e-02
   1.7491321e-02
   1.7398793e-02
   1.7162214e-02
   1.5761852e-02
   1.6167902e-02
   1.6829524e-02
   1.5780028e-02
   1.7213564e-02
   1.6008166e-02
   1.7415607e-02
   1.6023072e-02
   1.6195635e-02
   1.6526997e-02
   1.7300716e-02
   1.5716153e-02
   1.6087035e-02
   1.6022363e-02
   1.7198791e-02
   1.6778675e-02
   1.6519979e-02
   1.6069524e-02
   1.7338489e-02
   1.7036568e-02
   1.5701998e-02
   1.6501639e-02
   1.5845835e-02
   1.5960569e-02
   1.6782051e-02
   1.7344692e-02
   1.7139711e-02
   1.6633147e-02
   1.7330450e-02
   1.6845698e-02
   1.6701497e-02
   1.5755179e-02
   1.5708614e-02
   1.6234472e-02
   1.6895103e-02
   1.5778568e-02
   1.6217811e-02
   1.5773140e-02
   1.5731808e-02
   1.5887914e-02
   1.6858923e-02
   1.6189275e-02
   1.6736388e-02
   1.6798212e-02
   1.5732537e-02
   1.6726977e-02
   1.7152473e-02
   1.5845971e-02
   1.5817507e-02
   1.6270012e-02
   1.6526838e-02
   1.5661847e-02
   1.6406051e-02
   1.6042099e-02
   1.7379622e-02
   1.7318238e-02
   1.6613947e-02
   1.5720060e-02
   1.5790314e-02
   1.6865341e-02
   1.5650584e-02
   1.6113933e-02
   1.6614130e-02
   1.5751281e-02
   1.7002601e-02
   1.7380002e-02
   1.5695533e-02
   1.6165247e-02
   1.5802751e-02
   1.6476766e-02
   1.5823980e-02
   1.6791428e-02
   1.7121328e-02
   1.7284364e-02
   1.5969548e-02
   1.5978282e-02
   1.6925183e-02
   1.6554172e-02
   1.7033271e-02
   1.7262461e-02
   1.7386449e-02
   1.6674705e-02
   1.5807923e-02
   1.6626086e-02
   1.6208742e-02
   1.7033665e-02
   1.5646864e-02
   1.5976501e-02
   1.5998320e-02
   1.6989256e-02
   1.6810804e-02
   1.5995941e-02
   1.5964966e-02
   1.7406181e-02
   1.5978383e-02
   1.7075330e-02
   1.7133373e-02
   1.6805549e-02
   1.6992424e-02
   1.6280078e-02
   1.7448774e-02
   1.6538360e-02
