   1.5900045e-01
   1.5439379e-01
   1.5807408e-01
   1.6700072e-01
   1.6155581e-01
   1.6071854e-01
   1.5418725e-01
   1.5935562e-01
   1.6719332e-01
   1.5971819e-01
   1.6719746e-01
   1.5772757e-01
   1.5948182e-01
   1.6574369e-01
   1.5729092e-01
   1.5812665e-01
   1.5801641e-01
   1.5808568e-01
   1.6448782e-01
   1.5681301e-01
   1.5919859e-01
   1.5437707e-01
   1.5680648e-01
   1.5938050e-01
   1.5813038e-01
   1.6324432e-01
   1.6204284e-01
   1.5710574e-01
   1.5714689e-01
   1.5798896e-01
   1.6569254e-01
   1.6604731e-01
   1.5821552e-01
   1.5692174e-01
   1.5499346e-01
   1.6016083e-01
   1.6390091e-01
   1.5989806e-01
   1.5660337e-01
   1.5672138e-01
   1.5691779e-01
   1.5987429e-01
   1.5889335e-01
   1.6753971e-01
   1.5754269e-01
   1.5797101e-01
   1.5796793e-01
   1.6155074e-01
   1.5673822e-01
   1.6535035e-01
   1.6658973e-01
   1.6298402e-01
   1.5966766e-01
   1.5537381e-01
   1.6559741e-01
   1.5692403e-01
   1.6036057e-01
   1.6322798e-01
   1.5843306e-01
   1.6016404e-01
   1.6640399e-01
   1.5801738e-01
   1.6100243e-01
   1.5773697e-01
   1.6763061e-01
   1.6600995e-01
   1.5694733e-01
   1.6330164e-01
   1.6585033e-01
   1.5416733e-01
   1.6687823e-01
   1.5592087e-01
   1.5433815e-01
   1.5960144e-01
   1.6043115e-01
   1.5784995e-01
   1.5582614e-01
   1.6770669e-01
   1.6443272e-01
   1.6769138e-01
   1.5910888e-01
   1.6421555e-01
   1.6421452e-01
   1.5883313e-01
   1.5985251e-01
   1.5787643e-01
   1.6349080e-01
   1.5839123e-01
   1.5972014e-01
   1.5605832e-01
   1.6065472e-01
   1.5641453e-01
   1.5780278e-01
   1.6770389e-01
   1.5627225e-01
   1.6048261e-01
   1.5967660e-01
   1.6086231e-01
   1.5829222e-01
   1.6213159e-01
   1.6589040e-01
   1.5735491e-01
   1.5777538e-01
   1.5613082e-01
   1.6462946e-01
   1.5640932e-01
   1.6586064e-01
   1.5926514e-01
   1.6585943e-01
   1.6604794e-01
   1.6317271e-01
   1.5699378e-01
   1.5899009e-01
   1.5795834e-01
   1.6092170e-01
   1.5795234e-01
   1.6741612e-01
   1.5710900e-01
   1.5926123e-01
   1.5985803e-01
   1.6560262e-01
   1.6460636e-01
   1.5841694e-01
   1.6220200e-01
   1.5501133e-01
   1.5731679e-01
   1.5585872e-01
   1.5696890e-01
   1.6322769e-01
   1.6291098e-01
   1.6552524e-01
   1.6153082e-01
   1.6083403e-01
   1.5616737e-01
   1.5509142e-01
   1.5913900e-01
   1.6346459e-01
   1.5930854e-01
   1.6634383e-01
   1.6766766e-01
   1.5594506e-01
   1.5487614e-01
   1.6637754e-01
   1.6489782e-01
   1.6431594e-01
   1.6154080e-01
   1.5908505e-01
   1.6593387e-01
   1.6353109e-01
   1.5620604e-01
   1.6293463e-01
   1.6736925e-01
   1.6120942e-01
   1.6587265e-01
   1.6428543e-01
   1.6420083e-01
   1.6032470e-01
   1.5763149e-01
   1.5681377e-01
   1.6788603e-01
   1.6559541e-01
   1.6280472e-01
   1.6763587e-01
   1.6639792e-01
   1.6762675e-01
   1.6189283e-01
   1.5701046e-01
   1.6570288e-01
   1.6096422e-01
   1.5694974e-01
   1.6502132e-01
   1.5982052e-01
   1.5675494e-01
   1.6037434e-01
   1.6553231e-01
   1.6479901e-01
   1.5447505e-01
   1.5699644e-01
   1.5763682e-01
   1.5637651e-01
   1.6294032e-01
   1.6614011e-01
   1.5657795e-01
   1.5652392e-01
   1.6611356e-01
   1.6329298e-01
   1.5428383e-01
   1.6258457e-01
   1.5578080e-01
   1.6043837e-01
   1.5571197e-01
   1.5846741e-01
   1.5698395e-01
   1.6200250e-01
   1.6263776e-01
   1.6091978e-01
   1.6682892e-01
   1.5659227e-01
   1.5928021e-01
   1.5953804e-01
   1.5899319e-01
   1.5850052e-01
   1.5642068e-01
   1.6025987e-01
   1.6278406e-01
   1.5458520e-01
   1.5985774e-01
   1.5509787e-01
   1.6291274e-01
   1.6121965e-01
   1.5777949e-01
   1.5801958e-01
   1.6531121e-01
   1.5801251e-01
   1.6376712e-01
   1.6180389e-01
   1.5469439e-01
   1.6225437e-01
   1.6517590e-01
   1.5630142e-01
   1.5454839e-01
   1.5656487e-01
   1.6473828e-01
   1.5689965e-01
   1.5553899e-01
   1.5939570e-01
   1.6534279e-01
   1.6609601e-01
   1.6548167e-01
   1.6196810e-01
   1.5670100e-01
   1.5737378e-01
   1.5668683e-01
   1.5763733e-01
   1.6743581e-01
   1.5448257e-01
   1.6516167e-01
   1.5576935e-01
   1.6741562e-01
   1.6738777e-01
   1.5853570e-01
   1.5797886e-01
   1.5816281e-01
   1.6616639e-01
   1.5744510e-01
   1.5625847e-01
   1.5897219e-01
   1.5553554e-01
   1.5688428e-01
   1.5944613e-01
   1.5841475e-01
   1.5696761e-01
   1.6460762e-01
   1.5545349e-01
   1.6557276e-01
   1.6381146e-01
   1.5675444e-01
   1.6699679e-01
   1.5883662e-01
   1.5690113e-01
   1.6177903e-01
   1.5969000e-01
   1.5904874e-01
   1.6247233e-01
   1.5795567e-01
   1.6092813e-01
   1.6285290e-01
   1.5981836e-01
   1.6013598e-01
   1.5679739e-01
   1.5797857e-01
   1.6090403e-01
   1.5508371e-01
   1.6342871e-01
   1.6454460e-01
   1.5461420e-01
   1.5653120e-01
   1.6755152e-01
   1.5763797e-01
   1.6082333e-01
   1.5563212e-01
   1.6057128e-01
   1.5881483e-01
   1.6576649e-01
   1.6378443e-01
   1.6403992e-01
   1.6742846e-01
   1.6173964e-01
   1.6469722e-01
   1.5507309e-01
   1.5650902e-01
   1.5685781e-01
   1.6020389e-01
   1.5408683e-01
   1.6466502e-01
   1.5607381e-01
   1.6235021e-01
   1.5750540e-01
   1.5973939e-01
   1.6750767e-01
