   1.3362058e-01
   1.3620927e-01
   1.4197425e-01
   1.4865668e-01
   1.2796599e-01
   1.3045436e-01
   1.3083840e-01
   1.4239254e-01
   1.3887247e-01
   1.3021967e-01
   1.3492746e-01
   1.3145284e-01
   1.3886810e-01
   1.3640829e-01
   1.3230839e-01
   1.3322155e-01
   1.3873806e-01
   1.3463953e-01
   1.4651498e-01
   1.3571604e-01
   1.3221093e-01
   1.3098748e-01
   1.2836926e-01
   1.2780760e-01
   1.3312458e-01
   1.2984134e-01
   1.4096832e-01
   1.3615949e-01
   1.2992254e-01
   1.3283991e-01
   1.3695266e-01
   1.4418805e-01
   1.3833322e-01
   1.3153557e-01
   1.4421364e-01
   1.2539209e-01
   1.2639281e-01
   1.3417569e-01
   1.2960754e-01
   1.2760495e-01
   1.4083721e-01
   1.4776930e-01
   1.4827722e-01
   1.4137485e-01
   1.3930674e-01
   1.4469514e-01
   1.4845402e-01
   1.4006933e-01
   1.3409694e-01
   1.3243246e-01
   1.4195913e-01
   1.3637441e-01
   1.4987523e-01
   1.4188341e-01
   1.4311953e-01
   1.2889529e-01
   1.3997548e-01
   1.3813783e-01
   1.2969338e-01
   1.3189230e-01
   1.2736168e-01
   1.3673835e-01
   1.3705703e-01
   1.3726611e-01
   1.3236485e-01
   1.4131973e-01
   1.3361513e-01
   1.3583619e-01
   1.3843107e-01
   1.4206983e-01
   1.3065045e-01
   1.3891200e-01
   1.3312242e-01
   1.4118132e-01
   1.3849509e-01
   1.3588254e-01
   1.2647889e-01
   1.4167539e-01
   1.3218802e-01
   1.3902353e-01
   1.4164004e-01
   1.3962031e-01
   1.3822908e-01
   1.3797502e-01
   1.2899435e-01
   1.3893847e-01
   1.3414329e-01
   1.4079041e-01
   1.3073931e-01
   1.3652890e-01
   1.4072422e-01
   1.2759833e-01
   1.3628528e-01
   1.3126161e-01
   1.3351081e-01
   1.3021588e-01
   1.3185710e-01
   1.3835196e-01
   1.3745225e-01
   1.3605017e-01
   1.3741699e-01
   1.3234811e-01
   1.4519633e-01
   1.3573176e-01
   1.3547726e-01
   1.2261354e-01
   1.3307536e-01
   1.4869807e-01
   1.4486733e-01
   1.3052937e-01
   1.3110558e-01
   1.3033610e-01
   1.3173323e-01
   1.2906574e-01
   1.3351697e-01
   1.3584127e-01
   1.3160695e-01
   1.3050860e-01
   1.3358152e-01
   1.4111180e-01
   1.3222255e-01
   1.3592712e-01
   1.3539499e-01
   1.3171086e-01
   1.4203932e-01
   1.2883939e-01
   1.3477984e-01
   1.3610028e-01
   1.4104882e-01
   1.3907302e-01
   1.2765338e-01
   1.3162529e-01
   1.3038908e-01
   1.2618729e-01
   1.4058947e-01
   1.3148215e-01
   1.3373407e-01
   1.3100253e-01
   1.3361184e-01
   1.3898721e-01
   1.2836828e-01
   1.2900080e-01
   1.3213588e-01
   1.2986110e-01
   1.4109161e-01
   1.2705837e-01
   1.4561736e-01
   1.3591320e-01
   1.3689182e-01
   1.3856784e-01
   1.3795237e-01
   1.4048128e-01
   1.4545613e-01
   1.3240796e-01
   1.4573866e-01
   1.2908447e-01
   1.3773554e-01
   1.4355667e-01
   1.2865194e-01
   1.4044118e-01
   1.4758311e-01
   1.2591108e-01
   1.4382326e-01
   1.4887568e-01
   1.4335577e-01
   1.4224317e-01
   1.3584658e-01
   1.4676452e-01
   1.4769119e-01
   1.2902126e-01
   1.3691387e-01
   1.3876851e-01
   1.3880371e-01
   1.3507977e-01
   1.4349902e-01
   1.3998046e-01
   1.3935126e-01
   1.3996942e-01
   1.3479113e-01
   1.4261421e-01
   1.3610012e-01
   1.4752319e-01
   1.3349511e-01
   1.3989153e-01
   1.3939108e-01
   1.3638079e-01
   1.2803857e-01
   1.4250727e-01
   1.4212436e-01
   1.4692343e-01
   1.4513360e-01
   1.3629126e-01
   1.4155424e-01
   1.3856173e-01
   1.3318497e-01
   1.3431007e-01
   1.2447841e-01
   1.3531214e-01
   1.4421793e-01
   1.3682630e-01
   1.2676312e-01
   1.2615543e-01
   1.3588512e-01
   1.4067118e-01
   1.3708890e-01
   1.3202077e-01
   1.3682104e-01
   1.3134438e-01
   1.2723079e-01
   1.3370023e-01
   1.3191880e-01
   1.3388787e-01
   1.4188091e-01
   1.4971801e-01
   1.4756062e-01
   1.2901922e-01
   1.2952611e-01
   1.3893773e-01
   1.3948957e-01
   1.3719202e-01
   1.3444142e-01
   1.4498770e-01
   1.4973952e-01
   1.3061832e-01
   1.3947461e-01
   1.3663389e-01
   1.3969680e-01
   1.3382643e-01
   1.4533270e-01
   1.3512770e-01
   1.2382841e-01
   1.3778225e-01
   1.3894670e-01
   1.3892179e-01
   1.3168886e-01
   1.3190101e-01
   1.2489070e-01
   1.3346222e-01
   1.3428681e-01
   1.4077641e-01
   1.3729846e-01
   1.3114310e-01
   1.3197707e-01
   1.3898655e-01
   1.3157660e-01
   1.3313963e-01
   1.3238087e-01
   1.3310128e-01
   1.3694843e-01
   1.2851558e-01
   1.4196983e-01
   1.2782205e-01
   1.2647889e-01
   1.3773638e-01
   1.3769953e-01
   1.3530040e-01
   1.3592867e-01
   1.3118743e-01
   1.3561534e-01
   1.4512946e-01
   1.3349992e-01
   1.2836142e-01
   1.2968156e-01
   1.4021416e-01
   1.4321124e-01
   1.3154954e-01
   1.3486350e-01
   1.3366128e-01
   1.4206571e-01
   1.4386055e-01
   1.3347311e-01
   1.4413677e-01
   1.3782948e-01
   1.4119572e-01
   1.4438920e-01
   1.4390533e-01
   1.3106126e-01
   1.2736073e-01
   1.2623923e-01
   1.4060730e-01
   1.3046346e-01
   1.3766412e-01
   1.3745933e-01
   1.3122485e-01
   1.3423866e-01
   1.4488749e-01
   1.3171346e-01
   1.4091519e-01
   1.3994343e-01
   1.4058244e-01
   1.3101113e-01
   1.4382569e-01
   1.3070555e-01
   1.4043217e-01
   1.3690350e-01
   1.4263980e-01
   1.3215143e-01
   1.4129666e-01
   1.2940516e-01
   1.3051758e-01
