   1.7211201e-01
   1.6367087e-01
   1.7588463e-01
   1.7050985e-01
   1.7035075e-01
   1.6256659e-01
   1.6421203e-01
   1.7658669e-01
   1.6077856e-01
   1.7317284e-01
   1.5740264e-01
   1.6938967e-01
   1.6869631e-01
   1.6313110e-01
   1.6160499e-01
   1.7385333e-01
   1.7664529e-01
   1.6298973e-01
   1.6257145e-01
   1.6128562e-01
   1.7633086e-01
   1.6316641e-01
   1.6917949e-01
   1.6143311e-01
   1.6089628e-01
   1.6229883e-01
   1.7221474e-01
   1.6178727e-01
   1.7486899e-01
   1.6865647e-01
   1.5936539e-01
   1.6709648e-01
   1.6238749e-01
   1.6159893e-01
   1.7024803e-01
   1.7416371e-01
   1.6031380e-01
   1.6887432e-01
   1.7087248e-01
   1.6532554e-01
   1.6223192e-01
   1.6230567e-01
   1.6488642e-01
   1.6737528e-01
   1.6993035e-01
   1.7226116e-01
   1.7157961e-01
   1.6301075e-01
   1.6136618e-01
   1.6397336e-01
   1.6075452e-01
   1.5936511e-01
   1.6762113e-01
   1.6202532e-01
   1.7443544e-01
   1.7002111e-01
   1.6148472e-01
   1.7058274e-01
   1.6919496e-01
   1.6866184e-01
   1.7185098e-01
   1.6467034e-01
   1.7387061e-01
   1.6603557e-01
   1.6237988e-01
   1.6812357e-01
   1.6406220e-01
   1.6107688e-01
   1.7709374e-01
   1.6790962e-01
   1.6655703e-01
   1.6688802e-01
   1.6092654e-01
   1.7142039e-01
   1.5866419e-01
   1.6112664e-01
   1.6562064e-01
   1.5845938e-01
   1.6166574e-01
   1.7320366e-01
   1.7269978e-01
   1.6775305e-01
   1.6437550e-01
   1.6917111e-01
   1.6128848e-01
   1.7418542e-01
   1.6157211e-01
   1.7330916e-01
   1.6082898e-01
   1.7789386e-01
   1.6306481e-01
   1.6782142e-01
   1.6976086e-01
   1.6176295e-01
   1.6817358e-01
   1.7486710e-01
   1.6133929e-01
   1.7140129e-01
   1.7244731e-01
   1.6005096e-01
   1.6139389e-01
   1.7079822e-01
   1.6355398e-01
   1.6572596e-01
   1.6846484e-01
   1.6095545e-01
   1.5998975e-01
   1.6069038e-01
   1.6747269e-01
   1.6596778e-01
   1.7716319e-01
   1.6164018e-01
   1.6948817e-01
   1.6858900e-01
   1.6602621e-01
   1.6564369e-01
   1.6187455e-01
   1.7205397e-01
   1.6577060e-01
   1.6474355e-01
   1.6206355e-01
   1.7003122e-01
   1.7396592e-01
   1.6343447e-01
   1.7113174e-01
   1.6252163e-01
   1.7093486e-01
   1.6398892e-01
   1.6911038e-01
   1.6070383e-01
   1.6880382e-01
   1.6071951e-01
   1.6540972e-01
   1.7264562e-01
   1.7374051e-01
   1.6325235e-01
   1.6003390e-01
   1.7325839e-01
   1.6245111e-01
   1.6898108e-01
   1.7044827e-01
   1.6377508e-01
   1.6253341e-01
   1.7189410e-01
   1.7456256e-01
   1.6607865e-01
   1.6814250e-01
   1.7012145e-01
   1.5974464e-01
   1.7179321e-01
   1.6530362e-01
   1.6739060e-01
   1.7105566e-01
   1.6461392e-01
   1.6330956e-01
   1.5931151e-01
   1.7028297e-01
   1.6893004e-01
   1.6896609e-01
   1.6686175e-01
   1.6144324e-01
   1.6806092e-01
   1.5968830e-01
   1.6563476e-01
   1.6950107e-01
   1.6170661e-01
   1.7228908e-01
   1.6567121e-01
   1.6530522e-01
   1.7158126e-01
   1.6508880e-01
   1.6928767e-01
   1.7616116e-01
   1.6776211e-01
   1.6262929e-01
   1.6458342e-01
   1.6550784e-01
   1.6634801e-01
   1.6394949e-01
   1.7036140e-01
   1.6387542e-01
   1.6499107e-01
   1.6394939e-01
   1.6338165e-01
   1.5830503e-01
   1.5915650e-01
   1.7139414e-01
   1.6828899e-01
   1.7587650e-01
   1.6229576e-01
   1.6057324e-01
   1.7034156e-01
   1.6160028e-01
   1.6415918e-01
   1.6876345e-01
   1.6297830e-01
   1.6842114e-01
   1.6920558e-01
   1.7117764e-01
   1.7127599e-01
   1.5741243e-01
   1.7041999e-01
   1.6287676e-01
   1.6250353e-01
   1.6231560e-01
   1.7396218e-01
   1.6314399e-01
   1.6290782e-01
   1.6155125e-01
   1.6714749e-01
   1.6714073e-01
   1.6236331e-01
   1.7018000e-01
   1.6092986e-01
   1.6223346e-01
   1.6511184e-01
   1.6746325e-01
   1.6266389e-01
   1.6319373e-01
   1.7061201e-01
   1.6823561e-01
   1.6851702e-01
   1.6611195e-01
   1.6129983e-01
   1.6771546e-01
   1.6604345e-01
   1.6105796e-01
   1.7226674e-01
   1.6956279e-01
   1.7172508e-01
   1.6329323e-01
   1.6085299e-01
   1.6924481e-01
   1.7245429e-01
   1.6290052e-01
   1.6612141e-01
   1.6896758e-01
   1.5947851e-01
   1.6103408e-01
   1.6245218e-01
   1.6547913e-01
   1.6129539e-01
   1.6754162e-01
   1.6241818e-01
   1.6473757e-01
   1.7094757e-01
   1.7322807e-01
   1.6873902e-01
   1.7239799e-01
   1.6764283e-01
   1.6216234e-01
   1.6265067e-01
   1.6132959e-01
   1.6808572e-01
   1.7082029e-01
   1.5736504e-01
   1.6180666e-01
   1.7371342e-01
   1.6163223e-01
   1.7745751e-01
   1.7458839e-01
   1.7642029e-01
   1.6471633e-01
   1.6216462e-01
   1.6851053e-01
   1.6749346e-01
   1.6044929e-01
   1.7159606e-01
   1.6818976e-01
   1.6509683e-01
   1.7157402e-01
   1.6113151e-01
   1.6105884e-01
   1.7061604e-01
   1.6221198e-01
   1.5851561e-01
   1.6275164e-01
   1.7040257e-01
   1.7093044e-01
   1.6552725e-01
   1.6470438e-01
   1.6979117e-01
   1.7469666e-01
   1.6724441e-01
   1.6682268e-01
   1.7245789e-01
   1.7127356e-01
   1.6288926e-01
   1.6530253e-01
   1.6205896e-01
   1.7062050e-01
   1.7206457e-01
   1.7129438e-01
   1.6063942e-01
   1.5884707e-01
   1.6286807e-01
   1.6635298e-01
   1.7161313e-01
   1.6832421e-01
   1.6280942e-01
