   2.0630787e-02
   2.1804135e-02
   1.7962101e-02
   1.8628227e-02
   1.8440511e-02
   2.2091753e-02
   2.1700975e-02
   2.2350784e-02
   2.3462129e-02
   2.1380076e-02
   1.9217135e-02
   1.8500923e-02
   1.7781142e-02
   2.3507092e-02
   2.1184058e-02
   2.0411729e-02
   2.1413459e-02
   2.1277002e-02
   2.2307833e-02
   2.2025463e-02
   2.2262961e-02
   1.9010240e-02
   1.8479059e-02
   2.1448478e-02
   2.0068102e-02
   1.7655329e-02
   1.9692349e-02
   2.1084597e-02
   2.0846784e-02
   1.9125093e-02
   1.8606616e-02
   2.0859553e-02
   1.8305156e-02
   2.0836699e-02
   2.3089039e-02
   1.9650360e-02
   2.2314355e-02
   2.2153432e-02
   1.9545219e-02
   2.2874344e-02
   2.2197810e-02
   1.9187911e-02
   1.8732557e-02
   1.9809180e-02
   2.1651058e-02
   2.2178372e-02
   1.9014930e-02
   1.9272215e-02
   1.9533791e-02
   2.1387441e-02
   2.2303177e-02
   2.2106616e-02
   2.2583669e-02
   1.9754623e-02
   2.0510093e-02
   2.0749118e-02
   1.8082937e-02
   1.9649491e-02
   2.2308987e-02
   1.9271444e-02
   2.1305367e-02
   2.3258139e-02
   2.3847850e-02
   2.0854150e-02
   1.9370544e-02
   1.8944478e-02
   1.9791970e-02
   1.8852948e-02
   2.1180906e-02
   2.1139366e-02
   2.3237740e-02
   1.8602880e-02
   2.2288434e-02
   2.2264531e-02
   1.9030082e-02
   2.1355234e-02
   1.9421242e-02
   2.3897247e-02
   1.8486347e-02
   2.0322612e-02
   2.0699606e-02
   2.2460126e-02
   2.3615290e-02
   2.2157304e-02
   1.8041510e-02
   2.2393882e-02
   2.0375699e-02
   1.9920581e-02
   2.0345716e-02
   2.2314003e-02
   1.8316282e-02
   2.2791952e-02
   1.8668080e-02
   2.2813424e-02
   2.2024432e-02
   2.2718616e-02
   2.1652319e-02
   1.8244805e-02
   2.2854342e-02
   2.2782307e-02
   2.2444996e-02
   2.0360357e-02
   1.8442715e-02
   2.0262552e-02
   2.2023027e-02
   1.8864468e-02
   2.0902839e-02
   1.9262940e-02
   1.8799278e-02
   2.0055097e-02
   2.3319515e-02
   1.8905365e-02
   2.2567018e-02
   2.3308423e-02
   2.2941176e-02
   2.0198601e-02
   2.2438240e-02
   1.8583057e-02
   2.3551546e-02
   1.8735453e-02
   1.9220485e-02
   1.8881715e-02
   2.1429915e-02
   2.0391747e-02
   2.4018467e-02
   1.8109663e-02
   2.2835934e-02
   1.9018016e-02
   2.2767143e-02
   2.3511473e-02
   2.2274172e-02
   2.2138872e-02
   2.1165173e-02
   2.2316810e-02
   2.2590180e-02
   1.8782984e-02
   1.8587089e-02
   1.9788354e-02
   2.1865676e-02
   2.2305434e-02
   2.0810974e-02
   2.3116596e-02
   2.0652537e-02
   1.8505880e-02
   1.9089730e-02
   1.9087216e-02
   2.2272881e-02
   2.1306117e-02
   2.0924378e-02
   1.9002058e-02
   2.0319242e-02
   1.9726015e-02
   2.1542002e-02
   1.8838071e-02
   1.9127172e-02
   1.9840995e-02
   2.0117379e-02
   2.2466062e-02
   1.9948489e-02
   1.9417046e-02
   2.3041342e-02
   2.1392079e-02
   1.9469128e-02
   1.9891023e-02
   2.2309955e-02
   2.4019226e-02
   1.8699590e-02
   2.1230405e-02
   1.8599253e-02
   1.9567279e-02
   1.9400306e-02
   2.3359901e-02
   1.8477112e-02
   1.8935053e-02
   2.1912048e-02
   1.9980977e-02
   1.9346708e-02
   2.0449337e-02
   2.2318307e-02
   2.2449898e-02
   2.2183291e-02
   2.0817387e-02
   1.7749649e-02
   2.2479421e-02
   1.8440810e-02
   2.2506175e-02
   1.9722160e-02
   2.3354164e-02
   2.2340911e-02
   1.8876102e-02
   2.2261017e-02
   1.8188241e-02
   2.0207055e-02
   2.1345553e-02
   2.2311461e-02
   2.0251320e-02
   2.1337320e-02
   2.0529842e-02
   2.0707998e-02
   2.2360294e-02
   1.9243958e-02
   1.9538114e-02
   1.9485375e-02
   2.2478267e-02
   2.2309951e-02
   2.1623065e-02
   1.8983159e-02
   2.2239206e-02
   2.1526733e-02
   1.9848952e-02
   2.1210640e-02
   2.0344433e-02
   1.9018519e-02
   1.9912056e-02
   2.4072699e-02
   2.0741886e-02
   2.2211539e-02
   1.9362933e-02
   1.9211958e-02
   2.0786024e-02
   2.2780690e-02
   2.0225844e-02
   2.2608874e-02
   2.2166830e-02
   1.8550707e-02
   1.9732776e-02
   2.0374762e-02
   2.1913630e-02
   2.0176794e-02
   1.9228056e-02
   2.0735563e-02
   2.2143548e-02
   1.9614593e-02
   2.0763031e-02
   2.0105411e-02
   1.9196962e-02
   2.0212638e-02
   2.3335199e-02
   1.8893947e-02
   1.8207559e-02
   2.2794091e-02
   2.0859945e-02
   1.8673444e-02
   2.2275804e-02
   2.2322914e-02
   2.4230029e-02
   2.0687674e-02
   2.2313019e-02
   2.1228761e-02
   1.9950531e-02
   1.8477433e-02
   1.9724613e-02
   2.2306502e-02
   1.9756163e-02
   1.9775303e-02
   1.8521880e-02
   2.1905678e-02
   2.2127251e-02
   2.2128506e-02
   2.2250383e-02
   1.8900241e-02
   2.0882741e-02
   2.0333189e-02
   2.3061524e-02
   2.2299674e-02
   2.2248743e-02
   1.8980630e-02
   2.0034056e-02
   1.8333976e-02
   2.2347833e-02
   2.2009050e-02
   1.8575316e-02
   1.8757717e-02
   2.2095347e-02
   2.0219069e-02
   2.2308106e-02
   2.2313919e-02
   2.1104495e-02
   2.0915915e-02
   2.1241969e-02
   1.8732685e-02
   1.9337624e-02
   1.8188340e-02
   2.2103793e-02
   2.2261598e-02
   2.2316292e-02
   2.0403306e-02
   2.2643788e-02
   2.0733975e-02
   2.2306323e-02
   1.8347985e-02
   1.9145055e-02
   1.9982205e-02
   1.8957428e-02
   2.0091434e-02
   2.0439755e-02
   2.2143535e-02
   1.8687963e-02
   2.0576901e-02
   1.9742985e-02
