   1.2003232e-02
   1.1868560e-02
   1.1916904e-02
   1.2250121e-02
   1.2373988e-02
   1.2347503e-02
   1.2605872e-02
   1.2873547e-02
   1.1821968e-02
   1.2177108e-02
   1.2558187e-02
   1.1764227e-02
   1.2166566e-02
   1.2585477e-02
   1.1713775e-02
   1.2507921e-02
   1.2166235e-02
   1.2531114e-02
   1.2879273e-02
   1.2278904e-02
   1.2651093e-02
   1.2165729e-02
   1.2630634e-02
   1.2034900e-02
   1.2419083e-02
   1.2459949e-02
   1.2816234e-02
   1.2396815e-02
   1.2481381e-02
   1.2864467e-02
   1.2200978e-02
   1.2325892e-02
   1.1882242e-02
   1.2276632e-02
   1.2429021e-02
   1.2231250e-02
   1.2633416e-02
   1.1846699e-02
   1.1903041e-02
   1.2352807e-02
   1.2275664e-02
   1.2047176e-02
   1.2221094e-02
   1.2796829e-02
   1.1884653e-02
   1.1724551e-02
   1.2483297e-02
   1.2348681e-02
   1.2448361e-02
   1.2571513e-02
   1.2186510e-02
   1.2356534e-02
   1.1813803e-02
   1.2795571e-02
   1.2184428e-02
   1.2241901e-02
   1.2328552e-02
   1.2063490e-02
   1.2569234e-02
   1.2404159e-02
   1.2316716e-02
   1.2246595e-02
   1.1993891e-02
   1.2640205e-02
   1.1880998e-02
   1.1727460e-02
   1.2314994e-02
   1.2269165e-02
   1.1827176e-02
   1.2709529e-02
   1.2829237e-02
   1.2648333e-02
   1.1934509e-02
   1.2165697e-02
   1.2569110e-02
   1.2467413e-02
   1.2249062e-02
   1.1756771e-02
   1.2445328e-02
   1.2191836e-02
   1.2064315e-02
   1.2266488e-02
   1.2086659e-02
   1.2842866e-02
   1.1728981e-02
   1.2224260e-02
   1.2491240e-02
   1.2281215e-02
   1.2399752e-02
   1.1827375e-02
   1.2011825e-02
   1.2264566e-02
   1.2212175e-02
   1.2031612e-02
   1.2266473e-02
   1.2325218e-02
   1.2515767e-02
   1.2835298e-02
   1.2535273e-02
   1.2287911e-02
   1.2718983e-02
   1.2601649e-02
   1.2746415e-02
   1.1960916e-02
   1.1787189e-02
   1.2544441e-02
   1.2544458e-02
   1.2390470e-02
   1.2194121e-02
   1.2123850e-02
   1.1823654e-02
   1.2834954e-02
   1.2448743e-02
   1.2104842e-02
   1.2885121e-02
   1.2421800e-02
   1.2096467e-02
   1.1733311e-02
   1.2192915e-02
   1.2307511e-02
   1.2358972e-02
   1.2276559e-02
   1.2265554e-02
   1.1809384e-02
   1.2015140e-02
   1.2498685e-02
   1.2358824e-02
   1.2578112e-02
   1.2278039e-02
   1.2549668e-02
   1.2325164e-02
   1.2671999e-02
   1.2007624e-02
   1.2225647e-02
   1.2415535e-02
   1.1931464e-02
   1.1817450e-02
   1.2343557e-02
   1.1930459e-02
   1.2554892e-02
   1.2556999e-02
   1.2879281e-02
   1.1914467e-02
   1.1759138e-02
   1.2565212e-02
   1.1715233e-02
   1.1867517e-02
   1.1822241e-02
   1.1908209e-02
   1.2322054e-02
   1.2007981e-02
   1.2396491e-02
   1.2259079e-02
   1.2296432e-02
   1.1865131e-02
   1.2634808e-02
   1.2221898e-02
   1.1832976e-02
   1.2505565e-02
   1.2298469e-02
   1.2133090e-02
   1.1712561e-02
   1.2170923e-02
   1.1818585e-02
   1.2522894e-02
   1.2451952e-02
   1.2719097e-02
   1.1711180e-02
   1.1721801e-02
   1.2546642e-02
   1.2621856e-02
   1.2145957e-02
   1.2579132e-02
   1.1772198e-02
   1.2554627e-02
   1.1833880e-02
   1.2218611e-02
   1.2406521e-02
   1.1791133e-02
   1.1898757e-02
   1.2305787e-02
   1.1837480e-02
   1.1898591e-02
   1.1724519e-02
   1.2712826e-02
   1.2768460e-02
   1.2246325e-02
   1.1928668e-02
   1.2295585e-02
   1.1802140e-02
   1.1951565e-02
   1.2716312e-02
   1.2488929e-02
   1.2048734e-02
   1.2607136e-02
   1.2637626e-02
   1.2446428e-02
   1.2878907e-02
   1.2086928e-02
   1.2661201e-02
   1.2612278e-02
   1.1800491e-02
   1.1764781e-02
   1.2661234e-02
   1.2114102e-02
   1.2591611e-02
   1.2466321e-02
   1.2132717e-02
   1.1880884e-02
   1.2301231e-02
   1.1751558e-02
   1.2179257e-02
   1.1750869e-02
   1.2006230e-02
   1.2715871e-02
   1.2174976e-02
   1.2682269e-02
   1.2088297e-02
   1.2120906e-02
   1.1855505e-02
   1.2450991e-02
   1.2293176e-02
   1.1759524e-02
   1.2591586e-02
   1.2337305e-02
   1.2326060e-02
   1.2726470e-02
   1.2692950e-02
   1.1988105e-02
   1.2599060e-02
   1.2385988e-02
   1.2278753e-02
   1.2661537e-02
   1.2402113e-02
   1.2498723e-02
   1.2016366e-02
   1.2884906e-02
   1.2203873e-02
   1.1998719e-02
   1.2070738e-02
   1.2265674e-02
   1.1963572e-02
   1.1889429e-02
   1.2642729e-02
   1.2740284e-02
   1.2860090e-02
   1.2776711e-02
   1.2540023e-02
   1.2504463e-02
   1.1937022e-02
   1.1742432e-02
   1.2213206e-02
   1.2289045e-02
   1.2664186e-02
   1.2755125e-02
   1.2274822e-02
   1.2732979e-02
   1.2394144e-02
   1.1718971e-02
   1.2194740e-02
   1.2744746e-02
   1.1811311e-02
   1.2228409e-02
   1.2498751e-02
   1.2197805e-02
   1.1820109e-02
   1.1967459e-02
   1.1919205e-02
   1.2459900e-02
   1.1918031e-02
   1.2366804e-02
   1.2497809e-02
   1.2411400e-02
   1.1894990e-02
   1.2462348e-02
   1.1813464e-02
   1.1893551e-02
   1.2067878e-02
   1.2634906e-02
   1.1756657e-02
   1.2468526e-02
   1.2387193e-02
   1.2714373e-02
   1.1737230e-02
   1.2405268e-02
   1.2160563e-02
   1.2259966e-02
   1.1971428e-02
   1.2692945e-02
   1.2689942e-02
   1.1949761e-02
   1.1810314e-02
   1.2751966e-02
   1.2061501e-02
   1.2406430e-02
   1.2588093e-02
   1.2312208e-02
   1.2189842e-02
   1.2334459e-02
   1.2754202e-02
