   1.9085446e-02
   2.0061599e-02
   1.9242306e-02
   1.8711500e-02
   2.0700377e-02
   2.0836274e-02
   1.8352890e-02
   2.0252965e-02
   1.9103951e-02
   2.1160668e-02
   2.1508019e-02
   2.1386772e-02
   1.9419707e-02
   1.9413143e-02
   2.1014820e-02
   2.1359178e-02
   2.2963195e-02
   2.1010531e-02
   1.9824177e-02
   2.1716877e-02
   1.9191626e-02
   2.1521157e-02
   1.8210469e-02
   2.1369483e-02
   2.0420374e-02
   1.8536260e-02
   2.0171832e-02
   2.0478536e-02
   1.9752655e-02
   1.8558719e-02
   1.9731822e-02
   2.0588242e-02
   2.2093008e-02
   2.0156286e-02
   1.9968024e-02
   2.1066870e-02
   2.1367307e-02
   2.1098056e-02
   2.2640282e-02
   1.9972969e-02
   1.8973498e-02
   2.1441005e-02
   1.8362264e-02
   2.2064216e-02
   2.0315915e-02
   2.0875776e-02
   2.0341470e-02
   1.8793063e-02
   2.0551547e-02
   2.0691272e-02
   1.8675674e-02
   2.1888105e-02
   2.0757396e-02
   1.9849871e-02
   1.8956069e-02
   2.1255144e-02
   2.2790880e-02
   2.1868593e-02
   2.1465783e-02
   2.1285134e-02
   2.2097300e-02
   2.0412003e-02
   1.8875906e-02
   1.8771992e-02
   2.0747822e-02
   1.9990087e-02
   1.9543164e-02
   2.0773675e-02
   1.9599150e-02
   1.9993109e-02
   1.9136859e-02
   2.1172491e-02
   2.1779829e-02
   2.1846415e-02
   2.0031760e-02
   1.9577421e-02
   2.1096414e-02
   2.1797690e-02
   1.9759498e-02
   2.1023912e-02
   1.8745844e-02
   2.2301869e-02
   2.2189186e-02
   1.9717901e-02
   1.9787997e-02
   1.9532659e-02
   2.1275602e-02
   2.0586903e-02
   2.1013775e-02
   2.0724900e-02
   2.1710119e-02
   2.1894526e-02
   2.1201307e-02
   2.0015236e-02
   2.1257694e-02
   2.0538077e-02
   2.0027171e-02
   1.8154055e-02
   1.9018762e-02
   1.8482466e-02
   1.9413688e-02
   2.0636442e-02
   2.0839614e-02
   2.1582589e-02
   2.2623830e-02
   2.0318137e-02
   1.8909008e-02
   2.1550774e-02
   2.2532087e-02
   2.0166044e-02
   1.9369151e-02
   2.0379504e-02
   2.0024445e-02
   2.1493849e-02
   2.3151986e-02
   2.2228304e-02
   1.8316398e-02
   1.9513709e-02
   1.8175343e-02
   2.0307747e-02
   2.0844030e-02
   2.0140305e-02
   2.1177196e-02
   2.2052210e-02
   2.0463165e-02
   2.0751372e-02
   2.1371212e-02
   2.1789578e-02
   2.1818347e-02
   1.9319498e-02
   2.0514852e-02
   2.0216587e-02
   1.9335402e-02
   1.9355486e-02
   2.0036072e-02
   2.1061852e-02
   2.0478030e-02
   1.8659614e-02
   2.0388331e-02
   1.8628081e-02
   1.9876755e-02
   1.8728244e-02
   2.0505529e-02
   1.9817552e-02
   2.1873431e-02
   1.8956984e-02
   1.9891585e-02
   1.8223105e-02
   1.8871464e-02
   2.0610454e-02
   1.8623076e-02
   2.3001144e-02
   2.0179371e-02
   2.1254663e-02
   2.1239404e-02
   2.0335653e-02
   1.9223859e-02
   1.9476560e-02
   2.0461877e-02
   2.0925623e-02
   1.8546340e-02
   1.8098056e-02
   1.8637010e-02
   1.9630334e-02
   2.2897214e-02
   2.0481987e-02
   2.1131367e-02
   1.9165839e-02
   2.2684734e-02
   2.0230051e-02
   2.0661958e-02
   2.1180879e-02
   2.1874106e-02
   2.1872199e-02
   2.1589260e-02
   2.1133719e-02
   2.1423465e-02
   1.8625826e-02
   1.9340043e-02
   1.9810176e-02
   2.2248421e-02
   2.0873736e-02
   1.9336590e-02
   2.1208127e-02
   1.8362317e-02
   1.8427750e-02
   2.0230259e-02
   2.1202899e-02
   1.8405188e-02
   1.9137787e-02
   2.1184090e-02
   2.2379176e-02
   2.0995975e-02
   1.9263924e-02
   1.8279035e-02
   2.2747908e-02
   1.9384689e-02
   2.2226919e-02
   2.0449008e-02
   2.0424225e-02
   2.1442634e-02
   1.9286007e-02
   2.1623123e-02
   1.9384032e-02
   2.0529902e-02
   1.9717773e-02
   2.1035313e-02
   2.2322221e-02
   2.2511369e-02
   2.1556877e-02
   1.9004419e-02
   2.1630019e-02
   1.9998304e-02
   1.8564949e-02
   1.9117031e-02
   2.1975656e-02
   1.8845330e-02
   1.8313200e-02
   2.0865439e-02
   1.7975147e-02
   1.9348158e-02
   1.9532182e-02
   2.0567809e-02
   2.0242172e-02
   1.9849710e-02
   2.0511479e-02
   2.0344594e-02
   1.8387162e-02
   2.1379659e-02
   1.8042400e-02
   2.0121083e-02
   2.0320762e-02
   2.1048741e-02
   2.1322934e-02
   2.0670941e-02
   2.0930873e-02
   2.1513759e-02
   1.9116760e-02
   2.1661706e-02
   1.9439709e-02
   2.0774805e-02
   2.0220422e-02
   2.2562633e-02
   2.0750991e-02
   2.0157749e-02
   2.0024734e-02
   1.9487522e-02
   2.0351668e-02
   2.1762172e-02
   2.2139570e-02
   1.9383511e-02
   2.0878062e-02
   2.0498271e-02
   2.0470072e-02
   1.9236491e-02
   1.8745174e-02
   2.0371892e-02
   1.9872367e-02
   2.1587848e-02
   2.2117437e-02
   2.0258579e-02
   2.0303335e-02
   2.1249510e-02
   2.1276929e-02
   2.2236369e-02
   1.8297163e-02
   1.9317194e-02
   1.9705549e-02
   2.2103820e-02
   2.0934017e-02
   1.9381797e-02
   2.0925928e-02
   1.8941748e-02
   2.0056195e-02
   2.0243081e-02
   1.8919957e-02
   1.8880809e-02
   1.8003884e-02
   2.1980771e-02
   2.0367780e-02
   2.0102609e-02
   2.1737001e-02
   1.8982712e-02
   2.2086131e-02
   2.0374045e-02
   2.0112524e-02
   1.8740423e-02
   2.2677037e-02
   1.8999390e-02
   1.9691074e-02
   2.0416963e-02
   2.0906802e-02
   2.0610368e-02
   2.0973097e-02
   2.1323705e-02
   1.8781163e-02
   2.1273390e-02
   2.0450693e-02
   2.1285286e-02
   2.1422071e-02
