   1.4364488e-02
   1.4460406e-02
   1.3863490e-02
   1.3632401e-02
   1.3391868e-02
   1.3494028e-02
   1.3745621e-02
   1.5987493e-02
   1.5730794e-02
   1.5906985e-02
   1.4101109e-02
   1.5571307e-02
   1.4062585e-02
   1.3861608e-02
   1.3294657e-02
   1.4513423e-02
   1.3457038e-02
   1.4136409e-02
   1.4230831e-02
   1.3873327e-02
   1.5521236e-02
   1.4361655e-02
   1.5638426e-02
   1.4983621e-02
   1.4131162e-02
   1.5516217e-02
   1.5293169e-02
   1.4938051e-02
   1.6444368e-02
   1.5222130e-02
   1.4390333e-02
   1.4827692e-02
   1.3070396e-02
   1.5022648e-02
   1.4856287e-02
   1.5458244e-02
   1.5640484e-02
   1.6154186e-02
   1.5597923e-02
   1.3409912e-02
   1.4787633e-02
   1.4698081e-02
   1.4357807e-02
   1.4397845e-02
   1.5658878e-02
   1.5381652e-02
   1.4672023e-02
   1.5459579e-02
   1.3913960e-02
   1.5254714e-02
   1.5351126e-02
   1.6220227e-02
   1.5736811e-02
   1.3931103e-02
   1.6445227e-02
   1.4466908e-02
   1.4283143e-02
   1.5489928e-02
   1.4741870e-02
   1.5250340e-02
   1.6868292e-02
   1.3959998e-02
   1.3957213e-02
   1.6245545e-02
   1.5634019e-02
   1.7076851e-02
   1.5324734e-02
   1.5323055e-02
   1.5269801e-02
   1.5327068e-02
   1.6816907e-02
   1.4005765e-02
   1.3844107e-02
   1.6206466e-02
   1.3831531e-02
   1.4217430e-02
   1.6219310e-02
   1.5000556e-02
   1.5547589e-02
   1.5043284e-02
   1.5938601e-02
   1.4259024e-02
   1.5545794e-02
   1.3871847e-02
   1.5430632e-02
   1.5844920e-02
   1.3363498e-02
   1.5525882e-02
   1.5015302e-02
   1.6458638e-02
   1.6641583e-02
   1.4251111e-02
   1.5555039e-02
   1.4108420e-02
   1.2660317e-02
   1.4218563e-02
   1.4952341e-02
   1.5995987e-02
   1.3887134e-02
   1.6212037e-02
   1.4763359e-02
   1.3837598e-02
   1.5954871e-02
   1.4524949e-02
   1.6602024e-02
   1.3731944e-02
   1.5477449e-02
   1.3985525e-02
   1.5169653e-02
   1.4669074e-02
   1.5024034e-02
   1.5071053e-02
   1.4089039e-02
   1.4889303e-02
   1.7291415e-02
   1.6417078e-02
   1.5705612e-02
   1.5451014e-02
   1.5096304e-02
   1.3194749e-02
   1.5042984e-02
   1.3637340e-02
   1.6160296e-02
   1.5589694e-02
   1.5739971e-02
   1.3134892e-02
   1.3636602e-02
   1.4343550e-02
   1.5584219e-02
   1.4643738e-02
   1.5407121e-02
   1.5830634e-02
   1.5471039e-02
   1.5961722e-02
   1.5037443e-02
   1.3429670e-02
   1.4046037e-02
   1.4966896e-02
   1.4604122e-02
   1.5242213e-02
   1.4396900e-02
   1.3919799e-02
   1.3806406e-02
   1.4258539e-02
   1.5080206e-02
   1.2899413e-02
   1.5910504e-02
   1.5434944e-02
   1.4167008e-02
   1.5463638e-02
   1.6399603e-02
   1.4971000e-02
   1.4829175e-02
   1.4683308e-02
   1.4630379e-02
   1.5202749e-02
   1.5553782e-02
   1.5703738e-02
   1.3461005e-02
   1.5544816e-02
   1.6070026e-02
   1.5808264e-02
   1.5869704e-02
   1.5260274e-02
   1.6791752e-02
   1.5154845e-02
   1.3856124e-02
   1.5020360e-02
   1.5860091e-02
   1.5103211e-02
   1.3834343e-02
   1.5754417e-02
   1.2999783e-02
   1.3682510e-02
   1.5479006e-02
   1.5805057e-02
   1.4664239e-02
   1.5012089e-02
   1.4464146e-02
   1.5489756e-02
   1.3468680e-02
   1.4196866e-02
   1.5687490e-02
   1.5224249e-02
   1.3964386e-02
   1.4499816e-02
   1.5799849e-02
   1.4221913e-02
   1.3692664e-02
   1.5726500e-02
   1.5842659e-02
   1.5222128e-02
   1.3388710e-02
   1.6163499e-02
   1.6521105e-02
   1.5243565e-02
   1.6902208e-02
   1.5157935e-02
   1.6074650e-02
   1.5659956e-02
   1.5801391e-02
   1.4432568e-02
   1.6297675e-02
   1.4672050e-02
   1.4330529e-02
   1.5235949e-02
   1.5021506e-02
   1.5250943e-02
   1.3857125e-02
   1.4183795e-02
   1.4834371e-02
   1.7150534e-02
   1.4851156e-02
   1.4510072e-02
   1.5520027e-02
   1.5083288e-02
   1.3868499e-02
   1.4726334e-02
   1.6389183e-02
   1.5148342e-02
   1.5474373e-02
   1.5665129e-02
   1.5571436e-02
   1.4104467e-02
   1.4594711e-02
   1.4564316e-02
   1.4860932e-02
   1.5307651e-02
   1.6177599e-02
   1.6212358e-02
   1.3457985e-02
   1.5831803e-02
   1.5078279e-02
   1.4587929e-02
   1.5651693e-02
   1.4996487e-02
   1.5332376e-02
   1.3740124e-02
   1.5297365e-02
   1.4042545e-02
   1.4908954e-02
   1.4364992e-02
   1.4174953e-02
   1.5534422e-02
   1.4373072e-02
   1.5363705e-02
   1.3977321e-02
   1.4418035e-02
   1.4984281e-02
   1.4762553e-02
   1.5473895e-02
   1.3702209e-02
   1.4825847e-02
   1.5197541e-02
   1.3937638e-02
   1.2804964e-02
   1.5294717e-02
   1.5280552e-02
   1.4566755e-02
   1.4152180e-02
   1.5550429e-02
   1.5617980e-02
   1.5572829e-02
   1.5733770e-02
   1.3615828e-02
   1.5783159e-02
   1.5961494e-02
   1.4518264e-02
   1.5740332e-02
   1.4588367e-02
   1.3608149e-02
   1.5662216e-02
   1.4257273e-02
   1.4059592e-02
   1.4141867e-02
   1.5248112e-02
   1.5580944e-02
   1.4719833e-02
   1.5771181e-02
   1.4925004e-02
   1.5836781e-02
   1.4408928e-02
   1.3802539e-02
   1.5297275e-02
   1.5620346e-02
   1.6509208e-02
   1.3237193e-02
   1.2955339e-02
   1.2751018e-02
   1.2905519e-02
   1.5085041e-02
   1.3944347e-02
   1.5965078e-02
   1.5294405e-02
   1.5060830e-02
   1.2993235e-02
   1.4716971e-02
   1.4613198e-02
   1.6005635e-02
   1.6419176e-02
