   2.7103034e-02
   2.5585708e-02
   3.0421519e-02
   2.5136480e-02
   2.5214143e-02
   2.7507364e-02
   2.9484980e-02
   2.9067184e-02
   2.7082471e-02
   3.0153912e-02
   2.4201995e-02
   2.6492694e-02
   2.4118433e-02
   2.8919203e-02
   2.6710633e-02
   2.4952097e-02
   2.8099226e-02
   2.7375161e-02
   2.8446237e-02
   3.0675210e-02
   2.6548281e-02
   2.4538103e-02
   3.0942779e-02
   2.7775460e-02
   2.8682070e-02
   2.8758085e-02
   2.8377190e-02
   2.9509801e-02
   2.4696486e-02
   2.6967821e-02
   2.5999798e-02
   2.4625176e-02
   2.9844167e-02
   2.4020559e-02
   3.0057934e-02
   3.0611777e-02
   2.5187349e-02
   2.9454723e-02
   2.4769941e-02
   2.9388427e-02
   2.6858325e-02
   2.5187482e-02
   2.7084712e-02
   2.6465688e-02
   2.6937041e-02
   2.4807228e-02
   3.2010601e-02
   2.9729566e-02
   2.8318114e-02
   2.6150224e-02
   2.6841008e-02
   2.7233895e-02
   2.8800054e-02
   2.7505818e-02
   2.6236897e-02
   2.8552692e-02
   2.4574444e-02
   2.8124566e-02
   2.4687341e-02
   2.6919153e-02
   2.7183274e-02
   2.5484636e-02
   2.7253843e-02
   2.9760771e-02
   2.7080473e-02
   2.8465661e-02
   2.8584979e-02
   3.0279460e-02
   3.0570305e-02
   2.5152921e-02
   2.8133131e-02
   2.5497193e-02
   2.8043135e-02
   2.5755452e-02
   2.7124971e-02
   2.7229112e-02
   2.4473792e-02
   2.8594279e-02
   2.9325223e-02
   2.6929616e-02
   2.8701369e-02
   2.6201717e-02
   2.6813583e-02
   2.7235768e-02
   2.4107235e-02
   2.5694586e-02
   2.7052919e-02
   2.5237835e-02
   2.7269780e-02
   2.7829342e-02
   2.6467678e-02
   2.8032522e-02
   2.5245784e-02
   2.6917382e-02
   2.7303031e-02
   2.4328955e-02
   2.5444168e-02
   2.6149774e-02
   2.7033484e-02
   2.7840677e-02
   2.7648766e-02
   2.8521892e-02
   2.6189906e-02
   2.9531797e-02
   2.8933412e-02
   2.7988569e-02
   2.4736332e-02
   2.7106055e-02
   2.5938352e-02
   3.0147295e-02
   2.9546400e-02
   2.6748884e-02
   2.7792563e-02
   3.0628927e-02
   2.8963279e-02
   3.0287640e-02
   2.4328637e-02
   2.9805572e-02
   2.8515564e-02
   2.9618630e-02
   3.0287364e-02
   2.6999825e-02
   2.5417727e-02
   3.0094344e-02
   2.8622410e-02
   2.7042387e-02
   2.7818671e-02
   2.8977228e-02
   2.7317799e-02
   2.7982831e-02
   2.7586512e-02
   2.4751050e-02
   3.0324147e-02
   2.8064854e-02
   2.8121373e-02
   2.8116811e-02
   2.5173049e-02
   2.4908336e-02
   2.4327007e-02
   2.4104604e-02
   2.9482954e-02
   2.4691558e-02
   2.7195648e-02
   2.7412072e-02
   2.7900588e-02
   2.7852908e-02
   2.8406551e-02
   2.4938202e-02
   2.6538071e-02
   2.9964209e-02
   3.1208172e-02
   2.5749514e-02
   2.4845618e-02
   3.1363622e-02
   2.7086172e-02
   2.5120433e-02
   3.0485449e-02
   2.8652950e-02
   3.0584915e-02
   2.4972267e-02
   2.4329326e-02
   2.8242022e-02
   2.8964094e-02
   2.5623742e-02
   2.5757000e-02
   2.7091291e-02
   2.8223255e-02
   2.7746298e-02
   2.6317479e-02
   2.4946681e-02
   2.9278729e-02
   2.6512509e-02
   2.7914198e-02
   2.6056918e-02
   2.6852533e-02
   2.4077979e-02
   3.0450617e-02
   2.6993002e-02
   2.5651944e-02
   2.5863010e-02
   2.8766668e-02
   2.8736292e-02
   2.8211848e-02
   2.4539436e-02
   2.7097556e-02
   2.6277725e-02
   2.7118901e-02
   2.8292997e-02
   2.8867437e-02
   2.8249562e-02
   2.7961288e-02
   2.9694422e-02
   2.9427220e-02
   2.7553433e-02
   2.7824544e-02
   2.6392736e-02
   2.5449647e-02
   2.6562222e-02
   2.5374016e-02
   2.5072707e-02
   2.5533418e-02
   2.6834071e-02
   2.5744029e-02
   2.7516416e-02
   2.8419869e-02
   2.8494696e-02
   2.5685964e-02
   2.4573192e-02
   2.5994505e-02
   2.5642388e-02
   2.6946592e-02
   2.6915386e-02
   2.5725798e-02
   2.7874539e-02
   2.5242208e-02
   2.5838133e-02
   2.4418095e-02
   2.5329248e-02
   2.8308445e-02
   2.5418143e-02
   2.6453376e-02
   2.7430320e-02
   2.3974234e-02
   2.5904710e-02
   3.0585127e-02
   2.7052671e-02
   2.7718657e-02
   2.4768551e-02
   2.8513780e-02
   2.8197709e-02
   2.5075653e-02
   2.7344497e-02
   2.5885237e-02
   2.7797686e-02
   2.4738093e-02
   2.9891825e-02
   2.8830201e-02
   2.8476625e-02
   2.6158123e-02
   3.0699614e-02
   2.6876771e-02
   2.4902212e-02
   2.4897879e-02
   3.1404057e-02
   2.7364428e-02
   2.7116961e-02
   2.5260093e-02
   2.8157280e-02
   2.8566354e-02
   2.8136444e-02
   2.6565591e-02
   2.8361663e-02
   2.7884619e-02
   2.6578209e-02
   2.9493987e-02
   3.0097054e-02
   2.6764347e-02
   2.6824891e-02
   2.6524671e-02
   2.8087631e-02
   2.7696357e-02
   2.5160958e-02
   2.7724143e-02
   3.0121924e-02
   2.8333313e-02
   3.0549775e-02
   2.8233951e-02
   3.0570194e-02
   3.0157158e-02
   2.8549428e-02
   2.4555549e-02
   2.7592819e-02
   2.8154939e-02
   2.7319210e-02
   2.8129036e-02
   2.7656810e-02
   3.0050288e-02
   3.1225769e-02
   2.7711524e-02
   2.8517296e-02
   2.8646625e-02
   2.7993187e-02
   2.5989456e-02
   3.0202933e-02
   2.7639060e-02
   2.9585312e-02
   2.6846368e-02
   2.7617254e-02
   2.4871946e-02
   2.7108081e-02
   2.6909828e-02
   2.8776933e-02
   2.9829992e-02
   2.8924097e-02
   2.5295250e-02
   2.7956428e-02
   2.7568746e-02
   2.8825530e-02
   2.6963004e-02
   2.8014758e-02
