   1.7512449e-01
   1.7307531e-01
   1.8552034e-01
   1.8774013e-01
   1.7201626e-01
   1.6679387e-01
   1.8533979e-01
   1.9211241e-01
   1.7857791e-01
   1.9007607e-01
   1.7540865e-01
   1.9525186e-01
   1.6742700e-01
   1.7238381e-01
   1.7060493e-01
   1.7053814e-01
   1.8040668e-01
   1.8093119e-01
   1.6424945e-01
   1.7531148e-01
   1.8434392e-01
   1.7162538e-01
   1.8131242e-01
   1.6972565e-01
   1.7358500e-01
   1.7785938e-01
   1.8427217e-01
   1.6784484e-01
   1.7410649e-01
   1.9031258e-01
   1.6551131e-01
   1.7514596e-01
   1.7498909e-01
   1.8593343e-01
   1.8867132e-01
   1.7886222e-01
   1.8788112e-01
   1.7513020e-01
   1.8642727e-01
   1.9071419e-01
   1.6899240e-01
   1.6885381e-01
   1.8820785e-01
   1.7830969e-01
   1.7882142e-01
   1.6748435e-01
   1.6798806e-01
   1.6927278e-01
   1.9219288e-01
   1.8642319e-01
   1.6734961e-01
   1.6797470e-01
   1.7948378e-01
   1.7139593e-01
   1.7242930e-01
   1.6997154e-01
   1.8244715e-01
   1.6564432e-01
   1.7738738e-01
   1.8510008e-01
   1.9227589e-01
   1.6949208e-01
   1.6781170e-01
   1.7412011e-01
   1.8068474e-01
   1.9397693e-01
   1.6529223e-01
   1.7540237e-01
   1.6603727e-01
   1.7374619e-01
   1.8418781e-01
   1.7459878e-01
   1.6512423e-01
   1.6452489e-01
   1.8898972e-01
   1.8468781e-01
   1.6728617e-01
   1.8664153e-01
   1.7026616e-01
   1.8885962e-01
   1.8696388e-01
   1.8842679e-01
   1.7000066e-01
   1.8594313e-01
   1.7370317e-01
   1.6592856e-01
   1.6802920e-01
   1.7402212e-01
   1.6970286e-01
   1.7590464e-01
   1.7147804e-01
   1.7327905e-01
   1.9000481e-01
   1.7214650e-01
   1.7753751e-01
   1.6426788e-01
   1.7511741e-01
   1.8877752e-01
   1.7945826e-01
   1.7568395e-01
   1.6991139e-01
   1.8046038e-01
   1.7819552e-01
   1.6339759e-01
   1.7697842e-01
   1.6909656e-01
   1.7268678e-01
   1.6626991e-01
   1.7273659e-01
   1.7410549e-01
   1.8432824e-01
   1.8899108e-01
   1.8796170e-01
   1.8121434e-01
   1.7661483e-01
   1.7476244e-01
   1.7113251e-01
   1.6849640e-01
   1.7304209e-01
   1.6417880e-01
   1.6512374e-01
   1.6636656e-01
   1.8375060e-01
   1.7531189e-01
   1.8695012e-01
   1.6499041e-01
   1.7059595e-01
   1.7932419e-01
   1.7030467e-01
   1.6520217e-01
   1.6734240e-01
   1.8006355e-01
   1.8511246e-01
   1.8284473e-01
   1.7651972e-01
   1.7418029e-01
   1.8320983e-01
   1.7134187e-01
   1.7093679e-01
   1.6707394e-01
   1.7241178e-01
   1.9394470e-01
   1.6751178e-01
   1.7495981e-01
   1.6971870e-01
   1.7634055e-01
   1.7762601e-01
   1.8659333e-01
   1.6589905e-01
   1.8570789e-01
   1.6302031e-01
   1.7253168e-01
   1.7162767e-01
   1.7210407e-01
   1.6917218e-01
   1.7064569e-01
   1.7012629e-01
   1.7047419e-01
   1.8356993e-01
   1.6804866e-01
   1.8133058e-01
   1.8536809e-01
   1.6783876e-01
   1.8047161e-01
   1.7473705e-01
   1.6604987e-01
   1.8985518e-01
   1.9216215e-01
   1.6970329e-01
   1.6868213e-01
   1.6539291e-01
   1.7813856e-01
   1.7033071e-01
   1.7498618e-01
   1.6910729e-01
   1.6903025e-01
   1.8678678e-01
   1.8387919e-01
   1.6728830e-01
   1.7121503e-01
   1.7421290e-01
   1.8346729e-01
   1.7615246e-01
   1.8078107e-01
   1.8867640e-01
   1.8420590e-01
   1.7118012e-01
   1.7308407e-01
   1.6969718e-01
   1.6818179e-01
   1.7405216e-01
   1.7936888e-01
   1.7600616e-01
   1.8532550e-01
   1.7664970e-01
   1.6518547e-01
   1.7187939e-01
   1.6930756e-01
   1.7230310e-01
   1.8736848e-01
   1.8430726e-01
   1.6994531e-01
   1.7433018e-01
   1.6960721e-01
   1.7548595e-01
   1.8277660e-01
   1.7414671e-01
   1.7849490e-01
   1.6861767e-01
   1.7176886e-01
   1.6622363e-01
   1.6691530e-01
   1.7028046e-01
   1.8292832e-01
   1.6929255e-01
   1.7801992e-01
   1.8552767e-01
   1.6766588e-01
   1.8023911e-01
   1.7419996e-01
   1.6372173e-01
   1.9125314e-01
   1.8965107e-01
   1.8434854e-01
   1.8185507e-01
   1.8701825e-01
   1.7831986e-01
   1.6843091e-01
   1.7364017e-01
   1.7322747e-01
   1.7705537e-01
   1.6599474e-01
   1.7584019e-01
   1.7676176e-01
   1.6740925e-01
   1.7005002e-01
   1.7329871e-01
   1.7352302e-01
   1.7231779e-01
   1.7313495e-01
   1.7550584e-01
   1.8510663e-01
   1.6406102e-01
   1.6974521e-01
   1.7619752e-01
   1.7946270e-01
   1.7595572e-01
   1.7168872e-01
   1.7920652e-01
   1.6679246e-01
   1.7614319e-01
   1.6802838e-01
   1.8708940e-01
   1.7297374e-01
   1.8223797e-01
   1.7372012e-01
   1.8354829e-01
   1.7568497e-01
   1.7187752e-01
   1.6518626e-01
   1.6399010e-01
   1.6999124e-01
   1.9168761e-01
   1.8692364e-01
   1.7177999e-01
   1.6968203e-01
   1.7287511e-01
   1.6583721e-01
   1.6860323e-01
   1.6946148e-01
   1.7611333e-01
   1.7483055e-01
   1.7188262e-01
   1.6705492e-01
   1.7709945e-01
   1.7468349e-01
   1.6649792e-01
   1.7980782e-01
   1.7509292e-01
   1.6827023e-01
   1.7739310e-01
   1.7838424e-01
   1.6740524e-01
   1.7028526e-01
   1.6684712e-01
   1.6888736e-01
   1.7127708e-01
   1.8932992e-01
   1.8352639e-01
   1.7701333e-01
   1.7017553e-01
   1.7007614e-01
   1.8606785e-01
   1.7378460e-01
   1.7920952e-01
   1.7601053e-01
   1.8090020e-01
   1.8519266e-01
   1.7936009e-01
   1.7594727e-01
