   1.8198994e-02
   1.8138217e-02
   1.8687111e-02
   1.8001823e-02
   1.8206799e-02
   1.8111900e-02
   1.8471863e-02
   1.7821033e-02
   1.7847864e-02
   1.8120702e-02
   1.8250209e-02
   1.8111172e-02
   1.8712144e-02
   1.8256977e-02
   1.8210535e-02
   1.8520057e-02
   1.8651424e-02
   1.8308815e-02
   1.8331576e-02
   1.8132901e-02
   1.8267880e-02
   1.8153642e-02
   1.8173786e-02
   1.8221303e-02
   1.8208888e-02
   1.8128517e-02
   1.8369710e-02
   1.8340888e-02
   1.8240473e-02
   1.8260573e-02
   1.8328038e-02
   1.8310786e-02
   1.7834594e-02
   1.8119186e-02
   1.8321661e-02
   1.7759904e-02
   1.7710041e-02
   1.8173821e-02
   1.8275770e-02
   1.8129125e-02
   1.8132155e-02
   1.8727977e-02
   1.8092156e-02
   1.8159735e-02
   1.8179192e-02
   1.8082417e-02
   1.8138140e-02
   1.8052127e-02
   1.8343573e-02
   1.8545368e-02
   1.8053552e-02
   1.8116945e-02
   1.8342493e-02
   1.7887286e-02
   1.8788785e-02
   1.8221046e-02
   1.8134624e-02
   1.8099982e-02
   1.8172426e-02
   1.7858823e-02
   1.8274440e-02
   1.8685396e-02
   1.8134324e-02
   1.8724693e-02
   1.8477433e-02
   1.7791912e-02
   1.8275627e-02
   1.8624978e-02
   1.8208778e-02
   1.8115691e-02
   1.8130661e-02
   1.8349642e-02
   1.8369442e-02
   1.8426612e-02
   1.8211604e-02
   1.8407463e-02
   1.7832275e-02
   1.8622332e-02
   1.7710715e-02
   1.7650943e-02
   1.8338765e-02
   1.8020899e-02
   1.8122951e-02
   1.8236320e-02
   1.8092910e-02
   1.8107131e-02
   1.8403914e-02
   1.7922823e-02
   1.8560989e-02
   1.8369536e-02
   1.8635702e-02
   1.8145283e-02
   1.8472961e-02
   1.8083112e-02
   1.8535885e-02
   1.8718190e-02
   1.7724023e-02
   1.8251179e-02
   1.8117587e-02
   1.8461007e-02
   1.8397725e-02
   1.7895701e-02
   1.8278533e-02
   1.7641593e-02
   1.7794237e-02
   1.8422888e-02
   1.7736636e-02
   1.8222233e-02
   1.8349123e-02
   1.8261063e-02
   1.8072249e-02
   1.8497303e-02
   1.8432328e-02
   1.8581829e-02
   1.8013770e-02
   1.7931146e-02
   1.8580482e-02
   1.8170549e-02
   1.8115662e-02
   1.7652355e-02
   1.8019071e-02
   1.8382925e-02
   1.8114817e-02
   1.8704656e-02
   1.8259261e-02
   1.8148165e-02
   1.8276467e-02
   1.8586533e-02
   1.8482981e-02
   1.8123164e-02
   1.8671792e-02
   1.8357500e-02
   1.8204330e-02
   1.8516701e-02
   1.8034526e-02
   1.8092398e-02
   1.8405510e-02
   1.7838074e-02
   1.7957590e-02
   1.8502610e-02
   1.8078224e-02
   1.7882712e-02
   1.7651685e-02
   1.8385247e-02
   1.8099107e-02
   1.8462463e-02
   1.7969971e-02
   1.8207449e-02
   1.7830840e-02
   1.8501095e-02
   1.8352082e-02
   1.7775859e-02
   1.8141546e-02
   1.8377859e-02
   1.7842750e-02
   1.7874857e-02
   1.8509104e-02
   1.8461545e-02
   1.8162892e-02
   1.8092563e-02
   1.8315031e-02
   1.8230882e-02
   1.8453527e-02
   1.8098152e-02
   1.7933935e-02
   1.8130907e-02
   1.7875759e-02
   1.8248163e-02
   1.8283050e-02
   1.8396242e-02
   1.7948307e-02
   1.8347737e-02
   1.8114298e-02
   1.8683642e-02
   1.8032291e-02
   1.8285171e-02
   1.8252669e-02
   1.8214861e-02
   1.8041666e-02
   1.8132804e-02
   1.8276719e-02
   1.8196942e-02
   1.8309843e-02
   1.8184441e-02
   1.8007809e-02
   1.8355642e-02
   1.7963368e-02
   1.8135381e-02
   1.8122617e-02
   1.8046466e-02
   1.7966451e-02
   1.7660022e-02
   1.8257894e-02
   1.8331399e-02
   1.8274392e-02
   1.8111677e-02
   1.8112328e-02
   1.8091000e-02
   1.8377313e-02
   1.8608285e-02
   1.8301989e-02
   1.8002125e-02
   1.8755464e-02
   1.8183467e-02
   1.8055223e-02
   1.8358130e-02
   1.7713956e-02
   1.8074131e-02
   1.7980788e-02
   1.8281277e-02
   1.8154493e-02
   1.8059997e-02
   1.7855383e-02
   1.8440385e-02
   1.8121628e-02
   1.8689359e-02
   1.8301828e-02
   1.8232135e-02
   1.8096980e-02
   1.7929116e-02
   1.7951816e-02
   1.8589473e-02
   1.8458358e-02
   1.8378421e-02
   1.8237458e-02
   1.8539568e-02
   1.8201211e-02
   1.8719304e-02
   1.8393810e-02
   1.8145577e-02
   1.8159390e-02
   1.8291174e-02
   1.8645086e-02
   1.8271370e-02
   1.7968461e-02
   1.8802425e-02
   1.7690877e-02
   1.7983439e-02
   1.8335859e-02
   1.7929828e-02
   1.8185791e-02
   1.7998312e-02
   1.8674693e-02
   1.7850051e-02
   1.8345526e-02
   1.8206103e-02
   1.8134187e-02
   1.8745546e-02
   1.8040658e-02
   1.8299719e-02
   1.8719247e-02
   1.8392711e-02
   1.8691754e-02
   1.8523950e-02
   1.8144480e-02
   1.8350728e-02
   1.8182746e-02
   1.8288147e-02
   1.8218405e-02
   1.8230534e-02
   1.8038349e-02
   1.8278073e-02
   1.8488185e-02
   1.8096050e-02
   1.8648899e-02
   1.8132713e-02
   1.8283931e-02
   1.8667201e-02
   1.8164620e-02
   1.8229082e-02
   1.8761070e-02
   1.8660983e-02
   1.8146362e-02
   1.7939895e-02
   1.8207441e-02
   1.7895238e-02
   1.8183317e-02
   1.8196669e-02
   1.8455820e-02
   1.8248051e-02
   1.8098151e-02
   1.8158874e-02
   1.8149436e-02
   1.8299061e-02
   1.8537039e-02
   1.8234055e-02
   1.8672589e-02
   1.8069701e-02
   1.8741775e-02
   1.8397341e-02
   1.8025933e-02
   1.7789610e-02
   1.8181767e-02
   1.8143568e-02
   1.8310182e-02
   1.8712287e-02
   1.8234662e-02
   1.7966552e-02
   1.8100385e-02
   1.8375473e-02
