   1.8725884e-02
   1.9384548e-02
   1.9058233e-02
   1.8549226e-02
   1.9448371e-02
   1.9300482e-02
   1.9229289e-02
   1.8089384e-02
   1.9005203e-02
   1.8428936e-02
   1.9179069e-02
   1.8022133e-02
   1.8359945e-02
   1.8620055e-02
   1.9027908e-02
   1.8685672e-02
   1.8646185e-02
   1.9370685e-02
   1.8418646e-02
   1.8480496e-02
   1.8009864e-02
   1.8709746e-02
   1.8066704e-02
   1.9500436e-02
   1.9315589e-02
   1.9162288e-02
   1.8260016e-02
   1.9556286e-02
   1.7997497e-02
   1.8694527e-02
   1.8559459e-02
   1.8072887e-02
   1.8413439e-02
   1.9390422e-02
   1.8039781e-02
   1.8498678e-02
   1.9532955e-02
   1.9106919e-02
   1.8298783e-02
   1.8276181e-02
   1.8262519e-02
   1.9163977e-02
   1.8937318e-02
   1.9157922e-02
   1.9009024e-02
   1.8899475e-02
   1.9513561e-02
   1.9524656e-02
   1.8681519e-02
   1.9496598e-02
   1.8470625e-02
   1.9516440e-02
   1.8067205e-02
   1.8845299e-02
   1.9207658e-02
   1.8423807e-02
   1.8973557e-02
   1.9398277e-02
   1.8374657e-02
   1.8899966e-02
   1.8313288e-02
   1.8259771e-02
   1.9176942e-02
   1.8114513e-02
   1.9198135e-02
   1.8346902e-02
   1.8885335e-02
   1.8156793e-02
   1.9460882e-02
   1.8263866e-02
   1.9479725e-02
   1.9194750e-02
   1.9172215e-02
   1.8963220e-02
   1.8387340e-02
   1.8964863e-02
   1.8607633e-02
   1.9044758e-02
   1.9312712e-02
   1.7974077e-02
   1.9610049e-02
   1.9179798e-02
   1.8860851e-02
   1.8855207e-02
   1.8889965e-02
   1.8133520e-02
   1.8635953e-02
   1.8225744e-02
   1.9579617e-02
   1.9471782e-02
   1.9137883e-02
   1.8164578e-02
   1.8180754e-02
   1.9167277e-02
   1.8832034e-02
   1.8279393e-02
   1.9573947e-02
   1.8896095e-02
   1.8277060e-02
   1.8382064e-02
   1.8924104e-02
   1.9058375e-02
   1.9078981e-02
   1.9215783e-02
   1.9134458e-02
   1.8947392e-02
   1.8069057e-02
   1.8515469e-02
   1.8054708e-02
   1.8288844e-02
   1.8410603e-02
   1.8742073e-02
   1.8927771e-02
   1.8389381e-02
   1.8073253e-02
   1.9382294e-02
   1.8291835e-02
   1.9516646e-02
   1.9351349e-02
   1.8012181e-02
   1.8613746e-02
   1.9253410e-02
   1.9567541e-02
   1.8797293e-02
   1.9261215e-02
   1.8141358e-02
   1.8239092e-02
   1.7982885e-02
   1.8487861e-02
   1.8529418e-02
   1.9203820e-02
   1.8269441e-02
   1.8440235e-02
   1.9203295e-02
   1.9185663e-02
   1.8882019e-02
   1.9045005e-02
   1.8318146e-02
   1.8498463e-02
   1.9356121e-02
   1.9473391e-02
   1.8151538e-02
   1.8723206e-02
   1.8646288e-02
   1.8626477e-02
   1.8438773e-02
   1.8556586e-02
   1.9133181e-02
   1.8468415e-02
   1.8791538e-02
   1.8453887e-02
   1.9560487e-02
   1.9315594e-02
   1.9607825e-02
   1.8619396e-02
   1.8825165e-02
   1.9500185e-02
   1.9093683e-02
   1.9404740e-02
   1.9572132e-02
   1.8949620e-02
   1.9583538e-02
   1.8810336e-02
   1.8645937e-02
   1.8320687e-02
   1.9466898e-02
   1.8557319e-02
   1.8098300e-02
   1.8144970e-02
   1.8352012e-02
   1.8923641e-02
   1.9168700e-02
   1.8561311e-02
   1.9487328e-02
   1.8881620e-02
   1.8813422e-02
   1.9483531e-02
   1.9184167e-02
   1.8971490e-02
   1.8104664e-02
   1.9028411e-02
   1.8259825e-02
   1.9565794e-02
   1.9348569e-02
   1.9421489e-02
   1.9453636e-02
   1.9479486e-02
   1.9185149e-02
   1.9141775e-02
   1.9449151e-02
   1.8679462e-02
   1.8511229e-02
   1.8853595e-02
   1.8359398e-02
   1.7997760e-02
   1.8082357e-02
   1.8695949e-02
   1.9531319e-02
   1.8185522e-02
   1.9259938e-02
   1.8740097e-02
   1.8523628e-02
   1.8198145e-02
   1.9207093e-02
   1.9466649e-02
   1.9118405e-02
   1.8938699e-02
   1.9485322e-02
   1.8099061e-02
   1.8291980e-02
   1.9481701e-02
   1.8598516e-02
   1.9054277e-02
   1.9480813e-02
   1.8516704e-02
   1.8374347e-02
   1.8051946e-02
   1.9464851e-02
   1.8692221e-02
   1.8867251e-02
   1.9339726e-02
   1.8735251e-02
   1.8140646e-02
   1.8602098e-02
   1.9471610e-02
   1.8193279e-02
   1.8296439e-02
   1.8714541e-02
   1.8862812e-02
   1.9142997e-02
   1.8718814e-02
   1.9291559e-02
   1.8974997e-02
   1.8111075e-02
   1.8819216e-02
   1.8031065e-02
   1.7995064e-02
   1.8689687e-02
   1.8467760e-02
   1.8297681e-02
   1.8446428e-02
   1.8353797e-02
   1.9507728e-02
   1.7969656e-02
   1.9357027e-02
   1.8588137e-02
   1.8867415e-02
   1.9088053e-02
   1.8748988e-02
   1.8598859e-02
   1.9035254e-02
   1.8781909e-02
   1.9519846e-02
   1.8759806e-02
   1.8694170e-02
   1.8234744e-02
   1.8791677e-02
   1.8291887e-02
   1.9350785e-02
   1.9191865e-02
   1.8313568e-02
   1.9365332e-02
   1.8754143e-02
   1.8551760e-02
   1.9068037e-02
   1.8498956e-02
   1.8873294e-02
   1.8938859e-02
   1.9502408e-02
   1.8775752e-02
   1.8441559e-02
   1.9199464e-02
   1.8468054e-02
   1.7978968e-02
   1.9348047e-02
   1.8775121e-02
   1.8544299e-02
   1.8362327e-02
   1.8927565e-02
   1.8888363e-02
   1.8263311e-02
   1.9125202e-02
   1.8720942e-02
   1.8379868e-02
   1.9320810e-02
   1.8127644e-02
   1.8143723e-02
   1.8715666e-02
   1.9587352e-02
   1.9125286e-02
   1.9049415e-02
   1.9531593e-02
   1.8379465e-02
   1.8681586e-02
   1.7978799e-02
   1.8543320e-02
   1.8726053e-02
   1.8066806e-02
   1.8318296e-02
   1.9150361e-02
