   1.7941864e-01
   1.7565892e-01
   1.6969900e-01
   1.8375865e-01
   1.8404226e-01
   1.8411058e-01
   1.7446174e-01
   1.7503295e-01
   1.7669122e-01
   1.7122093e-01
   1.7170265e-01
   1.7815499e-01
   1.6976964e-01
   1.7833844e-01
   1.7070941e-01
   1.7187949e-01
   1.7185950e-01
   1.7364522e-01
   1.7339525e-01
   1.7736511e-01
   1.7907025e-01
   1.7854692e-01
   1.7895295e-01
   1.8332099e-01
   1.8065373e-01
   1.7696617e-01
   1.7255645e-01
   1.7409030e-01
   1.7587444e-01
   1.7916366e-01
   1.7891071e-01
   1.8022326e-01
   1.7988545e-01
   1.7847458e-01
   1.7004148e-01
   1.7111326e-01
   1.8215259e-01
   1.6882290e-01
   1.8229461e-01
   1.8158814e-01
   1.7904146e-01
   1.7243105e-01
   1.7306153e-01
   1.7043135e-01
   1.7941742e-01
   1.7948665e-01
   1.7605489e-01
   1.8402794e-01
   1.8340857e-01
   1.7941244e-01
   1.8162087e-01
   1.7562307e-01
   1.7334110e-01
   1.7072413e-01
   1.7408506e-01
   1.8076050e-01
   1.7520604e-01
   1.7837997e-01
   1.7887474e-01
   1.6894693e-01
   1.8092276e-01
   1.8297988e-01
   1.7897787e-01
   1.7400206e-01
   1.8591904e-01
   1.7726981e-01
   1.8131382e-01
   1.7213076e-01
   1.8450218e-01
   1.7735781e-01
   1.7281118e-01
   1.7254089e-01
   1.7886217e-01
   1.8393758e-01
   1.7938243e-01
   1.7238717e-01
   1.7746121e-01
   1.8688924e-01
   1.7955708e-01
   1.7081645e-01
   1.6898926e-01
   1.7787501e-01
   1.6917688e-01
   1.7823482e-01
   1.8291201e-01
   1.7354496e-01
   1.7941901e-01
   1.7615995e-01
   1.7198811e-01
   1.7338376e-01
   1.7689367e-01
   1.6898532e-01
   1.8270033e-01
   1.7136517e-01
   1.7700426e-01
   1.7072862e-01
   1.7764475e-01
   1.8383141e-01
   1.7871702e-01
   1.8345113e-01
   1.6980843e-01
   1.8351837e-01
   1.8158009e-01
   1.7480452e-01
   1.8349035e-01
   1.8383549e-01
   1.8740172e-01
   1.7523183e-01
   1.7637948e-01
   1.6973779e-01
   1.7318776e-01
   1.7189842e-01
   1.7687930e-01
   1.7365976e-01
   1.8385488e-01
   1.8105041e-01
   1.7711755e-01
   1.7853947e-01
   1.7108833e-01
   1.7174564e-01
   1.7044218e-01
   1.7072789e-01
   1.8256459e-01
   1.6826045e-01
   1.7105235e-01
   1.7447154e-01
   1.6959594e-01
   1.8390583e-01
   1.7480959e-01
   1.8202997e-01
   1.7174595e-01
   1.7044504e-01
   1.7586227e-01
   1.7508881e-01
   1.7109141e-01
   1.8176387e-01
   1.7841395e-01
   1.6990601e-01
   1.7872884e-01
   1.7748619e-01
   1.7561686e-01
   1.7907666e-01
   1.8185848e-01
   1.6981304e-01
   1.6935070e-01
   1.7726629e-01
   1.7597415e-01
   1.8349348e-01
   1.7372017e-01
   1.7839582e-01
   1.7833189e-01
   1.8287681e-01
   1.8454719e-01
   1.8762974e-01
   1.7690987e-01
   1.7689960e-01
   1.7150174e-01
   1.8402151e-01
   1.7831556e-01
   1.8382493e-01
   1.8017417e-01
   1.7523868e-01
   1.7773501e-01
   1.7966114e-01
   1.8030944e-01
   1.8453451e-01
   1.8615438e-01
   1.8135312e-01
   1.6847538e-01
   1.7786173e-01
   1.6872895e-01
   1.8379278e-01
   1.7103487e-01
   1.7535353e-01
   1.8461189e-01
   1.7815724e-01
   1.7989379e-01
   1.7609357e-01
   1.8220276e-01
   1.7514398e-01
   1.7090359e-01
   1.7789842e-01
   1.6847798e-01
   1.7008850e-01
   1.8056563e-01
   1.7106218e-01
   1.7310243e-01
   1.7882122e-01
   1.7357714e-01
   1.8003298e-01
   1.7247432e-01
   1.7739745e-01
   1.8756500e-01
   1.7865565e-01
   1.7293778e-01
   1.7948908e-01
   1.7284148e-01
   1.7674031e-01
   1.8459964e-01
   1.7781306e-01
   1.8013630e-01
   1.7909319e-01
   1.7126237e-01
   1.7670867e-01
   1.8185741e-01
   1.7412344e-01
   1.6990873e-01
   1.7924118e-01
   1.7013511e-01
   1.7439821e-01
   1.7339454e-01
   1.7477777e-01
   1.7428872e-01
   1.6921718e-01
   1.7357476e-01
   1.7195705e-01
   1.8053884e-01
   1.7159669e-01
   1.6835300e-01
   1.7653048e-01
   1.7229465e-01
   1.8109098e-01
   1.7535825e-01
   1.8247017e-01
   1.7899810e-01
   1.8167529e-01
   1.7354643e-01
   1.7639523e-01
   1.8195809e-01
   1.7138617e-01
   1.7687953e-01
   1.7683983e-01
   1.7562535e-01
   1.7848499e-01
   1.7307416e-01
   1.7130635e-01
   1.7668017e-01
   1.7098508e-01
   1.7934560e-01
   1.7751448e-01
   1.7510271e-01
   1.7149380e-01
   1.7431035e-01
   1.7803317e-01
   1.7479834e-01
   1.8101826e-01
   1.7534094e-01
   1.8160262e-01
   1.7710656e-01
   1.7359580e-01
   1.7029816e-01
   1.7245541e-01
   1.6920869e-01
   1.8448761e-01
   1.6899665e-01
   1.7232497e-01
   1.7099737e-01
   1.7914142e-01
   1.7908169e-01
   1.7224200e-01
   1.8485626e-01
   1.7285080e-01
   1.7258393e-01
   1.6856530e-01
   1.8521787e-01
   1.7318565e-01
   1.7700553e-01
   1.6957291e-01
   1.7103359e-01
   1.7106863e-01
   1.7147630e-01
   1.7834337e-01
   1.8044400e-01
   1.7873642e-01
   1.7939076e-01
   1.8230795e-01
   1.7254439e-01
   1.7854276e-01
   1.7235757e-01
   1.7945530e-01
   1.7331492e-01
   1.8284066e-01
   1.7386707e-01
   1.7034248e-01
   1.7807331e-01
   1.8325303e-01
   1.7872886e-01
   1.7671082e-01
   1.6891328e-01
   1.7444393e-01
   1.7186834e-01
   1.7899628e-01
   1.8016809e-01
   1.8350227e-01
   1.8229900e-01
   1.7461060e-01
   1.7550270e-01
   1.7855438e-01
   1.8080970e-01
   1.7456141e-01
