   2.2195564e-02
   2.1445666e-02
   2.1432613e-02
   2.2441199e-02
   2.1149303e-02
   2.1115216e-02
   2.2445748e-02
   2.1008508e-02
   2.1212547e-02
   2.1631882e-02
   2.2732110e-02
   2.1077120e-02
   2.3120445e-02
   2.2425262e-02
   2.2287888e-02
   2.1632526e-02
   2.1058012e-02
   2.0942402e-02
   2.1073067e-02
   2.1158888e-02
   2.1797180e-02
   2.3621679e-02
   2.2583793e-02
   2.1834951e-02
   2.2512530e-02
   2.0917244e-02
   2.3316618e-02
   2.2128591e-02
   2.2430773e-02
   2.2702952e-02
   2.2037704e-02
   2.2648522e-02
   2.2088514e-02
   2.2615949e-02
   2.1460250e-02
   2.1016527e-02
   2.2753760e-02
   2.2190981e-02
   2.2878981e-02
   2.2498732e-02
   2.1956509e-02
   2.3284279e-02
   2.1295175e-02
   2.2922862e-02
   2.2867395e-02
   2.2316421e-02
   2.3319298e-02
   2.2553279e-02
   2.3731960e-02
   2.2505905e-02
   2.1607299e-02
   2.1054596e-02
   2.2659518e-02
   2.2087362e-02
   2.0456419e-02
   2.2468530e-02
   2.2594056e-02
   2.0994586e-02
   2.3017612e-02
   2.1731611e-02
   2.2112947e-02
   2.1406423e-02
   2.1676035e-02
   2.1117004e-02
   2.1496471e-02
   2.1553056e-02
   2.2793250e-02
   2.1362025e-02
   2.2452655e-02
   2.3442856e-02
   2.2769681e-02
   2.0721033e-02
   2.2162884e-02
   2.2871350e-02
   2.3729869e-02
   2.2117812e-02
   2.2045848e-02
   2.2446083e-02
   2.3180916e-02
   2.1546679e-02
   2.1575607e-02
   2.4006192e-02
   2.2965453e-02
   2.2287389e-02
   2.0948141e-02
   2.1609751e-02
   2.4489365e-02
   2.3415297e-02
   2.1609311e-02
   2.2689344e-02
   2.1980376e-02
   2.2055446e-02
   2.1412455e-02
   2.2076011e-02
   2.1652294e-02
   2.3601564e-02
   2.1975441e-02
   2.1880545e-02
   2.1507872e-02
   2.0800693e-02
   2.2835935e-02
   2.2647857e-02
   2.2072201e-02
   2.0876169e-02
   2.2982733e-02
   2.1792816e-02
   2.0462406e-02
   2.2184535e-02
   2.1432685e-02
   2.1680515e-02
   2.3103490e-02
   2.1149419e-02
   2.2927724e-02
   2.0432380e-02
   2.1551076e-02
   2.1899747e-02
   2.3538555e-02
   2.2508729e-02
   2.1655715e-02
   2.3475598e-02
   2.3734095e-02
   2.1635951e-02
   2.2713460e-02
   2.0814478e-02
   2.0924538e-02
   2.1900382e-02
   2.1629977e-02
   2.1811588e-02
   2.0912686e-02
   2.1048869e-02
   2.1015184e-02
   2.2347272e-02
   2.1842691e-02
   2.1246517e-02
   2.2136134e-02
   2.2893480e-02
   2.2196687e-02
   2.1545732e-02
   2.1168823e-02
   2.1348487e-02
   2.1643838e-02
   2.2931792e-02
   2.0850364e-02
   2.2949774e-02
   2.1668842e-02
   2.1208090e-02
   2.1505169e-02
   2.1961198e-02
   2.2396075e-02
   2.2096332e-02
   2.2475384e-02
   2.2454779e-02
   2.1379326e-02
   2.3335008e-02
   2.1300359e-02
   2.1477074e-02
   2.1639855e-02
   2.3403702e-02
   2.2393427e-02
   2.0678083e-02
   2.3154814e-02
   2.1301800e-02
   2.2283711e-02
   2.2076778e-02
   2.2938870e-02
   2.1851073e-02
   2.0897855e-02
   2.2882570e-02
   2.0796677e-02
   2.2841952e-02
   2.3166623e-02
   2.1403346e-02
   2.1472097e-02
   2.2380668e-02
   2.1088923e-02
   2.2624413e-02
   2.1159551e-02
   2.0986149e-02
   2.1215626e-02
   2.2518614e-02
   2.3161887e-02
   2.2330056e-02
   2.3093261e-02
   2.2146617e-02
   2.2550963e-02
   2.1948760e-02
   2.1425929e-02
   2.3193264e-02
   2.1641242e-02
   2.1180854e-02
   2.1125439e-02
   2.4474635e-02
   2.0973576e-02
   2.1042251e-02
   2.0499488e-02
   2.0788597e-02
   2.1158195e-02
   2.0474135e-02
   2.0960847e-02
   2.1937820e-02
   2.2651508e-02
   2.2211277e-02
   2.1967707e-02
   2.1147179e-02
   2.1746045e-02
   2.1040959e-02
   2.2178567e-02
   2.2191107e-02
   2.2086292e-02
   2.1436478e-02
   2.3870810e-02
   2.1836078e-02
   2.2780408e-02
   2.2753388e-02
   2.2979538e-02
   2.2985664e-02
   2.1623022e-02
   2.2302902e-02
   2.0984202e-02
   2.2019403e-02
   2.3310263e-02
   2.1154663e-02
   2.0742140e-02
   2.2176568e-02
   2.2062729e-02
   2.3266729e-02
   2.1468519e-02
   2.1579760e-02
   2.2135983e-02
   2.2791008e-02
   2.2156423e-02
   2.0824680e-02
   2.2196303e-02
   2.1191510e-02
   2.1834311e-02
   2.1517056e-02
   2.1480717e-02
   2.2400924e-02
   2.4213952e-02
   2.2466646e-02
   2.2137346e-02
   2.3279231e-02
   2.1243909e-02
   2.3885643e-02
   2.1786281e-02
   2.2515984e-02
   2.1438500e-02
   2.0988569e-02
   2.1282465e-02
   2.2690361e-02
   2.2093568e-02
   2.1295280e-02
   2.1438710e-02
   2.2690361e-02
   2.2523488e-02
   2.2857292e-02
   2.2869224e-02
   2.0448957e-02
   2.0625128e-02
   2.1555749e-02
   2.1326228e-02
   2.0967549e-02
   2.3028580e-02
   2.2738065e-02
   2.1371013e-02
   2.1072465e-02
   2.0878889e-02
   2.3733068e-02
   2.1011535e-02
   2.1795479e-02
   2.3757135e-02
   2.0968728e-02
   2.2729021e-02
   2.1887559e-02
   2.0936265e-02
   2.1679133e-02
   2.0650795e-02
   2.2189384e-02
   2.1402514e-02
   2.2542331e-02
   2.3995021e-02
   2.2146899e-02
   2.2509478e-02
   2.1004731e-02
   2.0552905e-02
   2.2210974e-02
   2.0960884e-02
   2.2423144e-02
   2.1608751e-02
   2.1664283e-02
   2.1811673e-02
   2.1419244e-02
   2.1131508e-02
   2.3234051e-02
   2.3765810e-02
   2.1742398e-02
   2.4234210e-02
   2.1217075e-02
   2.1310653e-02
   2.2086629e-02
