   1.4775636e-02
   1.3888338e-02
   1.4819096e-02
   1.6225133e-02
   1.5451830e-02
   1.3893102e-02
   1.5860840e-02
   1.6140240e-02
   1.4081484e-02
   1.5891487e-02
   1.6423709e-02
   1.6230609e-02
   1.4619369e-02
   1.4076668e-02
   1.5901069e-02
   1.6675846e-02
   1.7317959e-02
   1.6442292e-02
   1.5433106e-02
   1.4201803e-02
   1.5283429e-02
   1.6757457e-02
   1.5183934e-02
   1.3732685e-02
   1.3893964e-02
   1.3984472e-02
   1.4506747e-02
   1.6136550e-02
   1.4140166e-02
   1.3782075e-02
   1.7012741e-02
   1.5058552e-02
   1.5605859e-02
   1.4760870e-02
   1.5362812e-02
   1.7031759e-02
   1.6237229e-02
   1.5622880e-02
   1.5819940e-02
   1.3881409e-02
   1.6170508e-02
   1.6188683e-02
   1.7098679e-02
   1.4807741e-02
   1.6451473e-02
   1.4011949e-02
   1.6612374e-02
   1.7155463e-02
   1.6776309e-02
   1.6930469e-02
   1.5096827e-02
   1.3846646e-02
   1.6035541e-02
   1.6808437e-02
   1.5375630e-02
   1.6409000e-02
   1.4221176e-02
   1.6357285e-02
   1.3918451e-02
   1.4711213e-02
   1.4283421e-02
   1.3911227e-02
   1.7197672e-02
   1.5545466e-02
   1.4447165e-02
   1.5591826e-02
   1.4530167e-02
   1.4691298e-02
   1.5967703e-02
   1.5648333e-02
   1.5408777e-02
   1.6809331e-02
   1.4677142e-02
   1.4671020e-02
   1.5009076e-02
   1.4216668e-02
   1.6522658e-02
   1.5440056e-02
   1.6251461e-02
   1.7277606e-02
   1.5730967e-02
   1.6573246e-02
   1.5128921e-02
   1.6327700e-02
   1.5487333e-02
   1.5772828e-02
   1.6199346e-02
   1.5098723e-02
   1.3790083e-02
   1.3984618e-02
   1.4336421e-02
   1.5255387e-02
   1.6313067e-02
   1.5247170e-02
   1.5075233e-02
   1.6909129e-02
   1.7275580e-02
   1.4120466e-02
   1.6399470e-02
   1.3955242e-02
   1.4731317e-02
   1.6799137e-02
   1.4506551e-02
   1.6887544e-02
   1.4988881e-02
   1.7053539e-02
   1.4561257e-02
   1.5172136e-02
   1.6285128e-02
   1.4935954e-02
   1.5784261e-02
   1.4852678e-02
   1.5922946e-02
   1.6179821e-02
   1.4991868e-02
   1.3720031e-02
   1.7018601e-02
   1.4995567e-02
   1.5827699e-02
   1.5090788e-02
   1.5387731e-02
   1.5465276e-02
   1.4501511e-02
   1.3732095e-02
   1.5176124e-02
   1.5087890e-02
   1.5203977e-02
   1.7001391e-02
   1.6036870e-02
   1.7050261e-02
   1.4841559e-02
   1.5836149e-02
   1.5577804e-02
   1.4364198e-02
   1.6091494e-02
   1.4854167e-02
   1.6111609e-02
   1.7318244e-02
   1.5058522e-02
   1.5109833e-02
   1.6252048e-02
   1.6818693e-02
   1.5523055e-02
   1.6087144e-02
   1.5169427e-02
   1.4020910e-02
   1.4929666e-02
   1.4295890e-02
   1.6001326e-02
   1.5215184e-02
   1.3798368e-02
   1.5881335e-02
   1.6043397e-02
   1.7126503e-02
   1.7020778e-02
   1.4361709e-02
   1.5624764e-02
   1.4990340e-02
   1.4330201e-02
   1.4588138e-02
   1.5340584e-02
   1.5966165e-02
   1.3880635e-02
   1.5490738e-02
   1.5607252e-02
   1.5267768e-02
   1.5036259e-02
   1.6361597e-02
   1.4139771e-02
   1.5143222e-02
   1.3834253e-02
   1.7012784e-02
   1.4831938e-02
   1.5300480e-02
   1.7074806e-02
   1.6681374e-02
   1.4225618e-02
   1.3694146e-02
   1.6462000e-02
   1.6318705e-02
   1.5327782e-02
   1.6546298e-02
   1.4436355e-02
   1.4382554e-02
   1.4879835e-02
   1.6456026e-02
   1.5286800e-02
   1.7090268e-02
   1.5714876e-02
   1.4215907e-02
   1.5621192e-02
   1.3822640e-02
   1.6718304e-02
   1.3970100e-02
   1.6356839e-02
   1.6428072e-02
   1.6001402e-02
   1.5013296e-02
   1.3705037e-02
   1.4987180e-02
   1.5188205e-02
   1.4393256e-02
   1.4700729e-02
   1.7293372e-02
   1.4665359e-02
   1.4272127e-02
   1.5292398e-02
   1.5080078e-02
   1.5456551e-02
   1.5157499e-02
   1.5501032e-02
   1.6427973e-02
   1.7176966e-02
   1.6072666e-02
   1.3758775e-02
   1.4645536e-02
   1.6692496e-02
   1.5259717e-02
   1.5980728e-02
   1.6790640e-02
   1.5055185e-02
   1.5821203e-02
   1.4356006e-02
   1.6614749e-02
   1.5889481e-02
   1.7254897e-02
   1.4086373e-02
   1.4257204e-02
   1.6991030e-02
   1.5101017e-02
   1.4494410e-02
   1.5169321e-02
   1.4973128e-02
   1.5697694e-02
   1.4267617e-02
   1.5379585e-02
   1.7294010e-02
   1.4261897e-02
   1.5468075e-02
   1.5951907e-02
   1.4724433e-02
   1.5125593e-02
   1.4251810e-02
   1.6330951e-02
   1.5153755e-02
   1.4561685e-02
   1.6794634e-02
   1.4287764e-02
   1.6184984e-02
   1.6634730e-02
   1.5714180e-02
   1.5463583e-02
   1.4587028e-02
   1.4054421e-02
   1.4526839e-02
   1.5535630e-02
   1.3931913e-02
   1.5769032e-02
   1.4476942e-02
   1.3686147e-02
   1.7302815e-02
   1.4056687e-02
   1.5276118e-02
   1.4383995e-02
   1.3919851e-02
   1.6305994e-02
   1.3896994e-02
   1.4480143e-02
   1.6382446e-02
   1.4851233e-02
   1.7034069e-02
   1.6256137e-02
   1.5103251e-02
   1.7183028e-02
   1.7252779e-02
   1.4768989e-02
   1.5370948e-02
   1.6122298e-02
   1.4739040e-02
   1.4031774e-02
   1.5114130e-02
   1.5038293e-02
   1.6343535e-02
   1.5592889e-02
   1.6196030e-02
   1.5181321e-02
   1.6490554e-02
   1.5145001e-02
   1.7051007e-02
   1.7256608e-02
   1.5412239e-02
   1.6930812e-02
   1.3735744e-02
   1.6045488e-02
   1.4357116e-02
   1.5836640e-02
   1.4651952e-02
   1.4898172e-02
   1.6263701e-02
   1.7128307e-02
