   1.2706102e-02
   1.2954667e-02
   1.2650764e-02
   1.1081114e-02
   1.3031403e-02
   1.1783243e-02
   1.1745453e-02
   1.0964692e-02
   1.0731255e-02
   1.2201470e-02
   1.0782715e-02
   1.2038189e-02
   1.0786237e-02
   1.1879451e-02
   1.1884454e-02
   1.3247278e-02
   1.3666554e-02
   1.1442678e-02
   1.3100708e-02
   1.3176883e-02
   1.0865717e-02
   1.3679163e-02
   1.1053764e-02
   1.0917667e-02
   1.3650799e-02
   1.2531295e-02
   1.2047752e-02
   1.3120215e-02
   1.3601920e-02
   1.3028563e-02
   1.0744461e-02
   1.1454294e-02
   1.2484222e-02
   1.2274555e-02
   1.2229554e-02
   1.3695337e-02
   1.2893161e-02
   1.2004925e-02
   1.0900084e-02
   1.1945231e-02
   1.2460001e-02
   1.2732870e-02
   1.1380893e-02
   1.1056762e-02
   1.2432264e-02
   1.2167356e-02
   1.2632923e-02
   1.0900128e-02
   1.1635767e-02
   1.1610709e-02
   1.2081450e-02
   1.1157724e-02
   1.2043983e-02
   1.3663644e-02
   1.0918211e-02
   1.2637308e-02
   1.0823966e-02
   1.3805575e-02
   1.1022578e-02
   1.1852624e-02
   1.2269904e-02
   1.0964583e-02
   1.0736853e-02
   1.2901893e-02
   1.2249143e-02
   1.2051406e-02
   1.1225658e-02
   1.1772389e-02
   1.2831271e-02
   1.2657357e-02
   1.3142937e-02
   1.1359319e-02
   1.3679941e-02
   1.2018414e-02
   1.2277774e-02
   1.1635816e-02
   1.1098802e-02
   1.3203243e-02
   1.1377425e-02
   1.1234230e-02
   1.1142852e-02
   1.2489193e-02
   1.0879183e-02
   1.2927229e-02
   1.1442732e-02
   1.3849374e-02
   1.2368535e-02
   1.2237045e-02
   1.1513611e-02
   1.1463281e-02
   1.1961988e-02
   1.2674448e-02
   1.2241647e-02
   1.2772471e-02
   1.0711959e-02
   1.1151419e-02
   1.2976936e-02
   1.0780568e-02
   1.0886993e-02
   1.0808645e-02
   1.2048079e-02
   1.2986267e-02
   1.1503597e-02
   1.2407207e-02
   1.1362104e-02
   1.1785877e-02
   1.2823871e-02
   1.2074340e-02
   1.3009169e-02
   1.2044322e-02
   1.1098108e-02
   1.3105331e-02
   1.2226186e-02
   1.3202103e-02
   1.1594229e-02
   1.1451272e-02
   1.3493514e-02
   1.1560317e-02
   1.2019461e-02
   1.1858979e-02
   1.1025205e-02
   1.2147245e-02
   1.1518958e-02
   1.1550509e-02
   1.3450664e-02
   1.0990331e-02
   1.2077830e-02
   1.1827030e-02
   1.1197611e-02
   1.3503524e-02
   1.1755889e-02
   1.1180290e-02
   1.1679512e-02
   1.1078859e-02
   1.1842368e-02
   1.3579803e-02
   1.2777545e-02
   1.0832208e-02
   1.1269756e-02
   1.2714317e-02
   1.2800571e-02
   1.3710549e-02
   1.1865089e-02
   1.0848027e-02
   1.1252313e-02
   1.3232588e-02
   1.2051212e-02
   1.3281660e-02
   1.2261801e-02
   1.0765878e-02
   1.1451246e-02
   1.2394750e-02
   1.1405011e-02
   1.2585924e-02
   1.1054003e-02
   1.3095973e-02
   1.1884737e-02
   1.2801414e-02
   1.1965505e-02
   1.1092444e-02
   1.3095358e-02
   1.1324723e-02
   1.2498528e-02
   1.2973976e-02
   1.2143316e-02
   1.2315948e-02
   1.2394293e-02
   1.0941937e-02
   1.1000544e-02
   1.0724025e-02
   1.2718431e-02
   1.1100982e-02
   1.2872970e-02
   1.1789148e-02
   1.2241132e-02
   1.1749058e-02
   1.0959554e-02
   1.2077972e-02
   1.2225413e-02
   1.1632778e-02
   1.1057588e-02
   1.1272439e-02
   1.0744454e-02
   1.3471843e-02
   1.3541716e-02
   1.2849861e-02
   1.3101706e-02
   1.0803568e-02
   1.2527274e-02
   1.1765973e-02
   1.1649936e-02
   1.2033111e-02
   1.1557216e-02
   1.2910242e-02
   1.3482206e-02
   1.1433199e-02
   1.3859308e-02
   1.3134851e-02
   1.1874595e-02
   1.1849627e-02
   1.2279385e-02
   1.3577002e-02
   1.1324458e-02
   1.1517283e-02
   1.0793287e-02
   1.2085551e-02
   1.2630243e-02
   1.1977386e-02
   1.1321245e-02
   1.2339866e-02
   1.1197072e-02
   1.1755967e-02
   1.3275712e-02
   1.2543401e-02
   1.1145637e-02
   1.2172033e-02
   1.2327178e-02
   1.3680692e-02
   1.0839935e-02
   1.1173786e-02
   1.0816459e-02
   1.2389502e-02
   1.1140121e-02
   1.1997753e-02
   1.1994754e-02
   1.3634490e-02
   1.3143358e-02
   1.3241196e-02
   1.0997774e-02
   1.2923044e-02
   1.1603706e-02
   1.0760310e-02
   1.1825978e-02
   1.0913247e-02
   1.1433662e-02
   1.1225417e-02
   1.3542340e-02
   1.0793158e-02
   1.3462125e-02
   1.0946549e-02
   1.2078789e-02
   1.1056568e-02
   1.1588881e-02
   1.1646546e-02
   1.3809029e-02
   1.1736541e-02
   1.2870895e-02
   1.0800790e-02
   1.0959958e-02
   1.2104718e-02
   1.3265498e-02
   1.2340130e-02
   1.2103810e-02
   1.1381350e-02
   1.1263919e-02
   1.1892192e-02
   1.1578656e-02
   1.1244018e-02
   1.1579795e-02
   1.2146978e-02
   1.0852710e-02
   1.3331495e-02
   1.1679839e-02
   1.1420896e-02
   1.1786264e-02
   1.1362081e-02
   1.1466571e-02
   1.1260893e-02
   1.3727267e-02
   1.3404063e-02
   1.1200272e-02
   1.2250576e-02
   1.3192243e-02
   1.1964359e-02
   1.3162212e-02
   1.1806579e-02
   1.3311258e-02
   1.2974227e-02
   1.3095646e-02
   1.2034684e-02
   1.2814467e-02
   1.1762628e-02
   1.0840166e-02
   1.3420540e-02
   1.2119443e-02
   1.1043200e-02
   1.1602030e-02
   1.1106434e-02
   1.2086533e-02
   1.1591202e-02
   1.3326651e-02
   1.1738884e-02
   1.1636160e-02
   1.2326951e-02
   1.2552067e-02
   1.3235986e-02
   1.1800173e-02
   1.3083261e-02
   1.1023265e-02
   1.1436387e-02
