   1.9312382e-01
   1.9719025e-01
   2.0128129e-01
   1.9656320e-01
   2.0279915e-01
   2.0864516e-01
   1.9751517e-01
   2.0245319e-01
   1.9261085e-01
   1.9289328e-01
   1.9825647e-01
   1.9299700e-01
   1.9782711e-01
   1.9052933e-01
   1.9688499e-01
   1.9308136e-01
   2.0304698e-01
   1.9800785e-01
   1.9610891e-01
   2.0119895e-01
   1.9988149e-01
   2.0672621e-01
   1.9586105e-01
   1.9736563e-01
   1.8994878e-01
   2.0944658e-01
   1.9712271e-01
   2.0031263e-01
   1.9913450e-01
   1.9664139e-01
   2.1086489e-01
   1.9025647e-01
   1.9108175e-01
   2.0219208e-01
   1.9633953e-01
   1.9792694e-01
   2.0877513e-01
   1.9558306e-01
   2.0363946e-01
   1.9218383e-01
   1.9768663e-01
   2.0315841e-01
   1.9528219e-01
   1.9506959e-01
   1.9638582e-01
   1.9984570e-01
   1.9335240e-01
   1.9910451e-01
   1.9782781e-01
   1.9315459e-01
   2.0751020e-01
   1.9460060e-01
   1.9401744e-01
   1.9207933e-01
   1.9454155e-01
   1.9736851e-01
   1.9758938e-01
   1.9281126e-01
   1.9464195e-01
   2.0658286e-01
   1.9192134e-01
   1.9516165e-01
   1.9599821e-01
   2.1056609e-01
   1.9663140e-01
   2.0317795e-01
   2.0725276e-01
   1.9801462e-01
   2.0640665e-01
   1.9478301e-01
   1.9720185e-01
   1.9703674e-01
   2.0199826e-01
   1.9571606e-01
   1.9080604e-01
   2.0846770e-01
   1.9119252e-01
   1.9594054e-01
   1.9738181e-01
   1.9397340e-01
   1.9519758e-01
   2.0314545e-01
   2.0050071e-01
   1.9480952e-01
   1.9738271e-01
   1.9994650e-01
   1.9245812e-01
   1.9507151e-01
   2.0823187e-01
   2.0558397e-01
   1.9105365e-01
   2.0638339e-01
   1.9594669e-01
   1.9592486e-01
   1.9684292e-01
   1.9158820e-01
   1.9774682e-01
   1.9247321e-01
   1.9173719e-01
   1.9965413e-01
   1.9122943e-01
   1.9098614e-01
   1.9601531e-01
   1.9568250e-01
   1.9498309e-01
   2.0784730e-01
   2.0968006e-01
   2.0761073e-01
   2.0550165e-01
   1.9989223e-01
   2.0410790e-01
   1.9560480e-01
   1.9544683e-01
   1.9208401e-01
   1.9728752e-01
   1.9891174e-01
   2.0852405e-01
   1.9513647e-01
   1.9473754e-01
   1.9720166e-01
   1.9626778e-01
   1.9203041e-01
   1.9729397e-01
   1.9420488e-01
   1.9476667e-01
   1.9625083e-01
   1.9762108e-01
   1.9950914e-01
   1.9798337e-01
   1.9611656e-01
   2.0533677e-01
   2.0276835e-01
   1.9860426e-01
   1.9807900e-01
   1.9040952e-01
   1.9452912e-01
   1.9422779e-01
   1.8979643e-01
   2.0026227e-01
   2.0257554e-01
   2.0445044e-01
   2.0136757e-01
   1.9968671e-01
   1.9182539e-01
   1.9590060e-01
   1.9053710e-01
   1.9154718e-01
   2.0575677e-01
   1.9270911e-01
   1.9887574e-01
   1.9137707e-01
   2.1005741e-01
   1.9162240e-01
   1.9453453e-01
   1.9764062e-01
   1.8977147e-01
   1.9891174e-01
   2.0434721e-01
   1.9488660e-01
   1.9059191e-01
   1.9613656e-01
   1.9502067e-01
   1.9924454e-01
   1.9063857e-01
   1.9290452e-01
   1.9964735e-01
   1.9142388e-01
   1.9470739e-01
   2.0436876e-01
   1.9298743e-01
   2.1259616e-01
   1.9441480e-01
   1.9762441e-01
   2.0033440e-01
   1.9780159e-01
   1.9654744e-01
   1.9561050e-01
   1.9236531e-01
   2.0756340e-01
   1.9491939e-01
   1.9604939e-01
   2.0180172e-01
   1.9113046e-01
   1.9102310e-01
   1.9031661e-01
   2.0818785e-01
   1.9568114e-01
   1.9263128e-01
   1.9045779e-01
   1.9024930e-01
   1.9641011e-01
   1.9358132e-01
   2.0245063e-01
   1.9614517e-01
   1.9035858e-01
   1.9553824e-01
   1.9182219e-01
   2.0783858e-01
   1.9644203e-01
   1.9743467e-01
   2.0846040e-01
   1.9893190e-01
   1.9513422e-01
   2.0978011e-01
   1.9610216e-01
   2.0579800e-01
   2.0530627e-01
   1.9605992e-01
   1.9595859e-01
   1.9450866e-01
   1.9826465e-01
   1.9686323e-01
   1.9610217e-01
   1.9187049e-01
   1.9936446e-01
   2.0190997e-01
   1.9936965e-01
   1.9462729e-01
   1.9701087e-01
   1.9015472e-01
   2.1105844e-01
   1.9669905e-01
   1.9983597e-01
   1.9908197e-01
   1.9097459e-01
   1.9803552e-01
   1.9013914e-01
   1.9162406e-01
   1.9979572e-01
   1.9047205e-01
   1.9935416e-01
   1.9578168e-01
   2.0283657e-01
   1.9519103e-01
   1.9938731e-01
   1.9185363e-01
   1.9524106e-01
   1.8974476e-01
   1.9583200e-01
   1.9110954e-01
   1.9435100e-01
   2.0982001e-01
   1.9104045e-01
   1.9248869e-01
   1.9432810e-01
   1.9645967e-01
   1.9787334e-01
   1.9775048e-01
   2.0720656e-01
   1.9798430e-01
   1.9941769e-01
   1.9650763e-01
   2.0753141e-01
   2.1034415e-01
   1.9470777e-01
   1.9065108e-01
   1.9617876e-01
   1.9018479e-01
   1.9090087e-01
   1.9824251e-01
   1.9257667e-01
   1.9561499e-01
   1.9543840e-01
   1.9417387e-01
   1.8973396e-01
   1.9589315e-01
   1.9630274e-01
   2.0228871e-01
   1.9617249e-01
   1.9564337e-01
   1.9005849e-01
   1.9518647e-01
   2.0002196e-01
   1.9681281e-01
   1.9339904e-01
   1.9373293e-01
   1.9795296e-01
   1.9824117e-01
   1.9029569e-01
   1.9573323e-01
   1.9637890e-01
   1.9189516e-01
   1.9149103e-01
   1.9422705e-01
   1.9391832e-01
   2.0473094e-01
   2.0760422e-01
   2.0313954e-01
   2.0580829e-01
   1.9053304e-01
   1.9756917e-01
   1.9977858e-01
   2.0065335e-01
   2.0476570e-01
   1.9782245e-01
   1.9163957e-01
   1.9620576e-01
   1.9807627e-01
   1.9113786e-01
   1.9012163e-01
