   9.3398895e-02
   9.6507039e-02
   9.2873185e-02
   9.4954002e-02
   9.4928845e-02
   9.3927400e-02
   9.6041894e-02
   9.3771222e-02
   9.3680396e-02
   9.6635580e-02
   9.5535314e-02
   9.5826090e-02
   9.4982811e-02
   9.4790486e-02
   9.6532848e-02
   9.1533676e-02
   9.5724220e-02
   9.4045593e-02
   9.3902252e-02
   9.5440685e-02
   9.5819030e-02
   9.6832108e-02
   9.7520786e-02
   9.3365637e-02
   9.8658454e-02
   9.4466647e-02
   9.8642006e-02
   9.0705306e-02
   9.1790979e-02
   9.6763318e-02
   9.3478397e-02
   9.9360578e-02
   9.5731747e-02
   9.2571480e-02
   9.4852926e-02
   9.2914062e-02
   9.4522971e-02
   9.0174763e-02
   9.4609631e-02
   9.4072229e-02
   9.5622931e-02
   9.2633672e-02
   9.2884424e-02
   9.3801210e-02
   9.5426791e-02
   9.5980148e-02
   9.5248950e-02
   9.1726250e-02
   9.2390888e-02
   9.3733277e-02
   9.3272684e-02
   9.6975981e-02
   9.3463403e-02
   9.5614146e-02
   9.4171396e-02
   9.3847093e-02
   9.6584617e-02
   9.1028872e-02
   9.4467419e-02
   9.6566892e-02
   9.6673213e-02
   9.3046429e-02
   8.9889963e-02
   9.5184239e-02
   9.7320045e-02
   9.2935054e-02
   9.1869830e-02
   9.5675389e-02
   9.3894618e-02
   9.4852043e-02
   9.5229558e-02
   9.5858690e-02
   9.5846878e-02
   9.1324125e-02
   9.3972044e-02
   9.8763264e-02
   9.6605669e-02
   9.5718135e-02
   9.5698922e-02
   9.4137818e-02
   9.2443135e-02
   9.7681019e-02
   9.3224683e-02
   9.5406438e-02
   9.7592973e-02
   9.0836490e-02
   9.4362204e-02
   9.7234511e-02
   9.3461667e-02
   9.4899341e-02
   9.4384431e-02
   9.1868101e-02
   9.5124168e-02
   9.3577951e-02
   9.3369559e-02
   9.2328197e-02
   9.4229656e-02
   9.3793320e-02
   9.3328291e-02
   9.2089621e-02
   9.3512657e-02
   9.8388268e-02
   9.5574589e-02
   9.4539204e-02
   9.8628936e-02
   8.8466087e-02
   9.4259059e-02
   9.6527098e-02
   9.2878291e-02
   9.3646492e-02
   9.5247366e-02
   9.6969515e-02
   9.4930665e-02
   9.6287403e-02
   9.6314198e-02
   9.4615716e-02
   9.8388369e-02
   9.3438768e-02
   9.3635879e-02
   9.3912078e-02
   9.5900777e-02
   9.3734683e-02
   9.1231958e-02
   9.3462379e-02
   9.5915693e-02
   9.3602690e-02
   9.5467756e-02
   9.6475402e-02
   9.5688783e-02
   9.6594756e-02
   9.5217473e-02
   9.2259445e-02
   9.6166450e-02
   9.5073244e-02
   9.8737149e-02
   9.1245072e-02
   9.3583960e-02
   9.4902488e-02
   9.4344870e-02
   9.3783025e-02
   9.6557946e-02
   9.6296591e-02
   9.3273649e-02
   9.5264829e-02
   9.5394901e-02
   9.5783183e-02
   9.6650200e-02
   9.2867593e-02
   9.2764672e-02
   9.5590414e-02
   9.4661244e-02
   9.3223399e-02
   9.3440115e-02
   9.5613216e-02
   9.5663393e-02
   9.4569205e-02
   9.5795788e-02
   9.1722136e-02
   9.5450573e-02
   9.4202123e-02
   9.3657115e-02
   9.2748906e-02
   9.4007988e-02
   9.7257688e-02
   9.4114919e-02
   9.2346251e-02
   9.8252735e-02
   9.3278364e-02
   9.3724613e-02
   9.3739854e-02
   9.5249192e-02
   9.5581326e-02
   9.6114281e-02
   9.8399995e-02
   9.6469598e-02
   9.1057173e-02
   9.1122692e-02
   9.4324763e-02
   9.5171699e-02
   9.6964667e-02
   9.5492445e-02
   9.3822408e-02
   9.3686220e-02
   9.1581326e-02
   9.2723765e-02
   9.5155775e-02
   9.3356520e-02
   9.5577935e-02
   9.5685273e-02
   9.4169029e-02
   9.4757610e-02
   9.6967376e-02
   9.3071194e-02
   9.5040328e-02
   9.3574374e-02
   9.7336322e-02
   9.7443255e-02
   9.4422178e-02
   9.7314957e-02
   9.5280256e-02
   9.3708244e-02
   9.4163736e-02
   9.4694832e-02
   9.2770504e-02
   9.8438446e-02
   9.4516093e-02
   9.4947095e-02
   9.4409231e-02
   9.3108771e-02
   9.6089842e-02
   9.5672792e-02
   9.5196888e-02
   9.7383637e-02
   9.4338296e-02
   9.2712700e-02
   9.4718702e-02
   9.2147202e-02
   9.6930683e-02
   9.4276259e-02
   9.5210005e-02
   9.4923261e-02
   9.5664789e-02
   9.4283213e-02
   9.4193953e-02
   9.3994417e-02
   9.6717640e-02
   9.3984616e-02
   9.2256586e-02
   9.2560910e-02
   9.3340501e-02
   9.2667827e-02
   9.4048554e-02
   9.4421251e-02
   9.4340794e-02
   9.4101216e-02
   9.2950675e-02
   9.8666102e-02
   9.5447134e-02
   9.3998810e-02
   9.6028473e-02
   9.4293334e-02
   9.5508799e-02
   9.5244181e-02
   9.3659842e-02
   9.6970047e-02
   9.1287823e-02
   9.8374731e-02
   9.4704541e-02
   9.2154408e-02
   9.3267342e-02
   9.0483740e-02
   9.4730983e-02
   9.8580072e-02
   9.0421721e-02
   9.2350753e-02
   9.3724402e-02
   9.2492475e-02
   9.5394992e-02
   9.8087346e-02
   9.5061052e-02
   9.5184600e-02
   9.8126727e-02
   9.1765152e-02
   9.3919842e-02
   9.6180334e-02
   9.6011158e-02
   9.4987304e-02
   9.6536871e-02
   9.6887007e-02
   9.1371607e-02
   9.3395446e-02
   9.4443536e-02
   9.3101282e-02
   9.5264010e-02
   9.6837526e-02
   9.3737015e-02
   9.3414991e-02
   9.8315584e-02
   9.5059569e-02
   9.4826504e-02
   9.4731123e-02
   9.4416140e-02
   9.7413734e-02
   9.5828481e-02
   9.4587814e-02
   9.6242115e-02
   9.2738472e-02
   9.6016343e-02
   9.3244831e-02
   9.7983192e-02
   9.4953491e-02
   9.2468202e-02
   9.5990353e-02
   9.3514827e-02
   9.4580760e-02
   9.1416037e-02
   9.6575084e-02
   9.4592038e-02
   9.2437070e-02
   9.5711714e-02
