   1.0958888e-02
   1.0905433e-02
   1.0714575e-02
   1.1022445e-02
   1.0815274e-02
   1.1088071e-02
   1.0506818e-02
   1.0939482e-02
   1.0630239e-02
   1.0557532e-02
   1.0790224e-02
   1.0911136e-02
   1.0961338e-02
   1.0933092e-02
   1.0913815e-02
   1.0951174e-02
   1.1065711e-02
   1.0541731e-02
   1.0695823e-02
   1.0505500e-02
   1.0670417e-02
   1.0676025e-02
   1.1092320e-02
   1.0581163e-02
   1.0614300e-02
   1.0466385e-02
   1.0654909e-02
   1.1003143e-02
   1.0466110e-02
   1.0623288e-02
   1.0611775e-02
   1.0694276e-02
   1.0639971e-02
   1.0840876e-02
   1.0674797e-02
   1.1018601e-02
   1.0557831e-02
   1.0730660e-02
   1.0654955e-02
   1.0521155e-02
   1.0885848e-02
   1.0918197e-02
   1.0953495e-02
   1.0708231e-02
   1.0638067e-02
   1.1088205e-02
   1.1072975e-02
   1.0466261e-02
   1.0568936e-02
   1.0507592e-02
   1.1005529e-02
   1.0584241e-02
   1.0503103e-02
   1.0915452e-02
   1.0463877e-02
   1.0991198e-02
   1.0545619e-02
   1.0442088e-02
   1.0898486e-02
   1.0659854e-02
   1.0539069e-02
   1.0499491e-02
   1.0575379e-02
   1.1007290e-02
   1.0523161e-02
   1.0935007e-02
   1.0737179e-02
   1.0695819e-02
   1.0776052e-02
   1.0935551e-02
   1.0658773e-02
   1.0748971e-02
   1.0955462e-02
   1.0556462e-02
   1.0544791e-02
   1.0484492e-02
   1.0507373e-02
   1.0499588e-02
   1.0493374e-02
   1.1059660e-02
   1.1058994e-02
   1.1007402e-02
   1.0519182e-02
   1.0541617e-02
   1.0870228e-02
   1.0589524e-02
   1.0643658e-02
   1.1001553e-02
   1.0602646e-02
   1.0573484e-02
   1.0748003e-02
   1.0871275e-02
   1.0466163e-02
   1.0979594e-02
   1.0628664e-02
   1.0659175e-02
   1.0491299e-02
   1.0448316e-02
   1.0495861e-02
   1.0869917e-02
   1.0463272e-02
   1.0753670e-02
   1.0493423e-02
   1.0699711e-02
   1.0462265e-02
   1.0895917e-02
   1.0804274e-02
   1.0828597e-02
   1.0900968e-02
   1.0719781e-02
   1.0454646e-02
   1.0479023e-02
   1.0445165e-02
   1.0578151e-02
   1.0568484e-02
   1.0606157e-02
   1.0493975e-02
   1.0626128e-02
   1.0984468e-02
   1.0596493e-02
   1.1065249e-02
   1.0627045e-02
   1.0598608e-02
   1.1017715e-02
   1.0922197e-02
   1.0949096e-02
   1.0649480e-02
   1.0670526e-02
   1.0532317e-02
   1.0623293e-02
   1.0865999e-02
   1.1019825e-02
   1.0559338e-02
   1.0583241e-02
   1.0586670e-02
   1.0450469e-02
   1.0467562e-02
   1.0681717e-02
   1.0486798e-02
   1.0464276e-02
   1.0563593e-02
   1.0661141e-02
   1.0505041e-02
   1.1028072e-02
   1.0484932e-02
   1.0605510e-02
   1.0695677e-02
   1.0681825e-02
   1.0446991e-02
   1.0653427e-02
   1.0928358e-02
   1.0740414e-02
   1.0782036e-02
   1.0826422e-02
   1.0545607e-02
   1.0472498e-02
   1.0750749e-02
   1.0648158e-02
   1.0851818e-02
   1.0915248e-02
   1.1031516e-02
   1.0741443e-02
   1.0457936e-02
   1.0947055e-02
   1.1003741e-02
   1.0503679e-02
   1.1070475e-02
   1.0710052e-02
   1.0902307e-02
   1.0988761e-02
   1.0801719e-02
   1.0949690e-02
   1.0894472e-02
   1.0802653e-02
   1.0486150e-02
   1.0738356e-02
   1.0600529e-02
   1.0725043e-02
   1.0474435e-02
   1.0465254e-02
   1.0552848e-02
   1.0868046e-02
   1.0603513e-02
   1.0473459e-02
   1.0556421e-02
   1.0920028e-02
   1.0461779e-02
   1.0439620e-02
   1.0482464e-02
   1.0451961e-02
   1.0753105e-02
   1.0525661e-02
   1.0601344e-02
   1.0876080e-02
   1.0626296e-02
   1.0828895e-02
   1.0897119e-02
   1.0637704e-02
   1.0547751e-02
   1.0691128e-02
   1.0673959e-02
   1.0718441e-02
   1.0482403e-02
   1.1019302e-02
   1.0543526e-02
   1.0485854e-02
   1.0505999e-02
   1.0994436e-02
   1.0821223e-02
   1.0937530e-02
   1.0612402e-02
   1.0761366e-02
   1.0649953e-02
   1.0848087e-02
   1.0982267e-02
   1.0469943e-02
   1.0528404e-02
   1.0725752e-02
   1.0975118e-02
   1.0680798e-02
   1.0453931e-02
   1.0576111e-02
   1.0498460e-02
   1.0481620e-02
   1.0955824e-02
   1.0596698e-02
   1.0632392e-02
   1.0540292e-02
   1.0796072e-02
   1.1027741e-02
   1.1025277e-02
   1.0923290e-02
   1.1018637e-02
   1.0455132e-02
   1.0546781e-02
   1.0489579e-02
   1.0904907e-02
   1.0637595e-02
   1.0576507e-02
   1.0766225e-02
   1.0845737e-02
   1.0581227e-02
   1.0996636e-02
   1.1075782e-02
   1.0636357e-02
   1.0525216e-02
   1.0505865e-02
   1.0905342e-02
   1.0924637e-02
   1.0534390e-02
   1.0653738e-02
   1.0481610e-02
   1.0949262e-02
   1.0776601e-02
   1.0883738e-02
   1.0844665e-02
   1.0606583e-02
   1.0546009e-02
   1.0714878e-02
   1.0605127e-02
   1.0971738e-02
   1.0793457e-02
   1.0583712e-02
   1.0963207e-02
   1.0482066e-02
   1.1065866e-02
   1.0506912e-02
   1.0518643e-02
   1.0948625e-02
   1.0670552e-02
   1.0926679e-02
   1.1001914e-02
   1.0499603e-02
   1.0734297e-02
   1.0637405e-02
   1.0470332e-02
   1.0582203e-02
   1.0463221e-02
   1.0505547e-02
   1.0965440e-02
   1.0776166e-02
   1.0515755e-02
   1.0753179e-02
   1.0479653e-02
   1.0467513e-02
   1.0975552e-02
   1.0836012e-02
   1.0653471e-02
   1.1084153e-02
   1.0436568e-02
   1.0960505e-02
   1.1029019e-02
   1.0626038e-02
   1.0695192e-02
   1.0654447e-02
   1.0611208e-02
   1.0455943e-02
   1.0563410e-02
   1.0482571e-02
   1.0468426e-02
