   2.1912658e-02
   2.1725943e-02
   2.1896334e-02
   2.1584012e-02
   2.1708341e-02
   2.1696117e-02
   2.1870554e-02
   2.1705940e-02
   2.1859857e-02
   2.1906107e-02
   2.1023576e-02
   2.1061053e-02
   2.1258537e-02
   2.1005396e-02
   2.1777600e-02
   2.1912724e-02
   2.1584975e-02
   2.1615268e-02
   2.1821600e-02
   2.1912419e-02
   2.1909250e-02
   2.1908480e-02
   2.1709325e-02
   2.0582647e-02
   2.1683794e-02
   2.1409644e-02
   2.1749294e-02
   2.0738415e-02
   2.0622892e-02
   2.1008913e-02
   2.1139203e-02
   2.0627302e-02
   2.1800601e-02
   2.1405420e-02
   1.9870751e-02
   2.1578866e-02
   2.0936371e-02
   2.1749423e-02
   2.1902397e-02
   2.1890358e-02
   2.1911719e-02
   2.1908249e-02
   2.1474138e-02
   2.1755129e-02
   2.1582041e-02
   2.1915393e-02
   2.1909242e-02
   2.1913076e-02
   2.1734240e-02
   2.1694336e-02
   2.1834239e-02
   2.0690593e-02
   1.9720183e-02
   2.1600648e-02
   2.1734198e-02
   2.1758177e-02
   2.1888621e-02
   2.1685228e-02
   2.1610688e-02
   2.1883568e-02
   2.1908029e-02
   2.1626223e-02
   2.1686053e-02
   2.1792890e-02
   2.1889140e-02
   2.0815851e-02
   1.9863285e-02
   2.0760112e-02
   2.1755343e-02
   2.1914534e-02
   2.1909044e-02
   2.0234260e-02
   2.1915588e-02
   2.1808132e-02
   2.1915665e-02
   2.1684900e-02
   2.1753022e-02
   2.1871424e-02
   2.1763366e-02
   2.1908474e-02
   2.1880677e-02
   2.1914296e-02
   2.1708130e-02
   2.1915651e-02
   2.1828925e-02
   2.1913763e-02
   2.1641975e-02
   2.0371079e-02
   2.0849716e-02
   2.1709485e-02
   2.0914522e-02
   2.1699207e-02
   2.1762805e-02
   2.1884299e-02
   2.1901743e-02
   2.1910769e-02
   2.1906294e-02
   2.1744828e-02
   2.1697354e-02
   1.9482695e-02
   2.0531562e-02
   2.1854260e-02
   2.1709214e-02
   2.1698478e-02
   2.1690292e-02
   1.9960571e-02
   2.1204859e-02
   2.1683416e-02
   2.1580043e-02
   2.1706424e-02
   2.1718854e-02
   2.1158637e-02
   2.1256961e-02
   2.1914535e-02
   1.9694371e-02
   2.1589017e-02
   2.1716753e-02
   2.1862301e-02
   1.9355410e-02
   2.1899698e-02
   2.1750020e-02
   2.1914550e-02
   2.1688888e-02
   2.1750435e-02
   2.1797319e-02
   2.1842286e-02
   2.1812622e-02
   1.9468490e-02
   2.1686082e-02
   2.1726908e-02
   2.0896936e-02
   2.1877427e-02
   2.1883605e-02
   2.1696708e-02
   2.1884881e-02
   2.1735380e-02
   2.1683800e-02
   2.1764419e-02
   1.9343347e-02
   2.1254250e-02
   2.1665239e-02
   2.0870559e-02
   2.1232868e-02
   2.1853207e-02
   2.1852975e-02
   2.1036184e-02
   2.1686854e-02
   2.1721251e-02
   2.1887466e-02
   2.1889763e-02
   2.1774930e-02
   2.1890363e-02
   2.1698893e-02
   2.1626226e-02
   2.1384718e-02
   2.1755969e-02
   2.1151613e-02
   2.1697486e-02
   2.1694209e-02
   2.0848978e-02
   2.1686346e-02
   2.0075949e-02
   2.1832838e-02
   1.9811959e-02
   2.1915015e-02
   2.1727017e-02
   2.1863563e-02
   2.0910936e-02
   2.1687071e-02
   2.1776417e-02
   2.1644262e-02
   2.1752927e-02
   2.1695775e-02
   2.1413846e-02
   1.9125612e-02
   2.1022527e-02
   2.1005033e-02
   2.1007946e-02
   2.1260926e-02
   2.1915225e-02
   2.1739137e-02
   2.1648878e-02
   2.1653685e-02
   2.1905190e-02
   1.9372600e-02
   2.0669947e-02
   2.1902035e-02
   2.1690340e-02
   2.1697042e-02
   2.1686057e-02
   2.1905664e-02
   2.1427061e-02
   2.1675418e-02
   2.1162342e-02
   2.1695615e-02
   2.1713930e-02
   2.0486594e-02
   2.0778175e-02
   2.1712762e-02
   2.1838872e-02
   2.1908674e-02
   2.0392430e-02
   2.1706602e-02
   2.1794315e-02
   2.1705700e-02
   2.1757681e-02
   2.1737309e-02
   2.0665791e-02
   2.1457705e-02
   2.1885531e-02
   2.1581103e-02
   2.1699339e-02
   2.1871700e-02
   2.1734082e-02
   2.1684636e-02
   2.1901207e-02
   2.1279486e-02
   2.1891093e-02
   2.1903411e-02
   2.1728313e-02
   2.1750773e-02
   2.0110450e-02
   2.1721669e-02
   2.1712814e-02
   2.1786108e-02
   2.1873663e-02
   2.0964889e-02
   2.1009936e-02
   2.1208814e-02
   1.9994501e-02
   2.1781623e-02
   2.0140218e-02
   2.1207865e-02
   2.1634992e-02
   2.1909279e-02
   2.1211066e-02
   2.0653117e-02
   2.1721301e-02
   2.1589888e-02
   2.1915604e-02
   2.1804014e-02
   1.9307211e-02
   2.1912967e-02
   2.1707417e-02
   2.1560917e-02
   1.9693304e-02
   2.1895756e-02
   2.1892863e-02
   2.1599784e-02
   2.1572711e-02
   2.1102028e-02
   2.1896283e-02
   2.0775057e-02
   2.1707753e-02
   2.1708147e-02
   2.1641851e-02
   2.0935230e-02
   2.1903750e-02
   2.1906137e-02
   2.1110974e-02
   2.1213593e-02
   2.1905245e-02
   2.1860014e-02
   1.9641495e-02
   2.1709364e-02
   2.1807999e-02
   2.0902380e-02
   2.1843451e-02
   2.1880191e-02
   2.1700820e-02
   2.1746490e-02
   2.1705206e-02
   2.1697411e-02
   2.1468761e-02
   2.1824654e-02
   2.1725805e-02
   2.1683704e-02
   2.1687617e-02
   2.1631156e-02
   1.9412660e-02
   2.0231690e-02
   2.1581370e-02
   2.1915400e-02
   2.1685339e-02
   2.1895263e-02
   2.1687648e-02
   2.1580568e-02
   2.1690239e-02
   2.1894327e-02
   2.1914629e-02
   2.1269682e-02
   2.1914278e-02
   1.9741225e-02
   2.1088188e-02
   2.1596650e-02
   2.0875758e-02
   2.0929478e-02
   2.1607290e-02
   2.1906056e-02
   2.1235367e-02
