   2.2020098e-01
   2.2573769e-01
   2.2023929e-01
   2.1741833e-01
   2.1681446e-01
   2.1121128e-01
   2.1870596e-01
   2.2175840e-01
   2.2757124e-01
   2.2052125e-01
   2.1180231e-01
   2.2147989e-01
   2.1159114e-01
   2.1591401e-01
   2.1024538e-01
   2.1299758e-01
   2.1028800e-01
   2.1494088e-01
   2.2144406e-01
   2.1359106e-01
   2.1566815e-01
   2.2151318e-01
   2.1377232e-01
   2.3082314e-01
   2.1472964e-01
   2.1809498e-01
   2.1399790e-01
   2.1295483e-01
   2.1062839e-01
   2.2382261e-01
   2.0955288e-01
   2.2018370e-01
   2.2548931e-01
   2.1133394e-01
   2.1641926e-01
   2.1729226e-01
   2.1629138e-01
   2.1043074e-01
   2.2083045e-01
   2.1666393e-01
   2.0918159e-01
   2.2308200e-01
   2.1966089e-01
   2.2041045e-01
   2.1303978e-01
   2.0948221e-01
   2.2004951e-01
   2.1577840e-01
   2.1674808e-01
   2.1559607e-01
   2.1037346e-01
   2.2574669e-01
   2.2055460e-01
   2.2239872e-01
   2.1121553e-01
   2.2180721e-01
   2.1696198e-01
   2.2256877e-01
   2.1285152e-01
   2.2080485e-01
   2.2235085e-01
   2.1454744e-01
   2.2005315e-01
   2.1283853e-01
   2.1252474e-01
   2.1745093e-01
   2.1616482e-01
   2.1453213e-01
   2.1642685e-01
   2.2565416e-01
   2.2346261e-01
   2.0943432e-01
   2.2785910e-01
   2.2155444e-01
   2.1250611e-01
   2.2147311e-01
   2.1367986e-01
   2.1455070e-01
   2.1629808e-01
   2.1629099e-01
   2.2058167e-01
   2.2062843e-01
   2.1936128e-01
   2.1642069e-01
   2.1161506e-01
   2.1836044e-01
   2.1667405e-01
   2.1499716e-01
   2.1622723e-01
   2.2139017e-01
   2.1682600e-01
   2.2266862e-01
   2.2261213e-01
   2.1306144e-01
   2.1851208e-01
   2.1378320e-01
   2.2168707e-01
   2.3210288e-01
   2.1952899e-01
   2.2527190e-01
   2.1468336e-01
   2.1045185e-01
   2.2237380e-01
   2.2253275e-01
   2.1197310e-01
   2.2194040e-01
   2.2139653e-01
   2.2329955e-01
   2.2591673e-01
   2.3214743e-01
   2.1246645e-01
   2.1703035e-01
   2.1277443e-01
   2.2623574e-01
   2.0973157e-01
   2.1560814e-01
   2.2719499e-01
   2.2258635e-01
   2.0954821e-01
   2.1942568e-01
   2.1914869e-01
   2.2174316e-01
   2.2104086e-01
   2.0941615e-01
   2.2316342e-01
   2.1277200e-01
   2.1732670e-01
   2.1014001e-01
   2.1779224e-01
   2.1474951e-01
   2.1957098e-01
   2.1050633e-01
   2.2603186e-01
   2.1934765e-01
   2.2744303e-01
   2.1930718e-01
   2.1057681e-01
   2.1224479e-01
   2.1855749e-01
   2.1755261e-01
   2.0967042e-01
   2.1342399e-01
   2.2551907e-01
   2.2363870e-01
   2.2271132e-01
   2.1267339e-01
   2.1734156e-01
   2.2184914e-01
   2.2093840e-01
   2.1517035e-01
   2.1098223e-01
   2.1800673e-01
   2.1857019e-01
   2.1163714e-01
   2.1194075e-01
   2.1795502e-01
   2.1539153e-01
   2.2152997e-01
   2.1751554e-01
   2.1715906e-01
   2.2494283e-01
   2.2163622e-01
   2.1402273e-01
   2.2063584e-01
   2.2206417e-01
   2.0962751e-01
   2.1669191e-01
   2.1882552e-01
   2.0952226e-01
   2.1448084e-01
   2.2060285e-01
   2.2635028e-01
   2.2668569e-01
   2.1251145e-01
   2.2736787e-01
   2.2193056e-01
   2.1918468e-01
   2.2278826e-01
   2.1246479e-01
   2.1985545e-01
   2.2154968e-01
   2.2094197e-01
   2.1657400e-01
   2.2232675e-01
   2.2262995e-01
   2.2721650e-01
   2.0955580e-01
   2.1928479e-01
   2.1679713e-01
   2.2282295e-01
   2.1717837e-01
   2.2511844e-01
   2.1388676e-01
   2.1521475e-01
   2.1955872e-01
   2.1210067e-01
   2.1682860e-01
   2.0977541e-01
   2.1200872e-01
   2.1706056e-01
   2.2468338e-01
   2.1731610e-01
   2.1543013e-01
   2.1756809e-01
   2.1672376e-01
   2.1914550e-01
   2.1200921e-01
   2.2982272e-01
   2.2377477e-01
   2.1964874e-01
   2.1478502e-01
   2.2201644e-01
   2.2041895e-01
   2.1853169e-01
   2.2247238e-01
   2.1786034e-01
   2.2398469e-01
   2.2151170e-01
   2.2458348e-01
   2.2033341e-01
   2.2317503e-01
   2.1197591e-01
   2.1056907e-01
   2.1838965e-01
   2.1608737e-01
   2.2008911e-01
   2.0986627e-01
   2.1362129e-01
   2.2916768e-01
   2.1274192e-01
   2.2372700e-01
   2.1477752e-01
   2.1168200e-01
   2.1980055e-01
   2.2917301e-01
   2.1241102e-01
   2.1396642e-01
   2.1728086e-01
   2.2210356e-01
   2.1252971e-01
   2.1960345e-01
   2.2692965e-01
   2.0900033e-01
   2.1853137e-01
   2.2609754e-01
   2.1588981e-01
   2.0966553e-01
   2.2062121e-01
   2.1669097e-01
   2.1861682e-01
   2.1775813e-01
   2.1919159e-01
   2.2588171e-01
   2.1389399e-01
   2.1885322e-01
   2.2483947e-01
   2.2056464e-01
   2.1918333e-01
   2.1932858e-01
   2.2100954e-01
   2.2478863e-01
   2.1286831e-01
   2.1091990e-01
   2.1804879e-01
   2.2291378e-01
   2.1876909e-01
   2.2312918e-01
   2.1786209e-01
   2.1028328e-01
   2.2106252e-01
   2.2529646e-01
   2.1305181e-01
   2.1061673e-01
   2.1804204e-01
   2.1194770e-01
   2.1479971e-01
   2.1160186e-01
   2.1247812e-01
   2.1951395e-01
   2.2050685e-01
   2.2659429e-01
   2.1735156e-01
   2.1437394e-01
   2.2080130e-01
   2.2511164e-01
   2.1487399e-01
   2.2316888e-01
   2.1717127e-01
   2.2185517e-01
   2.0986141e-01
   2.1874520e-01
   2.1495662e-01
   2.1273823e-01
   2.1295299e-01
   2.1245678e-01
   2.1748110e-01
   2.2050897e-01
   2.1765969e-01
   2.0993921e-01
   2.0951084e-01
