   1.5353584e-02
   1.6392796e-02
   1.5546038e-02
   1.7280746e-02
   1.4774198e-02
   1.3455992e-02
   1.5823614e-02
   1.6816196e-02
   1.3163544e-02
   1.6181821e-02
   1.6893338e-02
   1.5502172e-02
   1.7137924e-02
   1.3956774e-02
   1.6731258e-02
   1.4217683e-02
   1.4981164e-02
   1.5662920e-02
   1.8115382e-02
   1.5484478e-02
   1.6190914e-02
   1.3605189e-02
   1.7475362e-02
   1.7299876e-02
   1.4414047e-02
   1.3883372e-02
   1.6089576e-02
   1.5278769e-02
   1.4330813e-02
   1.4133029e-02
   1.4852197e-02
   1.7513363e-02
   1.7825325e-02
   1.5376708e-02
   1.4869708e-02
   1.5980647e-02
   1.6470926e-02
   1.5791279e-02
   1.4402865e-02
   1.5353247e-02
   1.7959944e-02
   1.6929416e-02
   1.3825765e-02
   1.6595918e-02
   1.4316328e-02
   1.4679391e-02
   1.7946694e-02
   1.4379718e-02
   1.4662058e-02
   1.5763056e-02
   1.6314654e-02
   1.4174780e-02
   1.6674821e-02
   1.5999014e-02
   1.5963921e-02
   1.7950661e-02
   1.4343266e-02
   1.7422851e-02
   1.7402175e-02
   1.7408563e-02
   1.5981231e-02
   1.4119793e-02
   1.5558266e-02
   1.3755247e-02
   1.5031675e-02
   1.5823691e-02
   1.5618544e-02
   1.3245581e-02
   1.7701485e-02
   1.6225796e-02
   1.3802972e-02
   1.4817387e-02
   1.7051777e-02
   1.6018716e-02
   1.3054016e-02
   1.5945099e-02
   1.7834997e-02
   1.5904933e-02
   1.5241746e-02
   1.4189385e-02
   1.5865472e-02
   1.4646054e-02
   1.7635253e-02
   1.3789703e-02
   1.5399466e-02
   1.6760490e-02
   1.5383048e-02
   1.4137223e-02
   1.5832077e-02
   1.4352680e-02
   1.5496363e-02
   1.7274853e-02
   1.5622230e-02
   1.3686888e-02
   1.4178901e-02
   1.7191590e-02
   1.4414062e-02
   1.3575336e-02
   1.6998843e-02
   1.3108198e-02
   1.2715696e-02
   1.4459953e-02
   1.4557207e-02
   1.4744900e-02
   1.7006357e-02
   1.7799222e-02
   1.5008830e-02
   1.6959769e-02
   1.4359967e-02
   1.7459354e-02
   1.7501506e-02
   1.4644044e-02
   1.7018735e-02
   1.6843915e-02
   1.3863179e-02
   1.7208669e-02
   1.5432702e-02
   1.3105735e-02
   1.4599204e-02
   1.5217536e-02
   1.6025604e-02
   1.3604790e-02
   1.2971150e-02
   1.5325905e-02
   1.7888790e-02
   1.6427096e-02
   1.7080094e-02
   1.7483393e-02
   1.7888653e-02
   1.6511703e-02
   1.8112230e-02
   1.7150527e-02
   1.3586868e-02
   1.4681276e-02
   1.4214477e-02
   1.3747756e-02
   1.4484185e-02
   1.4896620e-02
   1.6327722e-02
   1.4379801e-02
   1.6433600e-02
   1.7968281e-02
   1.6039288e-02
   1.5865640e-02
   1.7738580e-02
   1.4359912e-02
   1.5960358e-02
   1.7514968e-02
   1.4687124e-02
   1.4304452e-02
   1.7963031e-02
   1.4405704e-02
   1.3733078e-02
   1.4086026e-02
   1.7640966e-02
   1.5677204e-02
   1.5664425e-02
   1.4103291e-02
   1.6699350e-02
   1.8015499e-02
   1.5715629e-02
   1.5142979e-02
   1.7409983e-02
   1.3909875e-02
   1.4500254e-02
   1.3597623e-02
   1.7527908e-02
   1.4830997e-02
   1.7998276e-02
   1.6823898e-02
   1.4246847e-02
   1.6761895e-02
   1.5148081e-02
   1.6716569e-02
   1.5838611e-02
   1.4063561e-02
   1.3758300e-02
   1.7475895e-02
   1.4390729e-02
   1.7689463e-02
   1.4459541e-02
   1.4474442e-02
   1.5784024e-02
   1.4066612e-02
   1.4224699e-02
   1.6802314e-02
   1.7119059e-02
   1.6843161e-02
   1.3107794e-02
   1.5293843e-02
   1.5856589e-02
   1.4187660e-02
   1.4379820e-02
   1.3108576e-02
   1.4423823e-02
   1.5103588e-02
   1.7438400e-02
   1.6098311e-02
   1.7876498e-02
   1.6353480e-02
   1.4208597e-02
   1.5857708e-02
   1.4355761e-02
   1.7652715e-02
   1.4281164e-02
   1.7501123e-02
   1.7911378e-02
   1.5613735e-02
   1.6828337e-02
   1.5554968e-02
   1.2729701e-02
   1.6882612e-02
   1.4506002e-02
   1.4769145e-02
   1.3359378e-02
   1.6149624e-02
   1.7577080e-02
   1.7064678e-02
   1.7921181e-02
   1.6725986e-02
   1.7474378e-02
   1.3950970e-02
   1.4325821e-02
   1.5801798e-02
   1.4290984e-02
   1.7490960e-02
   1.5786669e-02
   1.7764489e-02
   1.5669622e-02
   1.4082362e-02
   1.4222302e-02
   1.7893933e-02
   1.4576510e-02
   1.7615758e-02
   1.5706830e-02
   1.4064234e-02
   1.4085055e-02
   1.4201209e-02
   1.4432995e-02
   1.3766016e-02
   1.6747001e-02
   1.7268760e-02
   1.5989437e-02
   1.7574053e-02
   1.5636071e-02
   1.6756968e-02
   1.7299686e-02
   1.7203242e-02
   1.6541268e-02
   1.3032677e-02
   1.6103179e-02
   1.7388170e-02
   1.3362795e-02
   1.4433411e-02
   1.6155914e-02
   1.3784980e-02
   1.7278226e-02
   1.3481302e-02
   1.4148525e-02
   1.6973543e-02
   1.4153427e-02
   1.3053201e-02
   1.5035524e-02
   1.5255551e-02
   1.7722591e-02
   1.4908958e-02
   1.4117667e-02
   1.5505345e-02
   1.4751176e-02
   1.4309799e-02
   1.7370650e-02
   1.3065311e-02
   1.4469411e-02
   1.7234353e-02
   1.3540649e-02
   1.6908607e-02
   1.6247061e-02
   1.5984828e-02
   1.6817968e-02
   1.3803605e-02
   1.6736378e-02
   1.4152553e-02
   1.3400865e-02
   1.5732133e-02
   1.7129323e-02
   1.6894454e-02
   1.4601697e-02
   1.5035019e-02
   1.5195717e-02
   1.7203203e-02
   1.6131117e-02
   1.4974126e-02
   1.6089741e-02
   1.5143970e-02
   1.4971131e-02
   1.7507277e-02
   1.4980796e-02
   1.5595984e-02
   1.4691203e-02
   1.8038865e-02
