   1.5569013e-02
   1.3983496e-02
   1.5593736e-02
   1.4324218e-02
   1.5076767e-02
   1.4907465e-02
   1.4208096e-02
   1.5188144e-02
   1.5544433e-02
   1.4642949e-02
   1.4277173e-02
   1.5441109e-02
   1.5230825e-02
   1.3584914e-02
   1.5603702e-02
   1.4919172e-02
   1.4665037e-02
   1.4482927e-02
   1.5213836e-02
   1.4493006e-02
   1.5362534e-02
   1.4024955e-02
   1.5620884e-02
   1.4562625e-02
   1.3764584e-02
   1.3778823e-02
   1.4957167e-02
   1.5686477e-02
   1.4537976e-02
   1.5464555e-02
   1.4000614e-02
   1.4802783e-02
   1.5278513e-02
   1.4703128e-02
   1.4123149e-02
   1.3736595e-02
   1.4930017e-02
   1.5283775e-02
   1.4632997e-02
   1.5127497e-02
   1.4979617e-02
   1.5928797e-02
   1.5542152e-02
   1.5301254e-02
   1.4841149e-02
   1.3981920e-02
   1.4522242e-02
   1.3884826e-02
   1.5205181e-02
   1.4516829e-02
   1.3816203e-02
   1.5042702e-02
   1.4908609e-02
   1.5769911e-02
   1.4090891e-02
   1.3978789e-02
   1.4858118e-02
   1.4121387e-02
   1.5212685e-02
   1.4643368e-02
   1.3845843e-02
   1.4362923e-02
   1.5975351e-02
   1.4778455e-02
   1.5637325e-02
   1.3683559e-02
   1.5398778e-02
   1.5415962e-02
   1.4705312e-02
   1.6032164e-02
   1.3808909e-02
   1.4326155e-02
   1.3881009e-02
   1.5703898e-02
   1.4918235e-02
   1.4391284e-02
   1.4708558e-02
   1.4770669e-02
   1.3696614e-02
   1.6002355e-02
   1.3939525e-02
   1.4291474e-02
   1.4068053e-02
   1.5290300e-02
   1.4887952e-02
   1.4083913e-02
   1.5148870e-02
   1.4218241e-02
   1.5860377e-02
   1.5345441e-02
   1.4022097e-02
   1.5977388e-02
   1.4511377e-02
   1.4737905e-02
   1.3625276e-02
   1.5140857e-02
   1.4714150e-02
   1.5523062e-02
   1.4696998e-02
   1.5092169e-02
   1.4780098e-02
   1.3736462e-02
   1.4003341e-02
   1.5002815e-02
   1.4197525e-02
   1.6016464e-02
   1.4840730e-02
   1.5671010e-02
   1.5748038e-02
   1.3730144e-02
   1.4401872e-02
   1.5041378e-02
   1.5963183e-02
   1.5526947e-02
   1.4348836e-02
   1.5732009e-02
   1.4329053e-02
   1.5209793e-02
   1.4052539e-02
   1.4139133e-02
   1.5034033e-02
   1.5290945e-02
   1.5730134e-02
   1.4225756e-02
   1.5357090e-02
   1.4124868e-02
   1.4019164e-02
   1.6022821e-02
   1.5088338e-02
   1.5311104e-02
   1.5587043e-02
   1.4918483e-02
   1.5492281e-02
   1.5613835e-02
   1.4025555e-02
   1.4135105e-02
   1.3939630e-02
   1.3918021e-02
   1.5226314e-02
   1.5860627e-02
   1.4317752e-02
   1.6012808e-02
   1.4527081e-02
   1.3783455e-02
   1.3733638e-02
   1.3782784e-02
   1.4126250e-02
   1.3883843e-02
   1.3955144e-02
   1.5743588e-02
   1.4405896e-02
   1.3721390e-02
   1.5510988e-02
   1.4611659e-02
   1.4351484e-02
   1.5719110e-02
   1.4341913e-02
   1.3894126e-02
   1.5617441e-02
   1.3724484e-02
   1.4181361e-02
   1.5557667e-02
   1.4415927e-02
   1.3849271e-02
   1.4904547e-02
   1.4071205e-02
   1.3653808e-02
   1.4278282e-02
   1.5294960e-02
   1.4277774e-02
   1.5181388e-02
   1.4949790e-02
   1.5100063e-02
   1.4138168e-02
   1.4210988e-02
   1.4330101e-02
   1.4360574e-02
   1.5578823e-02
   1.4939562e-02
   1.5965182e-02
   1.4273560e-02
   1.4138679e-02
   1.3985070e-02
   1.3973819e-02
   1.5814300e-02
   1.4123788e-02
   1.5574498e-02
   1.4858386e-02
   1.3692698e-02
   1.5688036e-02
   1.5658106e-02
   1.3763911e-02
   1.4691275e-02
   1.5427977e-02
   1.4309631e-02
   1.5454221e-02
   1.4081102e-02
   1.4976007e-02
   1.4670530e-02
   1.5373340e-02
   1.5896604e-02
   1.5985824e-02
   1.3745710e-02
   1.4608811e-02
   1.3939903e-02
   1.4812041e-02
   1.5118857e-02
   1.5626729e-02
   1.4349055e-02
   1.3830726e-02
   1.4431944e-02
   1.3910234e-02
   1.5314800e-02
   1.4508308e-02
   1.5670359e-02
   1.5965217e-02
   1.4776822e-02
   1.5215332e-02
   1.5747922e-02
   1.4928793e-02
   1.3671325e-02
   1.4543843e-02
   1.5129854e-02
   1.3806807e-02
   1.3776254e-02
   1.5874827e-02
   1.4108694e-02
   1.5776856e-02
   1.5554213e-02
   1.3942639e-02
   1.4229266e-02
   1.5488123e-02
   1.3604638e-02
   1.5051471e-02
   1.5421340e-02
   1.5506083e-02
   1.3933941e-02
   1.4235482e-02
   1.5561473e-02
   1.4640661e-02
   1.3594022e-02
   1.4905466e-02
   1.4664923e-02
   1.4368493e-02
   1.6030880e-02
   1.4156938e-02
   1.4032253e-02
   1.4719076e-02
   1.5375760e-02
   1.4921923e-02
   1.4517538e-02
   1.4812111e-02
   1.4506485e-02
   1.5736957e-02
   1.4264679e-02
   1.5560794e-02
   1.5335528e-02
   1.5250936e-02
   1.4516278e-02
   1.5114738e-02
   1.4362833e-02
   1.3928167e-02
   1.4936251e-02
   1.4055648e-02
   1.5557257e-02
   1.5782263e-02
   1.4019142e-02
   1.5617146e-02
   1.3739793e-02
   1.5913816e-02
   1.4249908e-02
   1.4772017e-02
   1.4843964e-02
   1.3936669e-02
   1.4382517e-02
   1.5443027e-02
   1.4034125e-02
   1.3890198e-02
   1.4243643e-02
   1.4730890e-02
   1.4345912e-02
   1.5095584e-02
   1.4550602e-02
   1.5377663e-02
   1.5802647e-02
   1.5148547e-02
   1.4410449e-02
   1.4166209e-02
   1.5382746e-02
   1.5954439e-02
   1.4780692e-02
   1.4569320e-02
   1.5203057e-02
   1.4922443e-02
   1.5030430e-02
   1.4764267e-02
   1.4447728e-02
   1.5444741e-02
   1.4542812e-02
   1.5626919e-02
