   1.9778899e-01
   1.9734616e-01
   1.9894170e-01
   1.9822944e-01
   2.0101514e-01
   2.0852551e-01
   2.0018316e-01
   2.0060455e-01
   1.9313964e-01
   1.9989467e-01
   1.9602897e-01
   2.0372019e-01
   1.9592570e-01
   2.0130694e-01
   2.0074014e-01
   1.9760239e-01
   2.0370905e-01
   1.9992036e-01
   2.1012834e-01
   1.9247142e-01
   2.0612173e-01
   2.0772139e-01
   2.0742167e-01
   2.0478057e-01
   1.9004215e-01
   2.0728385e-01
   2.0078393e-01
   1.9787647e-01
   1.9496278e-01
   1.9984414e-01
   2.0287047e-01
   2.0495990e-01
   2.0936182e-01
   1.9846430e-01
   1.9713585e-01
   1.9506318e-01
   1.9950624e-01
   1.9220383e-01
   1.9802404e-01
   1.9931932e-01
   1.9722977e-01
   2.0101797e-01
   2.0001264e-01
   1.9108819e-01
   2.0434146e-01
   2.0185951e-01
   1.9372158e-01
   1.9840352e-01
   1.9176904e-01
   2.0112653e-01
   2.0465735e-01
   1.9361389e-01
   1.9587091e-01
   2.0157952e-01
   2.0882403e-01
   1.9963997e-01
   1.9166000e-01
   2.0097694e-01
   1.9988127e-01
   2.0479687e-01
   2.0069839e-01
   1.9805326e-01
   1.9985634e-01
   2.0196471e-01
   1.9596463e-01
   1.9890549e-01
   2.0400733e-01
   1.9538605e-01
   2.0732616e-01
   2.0448948e-01
   2.0818048e-01
   1.9910643e-01
   1.9897817e-01
   1.9150344e-01
   2.0488259e-01
   2.0007157e-01
   1.9652147e-01
   2.0396962e-01
   1.8934356e-01
   2.0087310e-01
   1.9749965e-01
   2.0872795e-01
   1.9814849e-01
   1.9088865e-01
   1.9531371e-01
   2.0101876e-01
   1.9751383e-01
   1.9286688e-01
   1.9661629e-01
   1.9353324e-01
   2.0046700e-01
   1.9894240e-01
   2.1066217e-01
   1.9258455e-01
   1.9867536e-01
   1.9943103e-01
   2.0114387e-01
   1.9953240e-01
   1.9783420e-01
   2.0010001e-01
   1.9468993e-01
   2.0620526e-01
   1.8892725e-01
   1.9709207e-01
   1.9865544e-01
   2.0288281e-01
   1.9966519e-01
   2.1117427e-01
   2.0023587e-01
   2.0129767e-01
   1.9728783e-01
   2.0037255e-01
   1.9047322e-01
   1.9942748e-01
   1.9852847e-01
   1.9760151e-01
   1.9661670e-01
   2.0068566e-01
   1.9477330e-01
   1.9721350e-01
   1.9931073e-01
   1.9776419e-01
   2.0251639e-01
   2.0745309e-01
   2.0037289e-01
   1.9936475e-01
   2.1038077e-01
   1.9870975e-01
   1.9773567e-01
   2.0471862e-01
   1.9266916e-01
   2.0150616e-01
   1.9298253e-01
   2.0082936e-01
   2.0316438e-01
   2.0365510e-01
   1.9900974e-01
   1.9798679e-01
   1.9975736e-01
   1.9929110e-01
   1.9851245e-01
   1.9847482e-01
   1.9752793e-01
   1.9771346e-01
   2.0073246e-01
   2.0088318e-01
   1.9886296e-01
   2.0022464e-01
   1.9743138e-01
   2.0728140e-01
   1.9541166e-01
   1.9755722e-01
   1.9652723e-01
   1.9168289e-01
   1.9731101e-01
   1.9869680e-01
   1.9946374e-01
   1.9780507e-01
   2.0133568e-01
   2.0111875e-01
   2.0384527e-01
   1.9090212e-01
   2.0087461e-01
   2.0021554e-01
   1.9829841e-01
   2.0304914e-01
   1.9867911e-01
   2.0982594e-01
   2.0392248e-01
   2.0014288e-01
   2.0010417e-01
   1.9234359e-01
   1.9265145e-01
   1.9686386e-01
   2.0127121e-01
   1.9196793e-01
   2.0611435e-01
   2.0220642e-01
   1.9345685e-01
   1.9685212e-01
   1.9843687e-01
   1.9726212e-01
   1.9848389e-01
   2.0764144e-01
   1.9710427e-01
   1.9022895e-01
   2.0019434e-01
   2.0833997e-01
   1.9966275e-01
   2.0002068e-01
   1.9648530e-01
   2.0799725e-01
   1.9257189e-01
   2.0673664e-01
   1.9233707e-01
   1.9922895e-01
   1.9918560e-01
   2.0334919e-01
   2.0262833e-01
   2.0703127e-01
   1.9853054e-01
   1.9669306e-01
   1.9480487e-01
   2.0104444e-01
   1.9284776e-01
   1.9800295e-01
   1.9950983e-01
   2.0141186e-01
   1.9450856e-01
   1.9745242e-01
   2.0046093e-01
   1.9050027e-01
   2.0635753e-01
   2.0784159e-01
   1.9399791e-01
   1.9487984e-01
   2.0162724e-01
   1.9475426e-01
   1.9969845e-01
   1.9266960e-01
   1.9721696e-01
   2.0359669e-01
   2.0322555e-01
   2.0121334e-01
   1.9631780e-01
   2.0103354e-01
   2.0508788e-01
   1.9632356e-01
   2.0293081e-01
   1.9822240e-01
   2.0852083e-01
   1.9876670e-01
   2.0355249e-01
   2.0863676e-01
   1.9834412e-01
   1.9093579e-01
   2.0721617e-01
   1.9739852e-01
   1.9691148e-01
   1.9734830e-01
   1.9769213e-01
   2.0122048e-01
   2.0691882e-01
   1.8983899e-01
   1.9032541e-01
   1.9640858e-01
   1.9128087e-01
   2.1037330e-01
   1.9932975e-01
   1.9884297e-01
   2.0644658e-01
   1.9894852e-01
   1.9732048e-01
   2.0344590e-01
   1.9201066e-01
   2.0855437e-01
   2.0862638e-01
   1.9993167e-01
   1.9915456e-01
   1.9853954e-01
   1.9204162e-01
   1.9996378e-01
   1.9311850e-01
   1.9830410e-01
   1.9714552e-01
   1.9881484e-01
   1.9766712e-01
   1.8989611e-01
   2.0112142e-01
   1.9395522e-01
   2.0106832e-01
   2.0710131e-01
   1.9952357e-01
   1.9143555e-01
   1.9840939e-01
   1.9895876e-01
   2.0081220e-01
   2.0252933e-01
   2.0021901e-01
   1.9899618e-01
   2.0606499e-01
   1.9787198e-01
   1.9873722e-01
   2.0365139e-01
   1.9678280e-01
   1.9944422e-01
   1.9087770e-01
   2.0766914e-01
   2.0752086e-01
   1.9872133e-01
   1.9660229e-01
   1.9312722e-01
   2.0131196e-01
   1.9743880e-01
   1.9713662e-01
   1.9255149e-01
   2.0103944e-01
   1.8920872e-01
   1.9898828e-01
   1.9707837e-01
