   2.1642048e-01
   2.0752881e-01
   2.0853504e-01
   2.0933275e-01
   2.2125837e-01
   2.0173996e-01
   2.0448208e-01
   2.1698677e-01
   2.1283949e-01
   2.0519408e-01
   2.0149085e-01
   2.0611940e-01
   2.0254869e-01
   2.1518169e-01
   2.0970169e-01
   1.9786977e-01
   2.1447513e-01
   2.1056894e-01
   2.1547577e-01
   2.1534609e-01
   2.0386591e-01
   1.9619227e-01
   2.1379977e-01
   1.9644541e-01
   2.1553128e-01
   2.0062510e-01
   2.1183651e-01
   2.0005080e-01
   2.1649738e-01
   2.1145003e-01
   2.1608731e-01
   1.9761525e-01
   2.0032209e-01
   2.1120472e-01
   2.1555965e-01
   1.9909074e-01
   2.0297965e-01
   1.9931222e-01
   2.1658377e-01
   2.1556092e-01
   2.0065496e-01
   1.9943759e-01
   2.1036619e-01
   2.1532219e-01
   2.1126647e-01
   2.1169408e-01
   2.0102645e-01
   1.9617700e-01
   2.0937010e-01
   2.0488784e-01
   2.0322646e-01
   2.0559522e-01
   2.1574693e-01
   2.0201733e-01
   2.1552988e-01
   2.1310874e-01
   1.9661929e-01
   2.1548047e-01
   2.2208898e-01
   2.1941157e-01
   2.0334146e-01
   1.9816635e-01
   2.0669423e-01
   2.0421322e-01
   2.1613039e-01
   2.0821879e-01
   1.9854915e-01
   2.1370032e-01
   2.0287483e-01
   1.9755404e-01
   2.0297713e-01
   2.1423366e-01
   2.0673301e-01
   2.1577465e-01
   2.1550131e-01
   2.0353835e-01
   2.1170959e-01
   2.1313348e-01
   2.0438362e-01
   2.1573251e-01
   2.0019637e-01
   2.1551887e-01
   1.9986049e-01
   1.9806490e-01
   2.1552325e-01
   2.1554844e-01
   2.2082073e-01
   2.0828910e-01
   1.9876009e-01
   2.0200793e-01
   2.1913135e-01
   2.1554443e-01
   1.9810654e-01
   2.0792296e-01
   2.0200187e-01
   1.9892587e-01
   2.0233286e-01
   2.1474066e-01
   2.0307856e-01
   2.0180878e-01
   2.0533107e-01
   2.1613387e-01
   2.1278743e-01
   2.1506206e-01
   2.1158253e-01
   2.1555838e-01
   2.0203253e-01
   2.1467911e-01
   1.9986530e-01
   2.0139112e-01
   2.1550795e-01
   2.0762408e-01
   1.9613703e-01
   2.0090734e-01
   1.9537447e-01
   2.0085613e-01
   1.9885877e-01
   1.9912883e-01
   2.1631291e-01
   2.1434727e-01
   2.0397217e-01
   2.1555550e-01
   2.1924531e-01
   2.1552086e-01
   2.1672103e-01
   2.0080618e-01
   2.1315463e-01
   1.9919362e-01
   2.1358189e-01
   1.9608044e-01
   2.1533790e-01
   2.1781159e-01
   2.0059386e-01
   2.0390159e-01
   2.1610741e-01
   2.0635269e-01
   2.1566918e-01
   1.9806652e-01
   2.1340664e-01
   2.0175921e-01
   2.0477118e-01
   2.1515805e-01
   2.1455577e-01
   2.0070573e-01
   1.9962032e-01
   2.1556833e-01
   2.1548059e-01
   1.9978820e-01
   2.1638286e-01
   1.9987539e-01
   1.9795670e-01
   2.0347184e-01
   2.0250321e-01
   2.1213443e-01
   2.1366532e-01
   2.0004250e-01
   2.1207046e-01
   2.1463887e-01
   2.1024760e-01
   2.1524048e-01
   2.0469601e-01
   1.9986424e-01
   2.1505864e-01
   2.0029717e-01
   2.1558151e-01
   1.9893038e-01
   2.2024793e-01
   1.9997666e-01
   1.9870804e-01
   2.1403909e-01
   2.0196252e-01
   2.0000463e-01
   1.9739899e-01
   2.0016012e-01
   2.1296668e-01
   2.2066877e-01
   2.1333632e-01
   2.1021185e-01
   2.1318170e-01
   2.1252770e-01
   2.1097594e-01
   2.1175382e-01
   2.0726900e-01
   1.9918060e-01
   2.0361268e-01
   2.0989720e-01
   2.1541633e-01
   2.0227057e-01
   2.0042544e-01
   2.1066254e-01
   2.0966256e-01
   2.1471457e-01
   2.0075124e-01
   2.0838890e-01
   2.1587920e-01
   1.9937832e-01
   2.0250129e-01
   2.1553517e-01
   2.0483887e-01
   2.1632967e-01
   2.0835897e-01
   2.1371747e-01
   2.1557231e-01
   1.9972490e-01
   2.2208530e-01
   1.9796811e-01
   2.0455432e-01
   2.0097368e-01
   1.9832035e-01
   2.1754372e-01
   2.0382758e-01
   2.1596906e-01
   2.1248884e-01
   2.1093991e-01
   1.9781499e-01
   2.1292182e-01
   2.1575395e-01
   2.0512786e-01
   2.0498912e-01
   2.1555712e-01
   2.0924485e-01
   2.0489946e-01
   2.0262818e-01
   2.1559163e-01
   2.1517454e-01
   2.1625526e-01
   2.0301034e-01
   2.0702754e-01
   1.9996989e-01
   2.2212199e-01
   1.9934823e-01
   2.0749943e-01
   2.1394396e-01
   2.0308532e-01
   2.2114892e-01
   2.1395053e-01
   2.0032854e-01
   2.1366836e-01
   1.9569031e-01
   2.1581429e-01
   2.1551634e-01
   2.1130981e-01
   2.1478783e-01
   1.9589933e-01
   2.2192675e-01
   2.1477537e-01
   2.0036732e-01
   2.1065518e-01
   1.9931740e-01
   1.9967824e-01
   1.9699454e-01
   2.0575342e-01
   2.0564768e-01
   2.1113036e-01
   2.1544130e-01
   2.0517112e-01
   2.1603952e-01
   2.1159876e-01
   2.1006058e-01
   1.9911030e-01
   2.0211869e-01
   2.0681022e-01
   2.1211997e-01
   2.2081458e-01
   2.0163331e-01
   2.0062532e-01
   2.1498631e-01
   1.9948176e-01
   2.1551620e-01
   2.0027591e-01
   2.1157488e-01
   2.0123533e-01
   2.0917115e-01
   2.1548113e-01
   2.1545299e-01
   1.9798852e-01
   2.1534161e-01
   2.1141083e-01
   2.2105164e-01
   2.0203048e-01
   2.1541043e-01
   2.1123472e-01
   2.0201093e-01
   2.0072785e-01
   1.9923296e-01
   2.0551580e-01
   2.1551692e-01
   2.1513444e-01
   2.1215312e-01
   2.1550420e-01
   2.1566879e-01
   2.0344286e-01
   2.1596923e-01
   2.1554358e-01
   2.2000608e-01
   2.0462218e-01
   2.1815267e-01
   1.9621151e-01
   2.1283283e-01
   2.0839773e-01
