   2.0373393e-02
   2.0359492e-02
   2.0311364e-02
   2.0303452e-02
   2.0312836e-02
   2.0264127e-02
   2.0388269e-02
   2.0270798e-02
   2.0415622e-02
   2.0243894e-02
   2.0310899e-02
   2.0308541e-02
   2.0381457e-02
   2.0291000e-02
   2.0274159e-02
   2.0305918e-02
   2.0307136e-02
   2.0276127e-02
   2.0415993e-02
   2.0407384e-02
   2.0411309e-02
   2.0377505e-02
   2.0404065e-02
   2.0245077e-02
   2.0312857e-02
   2.0373842e-02
   2.0303554e-02
   2.0285064e-02
   2.0391727e-02
   2.0287358e-02
   2.0279666e-02
   2.0240290e-02
   2.0293748e-02
   2.0311082e-02
   2.0373868e-02
   2.0372685e-02
   2.0384132e-02
   2.0291096e-02
   2.0407890e-02
   2.0312886e-02
   2.0412652e-02
   2.0312805e-02
   2.0307614e-02
   2.0312675e-02
   2.0378964e-02
   2.0258177e-02
   2.0312582e-02
   2.0246752e-02
   2.0261258e-02
   2.0299810e-02
   2.0258175e-02
   2.0262807e-02
   2.0267005e-02
   2.0405477e-02
   2.0312589e-02
   2.0305747e-02
   2.0266048e-02
   2.0392950e-02
   2.0307524e-02
   2.0312463e-02
   2.0374668e-02
   2.0309942e-02
   2.0256241e-02
   2.0292952e-02
   2.0241383e-02
   2.0371710e-02
   2.0256529e-02
   2.0312953e-02
   2.0245688e-02
   2.0267885e-02
   2.0311190e-02
   2.0278397e-02
   2.0385350e-02
   2.0310853e-02
   2.0285103e-02
   2.0387364e-02
   2.0402230e-02
   2.0374672e-02
   2.0311896e-02
   2.0349604e-02
   2.0391179e-02
   2.0380504e-02
   2.0375013e-02
   2.0311941e-02
   2.0416418e-02
   2.0377650e-02
   2.0258935e-02
   2.0374274e-02
   2.0312784e-02
   2.0371827e-02
   2.0298924e-02
   2.0251845e-02
   2.0326753e-02
   2.0373222e-02
   2.0305342e-02
   2.0371837e-02
   2.0312811e-02
   2.0312154e-02
   2.0379322e-02
   2.0312799e-02
   2.0310989e-02
   2.0254869e-02
   2.0247508e-02
   2.0373253e-02
   2.0312621e-02
   2.0393065e-02
   2.0292644e-02
   2.0411957e-02
   2.0407890e-02
   2.0401718e-02
   2.0310761e-02
   2.0372889e-02
   2.0378157e-02
   2.0240280e-02
   2.0288798e-02
   2.0305299e-02
   2.0415597e-02
   2.0305615e-02
   2.0374178e-02
   2.0383015e-02
   2.0279177e-02
   2.0312732e-02
   2.0280074e-02
   2.0406312e-02
   2.0393534e-02
   2.0310804e-02
   2.0253045e-02
   2.0312950e-02
   2.0311628e-02
   2.0292350e-02
   2.0277260e-02
   2.0241747e-02
   2.0342753e-02
   2.0393103e-02
   2.0312738e-02
   2.0409625e-02
   2.0246638e-02
   2.0350503e-02
   2.0380766e-02
   2.0379380e-02
   2.0372955e-02
   2.0413327e-02
   2.0313071e-02
   2.0388988e-02
   2.0373527e-02
   2.0373735e-02
   2.0311383e-02
   2.0255363e-02
   2.0384132e-02
   2.0308309e-02
   2.0311064e-02
   2.0408277e-02
   2.0358575e-02
   2.0371984e-02
   2.0320784e-02
   2.0267615e-02
   2.0382255e-02
   2.0242326e-02
   2.0312840e-02
   2.0376291e-02
   2.0305307e-02
   2.0284042e-02
   2.0400453e-02
   2.0283012e-02
   2.0311998e-02
   2.0416103e-02
   2.0385016e-02
   2.0416302e-02
   2.0246164e-02
   2.0372758e-02
   2.0410294e-02
   2.0261144e-02
   2.0376759e-02
   2.0312803e-02
   2.0279900e-02
   2.0372513e-02
   2.0259115e-02
   2.0404343e-02
   2.0369614e-02
   2.0387856e-02
   2.0267645e-02
   2.0372759e-02
   2.0406951e-02
   2.0415664e-02
   2.0375417e-02
   2.0245721e-02
   2.0372405e-02
   2.0374296e-02
   2.0301722e-02
   2.0272698e-02
   2.0312890e-02
   2.0301536e-02
   2.0380815e-02
   2.0312750e-02
   2.0382836e-02
   2.0369994e-02
   2.0326578e-02
   2.0387316e-02
   2.0269456e-02
   2.0253850e-02
   2.0251481e-02
   2.0380997e-02
   2.0360616e-02
   2.0411388e-02
   2.0312481e-02
   2.0312864e-02
   2.0312802e-02
   2.0312976e-02
   2.0242183e-02
   2.0319907e-02
   2.0279434e-02
   2.0243712e-02
   2.0241089e-02
   2.0294057e-02
   2.0299491e-02
   2.0372254e-02
   2.0312739e-02
   2.0304001e-02
   2.0309880e-02
   2.0312842e-02
   2.0416096e-02
   2.0310775e-02
   2.0339672e-02
   2.0328853e-02
   2.0407126e-02
   2.0277561e-02
   2.0241204e-02
   2.0311891e-02
   2.0304586e-02
   2.0249305e-02
   2.0390710e-02
   2.0252211e-02
   2.0416051e-02
   2.0312339e-02
   2.0312293e-02
   2.0313178e-02
   2.0335850e-02
   2.0295737e-02
   2.0416003e-02
   2.0308818e-02
   2.0373737e-02
   2.0312764e-02
   2.0256032e-02
   2.0273840e-02
   2.0241382e-02
   2.0241405e-02
   2.0410798e-02
   2.0276914e-02
   2.0273856e-02
   2.0281122e-02
   2.0371624e-02
   2.0271994e-02
   2.0379339e-02
   2.0357472e-02
   2.0371440e-02
   2.0244349e-02
   2.0240761e-02
   2.0374970e-02
   2.0253321e-02
   2.0312855e-02
   2.0309846e-02
   2.0312850e-02
   2.0410056e-02
   2.0405353e-02
   2.0382093e-02
   2.0311904e-02
   2.0401229e-02
   2.0311002e-02
   2.0242890e-02
   2.0415047e-02
   2.0372245e-02
   2.0312807e-02
   2.0241758e-02
   2.0264627e-02
   2.0312477e-02
   2.0295069e-02
   2.0373671e-02
   2.0312999e-02
   2.0372091e-02
   2.0372094e-02
   2.0385239e-02
   2.0382226e-02
   2.0298495e-02
   2.0416112e-02
   2.0373162e-02
   2.0364039e-02
   2.0280109e-02
   2.0401553e-02
   2.0312866e-02
   2.0415785e-02
   2.0281586e-02
   2.0415434e-02
   2.0371816e-02
   2.0312446e-02
   2.0253079e-02
   2.0312982e-02
   2.0311662e-02
   2.0403592e-02
   2.0371655e-02
   2.0242732e-02
