   1.6215758e-02
   1.6339472e-02
   1.6417112e-02
   1.5546142e-02
   1.5961480e-02
   1.6391315e-02
   1.6244431e-02
   1.6479162e-02
   1.6467053e-02
   1.6629268e-02
   1.5763964e-02
   1.6381239e-02
   1.4569927e-02
   1.5460539e-02
   1.4803539e-02
   1.6493992e-02
   1.6130099e-02
   1.6461425e-02
   1.6425800e-02
   1.5041759e-02
   1.6346783e-02
   1.6563694e-02
   1.6413248e-02
   1.6622022e-02
   1.5119910e-02
   1.6227049e-02
   1.6139303e-02
   1.6596771e-02
   1.6337090e-02
   1.6217512e-02
   1.5593937e-02
   1.5326231e-02
   1.5558547e-02
   1.6268577e-02
   1.6212364e-02
   1.5240839e-02
   1.6422410e-02
   1.5031629e-02
   1.6410794e-02
   1.6329048e-02
   1.6180394e-02
   1.6272626e-02
   1.5519552e-02
   1.5678585e-02
   1.6222096e-02
   1.6552834e-02
   1.6224025e-02
   1.6207322e-02
   1.6235814e-02
   1.5650059e-02
   1.5536579e-02
   1.6118186e-02
   1.6640984e-02
   1.6228611e-02
   1.6242239e-02
   1.6366265e-02
   1.6558011e-02
   1.6147378e-02
   1.6368740e-02
   1.5917348e-02
   1.6375861e-02
   1.6544397e-02
   1.6243170e-02
   1.6243246e-02
   1.6239909e-02
   1.5589010e-02
   1.6202325e-02
   1.6199326e-02
   1.5721251e-02
   1.6080647e-02
   1.6463840e-02
   1.6430707e-02
   1.6244998e-02
   1.6217826e-02
   1.6066458e-02
   1.5884838e-02
   1.4963325e-02
   1.6416063e-02
   1.6321741e-02
   1.5773642e-02
   1.6023327e-02
   1.6241224e-02
   1.6600900e-02
   1.6163159e-02
   1.6615680e-02
   1.6321291e-02
   1.6304451e-02
   1.6492411e-02
   1.6236991e-02
   1.5374450e-02
   1.6579876e-02
   1.6657684e-02
   1.6198738e-02
   1.6552477e-02
   1.6361857e-02
   1.6611300e-02
   1.6578275e-02
   1.5135068e-02
   1.6083919e-02
   1.5652798e-02
   1.5572952e-02
   1.6217821e-02
   1.6498489e-02
   1.6181985e-02
   1.5067880e-02
   1.6043309e-02
   1.6415901e-02
   1.6060926e-02
   1.6183630e-02
   1.6628491e-02
   1.5379694e-02
   1.6349853e-02
   1.6320997e-02
   1.5629978e-02
   1.6428003e-02
   1.5213485e-02
   1.6558772e-02
   1.5041768e-02
   1.5932786e-02
   1.5000368e-02
   1.5863143e-02
   1.6013524e-02
   1.5726133e-02
   1.6361666e-02
   1.5987404e-02
   1.5923886e-02
   1.6165914e-02
   1.6455429e-02
   1.5551790e-02
   1.6441615e-02
   1.6492330e-02
   1.6652617e-02
   1.5021855e-02
   1.6275045e-02
   1.6347202e-02
   1.4890279e-02
   1.5193219e-02
   1.6069586e-02
   1.6501383e-02
   1.5926969e-02
   1.6268392e-02
   1.6498595e-02
   1.6638348e-02
   1.6096141e-02
   1.6518481e-02
   1.6499336e-02
   1.6298033e-02
   1.6142092e-02
   1.5174253e-02
   1.6427873e-02
   1.6406803e-02
   1.6567670e-02
   1.6589118e-02
   1.6566954e-02
   1.6171462e-02
   1.5341159e-02
   1.6592269e-02
   1.5412035e-02
   1.6689978e-02
   1.6363249e-02
   1.5643511e-02
   1.5004867e-02
   1.6304110e-02
   1.6348998e-02
   1.5964100e-02
   1.6393407e-02
   1.6060403e-02
   1.6616678e-02
   1.5920651e-02
   1.6619301e-02
   1.6563561e-02
   1.5638304e-02
   1.6402945e-02
   1.6404507e-02
   1.5190197e-02
   1.6240415e-02
   1.6554933e-02
   1.6272261e-02
   1.6539213e-02
   1.6098037e-02
   1.6283052e-02
   1.5510819e-02
   1.6155333e-02
   1.5674144e-02
   1.6314813e-02
   1.6277662e-02
   1.5666768e-02
   1.5876471e-02
   1.5406481e-02
   1.6335716e-02
   1.6602308e-02
   1.4525522e-02
   1.6623257e-02
   1.6467300e-02
   1.6230269e-02
   1.6289152e-02
   1.6357068e-02
   1.6174003e-02
   1.5573297e-02
   1.6595319e-02
   1.5908444e-02
   1.6323874e-02
   1.6274657e-02
   1.6587645e-02
   1.6420595e-02
   1.6332830e-02
   1.6354325e-02
   1.6587513e-02
   1.5650575e-02
   1.6023136e-02
   1.5666161e-02
   1.4721377e-02
   1.4963400e-02
   1.5821254e-02
   1.6146931e-02
   1.6534287e-02
   1.6289693e-02
   1.6524569e-02
   1.6613306e-02
   1.6590178e-02
   1.6677732e-02
   1.6496247e-02
   1.5980443e-02
   1.5164292e-02
   1.5122190e-02
   1.4599803e-02
   1.6057651e-02
   1.6353763e-02
   1.6631727e-02
   1.6644010e-02
   1.6628364e-02
   1.6236763e-02
   1.6421604e-02
   1.6652623e-02
   1.6073511e-02
   1.6470948e-02
   1.5199277e-02
   1.6010904e-02
   1.6331698e-02
   1.6163801e-02
   1.6350252e-02
   1.6185819e-02
   1.6492025e-02
   1.6234557e-02
   1.6186937e-02
   1.5769606e-02
   1.6259680e-02
   1.5767929e-02
   1.6243084e-02
   1.6270552e-02
   1.6005441e-02
   1.6526344e-02
   1.6125183e-02
   1.6611054e-02
   1.5031149e-02
   1.5420006e-02
   1.5118267e-02
   1.6646212e-02
   1.6498102e-02
   1.6639549e-02
   1.6333615e-02
   1.5387875e-02
   1.6602243e-02
   1.6377399e-02
   1.6131556e-02
   1.6442863e-02
   1.5582541e-02
   1.5557830e-02
   1.6507379e-02
   1.6540750e-02
   1.6119661e-02
   1.6010628e-02
   1.6233123e-02
   1.5900281e-02
   1.5848632e-02
   1.6155853e-02
   1.5451197e-02
   1.5988822e-02
   1.6418244e-02
   1.6544442e-02
   1.6356491e-02
   1.6389055e-02
   1.5134455e-02
   1.6418831e-02
   1.6446779e-02
   1.6626231e-02
   1.6259506e-02
   1.6325540e-02
   1.6569807e-02
   1.5136076e-02
   1.5439046e-02
   1.6163374e-02
   1.6518660e-02
   1.5223829e-02
   1.5435961e-02
   1.5589701e-02
   1.6512630e-02
   1.5933183e-02
   1.6562527e-02
   1.6497014e-02
