   2.1197111e-02
   2.0877674e-02
   2.0860233e-02
   2.0788664e-02
   2.1159178e-02
   2.0545223e-02
   2.1215419e-02
   2.1149814e-02
   2.0906802e-02
   2.0789696e-02
   2.1015699e-02
   2.1020985e-02
   2.0924471e-02
   2.1103032e-02
   2.1017507e-02
   2.1247720e-02
   2.0688886e-02
   2.0909452e-02
   2.1333397e-02
   2.1050678e-02
   2.1069851e-02
   2.1158471e-02
   2.0914042e-02
   2.1166839e-02
   2.0892855e-02
   2.1160290e-02
   2.1281874e-02
   2.1283492e-02
   2.1187572e-02
   2.1025488e-02
   2.0711941e-02
   2.1128990e-02
   2.1109233e-02
   2.1172657e-02
   2.1166313e-02
   2.1209920e-02
   2.1339063e-02
   2.1182909e-02
   2.0771380e-02
   2.1202307e-02
   2.1105130e-02
   2.1127178e-02
   2.1121456e-02
   2.1186466e-02
   2.0850307e-02
   2.1085445e-02
   2.0887041e-02
   2.1256723e-02
   2.0908779e-02
   2.0914455e-02
   2.1263946e-02
   2.1252467e-02
   2.1260374e-02
   2.1197438e-02
   2.1091672e-02
   2.0762033e-02
   2.0975321e-02
   2.0952310e-02
   2.1333369e-02
   2.1239160e-02
   2.1300600e-02
   2.1135341e-02
   2.1176501e-02
   2.0952535e-02
   2.0899992e-02
   2.0675401e-02
   2.0960141e-02
   2.0765476e-02
   2.1152377e-02
   2.1266696e-02
   2.1092126e-02
   2.1287503e-02
   2.1275465e-02
   2.1346286e-02
   2.1094716e-02
   2.1077695e-02
   2.1184103e-02
   2.0781707e-02
   2.1023687e-02
   2.0912186e-02
   2.0847722e-02
   2.1247275e-02
   2.1177073e-02
   2.0881469e-02
   2.0881094e-02
   2.1042070e-02
   2.1300095e-02
   2.1065399e-02
   2.1120766e-02
   2.1043128e-02
   2.0764560e-02
   2.1098433e-02
   2.1189736e-02
   2.0759713e-02
   2.0940186e-02
   2.1026875e-02
   2.0762851e-02
   2.1008661e-02
   2.0691535e-02
   2.1172280e-02
   2.0777433e-02
   2.1363252e-02
   2.1197854e-02
   2.0764891e-02
   2.1047071e-02
   2.1317426e-02
   2.1224247e-02
   2.0982989e-02
   2.1178661e-02
   2.1194126e-02
   2.1215053e-02
   2.1314735e-02
   2.0817610e-02
   2.1176645e-02
   2.0904367e-02
   2.1209844e-02
   2.0979199e-02
   2.1115443e-02
   2.0766743e-02
   2.1002131e-02
   2.0778571e-02
   2.1315050e-02
   2.1110263e-02
   2.1240346e-02
   2.1339998e-02
   2.1390080e-02
   2.0612826e-02
   2.1084590e-02
   2.1061593e-02
   2.1076277e-02
   2.1283921e-02
   2.1044020e-02
   2.0939719e-02
   2.1255058e-02
   2.1240975e-02
   2.1222639e-02
   2.1100805e-02
   2.0754396e-02
   2.0823114e-02
   2.1085937e-02
   2.1292220e-02
   2.0956953e-02
   2.0933152e-02
   2.1120139e-02
   2.0666795e-02
   2.0781845e-02
   2.1021653e-02
   2.0843485e-02
   2.1256997e-02
   2.0967377e-02
   2.1074922e-02
   2.1195154e-02
   2.0931510e-02
   2.0979985e-02
   2.0980146e-02
   2.1197441e-02
   2.0949290e-02
   2.0498297e-02
   2.1294148e-02
   2.0508227e-02
   2.1178296e-02
   2.0751715e-02
   2.0879707e-02
   2.1197498e-02
   2.1183416e-02
   2.0865818e-02
   2.1277536e-02
   2.1071054e-02
   2.1155631e-02
   2.0987692e-02
   2.1181053e-02
   2.1261717e-02
   2.1099834e-02
   2.1096088e-02
   2.1331111e-02
   2.1199795e-02
   2.0934782e-02
   2.0783883e-02
   2.1187772e-02
   2.0736875e-02
   2.1009577e-02
   2.1147911e-02
   2.1115717e-02
   2.1303446e-02
   2.1309468e-02
   2.0999809e-02
   2.1188702e-02
   2.0896210e-02
   2.1260871e-02
   2.1205863e-02
   2.0699121e-02
   2.1374927e-02
   2.1017592e-02
   2.1181686e-02
   2.0956153e-02
   2.1338697e-02
   2.1131086e-02
   2.1350770e-02
   2.0849082e-02
   2.1368015e-02
   2.0983217e-02
   2.1151578e-02
   2.0921712e-02
   2.1219953e-02
   2.0690049e-02
   2.1334417e-02
   2.1193941e-02
   2.1371513e-02
   2.0777354e-02
   2.0854809e-02
   2.0874315e-02
   2.1297656e-02
   2.0913701e-02
   2.1379162e-02
   2.1085256e-02
   2.0890356e-02
   2.0551338e-02
   2.1199012e-02
   2.0704888e-02
   2.1301717e-02
   2.1060799e-02
   2.1350108e-02
   2.1189724e-02
   2.0627865e-02
   2.1090815e-02
   2.1035271e-02
   2.0815731e-02
   2.1170927e-02
   2.0526642e-02
   2.1229936e-02
   2.1246240e-02
   2.1245847e-02
   2.0914366e-02
   2.1371123e-02
   2.1394313e-02
   2.1071996e-02
   2.1058644e-02
   2.1096314e-02
   2.0861406e-02
   2.0810000e-02
   2.1023603e-02
   2.0906117e-02
   2.1018380e-02
   2.0558339e-02
   2.1349626e-02
   2.1178902e-02
   2.1223407e-02
   2.1380591e-02
   2.1176308e-02
   2.1067224e-02
   2.0927504e-02
   2.1235226e-02
   2.0940331e-02
   2.0776117e-02
   2.0941014e-02
   2.0794713e-02
   2.1385829e-02
   2.0827904e-02
   2.0773478e-02
   2.1123223e-02
   2.1238441e-02
   2.1164694e-02
   2.0902576e-02
   2.0862430e-02
   2.1262171e-02
   2.1154731e-02
   2.1280865e-02
   2.0726841e-02
   2.1257704e-02
   2.1189855e-02
   2.1249711e-02
   2.1099181e-02
   2.1235215e-02
   2.0757734e-02
   2.0838622e-02
   2.0987174e-02
   2.0953197e-02
   2.0619042e-02
   2.1123246e-02
   2.0960007e-02
   2.0960853e-02
   2.1279224e-02
   2.1124046e-02
   2.1239045e-02
   2.1020748e-02
   2.1087028e-02
   2.0951694e-02
   2.1083074e-02
   2.1186971e-02
   2.1021644e-02
   2.0750941e-02
   2.0930092e-02
   2.1211226e-02
   2.1081700e-02
   2.0569951e-02
   2.0585097e-02
   2.1159199e-02
   2.0932283e-02
   2.0942349e-02
   2.1067470e-02
