   2.7477407e-02
   4.3543784e-02
   2.5425821e-02
   4.3911595e-02
   3.3892629e-02
   2.7877272e-02
   3.4906332e-02
   4.0771362e-02
   2.9986776e-02
   3.2730828e-02
   3.5289653e-02
   4.2301138e-02
   3.1387702e-02
   3.6956155e-02
   3.6847025e-02
   3.3794355e-02
   3.5287854e-02
   2.4969668e-02
   2.4963300e-02
   2.6927948e-02
   2.6292554e-02
   4.3823035e-02
   4.5428980e-02
   2.7385127e-02
   2.8880990e-02
   3.3610092e-02
   3.8086904e-02
   2.4907087e-02
   4.0798611e-02
   2.4872052e-02
   3.1085220e-02
   2.9653515e-02
   4.4206593e-02
   2.9931444e-02
   3.4690203e-02
   2.8968379e-02
   2.7721279e-02
   3.3702361e-02
   3.0013625e-02
   2.5976223e-02
   3.9586603e-02
   3.2367878e-02
   3.1282724e-02
   3.5117152e-02
   3.9240837e-02
   2.7472999e-02
   3.6819829e-02
   2.9134907e-02
   2.3696191e-02
   3.2882486e-02
   3.3359379e-02
   3.5321346e-02
   2.5458035e-02
   3.6421643e-02
   3.6723165e-02
   3.3333974e-02
   3.5649177e-02
   3.7176733e-02
   3.1977135e-02
   3.3786719e-02
   4.1881968e-02
   3.2767569e-02
   4.4356194e-02
   3.8171614e-02
   3.1330479e-02
   3.6100319e-02
   4.1593862e-02
   2.9612813e-02
   3.4141408e-02
   4.5407470e-02
   4.3000586e-02
   3.6074795e-02
   3.6280929e-02
   3.8821082e-02
   3.4391309e-02
   2.6381713e-02
   3.7655269e-02
   3.6427546e-02
   4.5273416e-02
   2.3835427e-02
   2.3880417e-02
   4.6234073e-02
   2.5683429e-02
   3.8956526e-02
   3.6712517e-02
   3.0545246e-02
   3.5223770e-02
   2.1725723e-02
   4.6702407e-02
   2.6146322e-02
   3.6618432e-02
   3.8164208e-02
   2.2007540e-02
   3.2834566e-02
   3.1089329e-02
   2.4234591e-02
   2.1111830e-02
   2.8845590e-02
   3.6812676e-02
   3.0892876e-02
   2.7879257e-02
   2.9672230e-02
   2.9151996e-02
   2.4385734e-02
   3.7940653e-02
   3.9899897e-02
   3.6755954e-02
   4.0408507e-02
   2.3129455e-02
   3.8160080e-02
   2.7866126e-02
   3.1675922e-02
   4.0552686e-02
   4.3397559e-02
   2.8827550e-02
   3.8006207e-02
   4.0129527e-02
   3.6363749e-02
   3.4406242e-02
   3.2120864e-02
   2.9635424e-02
   3.1324545e-02
   3.9314859e-02
   2.9930288e-02
   4.1781711e-02
   2.5527817e-02
   3.8407116e-02
   3.3852518e-02
   2.5082891e-02
   3.5288503e-02
   3.1047270e-02
   2.7595830e-02
   2.8943680e-02
   3.4900350e-02
   4.5810170e-02
   3.1130343e-02
   2.4652249e-02
   4.4733381e-02
   3.9004191e-02
   3.5897577e-02
   3.3977014e-02
   3.6538946e-02
   3.9018116e-02
   2.9531720e-02
   3.3659917e-02
   3.8081991e-02
   2.7396412e-02
   2.3318417e-02
   3.1501553e-02
   4.1656173e-02
   3.2714244e-02
   3.1875487e-02
   2.3350360e-02
   3.1445914e-02
   2.7165585e-02
   3.6030450e-02
   2.4937351e-02
   2.5815104e-02
   3.6015171e-02
   3.8725688e-02
   4.1851733e-02
   3.2770310e-02
   3.1271200e-02
   3.6043047e-02
   2.6778275e-02
   3.6427997e-02
   3.0517486e-02
   3.3087339e-02
   3.5291982e-02
   3.5578624e-02
   3.6122290e-02
   3.1990348e-02
   2.1382087e-02
   2.8292415e-02
   3.8224052e-02
   2.2677546e-02
   4.2101826e-02
   2.5350391e-02
   2.9373129e-02
   3.2701529e-02
   3.1044706e-02
   4.2087866e-02
   4.1537447e-02
   4.4379811e-02
   3.1905096e-02
   3.1332367e-02
   4.3959621e-02
   4.1188414e-02
   3.7733647e-02
   2.5587469e-02
   4.3506760e-02
   2.9607688e-02
   2.7071833e-02
   2.2315959e-02
   3.4879256e-02
   2.3856014e-02
   3.5387147e-02
   3.7391766e-02
   2.6119324e-02
   4.1885745e-02
   3.0647982e-02
   2.5673207e-02
   3.5086011e-02
   2.7567560e-02
   2.4323184e-02
   3.1539841e-02
   2.7242636e-02
   2.5886376e-02
   3.7684761e-02
   3.6134859e-02
   3.0508295e-02
   3.0388788e-02
   4.1245644e-02
   2.6056106e-02
   2.7602850e-02
   3.3312164e-02
   2.8204954e-02
   3.3816965e-02
   3.3454821e-02
   3.6809768e-02
   3.3928999e-02
   2.8510920e-02
   2.4277766e-02
   2.3496444e-02
   3.2653555e-02
   3.4820153e-02
   2.9520084e-02
   3.9460795e-02
   3.7803505e-02
   4.0812794e-02
   3.9918838e-02
   2.6082575e-02
   3.1246446e-02
   2.7774893e-02
   3.7460985e-02
   3.6388401e-02
   3.7296755e-02
   3.0290019e-02
   3.8070538e-02
   2.7318743e-02
   3.6358279e-02
   2.9038378e-02
   2.5038438e-02
   4.1359297e-02
   3.5098806e-02
   4.0340514e-02
   3.5482095e-02
   3.7255671e-02
   3.9157712e-02
   2.5004162e-02
   3.8460494e-02
   2.8669118e-02
   2.8410214e-02
   3.8804445e-02
   2.5057937e-02
   3.0554592e-02
   3.9188862e-02
   4.1172748e-02
   2.9565051e-02
   2.6469957e-02
   2.9768766e-02
   2.9654254e-02
   3.2092814e-02
   2.7459814e-02
   4.5936863e-02
   2.1370339e-02
   3.0516167e-02
   3.1988498e-02
   3.9223826e-02
   2.4274432e-02
   3.0019207e-02
   3.2442496e-02
   2.7623990e-02
   3.7213486e-02
   2.7629857e-02
   3.7351676e-02
   2.7126899e-02
   3.9326747e-02
   2.5628080e-02
   2.5094487e-02
   2.5935180e-02
   3.1212024e-02
   3.6475948e-02
   2.1569272e-02
   4.0055463e-02
   3.7463776e-02
   3.3719305e-02
   3.2789961e-02
   3.3151514e-02
   2.4665150e-02
   2.7168520e-02
   3.2965005e-02
   3.2033185e-02
   3.3597832e-02
   2.8695236e-02
   2.7743723e-02
   3.4236037e-02
   3.6599616e-02
   2.5449288e-02
   3.1023250e-02
