   1.6485584e-01
   1.6239870e-01
   1.6717864e-01
   1.6521654e-01
   1.6152469e-01
   1.7156590e-01
   1.6936088e-01
   1.6788958e-01
   1.5970528e-01
   1.6755022e-01
   1.6691280e-01
   1.6612666e-01
   1.6390386e-01
   1.6705998e-01
   1.7042717e-01
   1.6530440e-01
   1.7038073e-01
   1.6565339e-01
   1.6402711e-01
   1.6057737e-01
   1.6557886e-01
   1.6448352e-01
   1.7193088e-01
   1.6737834e-01
   1.6276096e-01
   1.7040376e-01
   1.6154616e-01
   1.6806165e-01
   1.6598081e-01
   1.6780818e-01
   1.6995525e-01
   1.5845330e-01
   1.6643442e-01
   1.6849594e-01
   1.6618350e-01
   1.6389804e-01
   1.6606886e-01
   1.6432973e-01
   1.6818792e-01
   1.6726069e-01
   1.6285299e-01
   1.6681835e-01
   1.6669879e-01
   1.6103286e-01
   1.6816325e-01
   1.6741742e-01
   1.6634570e-01
   1.6789321e-01
   1.7117365e-01
   1.5998581e-01
   1.6764182e-01
   1.6319439e-01
   1.6254981e-01
   1.6321467e-01
   1.6421913e-01
   1.6965699e-01
   1.6566914e-01
   1.6171719e-01
   1.6366603e-01
   1.5851699e-01
   1.6262180e-01
   1.6826104e-01
   1.6296158e-01
   1.6254570e-01
   1.6189987e-01
   1.6107734e-01
   1.6780961e-01
   1.6979588e-01
   1.5742997e-01
   1.6320100e-01
   1.6710029e-01
   1.6916588e-01
   1.6139918e-01
   1.6699931e-01
   1.6611123e-01
   1.7046338e-01
   1.6748616e-01
   1.6934943e-01
   1.6196373e-01
   1.6527691e-01
   1.6340160e-01
   1.5843443e-01
   1.6875748e-01
   1.6147344e-01
   1.6937373e-01
   1.6716485e-01
   1.7078606e-01
   1.6685192e-01
   1.6515846e-01
   1.6756737e-01
   1.6654353e-01
   1.6856486e-01
   1.6441656e-01
   1.6928888e-01
   1.6536864e-01
   1.5857132e-01
   1.6510711e-01
   1.7488639e-01
   1.6364051e-01
   1.5710656e-01
   1.6623644e-01
   1.6399355e-01
   1.6327224e-01
   1.6721431e-01
   1.6854110e-01
   1.7084083e-01
   1.6416170e-01
   1.6422180e-01
   1.6505705e-01
   1.6421421e-01
   1.7348726e-01
   1.6444979e-01
   1.6771692e-01
   1.6387838e-01
   1.6459571e-01
   1.6752919e-01
   1.6033509e-01
   1.7128617e-01
   1.6854643e-01
   1.7158988e-01
   1.6928494e-01
   1.6435981e-01
   1.6652732e-01
   1.6324303e-01
   1.6215738e-01
   1.6527257e-01
   1.6529571e-01
   1.6650796e-01
   1.6666903e-01
   1.6201510e-01
   1.6463454e-01
   1.6224965e-01
   1.6681535e-01
   1.6937935e-01
   1.6292025e-01
   1.6344766e-01
   1.6104452e-01
   1.6558772e-01
   1.6446144e-01
   1.7067677e-01
   1.5803907e-01
   1.7045344e-01
   1.6745245e-01
   1.6663458e-01
   1.6679548e-01
   1.6441900e-01
   1.6302403e-01
   1.6018312e-01
   1.7148148e-01
   1.6855496e-01
   1.7191539e-01
   1.6722458e-01
   1.6349454e-01
   1.6319187e-01
   1.6309630e-01
   1.6648318e-01
   1.6653674e-01
   1.6717330e-01
   1.6713337e-01
   1.6884936e-01
   1.6663598e-01
   1.6631923e-01
   1.6494218e-01
   1.6483950e-01
   1.6315477e-01
   1.6613560e-01
   1.6994152e-01
   1.5961373e-01
   1.6590847e-01
   1.6617431e-01
   1.5908769e-01
   1.6538436e-01
   1.6292350e-01
   1.6422131e-01
   1.6237876e-01
   1.6276348e-01
   1.6663013e-01
   1.6160175e-01
   1.6654194e-01
   1.5916701e-01
   1.6500380e-01
   1.6636436e-01
   1.6905489e-01
   1.6545965e-01
   1.6236620e-01
   1.6155971e-01
   1.6316873e-01
   1.6478674e-01
   1.6247802e-01
   1.6428737e-01
   1.6684406e-01
   1.6916225e-01
   1.6821590e-01
   1.6311579e-01
   1.6762774e-01
   1.6879266e-01
   1.7276799e-01
   1.6840667e-01
   1.6717580e-01
   1.7106326e-01
   1.6869105e-01
   1.6609166e-01
   1.6280127e-01
   1.6557790e-01
   1.6240321e-01
   1.6285198e-01
   1.6580923e-01
   1.6697127e-01
   1.6441384e-01
   1.7024971e-01
   1.6708154e-01
   1.6710289e-01
   1.6692887e-01
   1.6667465e-01
   1.6892278e-01
   1.6367600e-01
   1.6775966e-01
   1.6200188e-01
   1.6265141e-01
   1.6320385e-01
   1.6619646e-01
   1.7149247e-01
   1.6725395e-01
   1.7102757e-01
   1.6492457e-01
   1.6426785e-01
   1.6184534e-01
   1.6807442e-01
   1.6746185e-01
   1.6824559e-01
   1.6005475e-01
   1.6844949e-01
   1.6415544e-01
   1.6720902e-01
   1.6453245e-01
   1.7072081e-01
   1.6146278e-01
   1.6179250e-01
   1.6697934e-01
   1.6768826e-01
   1.6410160e-01
   1.6031586e-01
   1.6431198e-01
   1.7094601e-01
   1.5814026e-01
   1.6259625e-01
   1.6258625e-01
   1.6433515e-01
   1.6683193e-01
   1.6933061e-01
   1.6776048e-01
   1.6985440e-01
   1.6649582e-01
   1.6751061e-01
   1.5743846e-01
   1.6342212e-01
   1.6921796e-01
   1.6315850e-01
   1.6269666e-01
   1.7304554e-01
   1.6502235e-01
   1.6552067e-01
   1.7205302e-01
   1.6649638e-01
   1.6644679e-01
   1.6384133e-01
   1.6912632e-01
   1.6802723e-01
   1.6168561e-01
   1.6261638e-01
   1.6659508e-01
   1.6985914e-01
   1.6481450e-01
   1.6363527e-01
   1.6272805e-01
   1.6019318e-01
   1.6391202e-01
   1.6293184e-01
   1.6969525e-01
   1.6530952e-01
   1.6801488e-01
   1.6378701e-01
   1.5720100e-01
   1.6771412e-01
   1.6143119e-01
   1.6761904e-01
   1.6422941e-01
   1.6994206e-01
   1.6806342e-01
   1.6752406e-01
   1.6988849e-01
   1.5991567e-01
   1.6442055e-01
   1.6176537e-01
   1.6321911e-01
   1.6737041e-01
   1.6401689e-01
   1.6986018e-01
   1.6183098e-01
   1.6276291e-01
