   7.4312229e-02
   7.4552802e-02
   7.3840971e-02
   7.1993221e-02
   7.3018275e-02
   7.3192778e-02
   7.1133184e-02
   7.4650499e-02
   7.2955332e-02
   7.4675811e-02
   7.1878297e-02
   7.1162106e-02
   7.2339684e-02
   7.4583369e-02
   7.3744933e-02
   7.3544936e-02
   7.3118287e-02
   7.4647336e-02
   7.4651950e-02
   7.1908058e-02
   7.4646684e-02
   7.3390823e-02
   7.4719442e-02
   7.5096892e-02
   7.2519475e-02
   7.3951928e-02
   7.3677730e-02
   7.3800483e-02
   7.3822824e-02
   7.4431723e-02
   7.5436547e-02
   7.3563800e-02
   7.4157762e-02
   7.2087298e-02
   7.3289685e-02
   7.2944699e-02
   7.5046381e-02
   7.4414057e-02
   7.4380408e-02
   7.3207376e-02
   7.4592961e-02
   7.3844085e-02
   7.4279970e-02
   7.3184536e-02
   7.5027571e-02
   7.4937210e-02
   7.1412300e-02
   7.4281282e-02
   7.2835362e-02
   7.3756415e-02
   7.2226377e-02
   7.4836380e-02
   7.4701403e-02
   7.3160292e-02
   7.4789979e-02
   7.4012983e-02
   7.4317229e-02
   7.3234118e-02
   7.2481962e-02
   7.3448144e-02
   7.2358247e-02
   7.4423126e-02
   7.4825180e-02
   7.4361975e-02
   7.1185149e-02
   7.3161382e-02
   7.2910126e-02
   7.3433529e-02
   7.5068079e-02
   7.3269655e-02
   7.4757030e-02
   7.3491106e-02
   7.4426128e-02
   7.3185861e-02
   7.4253693e-02
   7.2851619e-02
   7.1706130e-02
   7.2364916e-02
   7.3833913e-02
   7.4421422e-02
   7.4418110e-02
   7.3974491e-02
   7.5039531e-02
   7.2741052e-02
   7.3254221e-02
   7.4578742e-02
   7.2891212e-02
   7.3005485e-02
   7.5569812e-02
   7.3620199e-02
   7.3843188e-02
   7.2568795e-02
   7.4581584e-02
   7.4866653e-02
   7.3476987e-02
   7.1383383e-02
   7.4570929e-02
   7.3355279e-02
   7.5148447e-02
   7.5211429e-02
   7.3295510e-02
   7.2950421e-02
   7.2474104e-02
   7.4992270e-02
   7.3268015e-02
   7.5116891e-02
   7.1006247e-02
   7.1625962e-02
   7.4478895e-02
   7.1723379e-02
   7.4433430e-02
   7.4586999e-02
   7.2671171e-02
   7.3372824e-02
   7.4273995e-02
   7.4709818e-02
   7.2391556e-02
   7.3061412e-02
   7.3766347e-02
   7.3731269e-02
   7.1958631e-02
   7.2643112e-02
   7.2436170e-02
   7.2788199e-02
   7.3284358e-02
   7.4721744e-02
   7.4454505e-02
   7.4560084e-02
   7.3704823e-02
   7.4424126e-02
   7.3631725e-02
   7.3164594e-02
   7.4689199e-02
   7.2166070e-02
   7.4224017e-02
   7.4566217e-02
   7.4272190e-02
   7.4887985e-02
   7.3107553e-02
   7.5067016e-02
   7.4476442e-02
   7.4725182e-02
   7.5017073e-02
   7.0993239e-02
   7.3715829e-02
   7.2922028e-02
   7.4329677e-02
   7.2543866e-02
   7.1874788e-02
   7.3061857e-02
   7.4666843e-02
   7.5310601e-02
   7.4738544e-02
   7.5207271e-02
   7.2762890e-02
   7.4604927e-02
   7.2101650e-02
   7.4426863e-02
   7.3655890e-02
   7.4669453e-02
   7.4481494e-02
   7.3779081e-02
   7.1641660e-02
   7.2585213e-02
   7.2838904e-02
   7.3877426e-02
   7.3302283e-02
   7.3114663e-02
   7.2679339e-02
   7.3620114e-02
   7.4647802e-02
   7.3370699e-02
   7.4663467e-02
   7.4653596e-02
   7.2227930e-02
   7.4910663e-02
   7.3931541e-02
   7.4368170e-02
   7.4666988e-02
   7.2334179e-02
   7.4641651e-02
   7.4865114e-02
   7.1950533e-02
   7.4695880e-02
   7.5002920e-02
   7.4578030e-02
   7.4303456e-02
   7.4508850e-02
   7.5328353e-02
   7.4374612e-02
   7.1378936e-02
   7.4700028e-02
   7.3840516e-02
   7.3104232e-02
   7.0912350e-02
   7.5005861e-02
   7.2849596e-02
   7.4677231e-02
   7.4236001e-02
   7.4636043e-02
   7.4293736e-02
   7.4342293e-02
   7.2226835e-02
   7.4792448e-02
   7.4441278e-02
   7.2865012e-02
   7.4544411e-02
   7.3152623e-02
   7.2787439e-02
   7.3786005e-02
   7.4714932e-02
   7.3793541e-02
   7.2591923e-02
   7.2942563e-02
   7.4285489e-02
   7.4609627e-02
   7.4232631e-02
   7.3423031e-02
   7.4226058e-02
   7.5104164e-02
   7.4274295e-02
   7.2886834e-02
   7.1874878e-02
   7.2871957e-02
   7.3613928e-02
   7.4381334e-02
   7.2648536e-02
   7.4404089e-02
   7.4181167e-02
   7.3538311e-02
   7.4669987e-02
   7.3127058e-02
   7.3904537e-02
   7.3572405e-02
   7.3299499e-02
   7.4533424e-02
   7.4450734e-02
   7.4762529e-02
   7.4407161e-02
   7.4568247e-02
   7.4424510e-02
   7.5086175e-02
   7.4328346e-02
   7.2296240e-02
   7.3120431e-02
   7.3057136e-02
   7.2614210e-02
   7.4725437e-02
   7.4265503e-02
   7.2475878e-02
   7.1971970e-02
   7.4013077e-02
   7.4414756e-02
   7.0944405e-02
   7.3670456e-02
   7.3754336e-02
   7.4640534e-02
   7.4508314e-02
   7.2680272e-02
   7.2606923e-02
   7.1978829e-02
   7.4594948e-02
   7.4486198e-02
   7.3524412e-02
   7.2682899e-02
   7.4775727e-02
   7.2808394e-02
   7.5290704e-02
   7.4776814e-02
   7.4621485e-02
   7.3437020e-02
   7.4576828e-02
   7.3799645e-02
   7.4656308e-02
   7.3914141e-02
   7.2774706e-02
   7.3074844e-02
   7.3002759e-02
   7.4046873e-02
   7.3197489e-02
   7.4055707e-02
   7.4457135e-02
   7.3050538e-02
   7.3568036e-02
   7.3445974e-02
   7.4378698e-02
   7.4556929e-02
   7.3654639e-02
   7.2484132e-02
   7.4236852e-02
   7.4713533e-02
   7.1999376e-02
   7.2377641e-02
   7.4064963e-02
   7.4144143e-02
   7.3935368e-02
   7.1197842e-02
   7.4688362e-02
   7.3499978e-02
   7.3086643e-02
