   1.2061446e-02
   1.2310488e-02
   1.1832120e-02
   1.2066827e-02
   1.2224490e-02
   1.2326454e-02
   1.1949227e-02
   1.1869390e-02
   1.2175236e-02
   1.2039559e-02
   1.1817126e-02
   1.1984970e-02
   1.1970441e-02
   1.2073375e-02
   1.2580147e-02
   1.2115579e-02
   1.1866374e-02
   1.2308251e-02
   1.1837092e-02
   1.1929731e-02
   1.1951210e-02
   1.2012845e-02
   1.1865206e-02
   1.2372438e-02
   1.1902935e-02
   1.1831907e-02
   1.2345185e-02
   1.1947642e-02
   1.1862254e-02
   1.2185373e-02
   1.1985583e-02
   1.2039330e-02
   1.1916400e-02
   1.2206647e-02
   1.1831111e-02
   1.2370849e-02
   1.1857991e-02
   1.1822039e-02
   1.2240806e-02
   1.1983120e-02
   1.1997567e-02
   1.2427333e-02
   1.1902791e-02
   1.2359048e-02
   1.1936917e-02
   1.1981986e-02
   1.2589978e-02
   1.1823884e-02
   1.2321926e-02
   1.2063080e-02
   1.1834752e-02
   1.1960423e-02
   1.2211024e-02
   1.1841971e-02
   1.2355655e-02
   1.2174434e-02
   1.1911493e-02
   1.2307291e-02
   1.1934067e-02
   1.1930755e-02
   1.2033726e-02
   1.2008223e-02
   1.2298598e-02
   1.1876402e-02
   1.1966738e-02
   1.2004779e-02
   1.2340763e-02
   1.1949164e-02
   1.2201773e-02
   1.1872279e-02
   1.1955835e-02
   1.1992390e-02
   1.1955440e-02
   1.1847856e-02
   1.1989883e-02
   1.1884482e-02
   1.1861498e-02
   1.2085977e-02
   1.2047899e-02
   1.1828919e-02
   1.1922924e-02
   1.1948996e-02
   1.1938744e-02
   1.2324777e-02
   1.1974367e-02
   1.1842499e-02
   1.1875288e-02
   1.2176354e-02
   1.2353080e-02
   1.1891386e-02
   1.2062223e-02
   1.2117034e-02
   1.1832190e-02
   1.2038866e-02
   1.2063178e-02
   1.1890817e-02
   1.1934272e-02
   1.2079574e-02
   1.2219558e-02
   1.2068467e-02
   1.2113442e-02
   1.2361364e-02
   1.2074103e-02
   1.2353229e-02
   1.1998008e-02
   1.1927435e-02
   1.2187621e-02
   1.2203826e-02
   1.1895155e-02
   1.1857301e-02
   1.2367187e-02
   1.1853928e-02
   1.1993576e-02
   1.2050497e-02
   1.2408961e-02
   1.2408712e-02
   1.2046512e-02
   1.1863903e-02
   1.1831692e-02
   1.2261079e-02
   1.1990232e-02
   1.1941369e-02
   1.1897724e-02
   1.1883924e-02
   1.1960242e-02
   1.1860592e-02
   1.2031670e-02
   1.2212826e-02
   1.2316142e-02
   1.2065287e-02
   1.2348365e-02
   1.1850935e-02
   1.1878799e-02
   1.1852779e-02
   1.1902822e-02
   1.1896575e-02
   1.2203968e-02
   1.2152539e-02
   1.1842036e-02
   1.1873863e-02
   1.2043870e-02
   1.2187038e-02
   1.1846923e-02
   1.2125425e-02
   1.1811558e-02
   1.2340060e-02
   1.2204785e-02
   1.1831376e-02
   1.2391191e-02
   1.2179451e-02
   1.1968957e-02
   1.1982998e-02
   1.1901705e-02
   1.2308354e-02
   1.1911354e-02
   1.1928020e-02
   1.1959270e-02
   1.1832224e-02
   1.2375873e-02
   1.2014693e-02
   1.2104821e-02
   1.2273225e-02
   1.2003890e-02
   1.2381398e-02
   1.1828989e-02
   1.1939976e-02
   1.2228248e-02
   1.1965531e-02
   1.2256685e-02
   1.1854207e-02
   1.1925668e-02
   1.2254870e-02
   1.1832839e-02
   1.1921029e-02
   1.2317097e-02
   1.1931558e-02
   1.2073695e-02
   1.2291650e-02
   1.2020107e-02
   1.1840230e-02
   1.1994346e-02
   1.1897697e-02
   1.1975914e-02
   1.1904898e-02
   1.1820241e-02
   1.2295713e-02
   1.1891663e-02
   1.1876082e-02
   1.1878632e-02
   1.2211542e-02
   1.2028755e-02
   1.1907344e-02
   1.1879371e-02
   1.2096861e-02
   1.1881939e-02
   1.2212907e-02
   1.1858625e-02
   1.2275350e-02
   1.2359925e-02
   1.1889391e-02
   1.1918360e-02
   1.2309135e-02
   1.2358102e-02
   1.2027610e-02
   1.1922782e-02
   1.2385606e-02
   1.2137313e-02
   1.1970286e-02
   1.2195284e-02
   1.2112031e-02
   1.1968538e-02
   1.1893445e-02
   1.2154973e-02
   1.2129678e-02
   1.1963472e-02
   1.2129489e-02
   1.1958855e-02
   1.2328114e-02
   1.1968970e-02
   1.1864032e-02
   1.1898865e-02
   1.1892545e-02
   1.2091223e-02
   1.2124349e-02
   1.1931624e-02
   1.1944211e-02
   1.1867667e-02
   1.1979873e-02
   1.1930177e-02
   1.2121275e-02
   1.1820717e-02
   1.2069050e-02
   1.2135853e-02
   1.1831834e-02
   1.1859542e-02
   1.2069907e-02
   1.2097458e-02
   1.1867479e-02
   1.1874976e-02
   1.1884195e-02
   1.1811301e-02
   1.1832327e-02
   1.1903955e-02
   1.2255042e-02
   1.2321823e-02
   1.1852651e-02
   1.2176974e-02
   1.1963803e-02
   1.2339988e-02
   1.2282218e-02
   1.1847861e-02
   1.2081304e-02
   1.1919708e-02
   1.2171495e-02
   1.2310829e-02
   1.1971133e-02
   1.2198501e-02
   1.2372138e-02
   1.1960248e-02
   1.2050300e-02
   1.1815518e-02
   1.2386946e-02
   1.1900321e-02
   1.2299048e-02
   1.1892764e-02
   1.2441394e-02
   1.2303302e-02
   1.2511203e-02
   1.1872888e-02
   1.2388404e-02
   1.1847022e-02
   1.1828343e-02
   1.2033393e-02
   1.2186152e-02
   1.2169901e-02
   1.2092591e-02
   1.1893179e-02
   1.2107929e-02
   1.2072674e-02
   1.1904811e-02
   1.1956011e-02
   1.1925510e-02
   1.2368478e-02
   1.1854967e-02
   1.1949909e-02
   1.1925040e-02
   1.1835973e-02
   1.1915958e-02
   1.2076975e-02
   1.1954913e-02
   1.2310875e-02
   1.2373401e-02
   1.1868784e-02
   1.2202523e-02
   1.1908988e-02
   1.2329592e-02
   1.2018368e-02
   1.1950851e-02
   1.2543431e-02
   1.2318157e-02
