   1.1039160e-02
   1.1154750e-02
   1.1766474e-02
   1.1706222e-02
   1.2802740e-02
   1.2776661e-02
   1.1388086e-02
   1.2190350e-02
   1.1586321e-02
   1.1977801e-02
   1.1716393e-02
   1.1947844e-02
   1.1877212e-02
   1.1044553e-02
   1.2660442e-02
   1.2693952e-02
   1.1635476e-02
   1.1889501e-02
   1.2302731e-02
   1.2006474e-02
   1.1136209e-02
   1.2113703e-02
   1.1833952e-02
   1.1534218e-02
   1.2355480e-02
   1.2970980e-02
   1.1443496e-02
   1.2917701e-02
   1.1154031e-02
   1.1498689e-02
   1.2512882e-02
   1.1773773e-02
   1.2962430e-02
   1.1574983e-02
   1.1689323e-02
   1.2281944e-02
   1.1586431e-02
   1.1803861e-02
   1.1757952e-02
   1.2614153e-02
   1.1795472e-02
   1.1038282e-02
   1.1819797e-02
   1.1790499e-02
   1.1151479e-02
   1.1767610e-02
   1.1167738e-02
   1.2141065e-02
   1.2730778e-02
   1.1355452e-02
   1.2169847e-02
   1.1789424e-02
   1.1410405e-02
   1.2991386e-02
   1.1625705e-02
   1.2797047e-02
   1.2916134e-02
   1.1250069e-02
   1.2756303e-02
   1.2703674e-02
   1.1678192e-02
   1.2244039e-02
   1.2821350e-02
   1.1802491e-02
   1.1675240e-02
   1.1779490e-02
   1.1092219e-02
   1.3000583e-02
   1.1531063e-02
   1.2578463e-02
   1.2584885e-02
   1.1421762e-02
   1.2323746e-02
   1.1856953e-02
   1.1537519e-02
   1.2251603e-02
   1.2194077e-02
   1.1905805e-02
   1.1357933e-02
   1.1968026e-02
   1.3039954e-02
   1.2335784e-02
   1.1238134e-02
   1.2654330e-02
   1.2912072e-02
   1.2348863e-02
   1.2157375e-02
   1.1728836e-02
   1.2743887e-02
   1.1755562e-02
   1.1678210e-02
   1.1691748e-02
   1.2911972e-02
   1.2854325e-02
   1.1765328e-02
   1.2789701e-02
   1.2542552e-02
   1.2245054e-02
   1.2531675e-02
   1.3009841e-02
   1.2679051e-02
   1.1173395e-02
   1.1733375e-02
   1.1076312e-02
   1.1945514e-02
   1.1489467e-02
   1.2163371e-02
   1.1194372e-02
   1.2637082e-02
   1.1140537e-02
   1.1790469e-02
   1.1457544e-02
   1.1723743e-02
   1.2942213e-02
   1.1791588e-02
   1.1988218e-02
   1.1045486e-02
   1.1774845e-02
   1.1734627e-02
   1.1125684e-02
   1.1328026e-02
   1.1364354e-02
   1.2778608e-02
   1.1824139e-02
   1.1982580e-02
   1.1049047e-02
   1.1880496e-02
   1.1797481e-02
   1.1235518e-02
   1.1841720e-02
   1.2375901e-02
   1.1535561e-02
   1.1725641e-02
   1.2779580e-02
   1.2511209e-02
   1.2716188e-02
   1.1594224e-02
   1.1678643e-02
   1.2170073e-02
   1.1850939e-02
   1.2397754e-02
   1.1998473e-02
   1.2692400e-02
   1.2157011e-02
   1.1721448e-02
   1.1042879e-02
   1.1469416e-02
   1.2499764e-02
   1.2046121e-02
   1.1910895e-02
   1.1212468e-02
   1.3042598e-02
   1.2492926e-02
   1.1059406e-02
   1.2151865e-02
   1.1714698e-02
   1.1311064e-02
   1.1473996e-02
   1.2660549e-02
   1.1974772e-02
   1.1225483e-02
   1.1376468e-02
   1.2151162e-02
   1.1148465e-02
   1.1963295e-02
   1.1355606e-02
   1.1266955e-02
   1.1733788e-02
   1.1575223e-02
   1.1371307e-02
   1.2693959e-02
   1.1769789e-02
   1.1741238e-02
   1.1772474e-02
   1.1744330e-02
   1.1798493e-02
   1.3006008e-02
   1.2670761e-02
   1.2449706e-02
   1.1640700e-02
   1.2512457e-02
   1.1550002e-02
   1.1078717e-02
   1.2335059e-02
   1.1807670e-02
   1.2720084e-02
   1.1673511e-02
   1.1054639e-02
   1.1643950e-02
   1.1084056e-02
   1.2183631e-02
   1.2993832e-02
   1.2225999e-02
   1.1385184e-02
   1.2710818e-02
   1.1346358e-02
   1.2807499e-02
   1.2603580e-02
   1.2891385e-02
   1.1756802e-02
   1.1729074e-02
   1.1608650e-02
   1.2226322e-02
   1.2346048e-02
   1.1722496e-02
   1.2802568e-02
   1.1760243e-02
   1.2144430e-02
   1.1745271e-02
   1.1810693e-02
   1.1769768e-02
   1.1405966e-02
   1.2074987e-02
   1.1715986e-02
   1.1178407e-02
   1.1985556e-02
   1.2240661e-02
   1.2499256e-02
   1.3043314e-02
   1.1444575e-02
   1.2268779e-02
   1.1577468e-02
   1.2362330e-02
   1.1739230e-02
   1.1403810e-02
   1.1450519e-02
   1.1698581e-02
   1.1878734e-02
   1.1496817e-02
   1.1790452e-02
   1.2862404e-02
   1.1811307e-02
   1.2730314e-02
   1.2687195e-02
   1.1716084e-02
   1.1822143e-02
   1.1898403e-02
   1.2585189e-02
   1.2804785e-02
   1.2476156e-02
   1.1712169e-02
   1.2644421e-02
   1.1173090e-02
   1.2619773e-02
   1.1586935e-02
   1.1761936e-02
   1.1469884e-02
   1.2842683e-02
   1.2668793e-02
   1.1495941e-02
   1.1652712e-02
   1.2517439e-02
   1.2058417e-02
   1.2781393e-02
   1.1293136e-02
   1.1759897e-02
   1.1172677e-02
   1.2753471e-02
   1.1658961e-02
   1.2860490e-02
   1.2452249e-02
   1.2962145e-02
   1.2004585e-02
   1.1578903e-02
   1.2157068e-02
   1.2529600e-02
   1.1743241e-02
   1.1117676e-02
   1.1364518e-02
   1.1214992e-02
   1.2401867e-02
   1.2664490e-02
   1.1772776e-02
   1.1069538e-02
   1.1670945e-02
   1.1048918e-02
   1.2527233e-02
   1.2317500e-02
   1.1969921e-02
   1.1987834e-02
   1.2708767e-02
   1.2840232e-02
   1.2738696e-02
   1.1717770e-02
   1.2789189e-02
   1.1603767e-02
   1.1691737e-02
   1.2704595e-02
   1.1481939e-02
   1.1918083e-02
   1.2391005e-02
   1.2177874e-02
   1.1515295e-02
   1.1850958e-02
   1.2493596e-02
   1.2127907e-02
   1.2492525e-02
   1.1089549e-02
   1.2778753e-02
   1.1189125e-02
