   1.9619106e-01
   1.8370712e-01
   1.9411622e-01
   2.0124709e-01
   1.9497261e-01
   1.9122796e-01
   1.6451260e-01
   1.7510593e-01
   2.0032406e-01
   1.8730976e-01
   1.8494088e-01
   1.7720159e-01
   1.6310234e-01
   1.9687208e-01
   1.8219367e-01
   1.8501919e-01
   1.7217851e-01
   1.8193072e-01
   1.8534394e-01
   1.6572869e-01
   1.9162086e-01
   1.9380009e-01
   1.8202376e-01
   1.6028285e-01
   1.9914255e-01
   1.9140926e-01
   1.7560249e-01
   1.8030170e-01
   1.7454529e-01
   1.6562139e-01
   1.9875267e-01
   1.9325388e-01
   1.9530119e-01
   1.6874551e-01
   1.8913408e-01
   1.7196624e-01
   1.8821992e-01
   1.7486924e-01
   1.7862455e-01
   1.8452203e-01
   1.8461800e-01
   1.6857868e-01
   1.6015221e-01
   1.9683740e-01
   1.8950580e-01
   1.9793293e-01
   1.7297313e-01
   1.9205679e-01
   1.8930764e-01
   1.7309196e-01
   1.8155039e-01
   1.9440100e-01
   1.8991774e-01
   1.6335345e-01
   1.8640270e-01
   1.8970157e-01
   1.8049010e-01
   1.9151476e-01
   1.7968872e-01
   1.7787397e-01
   2.0020546e-01
   1.9807845e-01
   1.6697484e-01
   1.7122238e-01
   1.8075347e-01
   1.5944679e-01
   1.7328866e-01
   1.8808897e-01
   1.8411028e-01
   1.9251137e-01
   1.8291985e-01
   1.7095021e-01
   1.7221601e-01
   1.8960392e-01
   1.5356363e-01
   1.9196783e-01
   1.6573520e-01
   1.8228853e-01
   1.9194618e-01
   1.9319389e-01
   1.7232474e-01
   1.6607289e-01
   1.9007833e-01
   1.6854804e-01
   1.6443435e-01
   1.9299537e-01
   1.9025094e-01
   1.8474013e-01
   1.9160881e-01
   1.9055011e-01
   1.7837971e-01
   1.8571216e-01
   1.6391716e-01
   1.9010263e-01
   2.0053695e-01
   1.9148507e-01
   1.9853264e-01
   1.8953747e-01
   2.0088743e-01
   1.8809033e-01
   1.7606524e-01
   1.8271373e-01
   1.9171220e-01
   1.7633943e-01
   1.9890802e-01
   1.7907344e-01
   1.7402775e-01
   1.9132440e-01
   1.7630427e-01
   1.7710364e-01
   1.7854429e-01
   1.7095595e-01
   1.9529165e-01
   1.8000286e-01
   1.5918003e-01
   1.7941402e-01
   1.7193894e-01
   1.8886827e-01
   1.8630582e-01
   1.7126838e-01
   1.9930176e-01
   1.8427377e-01
   1.7081263e-01
   1.6997822e-01
   1.6913651e-01
   1.8415147e-01
   1.8114216e-01
   1.9100584e-01
   1.6974075e-01
   1.8758768e-01
   1.8728786e-01
   1.9073637e-01
   1.7089290e-01
   1.9390986e-01
   1.7558625e-01
   1.7614910e-01
   1.6590490e-01
   1.9133456e-01
   1.9437661e-01
   2.0086028e-01
   1.7953226e-01
   1.8797396e-01
   1.6711986e-01
   1.8398380e-01
   1.9714541e-01
   1.7296760e-01
   1.6879810e-01
   1.9587212e-01
   1.6553038e-01
   1.9526055e-01
   1.9541332e-01
   1.6585970e-01
   1.6480774e-01
   1.9439246e-01
   1.9078506e-01
   1.8842875e-01
   1.9345307e-01
   1.7198878e-01
   1.6671939e-01
   1.8747948e-01
   1.6611805e-01
   1.8752697e-01
   1.8940494e-01
   1.7551873e-01
   1.8773636e-01
   1.7203830e-01
   1.7293643e-01
   1.7191907e-01
   1.7994342e-01
   1.8913536e-01
   1.9769313e-01
   1.7649618e-01
   1.5883621e-01
   1.8595016e-01
   1.6778214e-01
   1.6647186e-01
   1.8857298e-01
   1.8236014e-01
   1.6593742e-01
   1.9746476e-01
   1.8485983e-01
   1.8061676e-01
   1.7780592e-01
   1.8286522e-01
   1.7351595e-01
   1.8884614e-01
   2.0203847e-01
   1.9454693e-01
   1.7830105e-01
   1.7539264e-01
   1.7877296e-01
   2.0194889e-01
   1.8990451e-01
   1.8977042e-01
   1.9553819e-01
   1.9356002e-01
   1.8341452e-01
   1.8078494e-01
   1.7765617e-01
   1.8444420e-01
   1.8462398e-01
   1.8392048e-01
   1.8674636e-01
   1.6158327e-01
   1.9428688e-01
   1.8278494e-01
   1.6871941e-01
   1.6868222e-01
   1.8326463e-01
   1.8779815e-01
   1.9933514e-01
   1.8536576e-01
   1.9146147e-01
   1.8948579e-01
   1.9817301e-01
   1.8379698e-01
   1.7682119e-01
   1.6689662e-01
   1.9103302e-01
   1.8194420e-01
   1.6787737e-01
   1.6537222e-01
   1.9616480e-01
   1.7108668e-01
   1.8465079e-01
   1.7418151e-01
   1.6558139e-01
   1.8267582e-01
   1.9844469e-01
   1.8509947e-01
   1.6953699e-01
   1.8369636e-01
   1.9181016e-01
   1.8715304e-01
   1.7229737e-01
   1.6167119e-01
   1.6596548e-01
   1.8819879e-01
   1.9063107e-01
   1.6594339e-01
   1.7006471e-01
   1.7297905e-01
   1.8637538e-01
   1.5908546e-01
   1.7546369e-01
   1.6730847e-01
   1.7335170e-01
   2.0139794e-01
   1.9816087e-01
   1.9217971e-01
   1.8674828e-01
   1.7340930e-01
   1.6658683e-01
   1.8547619e-01
   1.7164275e-01
   1.9930553e-01
   1.5971290e-01
   1.8581087e-01
   1.7911518e-01
   1.8923475e-01
   1.6945170e-01
   1.9261308e-01
   1.6783530e-01
   1.9556469e-01
   1.8645570e-01
   1.8933070e-01
   1.7604338e-01
   1.7913249e-01
   1.7499421e-01
   1.8526680e-01
   1.9208717e-01
   1.6006681e-01
   1.7591829e-01
   1.9521677e-01
   1.8263353e-01
   1.9466488e-01
   1.6563659e-01
   1.7525923e-01
   1.9234235e-01
   1.7675933e-01
   1.8338124e-01
   1.6481583e-01
   1.8658862e-01
   1.6300809e-01
   1.5945274e-01
   1.6779393e-01
   2.0071465e-01
   1.8947020e-01
   1.8663997e-01
   1.6993748e-01
   2.0011356e-01
   1.9211969e-01
   1.8718620e-01
   1.8847183e-01
   1.6173762e-01
   1.9130282e-01
   1.8414585e-01
   1.8816019e-01
   1.9086293e-01
   1.8989689e-01
