   4.0106137e-02
   3.5303442e-02
   4.9023154e-02
   3.0907374e-02
   4.3355927e-02
   4.6774614e-02
   4.4047596e-02
   4.6406501e-02
   4.0300021e-02
   4.2196262e-02
   3.4701034e-02
   4.4805309e-02
   4.6680712e-02
   3.8401397e-02
   3.3106387e-02
   3.8296730e-02
   4.8398664e-02
   3.4485547e-02
   4.4213914e-02
   4.2265036e-02
   3.6024500e-02
   4.8370787e-02
   3.9896093e-02
   3.2767941e-02
   4.0995003e-02
   4.5292126e-02
   3.6973246e-02
   2.8492296e-02
   3.0026043e-02
   3.2491771e-02
   4.6068498e-02
   3.1502868e-02
   3.9975306e-02
   2.9149922e-02
   4.3235772e-02
   3.2864170e-02
   4.1406481e-02
   4.5389743e-02
   3.6988899e-02
   3.4599753e-02
   3.8033278e-02
   4.1931149e-02
   3.3449288e-02
   4.7566100e-02
   3.5216108e-02
   3.1268693e-02
   3.1715264e-02
   4.3896824e-02
   3.3662533e-02
   3.6911906e-02
   3.5139727e-02
   4.3917108e-02
   3.3349342e-02
   3.2614373e-02
   4.7829157e-02
   4.9174126e-02
   3.7433815e-02
   3.4478232e-02
   3.1522468e-02
   3.8658088e-02
   4.2027474e-02
   3.8514031e-02
   3.2484133e-02
   4.2998950e-02
   3.3590607e-02
   3.6699426e-02
   5.0558423e-02
   3.5870346e-02
   4.0071185e-02
   4.7388133e-02
   3.8198870e-02
   3.0384433e-02
   3.3894874e-02
   3.7470294e-02
   3.2981359e-02
   3.4261873e-02
   4.7535255e-02
   3.4676807e-02
   4.1450152e-02
   3.6864235e-02
   4.4772018e-02
   4.3419614e-02
   3.3380304e-02
   4.3696237e-02
   3.8424390e-02
   3.3646915e-02
   3.8591793e-02
   3.0499103e-02
   4.9154351e-02
   4.2313436e-02
   3.5283077e-02
   4.5915973e-02
   4.2703326e-02
   4.4131904e-02
   3.9895958e-02
   3.1096565e-02
   3.5005931e-02
   3.5140437e-02
   3.5614709e-02
   3.5780274e-02
   4.5212288e-02
   4.3306591e-02
   3.6294765e-02
   4.7890580e-02
   3.7068477e-02
   3.5802035e-02
   4.6654431e-02
   3.5578932e-02
   3.4497571e-02
   4.4427876e-02
   3.0361622e-02
   4.4254075e-02
   3.3805425e-02
   5.0064970e-02
   4.6960096e-02
   4.3367066e-02
   4.3556780e-02
   3.3578706e-02
   3.8928267e-02
   4.9076345e-02
   3.6584695e-02
   3.1923545e-02
   3.3489075e-02
   4.5826903e-02
   4.2512848e-02
   4.1048151e-02
   3.2655892e-02
   4.0478704e-02
   3.6112261e-02
   4.0019011e-02
   4.1753462e-02
   3.5666922e-02
   3.5770574e-02
   4.2336878e-02
   3.3183999e-02
   4.0847958e-02
   3.1726783e-02
   3.9052740e-02
   4.8118007e-02
   3.5624245e-02
   3.5749543e-02
   4.6482434e-02
   4.9756478e-02
   3.2573174e-02
   4.2152930e-02
   4.8864522e-02
   3.6804768e-02
   3.4310712e-02
   4.8567522e-02
   3.6190861e-02
   4.5669239e-02
   4.1587022e-02
   4.1654767e-02
   4.4450164e-02
   3.8088785e-02
   3.7055633e-02
   4.9791027e-02
   5.2664223e-02
   3.5743959e-02
   4.3142721e-02
   3.0388461e-02
   3.9111080e-02
   2.9490548e-02
   4.5445132e-02
   3.5876431e-02
   5.1656288e-02
   3.6372637e-02
   3.6424622e-02
   4.7899403e-02
   4.8701150e-02
   3.5004135e-02
   4.2775340e-02
   4.5855609e-02
   4.9062470e-02
   3.0646591e-02
   4.5115023e-02
   4.9637265e-02
   4.4811879e-02
   4.8515859e-02
   4.3839411e-02
   4.8735075e-02
   3.7703375e-02
   4.7096715e-02
   4.1635642e-02
   3.6932644e-02
   3.3200314e-02
   2.8884031e-02
   3.7694050e-02
   3.2073136e-02
   3.6825754e-02
   4.9116702e-02
   3.7593885e-02
   4.4288947e-02
   4.4809500e-02
   4.8545282e-02
   3.6051110e-02
   3.3749920e-02
   3.5247053e-02
   3.1163768e-02
   3.7242198e-02
   3.4388452e-02
   2.9563945e-02
   4.9319109e-02
   3.3982035e-02
   4.7243245e-02
   4.5435769e-02
   3.9178829e-02
   4.4470538e-02
   4.9425790e-02
   4.8010150e-02
   3.6828721e-02
   3.2893658e-02
   4.6370165e-02
   3.2924062e-02
   4.2014315e-02
   3.3269183e-02
   3.7089548e-02
   4.4645292e-02
   3.7911223e-02
   3.9315633e-02
   4.2927080e-02
   4.7522063e-02
   3.2099369e-02
   4.5220541e-02
   3.5378338e-02
   5.0108180e-02
   3.6404683e-02
   3.2242262e-02
   4.0165344e-02
   4.2760428e-02
   4.3414292e-02
   4.2493918e-02
   3.5863045e-02
   3.9935154e-02
   4.5771203e-02
   4.5813820e-02
   3.3403171e-02
   4.2712660e-02
   4.5324030e-02
   4.0877535e-02
   4.1659834e-02
   4.2544115e-02
   4.1095911e-02
   4.1793410e-02
   4.2981097e-02
   3.2418259e-02
   4.2333880e-02
   4.3336738e-02
   3.8893671e-02
   3.8164412e-02
   4.8016508e-02
   4.8478304e-02
   4.5371593e-02
   3.5563206e-02
   3.1443063e-02
   3.7575783e-02
   3.5120544e-02
   3.8308866e-02
   3.8150556e-02
   3.3504720e-02
   4.3677919e-02
   3.0234538e-02
   3.5200055e-02
   3.0623705e-02
   2.9556663e-02
   4.3930478e-02
   5.0241522e-02
   4.8687176e-02
   3.9676142e-02
   4.1974117e-02
   3.0102869e-02
   4.5458701e-02
   4.9120890e-02
   3.2854303e-02
   4.8021743e-02
   3.4796125e-02
   4.6951223e-02
   4.8960912e-02
   4.6494106e-02
   4.3659445e-02
   4.1147312e-02
   3.2178593e-02
   3.7930860e-02
   4.8473407e-02
   4.1449588e-02
   4.2356025e-02
   4.2962901e-02
   3.4062439e-02
   3.3935893e-02
   4.5086423e-02
   4.7962634e-02
   4.5122546e-02
   4.8970383e-02
   3.0499270e-02
   3.7975658e-02
   3.4947199e-02
   3.1398760e-02
   3.4264709e-02
   3.3682696e-02
   4.1497053e-02
