   3.3359720e-02
   3.4136043e-02
   3.4458005e-02
   3.3611411e-02
   3.3331861e-02
   3.3744748e-02
   3.4234832e-02
   3.3287778e-02
   3.3372340e-02
   3.3666743e-02
   3.2469540e-02
   3.3283576e-02
   3.3614855e-02
   3.3395235e-02
   3.3782915e-02
   3.4231983e-02
   3.3743364e-02
   3.3439841e-02
   3.3162792e-02
   3.3295196e-02
   3.3422393e-02
   3.3935717e-02
   3.3686764e-02
   3.4228312e-02
   3.3593882e-02
   3.3926811e-02
   3.3362518e-02
   3.3739779e-02
   3.3275332e-02
   3.4247861e-02
   3.3604550e-02
   3.3226593e-02
   3.4424234e-02
   3.3475209e-02
   3.4419752e-02
   3.4292238e-02
   3.4007547e-02
   3.3400731e-02
   3.2730300e-02
   3.3998228e-02
   3.4376290e-02
   3.3630945e-02
   3.3329115e-02
   3.3385925e-02
   3.3396257e-02
   3.4398658e-02
   3.3336142e-02
   3.2234450e-02
   3.3269578e-02
   3.3442603e-02
   3.2989134e-02
   3.3853976e-02
   3.2681879e-02
   3.3524197e-02
   3.4433366e-02
   3.4456644e-02
   3.3220604e-02
   3.4114709e-02
   3.3557806e-02
   3.4353271e-02
   3.3406908e-02
   3.3911388e-02
   3.3866273e-02
   3.2719927e-02
   3.3341717e-02
   3.3387425e-02
   3.3441361e-02
   3.4152935e-02
   3.2971812e-02
   3.4133552e-02
   3.3734953e-02
   3.4118070e-02
   3.3335938e-02
   3.2703010e-02
   3.4172281e-02
   3.2932567e-02
   3.2940503e-02
   3.3153691e-02
   3.2561091e-02
   3.4365326e-02
   3.4469080e-02
   3.3379541e-02
   3.2508928e-02
   3.4247168e-02
   3.3011812e-02
   3.4073865e-02
   3.3490914e-02
   3.2728948e-02
   3.2382635e-02
   3.3801081e-02
   3.3351431e-02
   3.3285476e-02
   3.3436578e-02
   3.3477089e-02
   3.4212404e-02
   3.3313509e-02
   3.2672069e-02
   3.3451816e-02
   3.4341982e-02
   3.3692066e-02
   3.3357638e-02
   3.3381928e-02
   3.3441840e-02
   3.3111528e-02
   3.4326738e-02
   3.3737356e-02
   3.3384459e-02
   3.3577352e-02
   3.4434061e-02
   3.3183896e-02
   3.3278780e-02
   3.3721875e-02
   3.1884436e-02
   3.4518883e-02
   3.4305409e-02
   3.3916211e-02
   3.3396803e-02
   3.3806491e-02
   3.3443615e-02
   3.3399401e-02
   3.4389191e-02
   3.3379121e-02
   3.4358499e-02
   3.4448155e-02
   3.3363373e-02
   3.4074446e-02
   3.4226193e-02
   3.4216904e-02
   3.3213926e-02
   3.3523712e-02
   3.2514421e-02
   3.3377490e-02
   3.3326754e-02
   3.3539728e-02
   3.2952737e-02
   3.2425789e-02
   3.3401417e-02
   3.3958399e-02
   3.3340907e-02
   3.3731908e-02
   3.4481857e-02
   3.3798916e-02
   3.3626507e-02
   3.3499464e-02
   3.3379881e-02
   3.2391733e-02
   3.3464505e-02
   3.3394613e-02
   3.3415522e-02
   3.1945492e-02
   3.3625274e-02
   3.2496248e-02
   3.3035426e-02
   3.3540219e-02
   3.3459417e-02
   3.2133967e-02
   3.4230527e-02
   3.3141916e-02
   3.4098890e-02
   3.3614874e-02
   3.3712912e-02
   3.3381215e-02
   3.3632773e-02
   3.3027080e-02
   3.3425004e-02
   3.3517792e-02
   3.4352016e-02
   3.3404277e-02
   3.3433238e-02
   3.3328296e-02
   3.3464229e-02
   3.4326905e-02
   3.3367763e-02
   3.3396801e-02
   3.3329087e-02
   3.3566013e-02
   3.3275769e-02
   3.3371222e-02
   3.3609516e-02
   3.2646042e-02
   3.4327679e-02
   3.3386958e-02
   3.4058467e-02
   3.3362612e-02
   3.4325693e-02
   3.3366793e-02
   3.4320964e-02
   3.3784154e-02
   3.2266398e-02
   3.3381654e-02
   3.3873326e-02
   3.3130932e-02
   3.4280620e-02
   3.3410385e-02
   3.3888341e-02
   3.4264592e-02
   3.3179463e-02
   3.3103318e-02
   3.4482287e-02
   3.3698293e-02
   3.3981545e-02
   3.4140254e-02
   3.3524728e-02
   3.3399438e-02
   3.4233221e-02
   3.4070155e-02
   3.3399370e-02
   3.3171950e-02
   3.3528769e-02
   3.3742062e-02
   3.3454230e-02
   3.2555301e-02
   3.3877700e-02
   3.3493368e-02
   3.3502328e-02
   3.3429230e-02
   3.3224828e-02
   3.3805903e-02
   3.3352557e-02
   3.3079105e-02
   3.3512543e-02
   3.4435038e-02
   3.3543284e-02
   3.3966097e-02
   3.2071699e-02
   3.3999685e-02
   3.3136155e-02
   3.3367242e-02
   3.4144227e-02
   3.3626079e-02
   3.4312081e-02
   3.3781678e-02
   3.4185058e-02
   3.3542850e-02
   3.3690037e-02
   3.3351552e-02
   3.3410757e-02
   3.3462224e-02
   3.3573081e-02
   3.4205905e-02
   3.4132205e-02
   3.3565475e-02
   3.3366621e-02
   3.3600204e-02
   3.4230753e-02
   3.3042640e-02
   3.4146538e-02
   3.2960630e-02
   3.3008740e-02
   3.3454475e-02
   3.3346813e-02
   3.3954196e-02
   3.2771381e-02
   3.3131299e-02
   3.4174083e-02
   3.4083084e-02
   3.3844257e-02
   3.3444631e-02
   3.3792132e-02
   3.3775320e-02
   3.4353916e-02
   3.3009480e-02
   3.4071499e-02
   3.4023384e-02
   3.3367644e-02
   3.2864695e-02
   3.3434174e-02
   3.4421934e-02
   3.3834626e-02
   3.2303246e-02
   3.3532676e-02
   3.2334253e-02
   3.3809931e-02
   3.2509865e-02
   3.3118210e-02
   3.3332094e-02
   3.4104232e-02
   3.3700232e-02
   3.4274840e-02
   3.3093324e-02
   3.3206906e-02
   3.4577980e-02
   3.4308132e-02
   3.3345477e-02
   3.2367842e-02
   3.3816234e-02
   3.3756861e-02
   3.3350787e-02
   3.2963119e-02
   3.3422102e-02
   3.3379904e-02
   3.3432558e-02
   3.3389551e-02
   3.3491505e-02
   3.2880544e-02
   3.3848135e-02
   3.2891400e-02
   3.3821268e-02
   3.3325209e-02
   3.3329620e-02
