   5.2619591e-02
   4.8393922e-02
   4.8354683e-02
   5.0763916e-02
   5.4530377e-02
   4.4423531e-02
   5.7970620e-02
   4.6924699e-02
   5.3560255e-02
   4.4789752e-02
   5.5012343e-02
   5.3272197e-02
   4.4400327e-02
   6.2762312e-02
   4.3248251e-02
   5.1200693e-02
   4.3784283e-02
   5.5504705e-02
   4.9411385e-02
   6.0167584e-02
   5.4528667e-02
   4.8704787e-02
   4.9531189e-02
   4.9887927e-02
   4.8033633e-02
   5.2759967e-02
   5.2969173e-02
   4.2742252e-02
   5.5244315e-02
   5.6350356e-02
   5.4543023e-02
   5.8024129e-02
   4.7935247e-02
   5.7355180e-02
   4.1797901e-02
   4.5500170e-02
   4.5199106e-02
   4.3767375e-02
   4.8034474e-02
   5.5666640e-02
   4.5447925e-02
   4.9567779e-02
   6.2024529e-02
   5.1585340e-02
   4.5315980e-02
   5.0988929e-02
   5.5715480e-02
   4.8976315e-02
   4.7574690e-02
   5.0956981e-02
   5.1745633e-02
   5.2418471e-02
   6.0961131e-02
   4.0983225e-02
   4.8498927e-02
   4.4039673e-02
   4.4671342e-02
   5.0269978e-02
   5.7061610e-02
   4.7226159e-02
   5.9179851e-02
   5.4594575e-02
   4.6423597e-02
   5.6327915e-02
   4.2319563e-02
   5.9403362e-02
   5.3537008e-02
   5.3489384e-02
   5.3345088e-02
   5.7955389e-02
   4.2213820e-02
   5.3715138e-02
   4.9217238e-02
   4.1010765e-02
   5.5613065e-02
   4.9009821e-02
   4.8774754e-02
   5.3637734e-02
   4.4999462e-02
   4.2767332e-02
   5.0609146e-02
   5.8751052e-02
   4.4328803e-02
   6.0495805e-02
   4.1741538e-02
   4.6491002e-02
   5.5212236e-02
   4.9929466e-02
   5.1116996e-02
   4.8518580e-02
   5.1554192e-02
   4.9316189e-02
   4.2101019e-02
   5.6644361e-02
   4.8164175e-02
   4.3019700e-02
   6.1969672e-02
   4.6651870e-02
   4.9823517e-02
   4.0787515e-02
   4.9692415e-02
   5.5879209e-02
   4.4458861e-02
   5.2877266e-02
   6.1958341e-02
   5.4569357e-02
   5.0065159e-02
   4.9067160e-02
   5.0611257e-02
   4.4310667e-02
   4.4152828e-02
   5.4543307e-02
   4.4895102e-02
   5.2304569e-02
   4.1639747e-02
   5.4557012e-02
   5.1975145e-02
   5.4727630e-02
   5.3250866e-02
   4.0766926e-02
   5.7205828e-02
   5.2554069e-02
   4.8371648e-02
   4.3528542e-02
   4.4442586e-02
   4.5161693e-02
   5.3087317e-02
   5.3741852e-02
   4.4896242e-02
   4.8885299e-02
   4.7173574e-02
   5.5738811e-02
   5.8803005e-02
   5.8114311e-02
   4.7841141e-02
   5.4029079e-02
   5.4790969e-02
   4.8858085e-02
   6.0679728e-02
   5.3870916e-02
   4.9374804e-02
   5.1419054e-02
   4.9872410e-02
   5.3527538e-02
   6.2250446e-02
   4.7215667e-02
   4.3827301e-02
   4.2922293e-02
   4.7978482e-02
   5.6528824e-02
   5.2456889e-02
   4.5035800e-02
   4.6802852e-02
   4.8301731e-02
   4.5587507e-02
   5.3203192e-02
   4.8909951e-02
   5.7796977e-02
   5.1964582e-02
   4.4541100e-02
   5.6319727e-02
   4.3264042e-02
   5.4785571e-02
   4.2540141e-02
   4.7347022e-02
   4.4452064e-02
   5.0369532e-02
   4.9688658e-02
   4.2217191e-02
   4.0783619e-02
   5.7983615e-02
   5.6737112e-02
   5.4867636e-02
   4.7631862e-02
   5.5485919e-02
   5.7291034e-02
   5.3594200e-02
   5.2637836e-02
   4.8704108e-02
   5.1912791e-02
   5.0735182e-02
   5.7380414e-02
   4.3007875e-02
   5.3666934e-02
   4.3342591e-02
   4.9669141e-02
   5.4772180e-02
   4.5283145e-02
   4.4046929e-02
   4.5262013e-02
   5.9415507e-02
   4.8393361e-02
   4.2679949e-02
   4.7347210e-02
   4.3866059e-02
   5.1717393e-02
   4.8381035e-02
   4.0679212e-02
   5.4796797e-02
   4.7114270e-02
   4.4739358e-02
   5.2963874e-02
   4.5607746e-02
   5.2660925e-02
   6.2351444e-02
   4.5530702e-02
   4.9176187e-02
   4.7630126e-02
   5.6248167e-02
   4.2142348e-02
   4.4036146e-02
   4.9122846e-02
   4.7729699e-02
   5.0305559e-02
   4.8898790e-02
   4.5697319e-02
   6.0976028e-02
   4.8760868e-02
   4.7201976e-02
   5.3202920e-02
   5.6181939e-02
   4.9541920e-02
   5.4391876e-02
   4.9112261e-02
   5.5670748e-02
   5.3533671e-02
   5.1438792e-02
   5.4590479e-02
   6.1865858e-02
   4.6894743e-02
   5.9067754e-02
   4.2534473e-02
   5.4815075e-02
   5.4126254e-02
   5.1139264e-02
   4.1503254e-02
   5.7764985e-02
   4.9727717e-02
   4.1800967e-02
   4.8894591e-02
   6.2852755e-02
   4.6061922e-02
   6.0440140e-02
   5.4769514e-02
   5.1166778e-02
   4.7824328e-02
   4.9105366e-02
   5.5380336e-02
   4.9880136e-02
   4.3856407e-02
   5.6102877e-02
   5.8056959e-02
   5.8339964e-02
   4.6075763e-02
   5.1209709e-02
   5.1363199e-02
   4.8595667e-02
   5.0687500e-02
   5.8388220e-02
   4.3300013e-02
   4.4106809e-02
   4.8743932e-02
   5.5747846e-02
   5.2103402e-02
   5.0180139e-02
   4.8908868e-02
   5.9920393e-02
   5.4379181e-02
   5.7057317e-02
   5.6936442e-02
   4.6981796e-02
   4.8489823e-02
   4.7690038e-02
   4.5344144e-02
   5.1026223e-02
   4.3128327e-02
   4.9020451e-02
   4.7468512e-02
   4.7285837e-02
   4.1370611e-02
   5.1843111e-02
   5.1149628e-02
   4.9321855e-02
   5.1361577e-02
   4.7059692e-02
   4.6734370e-02
   5.4623026e-02
   4.1280391e-02
   4.7643716e-02
   5.6247067e-02
   5.4433556e-02
   4.5986178e-02
   5.2666644e-02
   6.3887714e-02
   4.9031150e-02
   4.2496933e-02
   4.1368976e-02
   4.6698047e-02
   5.3739414e-02
   5.8938145e-02
