   4.2893608e-02
   4.3905818e-02
   4.5616234e-02
   4.5587608e-02
   4.2144910e-02
   4.3028868e-02
   4.0725555e-02
   4.1530667e-02
   4.1517211e-02
   3.9655489e-02
   4.3584514e-02
   4.1974326e-02
   4.5079921e-02
   4.1923346e-02
   4.1930540e-02
   4.2493051e-02
   4.5355134e-02
   4.1070515e-02
   4.1167193e-02
   4.3703994e-02
   4.0631726e-02
   4.1480381e-02
   4.4413411e-02
   4.2441457e-02
   4.6450177e-02
   4.5375042e-02
   4.6070145e-02
   4.1931067e-02
   4.1841908e-02
   4.6126262e-02
   4.0805034e-02
   4.3884517e-02
   4.4156783e-02
   4.3346497e-02
   4.3043684e-02
   4.1124351e-02
   4.4501037e-02
   4.0816065e-02
   4.0227299e-02
   4.1689373e-02
   4.4777198e-02
   4.1928791e-02
   4.2428953e-02
   4.6915805e-02
   4.4294348e-02
   4.2538514e-02
   3.9940071e-02
   4.2218530e-02
   4.5610290e-02
   4.1780490e-02
   4.3649538e-02
   4.1579260e-02
   4.3425472e-02
   4.1363130e-02
   3.9360848e-02
   4.0602385e-02
   4.1936469e-02
   4.2797225e-02
   3.9010957e-02
   4.3950387e-02
   4.0316786e-02
   4.6337122e-02
   4.1636024e-02
   4.0011159e-02
   4.1184255e-02
   4.4542595e-02
   4.5902853e-02
   4.2522745e-02
   3.9327585e-02
   4.4235420e-02
   4.2846988e-02
   4.2779837e-02
   4.2937167e-02
   4.1023997e-02
   4.6152382e-02
   3.9369568e-02
   4.0071214e-02
   4.0928786e-02
   4.3686687e-02
   3.9906002e-02
   4.4817057e-02
   4.2705409e-02
   4.1910123e-02
   4.5354500e-02
   4.2055161e-02
   4.2464017e-02
   4.6105944e-02
   4.7892278e-02
   4.2693617e-02
   4.0952111e-02
   4.0695656e-02
   4.2090133e-02
   4.6073165e-02
   4.2463426e-02
   4.2691590e-02
   4.2422345e-02
   4.3134304e-02
   4.6977355e-02
   4.2293521e-02
   4.2103513e-02
   4.4232500e-02
   4.2979786e-02
   4.0815759e-02
   4.3944059e-02
   4.2011457e-02
   4.3126445e-02
   4.4458883e-02
   4.1441225e-02
   4.4379983e-02
   4.4037736e-02
   4.3373199e-02
   3.8454287e-02
   4.3557816e-02
   3.9904481e-02
   4.2967975e-02
   4.4330051e-02
   3.9693743e-02
   4.0091630e-02
   4.5692716e-02
   4.2980386e-02
   4.6318555e-02
   4.5005674e-02
   4.3360169e-02
   4.1399680e-02
   3.9794005e-02
   4.3925744e-02
   4.3260477e-02
   4.3019553e-02
   4.2761116e-02
   4.0925477e-02
   3.9876689e-02
   4.6934414e-02
   4.3319405e-02
   4.0546276e-02
   3.9727852e-02
   4.3411565e-02
   4.3836974e-02
   4.3272298e-02
   4.2221268e-02
   4.3113347e-02
   4.2847564e-02
   4.0067076e-02
   4.6288389e-02
   4.1169671e-02
   4.0804453e-02
   4.7285263e-02
   4.5936644e-02
   4.2902602e-02
   3.9406880e-02
   4.4186337e-02
   4.1904408e-02
   4.3888291e-02
   4.1963967e-02
   4.2965816e-02
   4.4110772e-02
   4.2580876e-02
   3.9015021e-02
   4.3034753e-02
   4.0961260e-02
   4.3421830e-02
   4.0644685e-02
   4.0305826e-02
   4.2335564e-02
   4.2275438e-02
   4.2370111e-02
   4.2611786e-02
   4.3055468e-02
   4.1824102e-02
   4.6386890e-02
   4.0616306e-02
   3.8727346e-02
   4.1773210e-02
   4.6574811e-02
   4.3605058e-02
   4.1225409e-02
   4.1348877e-02
   4.1452675e-02
   4.1910190e-02
   4.3475430e-02
   4.1933180e-02
   3.9818813e-02
   4.1189052e-02
   4.3283939e-02
   4.6189928e-02
   3.9821481e-02
   4.0124521e-02
   4.2197889e-02
   4.5498563e-02
   4.2307207e-02
   4.5782414e-02
   4.4277070e-02
   3.8595015e-02
   4.0029828e-02
   4.5684021e-02
   4.3171240e-02
   3.9742982e-02
   4.3695388e-02
   4.5186915e-02
   4.1590104e-02
   3.9406801e-02
   4.6372171e-02
   4.3164591e-02
   4.3747756e-02
   4.3814312e-02
   4.2493041e-02
   4.3611297e-02
   4.2159344e-02
   4.4155674e-02
   4.0299345e-02
   4.3222209e-02
   4.3274771e-02
   4.2489936e-02
   4.5412310e-02
   4.5622365e-02
   4.2689224e-02
   4.6022083e-02
   4.1053859e-02
   4.3570952e-02
   4.0555402e-02
   4.6422814e-02
   4.4826611e-02
   4.1098416e-02
   4.5851506e-02
   4.6077652e-02
   4.5772520e-02
   4.4137730e-02
   4.1548911e-02
   4.5629039e-02
   4.3024675e-02
   4.3084492e-02
   4.5471586e-02
   3.9626867e-02
   4.0126990e-02
   4.2928157e-02
   4.1742512e-02
   4.0785018e-02
   4.2598999e-02
   4.4072450e-02
   3.8632330e-02
   4.0813280e-02
   4.3386358e-02
   3.9787442e-02
   4.6595982e-02
   4.6691661e-02
   4.0301238e-02
   4.1022116e-02
   4.5029381e-02
   4.4466499e-02
   4.3699198e-02
   4.2803604e-02
   4.2072082e-02
   4.6919363e-02
   4.3324727e-02
   4.3695708e-02
   4.0024818e-02
   4.4321511e-02
   3.9528389e-02
   3.9884368e-02
   4.1332761e-02
   4.6641250e-02
   4.4501295e-02
   4.4415408e-02
   4.0072223e-02
   4.1196213e-02
   4.3962498e-02
   4.4452231e-02
   4.1142700e-02
   4.2301029e-02
   4.2500617e-02
   4.3417980e-02
   4.1553742e-02
   4.2647275e-02
   4.4218356e-02
   4.1238295e-02
   3.9615051e-02
   3.9655227e-02
   4.1189926e-02
   4.2690219e-02
   4.2107514e-02
   4.3128329e-02
   4.2175688e-02
   4.0165390e-02
   4.5246511e-02
   3.8909076e-02
   4.3659937e-02
   4.2744928e-02
   4.6114123e-02
   4.5565556e-02
   4.3305611e-02
   4.1014290e-02
   4.5646330e-02
   4.6170164e-02
   4.2134733e-02
   4.3003667e-02
   4.4674257e-02
   4.4877773e-02
   4.3367023e-02
   4.3334470e-02
   4.4387323e-02
   4.3245243e-02
