   2.6071647e-01
   2.6460759e-01
   2.6703871e-01
   2.7029227e-01
   2.6114850e-01
   2.6388334e-01
   2.8617562e-01
   2.6829275e-01
   2.8088690e-01
   2.8955792e-01
   2.6462935e-01
   2.6121467e-01
   2.6748609e-01
   2.6100767e-01
   2.6303807e-01
   2.6059292e-01
   2.8978482e-01
   2.8734509e-01
   2.8033989e-01
   2.6953135e-01
   2.8398169e-01
   2.8190148e-01
   2.6507508e-01
   2.7417530e-01
   2.8341063e-01
   2.6084291e-01
   2.6713573e-01
   2.8978817e-01
   2.7356879e-01
   2.6120369e-01
   2.6096884e-01
   2.8167388e-01
   2.6156193e-01
   2.6165855e-01
   2.6120406e-01
   2.8385983e-01
   2.7165328e-01
   2.9001709e-01
   2.8667089e-01
   2.7982253e-01
   2.6320852e-01
   2.7575282e-01
   2.6068201e-01
   2.8788203e-01
   2.6091298e-01
   2.6163992e-01
   2.6289204e-01
   2.8857058e-01
   2.6177797e-01
   2.6514906e-01
   2.8856751e-01
   2.6209504e-01
   2.6514862e-01
   2.8028340e-01
   2.8117706e-01
   2.8474280e-01
   2.6362296e-01
   2.6092284e-01
   2.6106363e-01
   2.6100445e-01
   2.6144854e-01
   2.6117492e-01
   2.6059998e-01
   2.6215059e-01
   2.7211631e-01
   2.6500440e-01
   2.8961316e-01
   2.6114260e-01
   2.8498831e-01
   2.7915881e-01
   2.8162205e-01
   2.8891251e-01
   2.6963393e-01
   2.9037990e-01
   2.6084732e-01
   2.6751520e-01
   2.7819473e-01
   2.6060244e-01
   2.6310279e-01
   2.6120442e-01
   2.8825555e-01
   2.7303755e-01
   2.8578463e-01
   2.8889802e-01
   2.6748866e-01
   2.6095575e-01
   2.6385784e-01
   2.8233587e-01
   2.7400263e-01
   2.6256981e-01
   2.6276566e-01
   2.6378176e-01
   2.6353983e-01
   2.6192306e-01
   2.6133681e-01
   2.6086313e-01
   2.6092579e-01
   2.8777865e-01
   2.7934530e-01
   2.6177801e-01
   2.6629341e-01
   2.8905130e-01
   2.7928838e-01
   2.6237051e-01
   2.6491607e-01
   2.6549241e-01
   2.8474157e-01
   2.6728317e-01
   2.6205997e-01
   2.7193183e-01
   2.6593374e-01
   2.6373160e-01
   2.6082563e-01
   2.6227844e-01
   2.7714199e-01
   2.8990956e-01
   2.8377513e-01
   2.6406260e-01
   2.6603370e-01
   2.6331421e-01
   2.6385932e-01
   2.6494118e-01
   2.8757139e-01
   2.6289262e-01
   2.6141452e-01
   2.8634022e-01
   2.8485411e-01
   2.8580601e-01
   2.6120570e-01
   2.6062017e-01
   2.8247116e-01
   2.6117310e-01
   2.6062878e-01
   2.6085317e-01
   2.7637471e-01
   2.6713793e-01
   2.6400055e-01
   2.7691586e-01
   2.8358239e-01
   2.8336126e-01
   2.8154747e-01
   2.8497771e-01
   2.7255967e-01
   2.6307841e-01
   2.6291009e-01
   2.6250104e-01
   2.9021741e-01
   2.6120427e-01
   2.6421991e-01
   2.6491310e-01
   2.6959909e-01
   2.7303033e-01
   2.8706337e-01
   2.6245147e-01
   2.6594920e-01
   2.9012196e-01
   2.6275786e-01
   2.7775569e-01
   2.8970357e-01
   2.6135281e-01
   2.7283499e-01
   2.6120294e-01
   2.6163825e-01
   2.6717327e-01
   2.6059492e-01
   2.6189825e-01
   2.6105233e-01
   2.7115054e-01
   2.6359211e-01
   2.6793937e-01
   2.6071014e-01
   2.7036212e-01
   2.6131649e-01
   2.6101259e-01
   2.6093463e-01
   2.6165204e-01
   2.8856829e-01
   2.6266853e-01
   2.6076687e-01
   2.6296221e-01
   2.6645275e-01
   2.8515828e-01
   2.8870023e-01
   2.6243045e-01
   2.6472310e-01
   2.6119988e-01
   2.7877249e-01
   2.8041017e-01
   2.8617693e-01
   2.6447195e-01
   2.8766531e-01
   2.6215014e-01
   2.8942190e-01
   2.6099567e-01
   2.6346157e-01
   2.6086739e-01
   2.6154361e-01
   2.8347464e-01
   2.6170044e-01
   2.6181045e-01
   2.8812959e-01
   2.6131096e-01
   2.6120553e-01
   2.7399490e-01
   2.8850742e-01
   2.7843041e-01
   2.6088444e-01
   2.6856054e-01
   2.6227359e-01
   2.6187985e-01
   2.7876149e-01
   2.8385543e-01
   2.7673858e-01
   2.6068268e-01
   2.6250478e-01
   2.8549232e-01
   2.7904407e-01
   2.6522233e-01
   2.6766391e-01
   2.8864612e-01
   2.6340000e-01
   2.8070938e-01
   2.6337726e-01
   2.8244709e-01
   2.6233342e-01
   2.6083036e-01
   2.6784080e-01
   2.6320668e-01
   2.6997391e-01
   2.7805849e-01
   2.8006901e-01
   2.6728454e-01
   2.8475809e-01
   2.6287200e-01
   2.6338103e-01
   2.6588366e-01
   2.6157954e-01
   2.6111282e-01
   2.8375253e-01
   2.6072239e-01
   2.6119222e-01
   2.8880723e-01
   2.6856059e-01
   2.6197619e-01
   2.8993364e-01
   2.7244872e-01
   2.6070769e-01
   2.6168040e-01
   2.8851105e-01
   2.6429627e-01
   2.8688009e-01
   2.8922192e-01
   2.8638168e-01
   2.6320550e-01
   2.6059266e-01
   2.6120070e-01
   2.8900232e-01
   2.6090055e-01
   2.8891088e-01
   2.8972214e-01
   2.7803017e-01
   2.7617043e-01
   2.6113170e-01
   2.6629414e-01
   2.6690256e-01
   2.6415665e-01
   2.9017390e-01
   2.6075962e-01
   2.6782358e-01
   2.8931194e-01
   2.6064692e-01
   2.6656300e-01
   2.8900665e-01
   2.6286945e-01
   2.6088378e-01
   2.6091015e-01
   2.7373688e-01
   2.8988642e-01
   2.8525316e-01
   2.6070885e-01
   2.8177135e-01
   2.8634748e-01
   2.8554754e-01
   2.6690030e-01
   2.8783341e-01
   2.6424846e-01
   2.6494842e-01
   2.8685709e-01
   2.8806211e-01
   2.6203936e-01
   2.6120904e-01
   2.6083436e-01
   2.6228479e-01
   2.6065840e-01
   2.6375255e-01
   2.8898539e-01
   2.6296337e-01
   2.8457825e-01
   2.6286985e-01
   2.8526154e-01
