   2.5920501e-01
   2.7117017e-01
   2.6464792e-01
   2.6399678e-01
   2.7906161e-01
   2.7240262e-01
   2.6427177e-01
   2.7421396e-01
   2.7344260e-01
   2.6670044e-01
   2.6467420e-01
   2.8511248e-01
   2.7746034e-01
   2.8214277e-01
   2.7184606e-01
   2.8109390e-01
   2.6387826e-01
   2.6889193e-01
   2.8103258e-01
   2.6471737e-01
   2.6378765e-01
   2.7794185e-01
   2.6348762e-01
   2.8283341e-01
   2.8015683e-01
   2.6449843e-01
   2.6614470e-01
   2.8220280e-01
   2.6651283e-01
   2.6186929e-01
   2.6273669e-01
   2.6325209e-01
   2.7976536e-01
   2.5957783e-01
   2.8496550e-01
   2.6176068e-01
   2.6360225e-01
   2.8400708e-01
   2.7887305e-01
   2.7999103e-01
   2.7846417e-01
   2.8542918e-01
   2.6619171e-01
   2.6381270e-01
   2.7951755e-01
   2.5621344e-01
   2.7505238e-01
   2.6588255e-01
   2.6479336e-01
   2.6249482e-01
   2.7163997e-01
   2.7794815e-01
   2.8246007e-01
   2.5614910e-01
   2.6999639e-01
   2.6179116e-01
   2.7934500e-01
   2.6957465e-01
   2.8008444e-01
   2.5984093e-01
   2.6079185e-01
   2.7739121e-01
   2.8048463e-01
   2.5724843e-01
   2.6245723e-01
   2.6118248e-01
   2.7399418e-01
   2.6397740e-01
   2.6426926e-01
   2.6109366e-01
   2.8582573e-01
   2.6555542e-01
   2.7297876e-01
   2.6975077e-01
   2.5922832e-01
   2.8052849e-01
   2.5665676e-01
   2.6278900e-01
   2.7111921e-01
   2.8377459e-01
   2.8015343e-01
   2.6318994e-01
   2.8080310e-01
   2.6054862e-01
   2.8186833e-01
   2.5933954e-01
   2.6940974e-01
   2.8154329e-01
   2.5918185e-01
   2.6018105e-01
   2.6480963e-01
   2.6329498e-01
   2.6136512e-01
   2.8163753e-01
   2.6022935e-01
   2.7088980e-01
   2.7427151e-01
   2.6922904e-01
   2.6319015e-01
   2.6390237e-01
   2.5621048e-01
   2.6072649e-01
   2.8220538e-01
   2.7922582e-01
   2.6016207e-01
   2.5675194e-01
   2.6551359e-01
   2.8311117e-01
   2.5980935e-01
   2.6448676e-01
   2.6011687e-01
   2.6345875e-01
   2.5764649e-01
   2.6101518e-01
   2.7567920e-01
   2.6219590e-01
   2.7626851e-01
   2.7958236e-01
   2.6108375e-01
   2.7035666e-01
   2.7923540e-01
   2.8141087e-01
   2.6157762e-01
   2.7205069e-01
   2.6079098e-01
   2.8160799e-01
   2.7099018e-01
   2.7109429e-01
   2.6078451e-01
   2.7304343e-01
   2.7691497e-01
   2.8093907e-01
   2.8030956e-01
   2.8052254e-01
   2.7958473e-01
   2.6498890e-01
   2.6374252e-01
   2.6553640e-01
   2.6431125e-01
   2.6044449e-01
   2.5733318e-01
   2.6018094e-01
   2.6527333e-01
   2.7273867e-01
   2.6669816e-01
   2.6283955e-01
   2.6269767e-01
   2.6994103e-01
   2.6427149e-01
   2.7163160e-01
   2.6516988e-01
   2.6092428e-01
   2.6645751e-01
   2.7990830e-01
   2.7797460e-01
   2.6739371e-01
   2.7229006e-01
   2.6059778e-01
   2.5520020e-01
   2.6483332e-01
   2.6395013e-01
   2.8270860e-01
   2.5570682e-01
   2.8095036e-01
   2.6031741e-01
   2.8003230e-01
   2.8136259e-01
   2.7809858e-01
   2.6329437e-01
   2.7258408e-01
   2.5896146e-01
   2.5918726e-01
   2.6556640e-01
   2.5679197e-01
   2.6539263e-01
   2.7746369e-01
   2.7824511e-01
   2.8018761e-01
   2.6640860e-01
   2.6096468e-01
   2.7393710e-01
   2.8418961e-01
   2.8018554e-01
   2.6289474e-01
   2.7975544e-01
   2.6358610e-01
   2.6582744e-01
   2.6169079e-01
   2.6431578e-01
   2.6897308e-01
   2.8320543e-01
   2.8338836e-01
   2.6282917e-01
   2.8445268e-01
   2.6522161e-01
   2.6630669e-01
   2.5659984e-01
   2.5977221e-01
   2.6318114e-01
   2.7553768e-01
   2.5924730e-01
   2.6090787e-01
   2.5994366e-01
   2.6136890e-01
   2.6290567e-01
   2.6498997e-01
   2.5666109e-01
   2.8148281e-01
   2.6982330e-01
   2.6629330e-01
   2.6200933e-01
   2.5728726e-01
   2.6863487e-01
   2.7138528e-01
   2.6362131e-01
   2.7924087e-01
   2.6235092e-01
   2.6023790e-01
   2.6010864e-01
   2.6404716e-01
   2.7320352e-01
   2.6675220e-01
   2.8743637e-01
   2.6568069e-01
   2.6475402e-01
   2.6449699e-01
   2.7756389e-01
   2.6047239e-01
   2.7042044e-01
   2.7948733e-01
   2.6038454e-01
   2.7936045e-01
   2.5892619e-01
   2.6026544e-01
   2.6313453e-01
   2.7946777e-01
   2.7648902e-01
   2.8511248e-01
   2.6106523e-01
   2.6259049e-01
   2.6413792e-01
   2.6693356e-01
   2.7955968e-01
   2.6319621e-01
   2.7556077e-01
   2.7698492e-01
   2.6500867e-01
   2.7463938e-01
   2.6807495e-01
   2.7743872e-01
   2.8511115e-01
   2.6238488e-01
   2.6465092e-01
   2.6479378e-01
   2.6573280e-01
   2.6026938e-01
   2.6701268e-01
   2.6523034e-01
   2.6569774e-01
   2.7826617e-01
   2.5739018e-01
   2.7053467e-01
   2.8583682e-01
   2.7992836e-01
   2.6081694e-01
   2.8386520e-01
   2.6100596e-01
   2.6820364e-01
   2.6498921e-01
   2.6234800e-01
   2.6364784e-01
   2.7529956e-01
   2.6504035e-01
   2.8480975e-01
   2.8075986e-01
   2.7220038e-01
   2.6343512e-01
   2.7075320e-01
   2.7142167e-01
   2.7782330e-01
   2.8192879e-01
   2.8001256e-01
   2.6025208e-01
   2.5640525e-01
   2.6491411e-01
   2.5925106e-01
   2.8654712e-01
   2.6485464e-01
   2.8035209e-01
   2.5946194e-01
   2.5918968e-01
   2.6884606e-01
   2.7890246e-01
   2.7991696e-01
   2.6176640e-01
   2.6414651e-01
   2.6012343e-01
   2.6267770e-01
   2.8138127e-01
   2.5967993e-01
