   1.0095350e-01
   8.6920340e-02
   8.8254600e-02
   8.1924100e-02
   7.8740648e-02
   8.2585121e-02
   1.0006334e-01
   7.8808025e-02
   8.6570321e-02
   8.8992810e-02
   8.3709118e-02
   9.0563307e-02
   9.9243321e-02
   7.6798714e-02
   7.5625302e-02
   9.7165049e-02
   8.5369920e-02
   7.7684310e-02
   9.9198631e-02
   7.4554583e-02
   7.9373591e-02
   7.9048635e-02
   9.1689397e-02
   7.6110222e-02
   9.4352950e-02
   9.4546378e-02
   8.0206763e-02
   1.0161619e-01
   9.2553107e-02
   8.8619767e-02
   1.0654336e-01
   9.0454995e-02
   9.3596689e-02
   8.6730162e-02
   8.8120618e-02
   9.3472791e-02
   8.4815256e-02
   8.5678688e-02
   8.4944213e-02
   8.2772551e-02
   9.3589705e-02
   8.8450826e-02
   9.8587081e-02
   7.9841355e-02
   9.1341536e-02
   7.8297861e-02
   8.5258695e-02
   8.4088817e-02
   7.7899532e-02
   7.4340822e-02
   8.6069472e-02
   8.7308025e-02
   8.8721589e-02
   8.6683675e-02
   9.6360600e-02
   8.4708197e-02
   7.9947950e-02
   7.6666140e-02
   8.8231850e-02
   8.2282308e-02
   7.6849386e-02
   8.1079109e-02
   8.3746784e-02
   9.8086039e-02
   9.2868031e-02
   8.2136187e-02
   8.6755043e-02
   9.0095323e-02
   8.1247154e-02
   9.8695616e-02
   9.1422361e-02
   7.5710841e-02
   8.6794683e-02
   8.1791446e-02
   9.0477670e-02
   8.7213857e-02
   7.6887537e-02
   8.0320466e-02
   1.0312645e-01
   9.1547673e-02
   9.8640339e-02
   7.8664885e-02
   7.2612348e-02
   7.2989180e-02
   7.5515998e-02
   9.6944676e-02
   9.6543544e-02
   8.5362683e-02
   8.2935537e-02
   7.9593963e-02
   9.7638743e-02
   9.4413350e-02
   7.5044696e-02
   1.0099846e-01
   7.4151048e-02
   8.3864439e-02
   7.8726891e-02
   7.7956626e-02
   9.9517113e-02
   9.3767297e-02
   8.1675479e-02
   7.8764778e-02
   8.9462872e-02
   1.0160510e-01
   8.6356073e-02
   9.0168262e-02
   1.0022888e-01
   7.4152760e-02
   9.0919465e-02
   8.6782160e-02
   1.0417050e-01
   8.1725093e-02
   8.4299083e-02
   8.1969360e-02
   9.6448195e-02
   9.2902679e-02
   9.2982146e-02
   8.3867271e-02
   7.4406283e-02
   9.7640215e-02
   8.9309744e-02
   1.0421358e-01
   9.0703154e-02
   9.2125031e-02
   7.6866936e-02
   1.0356471e-01
   8.1595933e-02
   8.6452521e-02
   9.8944187e-02
   9.9436088e-02
   9.4374819e-02
   8.1672422e-02
   9.3525121e-02
   8.2688193e-02
   9.2106053e-02
   8.6387989e-02
   1.0947591e-01
   8.6434671e-02
   9.5941876e-02
   9.1892226e-02
   8.7334160e-02
   9.0141151e-02
   1.0454757e-01
   9.1241806e-02
   8.3019671e-02
   9.9388222e-02
   9.5188029e-02
   8.7994597e-02
   8.4321850e-02
   9.4056655e-02
   8.4691280e-02
   9.9686902e-02
   8.1926875e-02
   9.4366195e-02
   8.9480606e-02
   9.0380284e-02
   9.5998774e-02
   9.4333212e-02
   8.3724354e-02
   7.7816464e-02
   9.9331987e-02
   8.5423874e-02
   9.8264489e-02
   8.7528801e-02
   7.9543863e-02
   8.3503505e-02
   8.4061014e-02
   7.8666362e-02
   8.6614423e-02
   9.6835267e-02
   8.7343917e-02
   8.8150458e-02
   9.5363623e-02
   9.6572587e-02
   7.7708753e-02
   9.8533542e-02
   9.7556187e-02
   9.2323836e-02
   1.0047656e-01
   1.0186306e-01
   8.5790788e-02
   7.9852511e-02
   9.4077962e-02
   1.0280133e-01
   9.2657793e-02
   1.0929098e-01
   8.7542074e-02
   9.7176096e-02
   7.8853917e-02
   9.8074436e-02
   9.9789478e-02
   9.2844461e-02
   9.1960733e-02
   8.6649927e-02
   9.7128966e-02
   8.4169815e-02
   7.8778110e-02
   7.8494181e-02
   8.3345822e-02
   8.4091793e-02
   7.7557529e-02
   8.3007758e-02
   8.3081264e-02
   8.0248222e-02
   1.0039230e-01
   9.5074977e-02
   8.7419709e-02
   8.7304632e-02
   8.9679609e-02
   8.2383944e-02
   7.8995471e-02
   9.8539322e-02
   1.0817190e-01
   8.0190476e-02
   8.5605207e-02
   8.5066149e-02
   8.3592523e-02
   8.3837205e-02
   8.1459060e-02
   8.1968719e-02
   9.4199943e-02
   7.4374337e-02
   8.7908113e-02
   8.6369662e-02
   8.2611347e-02
   8.4206791e-02
   9.4525680e-02
   8.4089784e-02
   7.9656171e-02
   8.3710685e-02
   9.7538041e-02
   8.3721023e-02
   8.4277296e-02
   7.8621614e-02
   7.6852093e-02
   8.1229456e-02
   7.8609528e-02
   7.6580745e-02
   9.2901810e-02
   1.0223158e-01
   9.2368756e-02
   8.0811377e-02
   7.4937296e-02
   8.8466474e-02
   7.4144482e-02
   8.3607793e-02
   7.9500494e-02
   1.0411533e-01
   7.9150016e-02
   8.8189620e-02
   9.2945631e-02
   7.5626089e-02
   8.3422485e-02
   8.7532422e-02
   9.6868317e-02
   8.6177898e-02
   7.9434244e-02
   8.0468136e-02
   8.8661394e-02
   7.5639115e-02
   7.7101755e-02
   8.4641569e-02
   9.3325282e-02
   8.5495358e-02
   9.7980510e-02
   9.7885531e-02
   1.0253370e-01
   9.2293313e-02
   8.9775753e-02
   9.8334932e-02
   8.8245271e-02
   7.9300458e-02
   1.0558739e-01
   9.2039319e-02
   7.6207236e-02
   9.7310296e-02
   8.1090901e-02
   7.7262015e-02
   7.8409864e-02
   8.2097253e-02
   1.0618346e-01
   8.4105989e-02
   8.0321664e-02
   9.4761663e-02
   7.9111235e-02
   9.7732497e-02
   1.0750811e-01
   8.2302913e-02
   8.9373178e-02
   1.0008828e-01
   8.6876792e-02
   7.8286887e-02
   9.2320467e-02
   9.1210188e-02
   7.5731264e-02
   8.1768439e-02
   9.6498521e-02
   1.0331608e-01
   8.3028301e-02
   8.0710078e-02
