   3.1867589e-02
   3.1625003e-02
   2.9420848e-02
   2.9231649e-02
   2.8507085e-02
   3.0231675e-02
   3.1572277e-02
   3.0388095e-02
   3.0418997e-02
   3.0991604e-02
   3.0910234e-02
   2.9874032e-02
   2.9697329e-02
   3.0399218e-02
   3.0281988e-02
   3.3740608e-02
   3.1152271e-02
   3.1644267e-02
   2.9542913e-02
   2.9988103e-02
   3.0508699e-02
   3.1987859e-02
   3.0444048e-02
   3.1637488e-02
   3.0397182e-02
   3.0696367e-02
   3.1340151e-02
   3.0746510e-02
   3.0557105e-02
   3.1073005e-02
   3.1887120e-02
   3.0822142e-02
   3.1944113e-02
   3.2382835e-02
   3.0486159e-02
   3.1361640e-02
   3.0649281e-02
   3.3421670e-02
   3.1387538e-02
   2.9878030e-02
   3.1962868e-02
   3.0501051e-02
   3.3108525e-02
   2.9589297e-02
   2.9183446e-02
   3.0694998e-02
   3.0788735e-02
   2.9505289e-02
   2.9944815e-02
   3.1028759e-02
   2.9901039e-02
   2.9145861e-02
   3.2415503e-02
   2.9733716e-02
   3.1249214e-02
   3.0254701e-02
   3.1852130e-02
   2.8487350e-02
   2.9819188e-02
   3.2573036e-02
   3.0775383e-02
   3.2040703e-02
   3.2080959e-02
   3.0058482e-02
   3.0160864e-02
   3.2592779e-02
   3.0165760e-02
   3.0570117e-02
   3.0371497e-02
   2.8780170e-02
   3.2143687e-02
   2.9928418e-02
   3.1079763e-02
   3.2905396e-02
   2.9609650e-02
   3.0421537e-02
   3.0310807e-02
   3.0950409e-02
   3.2247638e-02
   3.2355996e-02
   3.1370207e-02
   2.9927379e-02
   3.1818522e-02
   3.0126581e-02
   3.0981692e-02
   3.1021965e-02
   3.2477435e-02
   2.9394816e-02
   3.0161832e-02
   2.9584792e-02
   3.0695963e-02
   3.1397916e-02
   3.3433743e-02
   3.1242976e-02
   2.9306226e-02
   3.2644530e-02
   3.0369556e-02
   3.0717851e-02
   3.2211006e-02
   2.9082477e-02
   3.1136825e-02
   2.9954644e-02
   3.0276789e-02
   3.3544722e-02
   2.8662423e-02
   3.1932078e-02
   2.9852847e-02
   2.9316031e-02
   3.0518817e-02
   3.1228388e-02
   3.0747634e-02
   2.9683486e-02
   3.1161940e-02
   3.2628977e-02
   3.1164888e-02
   3.0078311e-02
   3.1227512e-02
   3.0203372e-02
   3.0699131e-02
   3.1735268e-02
   3.1115306e-02
   2.9543345e-02
   3.0807801e-02
   3.1261546e-02
   3.0437687e-02
   3.1409087e-02
   2.9683343e-02
   3.2018129e-02
   3.2016102e-02
   3.1339326e-02
   3.2627107e-02
   3.0840149e-02
   3.1142687e-02
   3.0833789e-02
   2.9799212e-02
   3.3010681e-02
   2.9333375e-02
   3.0238581e-02
   2.9804786e-02
   3.1879718e-02
   3.3014292e-02
   3.0417666e-02
   3.0599691e-02
   2.9763805e-02
   3.0568395e-02
   2.9226805e-02
   3.1701655e-02
   3.1366726e-02
   3.0181343e-02
   3.0219979e-02
   3.0347949e-02
   2.9231533e-02
   2.9191379e-02
   3.2726806e-02
   3.2035409e-02
   3.3165619e-02
   2.9724917e-02
   3.0248775e-02
   3.0846491e-02
   2.8470963e-02
   3.0435570e-02
   3.2942752e-02
   2.9025309e-02
   3.0496245e-02
   3.0694774e-02
   3.0904567e-02
   2.9484622e-02
   3.0482578e-02
   3.0712305e-02
   3.1742594e-02
   3.1622196e-02
   3.0019673e-02
   3.0715993e-02
   3.1737119e-02
   3.3044603e-02
   3.1828131e-02
   3.1730212e-02
   3.0928008e-02
   2.9284292e-02
   2.9246605e-02
   3.0882968e-02
   2.9863009e-02
   3.0418168e-02
   3.1210180e-02
   3.1235497e-02
   3.2844121e-02
   3.0886244e-02
   2.9120303e-02
   3.1067141e-02
   3.1410064e-02
   3.1344339e-02
   3.0165364e-02
   3.0885202e-02
   3.0348133e-02
   3.0826307e-02
   3.1835836e-02
   3.1074587e-02
   2.9585813e-02
   3.2276797e-02
   3.1795385e-02
   2.9903302e-02
   3.1724533e-02
   3.1311186e-02
   3.1949873e-02
   3.1061081e-02
   3.0767818e-02
   3.0180753e-02
   3.0777154e-02
   3.2107615e-02
   3.0023152e-02
   3.0348278e-02
   2.8992404e-02
   3.0753047e-02
   3.2239710e-02
   3.2456438e-02
   3.1252855e-02
   3.1018857e-02
   3.0685123e-02
   3.1144452e-02
   3.0165598e-02
   3.1117609e-02
   3.0726921e-02
   3.2846999e-02
   3.0284035e-02
   2.9701340e-02
   3.1164077e-02
   2.9788819e-02
   3.1018708e-02
   2.9293855e-02
   3.2753483e-02
   3.0683088e-02
   3.0862656e-02
   3.2441881e-02
   3.2619602e-02
   3.0318153e-02
   3.0047772e-02
   2.9202885e-02
   3.2396510e-02
   3.0576992e-02
   3.1472588e-02
   2.9940894e-02
   3.0225028e-02
   3.0262114e-02
   2.9703994e-02
   3.1150435e-02
   2.8913674e-02
   3.1303408e-02
   3.1430325e-02
   3.0690235e-02
   2.9937956e-02
   3.2751396e-02
   3.2761817e-02
   2.9629330e-02
   3.0440725e-02
   2.9643978e-02
   3.2432357e-02
   2.9953574e-02
   3.1806099e-02
   3.1445078e-02
   2.9573380e-02
   3.3075417e-02
   3.1971866e-02
   3.1072902e-02
   3.1411983e-02
   3.1233088e-02
   3.1049345e-02
   3.1826763e-02
   3.1082340e-02
   2.8933587e-02
   3.3512863e-02
   3.1151216e-02
   3.0081454e-02
   3.0033844e-02
   3.3245173e-02
   3.0876579e-02
   3.0342359e-02
   3.0169928e-02
   3.2700400e-02
   3.0296284e-02
   3.0513858e-02
   3.2900626e-02
   3.3166674e-02
   3.2601271e-02
   3.1621588e-02
   2.9628797e-02
   3.0615185e-02
   3.1537007e-02
   2.9287320e-02
   3.0504162e-02
   2.9876671e-02
   3.3584682e-02
   2.8517364e-02
   2.9605600e-02
   2.9280387e-02
   3.0314323e-02
   3.0313756e-02
   2.8897424e-02
   3.1654348e-02
   3.1175906e-02
   3.1465002e-02
