   4.4940943e-02
   3.6220712e-02
   3.5845669e-02
   4.8124789e-02
   4.2744287e-02
   3.4206015e-02
   3.8366387e-02
   4.4854219e-02
   4.5496440e-02
   4.9403032e-02
   4.5527080e-02
   3.4545931e-02
   5.0749623e-02
   3.7980161e-02
   3.8667760e-02
   4.2526683e-02
   4.4524620e-02
   4.2408045e-02
   4.8320158e-02
   5.0489320e-02
   4.2243823e-02
   4.8809915e-02
   4.9215591e-02
   4.4394622e-02
   5.1124483e-02
   3.7749756e-02
   3.4055897e-02
   3.3405859e-02
   4.4924377e-02
   4.6673383e-02
   3.7547523e-02
   3.2207412e-02
   4.0529772e-02
   3.4871187e-02
   3.1125377e-02
   4.8836082e-02
   4.4902711e-02
   4.7634860e-02
   5.0094494e-02
   5.0085036e-02
   4.0057507e-02
   4.9902718e-02
   3.0870579e-02
   4.3764046e-02
   4.8670308e-02
   4.3568107e-02
   4.7281315e-02
   4.8096965e-02
   4.3054069e-02
   4.1500645e-02
   4.7141066e-02
   4.5581157e-02
   3.3728304e-02
   4.1261555e-02
   3.5296568e-02
   3.4600767e-02
   4.9900673e-02
   4.4198541e-02
   4.4223205e-02
   4.0424679e-02
   3.9369727e-02
   4.2838848e-02
   3.7518968e-02
   4.7192033e-02
   4.9768086e-02
   4.6562193e-02
   3.8433167e-02
   4.7949017e-02
   3.7317986e-02
   3.7420911e-02
   3.7623409e-02
   4.0256639e-02
   3.6434694e-02
   4.1925503e-02
   3.3643543e-02
   3.3340704e-02
   5.2410179e-02
   4.6925415e-02
   4.4078730e-02
   4.8115423e-02
   4.3262940e-02
   3.0862914e-02
   3.6888868e-02
   4.1172110e-02
   3.9640847e-02
   4.1752455e-02
   3.8796178e-02
   3.6581987e-02
   5.0508419e-02
   4.5419624e-02
   4.2778174e-02
   3.4575741e-02
   4.9089964e-02
   3.3582314e-02
   4.9514388e-02
   3.8169618e-02
   4.7055376e-02
   3.8128639e-02
   3.4552863e-02
   3.4663795e-02
   4.2439818e-02
   3.6636681e-02
   3.9287522e-02
   4.7047238e-02
   3.1108651e-02
   5.0260161e-02
   4.6671998e-02
   4.4454243e-02
   4.3683191e-02
   4.6848838e-02
   4.5483264e-02
   3.5264965e-02
   4.6548459e-02
   3.1227488e-02
   4.1518028e-02
   4.9879338e-02
   4.9650716e-02
   3.0596776e-02
   4.5354395e-02
   3.2424469e-02
   4.6832162e-02
   3.6587245e-02
   3.6951011e-02
   4.4667489e-02
   4.5360998e-02
   3.1789583e-02
   3.7260481e-02
   3.5244249e-02
   4.9356347e-02
   4.3822962e-02
   4.0332369e-02
   3.9670529e-02
   4.7211513e-02
   4.6642131e-02
   4.2958710e-02
   4.7779050e-02
   3.7190666e-02
   3.2343336e-02
   4.6464457e-02
   4.2227023e-02
   4.2861518e-02
   4.3761051e-02
   4.9542411e-02
   4.8281054e-02
   4.6014439e-02
   3.6838887e-02
   3.4548741e-02
   3.8225031e-02
   4.5983306e-02
   4.9667106e-02
   4.7668336e-02
   3.3340166e-02
   4.8321580e-02
   3.0369988e-02
   3.8289273e-02
   3.2917392e-02
   4.3729898e-02
   4.7302423e-02
   3.8198751e-02
   3.5032742e-02
   3.8207148e-02
   4.9169862e-02
   4.8742492e-02
   3.6481986e-02
   4.1645681e-02
   4.7636561e-02
   4.4258311e-02
   4.8588723e-02
   3.5213335e-02
   4.2564078e-02
   4.0439295e-02
   3.8435638e-02
   3.1595525e-02
   4.5745481e-02
   5.0756510e-02
   3.2508503e-02
   3.2864288e-02
   3.3892850e-02
   5.1814115e-02
   3.5172080e-02
   4.1168279e-02
   4.5862498e-02
   4.6252842e-02
   4.5199764e-02
   4.5656630e-02
   4.4504910e-02
   4.2107855e-02
   3.8860697e-02
   3.3355046e-02
   4.9813170e-02
   4.3300220e-02
   4.9175311e-02
   3.3582528e-02
   3.4177829e-02
   4.7857163e-02
   3.5714868e-02
   4.4283246e-02
   5.0490829e-02
   4.9381908e-02
   4.5295052e-02
   3.5998751e-02
   4.0299086e-02
   4.9455916e-02
   3.4683966e-02
   4.7443178e-02
   3.8788903e-02
   3.7872273e-02
   3.8505860e-02
   4.3257150e-02
   3.6470098e-02
   3.6994519e-02
   3.3399816e-02
   3.8532623e-02
   3.3302591e-02
   3.8421168e-02
   3.6434788e-02
   4.1452715e-02
   3.2634246e-02
   3.6898490e-02
   3.7664515e-02
   4.8782427e-02
   3.6928844e-02
   4.1884703e-02
   3.9459646e-02
   5.1415212e-02
   4.6062869e-02
   3.0702100e-02
   4.0313618e-02
   3.5987687e-02
   4.3300434e-02
   3.6185562e-02
   3.6362266e-02
   4.0303168e-02
   4.5127744e-02
   4.1349041e-02
   3.2774160e-02
   3.7785811e-02
   4.5094901e-02
   4.2396640e-02
   3.7648484e-02
   3.1581645e-02
   5.1101084e-02
   3.4814996e-02
   4.5799736e-02
   3.2144795e-02
   4.9095490e-02
   4.9108982e-02
   4.4670087e-02
   4.0755467e-02
   3.8681567e-02
   4.6647390e-02
   3.5967711e-02
   3.8658902e-02
   3.8591047e-02
   4.8946320e-02
   3.2553475e-02
   4.4670782e-02
   3.4223859e-02
   4.0229382e-02
   3.5572190e-02
   4.4231827e-02
   5.0263674e-02
   4.1517491e-02
   4.9996178e-02
   4.2467300e-02
   3.2817758e-02
   4.0190509e-02
   3.2041704e-02
   3.4960005e-02
   4.3224030e-02
   3.0878388e-02
   4.1664110e-02
   3.4793411e-02
   4.2415653e-02
   3.6060315e-02
   3.0998251e-02
   4.4976323e-02
   3.2019288e-02
   4.3065170e-02
   3.9389102e-02
   3.9823558e-02
   3.5267185e-02
   3.2857963e-02
   5.1019543e-02
   5.0166062e-02
   3.7549413e-02
   3.7512513e-02
   4.8220989e-02
   3.3249751e-02
   3.3166026e-02
   3.9798492e-02
   3.4066902e-02
   3.3890795e-02
   4.0229830e-02
   3.9882947e-02
   3.5873016e-02
   4.0409559e-02
   4.7178191e-02
   3.3244932e-02
   4.6351360e-02
