   3.8968041e-02
   3.9872003e-02
   3.8451870e-02
   4.1492730e-02
   3.9903730e-02
   3.8968969e-02
   4.0983584e-02
   4.0769241e-02
   4.1761439e-02
   4.0169775e-02
   3.8346176e-02
   4.2695222e-02
   3.9069494e-02
   3.8821716e-02
   4.1931305e-02
   4.1301927e-02
   4.0894437e-02
   4.1139189e-02
   3.8710916e-02
   4.0038448e-02
   3.8992166e-02
   3.8780261e-02
   3.8333611e-02
   4.0216835e-02
   4.0515705e-02
   3.8496474e-02
   4.0580396e-02
   3.9665028e-02
   4.2648961e-02
   3.9874393e-02
   4.2065063e-02
   4.0979430e-02
   4.2544037e-02
   4.0741410e-02
   3.8463490e-02
   4.2116926e-02
   4.0636952e-02
   4.0095710e-02
   3.9674299e-02
   4.1087279e-02
   3.9757700e-02
   4.2692604e-02
   4.0365846e-02
   4.0452262e-02
   4.2653844e-02
   4.0308328e-02
   4.1651058e-02
   3.8530678e-02
   3.9400985e-02
   3.8328489e-02
   3.9178837e-02
   4.0452690e-02
   3.9988647e-02
   4.0538699e-02
   3.8916672e-02
   4.1084810e-02
   3.9989810e-02
   4.1004177e-02
   3.9856609e-02
   4.2048242e-02
   4.0348012e-02
   4.1662009e-02
   3.9961713e-02
   3.8790022e-02
   4.0859817e-02
   3.8523230e-02
   3.8534664e-02
   4.0900175e-02
   3.9430153e-02
   4.2684724e-02
   3.8448256e-02
   3.8715978e-02
   3.9625302e-02
   4.0613424e-02
   3.8927484e-02
   4.0234968e-02
   4.0095956e-02
   4.0457122e-02
   4.0347188e-02
   4.1256990e-02
   4.0817395e-02
   4.2677037e-02
   3.9113882e-02
   4.0589399e-02
   4.2687523e-02
   4.2495430e-02
   4.0376833e-02
   4.1783582e-02
   4.0478637e-02
   3.9607292e-02
   3.8745383e-02
   3.9394239e-02
   4.1368796e-02
   4.0109106e-02
   4.2278563e-02
   3.9663716e-02
   3.8404125e-02
   4.1705743e-02
   4.0445845e-02
   3.9883709e-02
   4.0508989e-02
   4.2684630e-02
   4.1852863e-02
   3.9624514e-02
   4.0161913e-02
   4.2657576e-02
   4.2286968e-02
   4.2195340e-02
   4.2559932e-02
   4.2417244e-02
   4.1949975e-02
   4.2698808e-02
   3.9803453e-02
   3.9121538e-02
   4.2661773e-02
   4.1609830e-02
   4.2643579e-02
   4.1094061e-02
   4.2039058e-02
   4.2048806e-02
   4.2244269e-02
   4.0354627e-02
   4.1170734e-02
   3.9899188e-02
   4.2404505e-02
   4.2649048e-02
   3.9143023e-02
   4.0168885e-02
   3.9345466e-02
   4.1353743e-02
   3.9224696e-02
   4.2508279e-02
   3.8333199e-02
   3.8874345e-02
   4.2676635e-02
   3.8572121e-02
   4.2017334e-02
   3.9004637e-02
   4.0419122e-02
   4.1721766e-02
   4.0590685e-02
   3.9672408e-02
   3.8822337e-02
   4.1517521e-02
   3.8716742e-02
   4.0890086e-02
   3.9628635e-02
   4.0817619e-02
   3.9252447e-02
   4.1968963e-02
   4.0263034e-02
   4.0496669e-02
   4.0336615e-02
   4.0956261e-02
   4.1129874e-02
   4.0864218e-02
   4.0416245e-02
   4.0308123e-02
   4.0455853e-02
   4.2677912e-02
   4.0002267e-02
   4.2675772e-02
   4.2660730e-02
   3.9418565e-02
   3.8751853e-02
   4.1148238e-02
   3.8999973e-02
   3.8643438e-02
   3.9156768e-02
   4.2604106e-02
   4.1651042e-02
   3.8424957e-02
   4.0225199e-02
   3.8535182e-02
   4.2350911e-02
   4.1473866e-02
   4.0976542e-02
   4.2693959e-02
   3.9216920e-02
   4.1195482e-02
   4.2104642e-02
   4.0213028e-02
   4.0915386e-02
   3.8701171e-02
   3.9301393e-02
   3.9185025e-02
   4.0047057e-02
   4.0325524e-02
   4.0029755e-02
   4.1100661e-02
   4.0163624e-02
   4.0673610e-02
   3.9204599e-02
   4.0012629e-02
   4.2178667e-02
   3.9803772e-02
   3.8420233e-02
   4.0119723e-02
   3.9496870e-02
   4.0038560e-02
   4.0057728e-02
   4.2645893e-02
   4.2692678e-02
   4.1017200e-02
   3.8594605e-02
   4.0989592e-02
   3.9447779e-02
   4.0534576e-02
   4.2655903e-02
   3.8632201e-02
   3.9618235e-02
   4.2687202e-02
   3.9183157e-02
   4.2561422e-02
   4.0380314e-02
   4.2677564e-02
   3.8843917e-02
   4.0621984e-02
   3.9954673e-02
   4.2363825e-02
   4.0731583e-02
   4.1775366e-02
   4.0531205e-02
   3.8939830e-02
   4.0105008e-02
   3.8343007e-02
   3.8431450e-02
   3.9891237e-02
   4.0638100e-02
   4.0035417e-02
   4.2689116e-02
   4.2465985e-02
   4.0089802e-02
   4.1251200e-02
   4.1651865e-02
   3.9229970e-02
   4.0817044e-02
   4.1552578e-02
   3.8579959e-02
   4.1070720e-02
   4.1813817e-02
   4.0970641e-02
   4.1477988e-02
   4.0061408e-02
   4.2693916e-02
   4.1232872e-02
   4.0612202e-02
   4.2666045e-02
   4.0159853e-02
   4.1192100e-02
   3.8760041e-02
   4.0029428e-02
   4.0638989e-02
   4.0303925e-02
   4.0920564e-02
   3.9182096e-02
   3.9284746e-02
   4.0522565e-02
   4.0922981e-02
   4.1721682e-02
   3.9309169e-02
   3.8457088e-02
   3.8427276e-02
   4.2473848e-02
   4.1436745e-02
   4.2677763e-02
   4.2693196e-02
   3.8622232e-02
   4.0941886e-02
   4.0673450e-02
   4.1573982e-02
   4.1465073e-02
   4.0901389e-02
   4.2135007e-02
   4.1107562e-02
   4.2678182e-02
   4.1673864e-02
   4.0612449e-02
   4.2047296e-02
   3.8650032e-02
   3.9867430e-02
   4.0471985e-02
   3.9938268e-02
   3.9273869e-02
   3.8666235e-02
   3.9508755e-02
   4.0668950e-02
   4.1401939e-02
   4.2359409e-02
   3.9618276e-02
   4.2666684e-02
   4.0422853e-02
   4.2570214e-02
   3.8333406e-02
   3.9572152e-02
   4.2686482e-02
   3.9605596e-02
   4.0042377e-02
   4.1709642e-02
   3.8452495e-02
