   2.3199017e-01
   2.3087817e-01
   2.3555535e-01
   2.3453514e-01
   2.3271660e-01
   2.3898532e-01
   2.3161734e-01
   2.3789389e-01
   2.2825793e-01
   2.3313420e-01
   2.3126495e-01
   2.3340407e-01
   2.3244971e-01
   2.2981152e-01
   2.3433031e-01
   2.3248543e-01
   2.3257260e-01
   2.3224061e-01
   2.3170198e-01
   2.3116202e-01
   2.3195484e-01
   2.3167690e-01
   2.2979434e-01
   2.4396417e-01
   2.3381537e-01
   2.3838684e-01
   2.3229766e-01
   2.3205148e-01
   2.3483765e-01
   2.3853141e-01
   2.3106420e-01
   2.3024737e-01
   2.3101568e-01
   2.3035221e-01
   2.4178045e-01
   2.3510533e-01
   2.3080163e-01
   2.3027811e-01
   2.3380038e-01
   2.4286758e-01
   2.3168189e-01
   2.3172433e-01
   2.3303762e-01
   2.3112901e-01
   2.3381556e-01
   2.3884839e-01
   2.3966629e-01
   2.3338777e-01
   2.3531651e-01
   2.3136613e-01
   2.3316473e-01
   2.3050581e-01
   2.3153317e-01
   2.3145692e-01
   2.3027379e-01
   2.3149401e-01
   2.3160976e-01
   2.3218121e-01
   2.3055074e-01
   2.4024373e-01
   2.3189645e-01
   2.3339713e-01
   2.3395383e-01
   2.3228677e-01
   2.3230805e-01
   2.3224369e-01
   2.3974292e-01
   2.3433101e-01
   2.3496443e-01
   2.3008298e-01
   2.3223985e-01
   2.3093133e-01
   2.2998497e-01
   2.3506624e-01
   2.2992073e-01
   2.2911671e-01
   2.3385568e-01
   2.2993064e-01
   2.4112983e-01
   2.2923351e-01
   2.3202742e-01
   2.3516057e-01
   2.3167742e-01
   2.3812326e-01
   2.3112701e-01
   2.2958906e-01
   2.3410043e-01
   2.3617860e-01
   2.3290751e-01
   2.3101523e-01
   2.3189591e-01
   2.3232315e-01
   2.3435072e-01
   2.3354366e-01
   2.3354174e-01
   2.3194232e-01
   2.3002507e-01
   2.3500235e-01
   2.3410568e-01
   2.3049953e-01
   2.3401339e-01
   2.3107869e-01
   2.3111714e-01
   2.3003412e-01
   2.4072370e-01
   2.2966857e-01
   2.3443479e-01
   2.2820018e-01
   2.2921042e-01
   2.3015123e-01
   2.3679344e-01
   2.3464501e-01
   2.2844459e-01
   2.3372002e-01
   2.3039053e-01
   2.2935304e-01
   2.3776866e-01
   2.3338091e-01
   2.3725501e-01
   2.3094371e-01
   2.3457679e-01
   2.3656913e-01
   2.3520552e-01
   2.3151132e-01
   2.2804490e-01
   2.3198563e-01
   2.3310398e-01
   2.3211785e-01
   2.3884198e-01
   2.3193909e-01
   2.3838658e-01
   2.3526241e-01
   2.2986469e-01
   2.2944354e-01
   2.2942143e-01
   2.3149551e-01
   2.3150232e-01
   2.3340744e-01
   2.3762811e-01
   2.3339669e-01
   2.3376920e-01
   2.3309513e-01
   2.3245958e-01
   2.3865289e-01
   2.3119666e-01
   2.3025643e-01
   2.3006466e-01
   2.3100436e-01
   2.3681391e-01
   2.3168567e-01
   2.3075744e-01
   2.2936382e-01
   2.3361516e-01
   2.2938143e-01
   2.3238761e-01
   2.2960948e-01
   2.3228830e-01
   2.3022627e-01
   2.2964589e-01
   2.3013729e-01
   2.3264810e-01
   2.3213128e-01
   2.3072657e-01
   2.3105109e-01
   2.3362698e-01
   2.2954937e-01
   2.3214619e-01
   2.3347750e-01
   2.3437723e-01
   2.3246042e-01
   2.3715247e-01
   2.2996990e-01
   2.3551678e-01
   2.3118060e-01
   2.3836103e-01
   2.3882009e-01
   2.3154721e-01
   2.3361188e-01
   2.3292848e-01
   2.3060358e-01
   2.3574579e-01
   2.3197433e-01
   2.3361772e-01
   2.3296459e-01
   2.3839967e-01
   2.3019507e-01
   2.3144780e-01
   2.3059426e-01
   2.3201024e-01
   2.3446813e-01
   2.3201292e-01
   2.3522368e-01
   2.4035908e-01
   2.3113245e-01
   2.3545446e-01
   2.3206860e-01
   2.3839510e-01
   2.2783670e-01
   2.2973609e-01
   2.3575892e-01
   2.4208964e-01
   2.3169138e-01
   2.3942637e-01
   2.3780990e-01
   2.3254842e-01
   2.3019767e-01
   2.3469311e-01
   2.2953483e-01
   2.2892037e-01
   2.2977612e-01
   2.3013972e-01
   2.3054975e-01
   2.3832191e-01
   2.3941350e-01
   2.3878507e-01
   2.3995298e-01
   2.2953197e-01
   2.2837321e-01
   2.3460195e-01
   2.3908685e-01
   2.3159714e-01
   2.3901148e-01
   2.3188759e-01
   2.3184790e-01
   2.3177068e-01
   2.3136281e-01
   2.3240224e-01
   2.3362054e-01
   2.3746664e-01
   2.4288601e-01
   2.3124126e-01
   2.3135539e-01
   2.3215036e-01
   2.3806220e-01
   2.3440435e-01
   2.3506569e-01
   2.3370433e-01
   2.3258764e-01
   2.2823766e-01
   2.3493448e-01
   2.3353444e-01
   2.4051390e-01
   2.2825971e-01
   2.2784005e-01
   2.3426347e-01
   2.3903869e-01
   2.3165323e-01
   2.2879354e-01
   2.2951408e-01
   2.2922300e-01
   2.3436213e-01
   2.4075463e-01
   2.2940280e-01
   2.3037149e-01
   2.3335705e-01
   2.3341550e-01
   2.3304985e-01
   2.3125820e-01
   2.2957033e-01
   2.3604743e-01
   2.3362066e-01
   2.3216623e-01
   2.3126697e-01
   2.3221069e-01
   2.3228018e-01
   2.4037211e-01
   2.3406299e-01
   2.3172540e-01
   2.3139955e-01
   2.3878794e-01
   2.3165382e-01
   2.3132288e-01
   2.3162601e-01
   2.3147418e-01
   2.3477319e-01
   2.3882125e-01
   2.3654142e-01
   2.3299276e-01
   2.3367911e-01
   2.3482707e-01
   2.2936065e-01
   2.3886360e-01
   2.3234046e-01
   2.3497681e-01
   2.3406299e-01
   2.3342033e-01
   2.2986514e-01
   2.3516583e-01
   2.3292128e-01
   2.3036584e-01
   2.3001543e-01
   2.3369445e-01
   2.3538444e-01
   2.3313529e-01
   2.2880905e-01
   2.2948296e-01
   2.3893657e-01
   2.2933812e-01
   2.3117340e-01
   2.4058422e-01
