   1.7316588e-01
   2.0169226e-01
   1.9115065e-01
   1.9618103e-01
   1.7667385e-01
   1.8487454e-01
   1.7403176e-01
   1.7777432e-01
   1.8244903e-01
   1.7758525e-01
   1.8162605e-01
   1.9706760e-01
   1.9127605e-01
   1.8839516e-01
   1.9207621e-01
   2.1324593e-01
   1.8158921e-01
   1.7888763e-01
   1.7634427e-01
   1.9269074e-01
   1.9984036e-01
   1.9267609e-01
   2.0857850e-01
   1.7305755e-01
   1.8941117e-01
   2.0512744e-01
   1.8699613e-01
   1.9491048e-01
   1.9299763e-01
   2.0186082e-01
   2.0266784e-01
   1.9059005e-01
   1.9510797e-01
   1.8913022e-01
   1.9486337e-01
   1.9500374e-01
   1.7539067e-01
   1.8216780e-01
   1.9297227e-01
   2.0928127e-01
   1.8037914e-01
   1.9668251e-01
   1.9614043e-01
   1.7850269e-01
   2.1173972e-01
   1.7859654e-01
   2.0825997e-01
   1.8027603e-01
   1.7455351e-01
   1.8880310e-01
   2.0529452e-01
   2.0522221e-01
   2.0360256e-01
   1.8246400e-01
   2.0923222e-01
   1.7995669e-01
   1.7638407e-01
   1.8276573e-01
   1.9212196e-01
   1.9053617e-01
   1.9110647e-01
   1.7367699e-01
   1.9386113e-01
   1.8808387e-01
   1.7329971e-01
   1.7568694e-01
   1.9039687e-01
   1.8049507e-01
   1.7481252e-01
   1.7618393e-01
   1.7439907e-01
   2.0644876e-01
   1.7612593e-01
   2.0558585e-01
   1.8995565e-01
   1.7488047e-01
   1.8142953e-01
   1.8863956e-01
   1.7546687e-01
   1.9637254e-01
   1.9497101e-01
   1.8891919e-01
   1.8410263e-01
   2.1231908e-01
   1.9351830e-01
   1.8754876e-01
   1.7635577e-01
   1.7307888e-01
   1.9350006e-01
   1.9317170e-01
   1.7511725e-01
   1.9257112e-01
   1.8953944e-01
   1.9291417e-01
   1.9222109e-01
   1.9618675e-01
   1.7563253e-01
   1.9317542e-01
   2.0067067e-01
   1.7934573e-01
   1.7881242e-01
   2.0638420e-01
   1.8793816e-01
   1.9034212e-01
   1.8542873e-01
   1.9735327e-01
   1.9356810e-01
   1.8481700e-01
   1.7621349e-01
   1.7311018e-01
   1.7500737e-01
   2.0519391e-01
   1.9122066e-01
   1.9100400e-01
   1.9090318e-01
   1.7479851e-01
   1.9220974e-01
   1.9987253e-01
   1.7294084e-01
   1.9239282e-01
   1.9080773e-01
   1.9593474e-01
   2.0842395e-01
   1.8776626e-01
   1.8063318e-01
   1.9021409e-01
   1.7903549e-01
   1.9227054e-01
   1.7317875e-01
   2.1031310e-01
   1.9619135e-01
   1.9857156e-01
   1.7472360e-01
   1.7819196e-01
   1.8440479e-01
   1.9420255e-01
   1.8009529e-01
   1.8582499e-01
   2.0298570e-01
   1.7378645e-01
   1.7428209e-01
   2.0012772e-01
   1.8592104e-01
   1.7568131e-01
   1.8072558e-01
   1.9007069e-01
   1.7492091e-01
   1.9005129e-01
   1.8850232e-01
   1.9090669e-01
   2.0071679e-01
   1.8871640e-01
   1.9111092e-01
   1.7407787e-01
   2.0659279e-01
   1.8243369e-01
   1.7435391e-01
   1.9965963e-01
   1.7656940e-01
   1.7717965e-01
   1.9497045e-01
   1.7366725e-01
   1.7388513e-01
   2.0188065e-01
   1.8823081e-01
   1.7450574e-01
   1.9480082e-01
   1.7694258e-01
   1.7852585e-01
   1.7434090e-01
   1.9381516e-01
   1.9106582e-01
   1.9282891e-01
   1.7666473e-01
   1.9316037e-01
   2.1247773e-01
   1.7664025e-01
   1.7872297e-01
   1.8078067e-01
   1.9623271e-01
   2.0672826e-01
   1.7348097e-01
   1.7572919e-01
   1.9277599e-01
   1.8871293e-01
   1.9163898e-01
   1.8306986e-01
   1.8133803e-01
   1.9116030e-01
   1.8145225e-01
   1.8377715e-01
   1.8928086e-01
   1.8947617e-01
   1.7728446e-01
   1.9839554e-01
   1.7557712e-01
   2.0287054e-01
   1.7922219e-01
   2.0591345e-01
   1.9792815e-01
   1.9911112e-01
   2.0685109e-01
   1.9419327e-01
   1.7863530e-01
   1.9318221e-01
   1.8694075e-01
   1.8820241e-01
   2.0913894e-01
   1.7669368e-01
   1.9306073e-01
   1.8640387e-01
   1.8719892e-01
   1.8938298e-01
   1.7573264e-01
   1.9783149e-01
   1.7259844e-01
   1.7512460e-01
   2.1327032e-01
   1.8039517e-01
   1.9605662e-01
   1.8898824e-01
   2.0936344e-01
   1.8772721e-01
   1.8635247e-01
   2.0565438e-01
   1.8045771e-01
   1.7417735e-01
   1.7825101e-01
   1.9969272e-01
   1.7629512e-01
   1.9055030e-01
   1.9492166e-01
   1.7485206e-01
   1.9674031e-01
   1.7576235e-01
   2.0932331e-01
   1.7286595e-01
   1.7425094e-01
   1.9310939e-01
   1.9474844e-01
   1.8318737e-01
   1.9758706e-01
   1.9283065e-01
   1.9203574e-01
   1.9749502e-01
   1.9154854e-01
   1.8910321e-01
   1.9761983e-01
   2.1200341e-01
   1.8159343e-01
   2.0138158e-01
   1.8339751e-01
   1.9227958e-01
   1.7483910e-01
   1.7327546e-01
   1.7685473e-01
   1.8941962e-01
   1.7773713e-01
   1.7269566e-01
   2.0760793e-01
   1.8684644e-01
   1.7391850e-01
   1.7753108e-01
   1.9337251e-01
   1.9580722e-01
   1.7821320e-01
   2.0057529e-01
   1.9618669e-01
   1.8236429e-01
   1.7334883e-01
   1.9669785e-01
   1.7927592e-01
   2.0548318e-01
   1.9893851e-01
   1.7574361e-01
   1.7824112e-01
   1.9360933e-01
   1.7974310e-01
   1.8201126e-01
   1.9556124e-01
   1.7788496e-01
   1.8324541e-01
   1.9308774e-01
   1.7329085e-01
   1.8680985e-01
   1.8498852e-01
   2.0594740e-01
   1.9404420e-01
   1.9203356e-01
   1.9147913e-01
   2.0349733e-01
   1.7846757e-01
   1.9187588e-01
   1.7587922e-01
   1.7343455e-01
   1.7428643e-01
   1.8174125e-01
   1.9788690e-01
   1.9274482e-01
   1.9115809e-01
