   8.8307517e-02
   6.2743249e-02
   7.8484589e-02
   7.5238462e-02
   6.1723063e-02
   8.4793781e-02
   8.1550229e-02
   8.0947622e-02
   8.0580411e-02
   8.8632399e-02
   7.5992847e-02
   6.3368364e-02
   8.4724739e-02
   8.9664774e-02
   9.3060583e-02
   7.0770561e-02
   1.0024555e-01
   8.5024284e-02
   1.0639675e-01
   1.0751468e-01
   7.8772271e-02
   9.6504040e-02
   7.8763656e-02
   1.0650499e-01
   8.7171492e-02
   8.2601753e-02
   1.0795613e-01
   9.0728659e-02
   7.5916091e-02
   6.7882064e-02
   8.9840646e-02
   9.0038837e-02
   9.6827296e-02
   1.0074439e-01
   8.6006615e-02
   1.0265759e-01
   1.0232472e-01
   7.6801634e-02
   1.0159201e-01
   6.5828822e-02
   7.0507652e-02
   9.0193351e-02
   7.2408287e-02
   9.4251704e-02
   1.0074404e-01
   6.6365033e-02
   9.0054604e-02
   9.8204481e-02
   1.0237091e-01
   1.1703437e-01
   1.0732468e-01
   6.7914599e-02
   8.2488562e-02
   9.7180748e-02
   9.4590754e-02
   1.0277680e-01
   6.3301726e-02
   1.1467013e-01
   8.6374704e-02
   9.4203734e-02
   9.0299949e-02
   7.2227583e-02
   9.5273868e-02
   7.8370015e-02
   9.6129003e-02
   8.7811834e-02
   8.4618561e-02
   7.8401602e-02
   8.2100413e-02
   7.5049240e-02
   7.0947968e-02
   9.8544662e-02
   7.9798431e-02
   8.5924542e-02
   8.0087377e-02
   9.6792923e-02
   8.2078305e-02
   8.7580357e-02
   9.8162992e-02
   9.2723878e-02
   6.7662758e-02
   9.2294722e-02
   9.9174406e-02
   6.4352720e-02
   6.9094626e-02
   9.1960961e-02
   8.2351678e-02
   9.3496362e-02
   8.4493284e-02
   9.0261278e-02
   7.1782240e-02
   9.2789690e-02
   9.2738262e-02
   6.5337204e-02
   9.4568250e-02
   8.1660584e-02
   1.1057395e-01
   9.5259303e-02
   9.7039562e-02
   1.1474102e-01
   9.6121499e-02
   7.6820855e-02
   1.0095217e-01
   8.9702318e-02
   8.7171589e-02
   8.9186845e-02
   7.1513126e-02
   7.5758991e-02
   1.1110728e-01
   8.5527487e-02
   9.9798841e-02
   1.0125095e-01
   9.3246358e-02
   9.6192922e-02
   8.8187399e-02
   9.4715153e-02
   9.6746415e-02
   1.0550370e-01
   9.8120942e-02
   8.4415972e-02
   1.1424554e-01
   7.2345828e-02
   6.2947544e-02
   9.4007333e-02
   8.0968058e-02
   9.5839253e-02
   1.0050073e-01
   9.3210616e-02
   8.0459306e-02
   9.1321038e-02
   8.7400101e-02
   1.1120311e-01
   7.5995761e-02
   8.7756122e-02
   9.5173402e-02
   6.8437657e-02
   9.2860999e-02
   1.0946893e-01
   6.4278085e-02
   9.6113576e-02
   9.2207721e-02
   9.6247301e-02
   9.8761663e-02
   8.3598029e-02
   8.8884860e-02
   1.1457054e-01
   1.1298927e-01
   1.0611122e-01
   8.5858319e-02
   8.2667224e-02
   6.4590357e-02
   7.0703554e-02
   1.1555441e-01
   9.8052168e-02
   7.5731643e-02
   8.2783999e-02
   1.0070564e-01
   1.0828451e-01
   9.5567799e-02
   8.5549044e-02
   9.2028717e-02
   9.4994770e-02
   8.5637958e-02
   1.0419263e-01
   9.3178235e-02
   9.6278159e-02
   8.1785128e-02
   8.9676719e-02
   9.3034393e-02
   8.8040484e-02
   8.4277966e-02
   8.4692932e-02
   6.8477983e-02
   9.9433828e-02
   8.6337505e-02
   9.5544864e-02
   7.0360767e-02
   9.6207685e-02
   9.4694328e-02
   9.6892374e-02
   7.8280923e-02
   7.6775787e-02
   8.6790426e-02
   7.3129607e-02
   9.0044238e-02
   6.8429806e-02
   1.0240350e-01
   8.3058024e-02
   7.8580056e-02
   8.4393487e-02
   8.6770636e-02
   7.0083294e-02
   8.8913830e-02
   8.3934193e-02
   9.6349567e-02
   8.8209316e-02
   7.7611919e-02
   8.6553997e-02
   7.5943142e-02
   9.3100451e-02
   9.8997895e-02
   9.7915165e-02
   9.3539700e-02
   7.7853062e-02
   7.8174507e-02
   7.1240521e-02
   8.2118100e-02
   8.4295842e-02
   9.4938399e-02
   7.2812034e-02
   9.2496144e-02
   9.5854610e-02
   7.0109226e-02
   7.0034748e-02
   6.5045280e-02
   1.0230482e-01
   1.0354231e-01
   8.9081747e-02
   8.5131103e-02
   8.6759993e-02
   8.0232296e-02
   8.0238828e-02
   1.0374103e-01
   7.6080620e-02
   1.0858515e-01
   8.3393741e-02
   9.7626025e-02
   9.8499979e-02
   9.1519537e-02
   9.2119077e-02
   6.7096339e-02
   8.0827906e-02
   9.5860439e-02
   6.8431823e-02
   7.2914710e-02
   1.2132872e-01
   9.3154440e-02
   8.1501359e-02
   6.9930706e-02
   8.3530919e-02
   8.9681240e-02
   9.3506453e-02
   9.6813097e-02
   1.1743028e-01
   8.7721930e-02
   7.4726095e-02
   8.4410950e-02
   8.7403823e-02
   6.9844577e-02
   7.7129099e-02
   9.0338758e-02
   8.5718266e-02
   8.8039029e-02
   9.0984769e-02
   1.0025388e-01
   9.0578276e-02
   7.4862486e-02
   7.9013936e-02
   9.9085679e-02
   1.0651953e-01
   7.9699331e-02
   7.3608907e-02
   6.8706499e-02
   9.4953083e-02
   7.1980988e-02
   1.0029936e-01
   6.9932209e-02
   8.6512805e-02
   9.9665024e-02
   7.4701430e-02
   8.5040239e-02
   1.0002665e-01
   7.8165473e-02
   1.0908589e-01
   8.4715122e-02
   9.0120603e-02
   9.3375880e-02
   6.2763188e-02
   1.0505294e-01
   8.4059160e-02
   1.0809514e-01
   8.6219259e-02
   9.8660557e-02
   8.6404043e-02
   1.0067786e-01
   7.4199555e-02
   1.0184898e-01
   8.9996196e-02
   9.0898570e-02
   9.1442221e-02
   9.9165902e-02
   8.2020584e-02
   1.0896690e-01
   8.2412413e-02
   8.3009170e-02
   8.0981144e-02
   1.1533851e-01
   1.1954652e-01
   1.0956256e-01
   7.7688330e-02
