   6.3639409e-02
   6.1903595e-02
   5.8098648e-02
   5.9732369e-02
   6.4754132e-02
   6.5207305e-02
   6.0171013e-02
   5.8708419e-02
   6.5245406e-02
   6.7302297e-02
   6.7567205e-02
   6.1733356e-02
   5.9994065e-02
   6.5687822e-02
   5.8743153e-02
   5.7033601e-02
   6.4027367e-02
   6.3058906e-02
   6.8731687e-02
   6.1134909e-02
   5.6885884e-02
   6.3909449e-02
   5.7909560e-02
   5.8649708e-02
   5.7391569e-02
   6.1231657e-02
   5.8888226e-02
   5.7821090e-02
   6.3049282e-02
   6.2987937e-02
   6.6919688e-02
   6.7746356e-02
   6.9860316e-02
   6.6000233e-02
   6.0046146e-02
   7.0498797e-02
   6.0131715e-02
   6.4099260e-02
   6.2892391e-02
   6.6152051e-02
   6.0165692e-02
   6.4527486e-02
   5.7604095e-02
   6.6468028e-02
   6.6572373e-02
   5.7163620e-02
   5.7962434e-02
   6.6201383e-02
   6.6476032e-02
   6.6604244e-02
   5.7666507e-02
   6.5880329e-02
   5.9198137e-02
   5.6774280e-02
   6.0603901e-02
   5.8432079e-02
   5.7783654e-02
   6.6011390e-02
   6.4198344e-02
   5.7889891e-02
   6.6045063e-02
   6.1124120e-02
   6.1299862e-02
   5.8721628e-02
   6.0084344e-02
   6.0311241e-02
   6.4767238e-02
   5.6583863e-02
   6.6664977e-02
   5.6140784e-02
   6.2793987e-02
   6.2479434e-02
   5.8535109e-02
   5.9099159e-02
   6.4541331e-02
   6.2438419e-02
   6.5603699e-02
   6.5597217e-02
   6.5461984e-02
   6.0347598e-02
   5.6467542e-02
   5.9712645e-02
   5.6085994e-02
   5.7677953e-02
   6.8626949e-02
   5.6654369e-02
   5.6977199e-02
   7.0166738e-02
   6.6343498e-02
   6.3092869e-02
   6.6179287e-02
   6.0193461e-02
   6.8967991e-02
   6.1730865e-02
   5.7981116e-02
   5.7641759e-02
   5.8564583e-02
   6.2718850e-02
   6.6381555e-02
   6.3363268e-02
   6.3402286e-02
   5.8178349e-02
   5.8247094e-02
   6.7314211e-02
   6.0783191e-02
   6.9404178e-02
   5.8122253e-02
   5.5425677e-02
   6.2833588e-02
   5.8300455e-02
   5.7969760e-02
   5.9780778e-02
   5.7541377e-02
   5.7137622e-02
   6.0571045e-02
   5.9796592e-02
   6.5345538e-02
   6.9852748e-02
   6.3227040e-02
   5.6487655e-02
   6.5210510e-02
   5.9601203e-02
   6.1285220e-02
   6.7542998e-02
   6.5680751e-02
   6.8397500e-02
   6.3347601e-02
   5.6367044e-02
   6.8112825e-02
   6.1818100e-02
   6.0168029e-02
   5.7227038e-02
   6.3462475e-02
   6.1471255e-02
   6.0512988e-02
   6.6444911e-02
   5.5374016e-02
   5.8183991e-02
   5.8499422e-02
   5.6385098e-02
   6.6487943e-02
   6.6707788e-02
   6.6542507e-02
   5.6869908e-02
   5.6026466e-02
   6.6576026e-02
   5.5403278e-02
   6.5501688e-02
   5.8343448e-02
   5.7316873e-02
   6.1828631e-02
   6.5344598e-02
   6.0713810e-02
   6.6715036e-02
   6.6738491e-02
   5.6752879e-02
   5.8306067e-02
   6.2055492e-02
   6.8650073e-02
   5.7918362e-02
   6.1298611e-02
   6.0345900e-02
   6.6137252e-02
   7.0561605e-02
   6.7411905e-02
   6.7669054e-02
   6.7477106e-02
   7.0325454e-02
   6.8009110e-02
   5.7781358e-02
   6.9571395e-02
   6.5396473e-02
   5.7414983e-02
   6.0843570e-02
   6.5629423e-02
   5.6661565e-02
   5.7033297e-02
   6.0429251e-02
   6.0987121e-02
   6.6201265e-02
   5.5864295e-02
   6.5019544e-02
   5.7674400e-02
   6.9066178e-02
   5.9884757e-02
   5.8122299e-02
   6.1060786e-02
   5.9596621e-02
   6.6337224e-02
   6.8540187e-02
   6.5394282e-02
   5.8350456e-02
   5.6346455e-02
   5.9234202e-02
   6.9668485e-02
   7.1157534e-02
   5.6289994e-02
   6.4401464e-02
   5.9054427e-02
   5.6341579e-02
   6.6216175e-02
   6.1512263e-02
   5.9260504e-02
   6.6613991e-02
   5.6121124e-02
   5.8706281e-02
   6.0741991e-02
   6.6778572e-02
   5.9374799e-02
   6.7597830e-02
   6.2733719e-02
   5.8816578e-02
   6.4432462e-02
   6.1141706e-02
   5.8930129e-02
   5.7650904e-02
   6.5961592e-02
   5.7650138e-02
   6.6322844e-02
   6.2883534e-02
   5.9754912e-02
   6.8686892e-02
   5.9065590e-02
   6.3486697e-02
   5.9393470e-02
   5.8179266e-02
   6.7010990e-02
   6.0701794e-02
   6.6561309e-02
   5.7534412e-02
   6.0340626e-02
   6.5077711e-02
   6.6878310e-02
   5.6032037e-02
   6.4295196e-02
   6.8071571e-02
   5.7187307e-02
   5.7145361e-02
   6.5751579e-02
   6.6869383e-02
   6.3258440e-02
   5.8920555e-02
   6.3726824e-02
   6.0764050e-02
   6.6704635e-02
   5.9136225e-02
   5.9485664e-02
   6.5896466e-02
   5.7718411e-02
   5.8504581e-02
   5.7600052e-02
   6.2291829e-02
   6.7494292e-02
   6.6230578e-02
   5.6173547e-02
   6.6557149e-02
   7.0566173e-02
   5.9336075e-02
   6.1189020e-02
   5.9340869e-02
   6.5835698e-02
   6.6232904e-02
   6.3575873e-02
   5.8404083e-02
   5.9644831e-02
   6.0226654e-02
   5.7375331e-02
   7.0749943e-02
   6.6147493e-02
   5.7796953e-02
   6.9917936e-02
   6.1165602e-02
   6.1629631e-02
   5.9774250e-02
   6.5119959e-02
   6.5798098e-02
   6.8504025e-02
   5.9880192e-02
   5.7931337e-02
   7.0039231e-02
   5.7203550e-02
   6.9554638e-02
   5.9122649e-02
   6.5454563e-02
   6.2925946e-02
   6.5242989e-02
   6.1186059e-02
   6.1868697e-02
   6.0630038e-02
   6.3252020e-02
   6.3852338e-02
   5.9108908e-02
   6.6123061e-02
   5.7633598e-02
   5.7080288e-02
   5.5937540e-02
   6.5025281e-02
   7.0157468e-02
   6.1044444e-02
   6.3529082e-02
