   1.1143351e-01
   1.0609763e-01
   1.1827422e-01
   1.1253156e-01
   1.0785312e-01
   1.1129522e-01
   1.1034791e-01
   1.0253569e-01
   1.0478950e-01
   1.0482449e-01
   1.1451854e-01
   1.0616248e-01
   9.9489156e-02
   1.1442465e-01
   1.1263780e-01
   1.1851628e-01
   1.1598524e-01
   1.0781145e-01
   1.1443535e-01
   1.1574867e-01
   1.1241149e-01
   1.0732956e-01
   1.1320097e-01
   1.0648254e-01
   1.0414957e-01
   1.0675967e-01
   1.1163016e-01
   1.0742561e-01
   1.0436512e-01
   1.0762095e-01
   1.0734525e-01
   1.1565178e-01
   1.0555521e-01
   1.0719887e-01
   1.0730473e-01
   1.0563042e-01
   1.0170789e-01
   1.1553846e-01
   1.1535786e-01
   1.0534367e-01
   1.0737629e-01
   1.1502973e-01
   1.1455642e-01
   1.1301771e-01
   1.0817320e-01
   1.0629517e-01
   1.0452241e-01
   1.0127384e-01
   1.1346545e-01
   9.8795857e-02
   1.0045142e-01
   1.0499129e-01
   1.0925238e-01
   1.0962329e-01
   1.0975030e-01
   1.1833599e-01
   1.1875991e-01
   1.1493967e-01
   1.0350847e-01
   1.0829797e-01
   1.0251460e-01
   1.1514898e-01
   1.1075762e-01
   1.0715290e-01
   1.1144957e-01
   1.0456721e-01
   1.1312255e-01
   1.0976480e-01
   1.1494214e-01
   1.0625073e-01
   1.1452619e-01
   1.0860307e-01
   1.0412384e-01
   1.1365253e-01
   1.0683290e-01
   1.1072669e-01
   1.0422862e-01
   1.0389037e-01
   1.1214888e-01
   1.1069902e-01
   1.1199787e-01
   1.0386399e-01
   1.0322292e-01
   1.0509302e-01
   1.1574457e-01
   1.0566590e-01
   1.0983465e-01
   1.0417382e-01
   1.0468347e-01
   1.0773717e-01
   1.1022580e-01
   1.0960341e-01
   1.0945345e-01
   1.1091590e-01
   1.1478147e-01
   1.0710408e-01
   1.0626012e-01
   1.0494100e-01
   1.1191218e-01
   9.9879997e-02
   1.0032852e-01
   1.0108667e-01
   1.1987700e-01
   1.1271354e-01
   1.1594866e-01
   1.0268869e-01
   1.2077186e-01
   1.0737746e-01
   1.0428059e-01
   1.0411378e-01
   1.1204457e-01
   1.0678939e-01
   1.0413505e-01
   1.0494138e-01
   1.0552496e-01
   1.1982095e-01
   1.1107837e-01
   1.0531399e-01
   1.0672780e-01
   1.0806305e-01
   1.0913837e-01
   1.1673758e-01
   1.0845164e-01
   1.1167621e-01
   1.0978158e-01
   1.0303624e-01
   1.0384405e-01
   1.0440417e-01
   9.9599758e-02
   1.1092434e-01
   1.0521478e-01
   1.1314996e-01
   1.1470410e-01
   1.0966257e-01
   1.1270419e-01
   1.0166210e-01
   1.1619749e-01
   1.0710578e-01
   1.0169365e-01
   1.0909447e-01
   1.0693364e-01
   1.0775120e-01
   1.0429085e-01
   1.0357429e-01
   1.0219587e-01
   1.0886770e-01
   1.1525437e-01
   1.0628883e-01
   1.1164213e-01
   1.0719985e-01
   1.0601540e-01
   1.0172114e-01
   1.0947576e-01
   1.0649835e-01
   9.9495700e-02
   1.0619938e-01
   1.0888702e-01
   1.0855854e-01
   1.1178483e-01
   1.0788216e-01
   1.1504050e-01
   1.0647094e-01
   1.0939419e-01
   1.0896803e-01
   1.0136535e-01
   1.0276777e-01
   1.1641083e-01
   1.1500376e-01
   1.0694448e-01
   1.1135595e-01
   1.1330032e-01
   1.0269687e-01
   1.1247941e-01
   1.1140015e-01
   1.1255532e-01
   1.0458637e-01
   1.1462134e-01
   1.0904411e-01
   1.0316420e-01
   1.1495934e-01
   1.0161508e-01
   1.1566040e-01
   1.0994476e-01
   1.0781166e-01
   1.1229590e-01
   1.0792063e-01
   1.0602351e-01
   1.1103325e-01
   1.1080222e-01
   1.0654942e-01
   1.0333925e-01
   1.0969062e-01
   1.0338746e-01
   1.1005556e-01
   1.0673492e-01
   1.1060277e-01
   1.0721009e-01
   1.0524246e-01
   1.1333721e-01
   1.0888347e-01
   1.1469451e-01
   1.1458938e-01
   1.0665334e-01
   1.0848648e-01
   1.1392730e-01
   1.0928449e-01
   1.0216611e-01
   1.1019511e-01
   1.1291263e-01
   1.0415157e-01
   1.0796282e-01
   1.0482795e-01
   1.1061846e-01
   1.1003602e-01
   1.1019021e-01
   1.0771788e-01
   1.1319249e-01
   1.1090858e-01
   1.1118675e-01
   1.1145572e-01
   1.0711790e-01
   1.0609791e-01
   1.0647956e-01
   1.0315515e-01
   1.0501051e-01
   1.1625931e-01
   1.1434858e-01
   1.0656015e-01
   1.0674925e-01
   1.0307780e-01
   1.0279041e-01
   1.1174101e-01
   1.0281758e-01
   1.0721015e-01
   1.0696780e-01
   1.0718331e-01
   1.0124878e-01
   1.0630000e-01
   1.0286094e-01
   1.1078536e-01
   1.0359921e-01
   1.0183418e-01
   1.1263225e-01
   1.1771132e-01
   1.0977191e-01
   1.1672996e-01
   1.0671435e-01
   1.0944202e-01
   1.0332999e-01
   1.1504392e-01
   1.1491776e-01
   1.1753148e-01
   1.0581386e-01
   1.0605865e-01
   1.1076505e-01
   1.0911959e-01
   1.1383793e-01
   1.0473812e-01
   1.0327919e-01
   1.0168705e-01
   1.1903342e-01
   1.0794064e-01
   1.0751006e-01
   1.0774150e-01
   1.1444693e-01
   1.0659528e-01
   1.0445557e-01
   1.0318519e-01
   1.1391345e-01
   1.1037544e-01
   1.0561040e-01
   1.0309396e-01
   1.0369315e-01
   1.0705388e-01
   1.0552499e-01
   1.1717687e-01
   1.1217152e-01
   1.0772643e-01
   1.0347736e-01
   1.0994977e-01
   1.0651103e-01
   1.0448004e-01
   1.0964530e-01
   1.1286056e-01
   1.0511026e-01
   1.0840840e-01
   1.1126674e-01
   1.1375975e-01
   1.1121615e-01
   1.0402668e-01
   1.0621597e-01
   1.0819089e-01
   1.1473078e-01
   1.0896945e-01
   1.0923700e-01
   1.1087797e-01
   1.0314589e-01
   1.1035471e-01
   1.1060971e-01
   1.0566402e-01
