   6.0896383e-02
   5.9908174e-02
   6.1456286e-02
   5.9884844e-02
   5.9992272e-02
   5.9850231e-02
   5.9856513e-02
   5.9870261e-02
   5.9922648e-02
   6.1164555e-02
   6.0383895e-02
   5.9963260e-02
   6.1495823e-02
   5.9951302e-02
   5.9576755e-02
   5.9935708e-02
   6.1479630e-02
   5.9833452e-02
   5.9942933e-02
   5.9657704e-02
   6.0872539e-02
   5.9567321e-02
   5.9772964e-02
   5.9940699e-02
   5.9805760e-02
   5.9573428e-02
   5.9853854e-02
   6.0658488e-02
   5.9934946e-02
   5.9806629e-02
   5.9563280e-02
   6.1231405e-02
   6.0044987e-02
   5.9785381e-02
   5.9694656e-02
   5.9918576e-02
   6.1423225e-02
   5.9910887e-02
   5.9677894e-02
   5.9561250e-02
   5.9823186e-02
   5.9975763e-02
   5.9736734e-02
   5.9588501e-02
   5.9976386e-02
   6.1384744e-02
   5.9975237e-02
   5.9958926e-02
   5.9575371e-02
   6.0896706e-02
   5.9969625e-02
   5.9568425e-02
   6.1163807e-02
   6.1417943e-02
   6.0144476e-02
   5.9603594e-02
   5.9973188e-02
   5.9850220e-02
   5.9891467e-02
   6.0535090e-02
   5.9891712e-02
   5.9834740e-02
   5.9895976e-02
   6.1036076e-02
   5.9969458e-02
   5.9832105e-02
   6.1194174e-02
   5.9896001e-02
   6.0084789e-02
   5.9900748e-02
   5.9934674e-02
   5.9787254e-02
   5.9582225e-02
   5.9941022e-02
   5.9896278e-02
   5.9677836e-02
   6.1264574e-02
   6.0611339e-02
   6.1481120e-02
   5.9589030e-02
   5.9956022e-02
   6.0040944e-02
   6.1440425e-02
   5.9572942e-02
   6.1508552e-02
   6.0493644e-02
   5.9928888e-02
   5.9884261e-02
   5.9824282e-02
   5.9917148e-02
   6.0785139e-02
   6.1346743e-02
   5.9959282e-02
   5.9697121e-02
   5.9890388e-02
   5.9915076e-02
   5.9865889e-02
   6.0843750e-02
   5.9563940e-02
   6.0456349e-02
   5.9873695e-02
   6.0091447e-02
   5.9885702e-02
   5.9969632e-02
   5.9609381e-02
   6.1480226e-02
   5.9918621e-02
   5.9706638e-02
   5.9863077e-02
   6.1473583e-02
   5.9591244e-02
   6.1464347e-02
   5.9934376e-02
   5.9821477e-02
   6.1497560e-02
   6.1358013e-02
   5.9878646e-02
   6.1488300e-02
   5.9590390e-02
   5.9818346e-02
   5.9953909e-02
   6.1457941e-02
   5.9564350e-02
   5.9884755e-02
   6.1456805e-02
   5.9581240e-02
   5.9801822e-02
   5.9560657e-02
   6.0340344e-02
   5.9809502e-02
   6.0242447e-02
   6.0294788e-02
   5.9640367e-02
   5.9787074e-02
   5.9885698e-02
   5.9637558e-02
   6.0101670e-02
   5.9663749e-02
   5.9894344e-02
   5.9973379e-02
   6.0483749e-02
   5.9909349e-02
   6.0413918e-02
   6.1475352e-02
   5.9839002e-02
   5.9606600e-02
   5.9976186e-02
   5.9784185e-02
   5.9574046e-02
   5.9866591e-02
   5.9584448e-02
   5.9952570e-02
   5.9673808e-02
   5.9799789e-02
   5.9920247e-02
   6.1393198e-02
   5.9559825e-02
   5.9855965e-02
   5.9901750e-02
   5.9592763e-02
   5.9969134e-02
   5.9918823e-02
   5.9871028e-02
   5.9567069e-02
   5.9683080e-02
   5.9828572e-02
   5.9596289e-02
   6.0493512e-02
   6.0007818e-02
   6.0550879e-02
   5.9786585e-02
   5.9900727e-02
   5.9849728e-02
   5.9560147e-02
   5.9597159e-02
   5.9558803e-02
   5.9711345e-02
   5.9928416e-02
   5.9892327e-02
   6.1449297e-02
   6.0173986e-02
   6.0223956e-02
   6.0032833e-02
   5.9976197e-02
   6.1092744e-02
   5.9959169e-02
   5.9952374e-02
   6.0555952e-02
   5.9925960e-02
   5.9856440e-02
   5.9732516e-02
   5.9954159e-02
   5.9934193e-02
   5.9934702e-02
   5.9787059e-02
   5.9822146e-02
   5.9844329e-02
   6.0518240e-02
   5.9578988e-02
   5.9902691e-02
   5.9908590e-02
   5.9574976e-02
   5.9826013e-02
   6.0506421e-02
   5.9933294e-02
   5.9569963e-02
   5.9874614e-02
   5.9925975e-02
   6.1385017e-02
   6.0645796e-02
   5.9854478e-02
   5.9956950e-02
   5.9562394e-02
   5.9561268e-02
   6.0757717e-02
   5.9884823e-02
   5.9935845e-02
   5.9790831e-02
   5.9791443e-02
   5.9973432e-02
   6.0085804e-02
   5.9619676e-02
   5.9895973e-02
   6.1441098e-02
   5.9956004e-02
   5.9766073e-02
   5.9970195e-02
   5.9565334e-02
   5.9941022e-02
   5.9819111e-02
   5.9975811e-02
   5.9822933e-02
   5.9694323e-02
   6.1445433e-02
   6.0775984e-02
   5.9825427e-02
   5.9838274e-02
   5.9920697e-02
   5.9786332e-02
   5.9970468e-02
   5.9589441e-02
   5.9838140e-02
   6.1208260e-02
   6.0197428e-02
   5.9574000e-02
   5.9969608e-02
   5.9849772e-02
   5.9787493e-02
   5.9962236e-02
   5.9640092e-02
   6.0205104e-02
   5.9872377e-02
   5.9625687e-02
   6.1394681e-02
   5.9841406e-02
   5.9572232e-02
   5.9803212e-02
   5.9975702e-02
   5.9821767e-02
   6.1204192e-02
   5.9563989e-02
   5.9817430e-02
   5.9969707e-02
   6.1319676e-02
   6.1353864e-02
   6.0545160e-02
   5.9612181e-02
   5.9900866e-02
   5.9959267e-02
   5.9782490e-02
   5.9863428e-02
   5.9583636e-02
   5.9857679e-02
   6.0954313e-02
   6.1207816e-02
   5.9561710e-02
   5.9570288e-02
   5.9853334e-02
   6.0111573e-02
   5.9562273e-02
   5.9576610e-02
   6.1202590e-02
   5.9879119e-02
   5.9846446e-02
   6.1476151e-02
   5.9561286e-02
   5.9923255e-02
   6.1317749e-02
   5.9773974e-02
   5.9901891e-02
   5.9850794e-02
   5.9562428e-02
   5.9827693e-02
   5.9583887e-02
   5.9898362e-02
   5.9571454e-02
   6.0175965e-02
   5.9820818e-02
   5.9656392e-02
   5.9905348e-02
