   2.4215162e-01
   2.4774993e-01
   2.3709713e-01
   2.3986504e-01
   2.3471630e-01
   2.4410282e-01
   2.5340170e-01
   2.5276598e-01
   2.5772382e-01
   2.3612830e-01
   2.4822673e-01
   2.5559697e-01
   2.4243832e-01
   2.5090536e-01
   2.4759530e-01
   2.4268661e-01
   2.4325199e-01
   2.5123438e-01
   2.5981663e-01
   2.4909058e-01
   2.5365057e-01
   2.4487769e-01
   2.4500032e-01
   2.5111364e-01
   2.5130399e-01
   2.3924916e-01
   2.4026996e-01
   2.5642763e-01
   2.5085612e-01
   2.4435112e-01
   2.4822293e-01
   2.3628818e-01
   2.4243922e-01
   2.4941718e-01
   2.3707856e-01
   2.4007566e-01
   2.3884861e-01
   2.5496002e-01
   2.4042245e-01
   2.5326039e-01
   2.4684623e-01
   2.4495551e-01
   2.4882428e-01
   2.3669757e-01
   2.3473910e-01
   2.4230413e-01
   2.3685182e-01
   2.5352572e-01
   2.3672507e-01
   2.5951412e-01
   2.5785734e-01
   2.3629038e-01
   2.4730927e-01
   2.5198444e-01
   2.3758990e-01
   2.4712264e-01
   2.3927004e-01
   2.5519152e-01
   2.4500701e-01
   2.4927257e-01
   2.4484908e-01
   2.3562683e-01
   2.3618217e-01
   2.5184120e-01
   2.4916500e-01
   2.4384704e-01
   2.4231705e-01
   2.4859911e-01
   2.4774858e-01
   2.4259493e-01
   2.3930972e-01
   2.4130671e-01
   2.5392361e-01
   2.3901911e-01
   2.5396303e-01
   2.4575449e-01
   2.4306576e-01
   2.4792239e-01
   2.4888780e-01
   2.4608595e-01
   2.3961190e-01
   2.4075798e-01
   2.4105086e-01
   2.5205616e-01
   2.3329734e-01
   2.5585930e-01
   2.3934799e-01
   2.3988866e-01
   2.3517601e-01
   2.3874462e-01
   2.3477551e-01
   2.4671023e-01
   2.4081768e-01
   2.5037947e-01
   2.3818117e-01
   2.4642576e-01
   2.4715142e-01
   2.5177843e-01
   2.5465090e-01
   2.4020765e-01
   2.3904248e-01
   2.4279628e-01
   2.4347548e-01
   2.3614229e-01
   2.5321981e-01
   2.3498510e-01
   2.4498685e-01
   2.4339072e-01
   2.4475188e-01
   2.5098952e-01
   2.5526170e-01
   2.4660751e-01
   2.5314778e-01
   2.4085060e-01
   2.4893116e-01
   2.4337675e-01
   2.5508313e-01
   2.5229546e-01
   2.4376542e-01
   2.5078319e-01
   2.4090290e-01
   2.5395101e-01
   2.5386061e-01
   2.4060034e-01
   2.4395961e-01
   2.3731303e-01
   2.4441238e-01
   2.3529707e-01
   2.3839179e-01
   2.4023061e-01
   2.3925554e-01
   2.4028212e-01
   2.5362335e-01
   2.4623540e-01
   2.4569708e-01
   2.4016709e-01
   2.4584172e-01
   2.5178425e-01
   2.5152754e-01
   2.3542793e-01
   2.3819244e-01
   2.5025091e-01
   2.3668148e-01
   2.3973883e-01
   2.5315663e-01
   2.5436813e-01
   2.5528046e-01
   2.4464106e-01
   2.4908934e-01
   2.3687602e-01
   2.4466908e-01
   2.5005686e-01
   2.3918579e-01
   2.5256798e-01
   2.3602019e-01
   2.5396352e-01
   2.4598779e-01
   2.4716481e-01
   2.4543235e-01
   2.4060667e-01
   2.3653204e-01
   2.5234989e-01
   2.4438057e-01
   2.5150799e-01
   2.5353901e-01
   2.4156141e-01
   2.4786199e-01
   2.4532024e-01
   2.5824056e-01
   2.4715812e-01
   2.5178952e-01
   2.4483861e-01
   2.4414949e-01
   2.6069466e-01
   2.5105373e-01
   2.4948087e-01
   2.4895457e-01
   2.3427922e-01
   2.3550266e-01
   2.3769804e-01
   2.4527662e-01
   2.3762252e-01
   2.4445554e-01
   2.4077613e-01
   2.3864866e-01
   2.5120215e-01
   2.5193888e-01
   2.5149021e-01
   2.3558846e-01
   2.4213105e-01
   2.3804334e-01
   2.5371930e-01
   2.5029977e-01
   2.4447277e-01
   2.4077683e-01
   2.4392740e-01
   2.4790249e-01
   2.4499969e-01
   2.4586635e-01
   2.5055816e-01
   2.4025466e-01
   2.4009868e-01
   2.3882508e-01
   2.4083682e-01
   2.4930327e-01
   2.3490089e-01
   2.5809194e-01
   2.4989908e-01
   2.5189677e-01
   2.4034644e-01
   2.3973741e-01
   2.4195221e-01
   2.4373960e-01
   2.4481852e-01
   2.5371973e-01
   2.3725216e-01
   2.5174097e-01
   2.5319888e-01
   2.3837092e-01
   2.4739647e-01
   2.5405499e-01
   2.4542268e-01
   2.3845302e-01
   2.3737021e-01
   2.3987065e-01
   2.5272522e-01
   2.4997475e-01
   2.4138424e-01
   2.4998218e-01
   2.4470463e-01
   2.3412471e-01
   2.4663288e-01
   2.3823988e-01
   2.5282938e-01
   2.4643947e-01
   2.4915297e-01
   2.4279643e-01
   2.4029792e-01
   2.4412517e-01
   2.4836669e-01
   2.4732463e-01
   2.3522993e-01
   2.3531267e-01
   2.5564184e-01
   2.3733383e-01
   2.5610327e-01
   2.4544393e-01
   2.4089917e-01
   2.4476655e-01
   2.5377635e-01
   2.4674689e-01
   2.4670979e-01
   2.5651010e-01
   2.3953589e-01
   2.3970078e-01
   2.4291209e-01
   2.4366036e-01
   2.4742632e-01
   2.4428347e-01
   2.4683266e-01
   2.4798570e-01
   2.3983264e-01
   2.4919669e-01
   2.3870940e-01
   2.4366677e-01
   2.3858919e-01
   2.4241750e-01
   2.4106069e-01
   2.3381143e-01
   2.4400520e-01
   2.5352434e-01
   2.4243073e-01
   2.5439643e-01
   2.3886332e-01
   2.4538372e-01
   2.5358222e-01
   2.4630902e-01
   2.3814263e-01
   2.4573821e-01
   2.4738194e-01
   2.4867376e-01
   2.5470129e-01
   2.6006335e-01
   2.4671340e-01
   2.5800206e-01
   2.6106563e-01
   2.3833874e-01
   2.5051482e-01
   2.4776857e-01
   2.3729012e-01
   2.4830534e-01
   2.5173989e-01
   2.5077714e-01
   2.3587918e-01
   2.3909194e-01
   2.3766355e-01
   2.4152946e-01
   2.4345162e-01
   2.4515736e-01
   2.4636052e-01
