   2.3760726e-01
   1.9227227e-01
   2.0803733e-01
   1.9858492e-01
   2.2032825e-01
   1.9506051e-01
   2.4158700e-01
   2.3051737e-01
   2.1650603e-01
   2.2845938e-01
   1.9563305e-01
   1.9892718e-01
   1.9419026e-01
   2.1215282e-01
   2.1542985e-01
   1.9876865e-01
   2.1580291e-01
   2.0041157e-01
   2.1825035e-01
   2.1215315e-01
   2.3971225e-01
   2.3600823e-01
   1.9956928e-01
   2.3908369e-01
   2.0302807e-01
   2.0704744e-01
   1.9192222e-01
   2.2953649e-01
   2.1552459e-01
   2.0906343e-01
   2.4168068e-01
   2.2609318e-01
   2.4162525e-01
   2.4170773e-01
   1.9858412e-01
   2.4160529e-01
   2.1266735e-01
   1.9227251e-01
   2.1924152e-01
   2.3836995e-01
   2.0580424e-01
   2.1673612e-01
   2.1525915e-01
   2.2712505e-01
   1.9882158e-01
   1.9354529e-01
   2.4091904e-01
   2.4160194e-01
   2.4196684e-01
   2.1485161e-01
   2.2959903e-01
   2.1360543e-01
   2.2118070e-01
   2.0758321e-01
   1.9472707e-01
   2.3635825e-01
   2.2198594e-01
   1.9952402e-01
   2.0778804e-01
   2.3071438e-01
   1.9729259e-01
   1.9231187e-01
   2.4088723e-01
   2.0842785e-01
   2.3734836e-01
   2.4201513e-01
   2.2510763e-01
   1.9919865e-01
   2.1400636e-01
   2.3513117e-01
   2.1374292e-01
   2.3055628e-01
   1.9920011e-01
   2.0326282e-01
   2.4025604e-01
   2.1965131e-01
   2.1981960e-01
   1.9279659e-01
   2.1093875e-01
   2.1853418e-01
   2.0176220e-01
   2.1163504e-01
   1.9168715e-01
   2.1364866e-01
   1.9192316e-01
   2.1454687e-01
   2.3579945e-01
   2.4074843e-01
   2.3741328e-01
   1.9413007e-01
   2.3673900e-01
   2.1979305e-01
   2.1059605e-01
   2.3198072e-01
   2.1186386e-01
   2.3001616e-01
   2.1539292e-01
   2.1280347e-01
   2.1451593e-01
   1.9712053e-01
   2.1006105e-01
   2.2793813e-01
   2.4145363e-01
   2.3040862e-01
   2.3886640e-01
   2.2616650e-01
   2.1029220e-01
   1.9893448e-01
   1.9235388e-01
   2.0725778e-01
   2.1065556e-01
   2.2117053e-01
   2.0175648e-01
   1.9945573e-01
   2.0701074e-01
   2.2050640e-01
   1.9416712e-01
   2.1969719e-01
   2.4066784e-01
   2.0299514e-01
   2.1323822e-01
   2.0066388e-01
   2.3700319e-01
   2.3530551e-01
   2.4130408e-01
   2.0166607e-01
   2.1945042e-01
   2.0405800e-01
   2.4122291e-01
   2.1569987e-01
   2.2926029e-01
   2.1136035e-01
   2.0004437e-01
   2.2387192e-01
   1.9685902e-01
   1.9161546e-01
   2.1103893e-01
   2.1733946e-01
   2.3973086e-01
   2.3955869e-01
   2.1585742e-01
   2.0247659e-01
   1.9172038e-01
   2.0243433e-01
   1.9244252e-01
   2.1267387e-01
   1.9213404e-01
   1.9828429e-01
   2.4166424e-01
   2.1794367e-01
   1.9528866e-01
   2.0182045e-01
   2.1253955e-01
   1.9417873e-01
   2.2834850e-01
   2.0963409e-01
   1.9212301e-01
   1.9287759e-01
   2.4150203e-01
   2.1327758e-01
   2.4145703e-01
   1.9196439e-01
   2.0405217e-01
   1.9377982e-01
   2.3454567e-01
   2.0541775e-01
   1.9258752e-01
   2.1183225e-01
   2.2801456e-01
   1.9231398e-01
   2.1416696e-01
   2.2470572e-01
   2.0407661e-01
   2.1757066e-01
   1.9643055e-01
   2.1094880e-01
   2.2277982e-01
   2.1603034e-01
   2.0884456e-01
   1.9562838e-01
   2.3516589e-01
   2.1671544e-01
   2.1493105e-01
   1.9620842e-01
   2.0297401e-01
   2.0813301e-01
   2.0244982e-01
   1.9897349e-01
   2.0478314e-01
   2.4014905e-01
   2.1472789e-01
   2.3334097e-01
   2.3915876e-01
   2.1144971e-01
   1.9200572e-01
   2.0674317e-01
   1.9292656e-01
   2.4126113e-01
   2.1603150e-01
   2.4152807e-01
   2.0467993e-01
   2.4174930e-01
   2.1879362e-01
   1.9611348e-01
   2.4175642e-01
   1.9622327e-01
   2.3486711e-01
   2.3157241e-01
   1.9185521e-01
   2.4147057e-01
   2.2661632e-01
   2.3804183e-01
   2.0825861e-01
   2.3237584e-01
   2.3735366e-01
   2.1949780e-01
   2.3092180e-01
   1.9757428e-01
   2.0035691e-01
   2.2802910e-01
   2.3588382e-01
   2.0077995e-01
   2.2464771e-01
   1.9418988e-01
   2.0286028e-01
   2.4178167e-01
   2.0727030e-01
   2.0745610e-01
   2.4192699e-01
   2.3588234e-01
   2.1460123e-01
   2.3438938e-01
   2.3908124e-01
   1.9987681e-01
   2.2239527e-01
   2.0290146e-01
   2.2407272e-01
   1.9810852e-01
   2.4118314e-01
   2.0512327e-01
   2.0588044e-01
   2.1793746e-01
   2.3665934e-01
   2.3195439e-01
   2.2552231e-01
   2.2352201e-01
   2.0333436e-01
   2.4147799e-01
   2.1275418e-01
   2.1580889e-01
   2.2722346e-01
   2.4206282e-01
   2.2945635e-01
   1.9546257e-01
   1.9277229e-01
   2.1049248e-01
   2.1570574e-01
   2.2927505e-01
   2.2421427e-01
   2.1404746e-01
   2.2222747e-01
   2.2887298e-01
   2.4177277e-01
   2.0163638e-01
   2.3786801e-01
   2.1331949e-01
   1.9778221e-01
   2.0430791e-01
   1.9773884e-01
   1.9351534e-01
   2.3119447e-01
   2.4177069e-01
   2.0244281e-01
   2.2058189e-01
   2.2693200e-01
   1.9252610e-01
   1.9260823e-01
   2.4136997e-01
   2.3314246e-01
   2.1214368e-01
   1.9243621e-01
   2.0912323e-01
   2.3475925e-01
   1.9836827e-01
   2.2702428e-01
   2.1159954e-01
   2.3179383e-01
   2.3594041e-01
   1.9200485e-01
   2.4048954e-01
   2.0823947e-01
   2.0775251e-01
   2.1791669e-01
   2.0574536e-01
   2.1377276e-01
   2.3665771e-01
   1.9813205e-01
   2.1732870e-01
   2.1285077e-01
   2.0976343e-01
