   3.3221848e-02
   3.2634869e-02
   3.1915963e-02
   3.2013588e-02
   3.3713727e-02
   3.2093935e-02
   3.2470854e-02
   3.1973717e-02
   3.1958525e-02
   3.2303420e-02
   3.3440833e-02
   3.2659319e-02
   3.2049654e-02
   3.3565636e-02
   3.3474711e-02
   3.2092652e-02
   3.3438923e-02
   3.4021602e-02
   3.1926670e-02
   3.2345041e-02
   3.2681090e-02
   3.4176948e-02
   3.2092723e-02
   3.3561979e-02
   3.2020014e-02
   3.2034507e-02
   3.3339208e-02
   3.2587826e-02
   3.2814448e-02
   3.2256408e-02
   3.2512311e-02
   3.2052465e-02
   3.3243198e-02
   3.3338337e-02
   3.2503801e-02
   3.2970187e-02
   3.3830758e-02
   3.4137697e-02
   3.3294533e-02
   3.3738696e-02
   3.2616819e-02
   3.2640414e-02
   3.2382583e-02
   3.2505901e-02
   3.2375474e-02
   3.2635031e-02
   3.3132107e-02
   3.2856167e-02
   3.3182415e-02
   3.2849793e-02
   3.3351379e-02
   3.2400520e-02
   3.3928768e-02
   3.3647460e-02
   3.2499592e-02
   3.3098922e-02
   3.4139153e-02
   3.3277702e-02
   3.3675225e-02
   3.3928444e-02
   3.2260310e-02
   3.2066380e-02
   3.1964554e-02
   3.1929844e-02
   3.2062186e-02
   3.1932349e-02
   3.1949001e-02
   3.1916172e-02
   3.3147036e-02
   3.4158246e-02
   3.2538329e-02
   3.1919001e-02
   3.2811618e-02
   3.2829572e-02
   3.4102787e-02
   3.3527700e-02
   3.1943263e-02
   3.2646972e-02
   3.1976831e-02
   3.3553007e-02
   3.2075314e-02
   3.2505883e-02
   3.1929855e-02
   3.2921702e-02
   3.2799070e-02
   3.1988931e-02
   3.2564683e-02
   3.2862496e-02
   3.2062344e-02
   3.2534216e-02
   3.1912954e-02
   3.1910439e-02
   3.1912888e-02
   3.2429585e-02
   3.1930598e-02
   3.2072154e-02
   3.2003190e-02
   3.1911524e-02
   3.1911112e-02
   3.3034899e-02
   3.1932341e-02
   3.2009494e-02
   3.2001242e-02
   3.2818024e-02
   3.4105017e-02
   3.2783433e-02
   3.1919894e-02
   3.2050197e-02
   3.2620237e-02
   3.2414463e-02
   3.2682669e-02
   3.2943174e-02
   3.4112329e-02
   3.1970227e-02
   3.3246618e-02
   3.2636668e-02
   3.4173855e-02
   3.2105124e-02
   3.1914933e-02
   3.1981198e-02
   3.2634385e-02
   3.3000089e-02
   3.2000465e-02
   3.1911772e-02
   3.2017867e-02
   3.1914797e-02
   3.2197721e-02
   3.1950893e-02
   3.3147476e-02
   3.2017726e-02
   3.4014615e-02
   3.1911358e-02
   3.2058325e-02
   3.2365951e-02
   3.2488885e-02
   3.2346718e-02
   3.2058715e-02
   3.2787413e-02
   3.1914204e-02
   3.2043778e-02
   3.1932116e-02
   3.2615087e-02
   3.2030978e-02
   3.1949955e-02
   3.2252966e-02
   3.3261290e-02
   3.1924703e-02
   3.4015537e-02
   3.2157124e-02
   3.2831400e-02
   3.3831674e-02
   3.1974857e-02
   3.2036460e-02
   3.3713672e-02
   3.2063843e-02
   3.2858479e-02
   3.2640594e-02
   3.2167546e-02
   3.1913521e-02
   3.3247503e-02
   3.2608552e-02
   3.2507821e-02
   3.1948913e-02
   3.1996749e-02
   3.2225408e-02
   3.1918753e-02
   3.1965210e-02
   3.2674627e-02
   3.2050626e-02
   3.2633332e-02
   3.1976238e-02
   3.3233412e-02
   3.1941916e-02
   3.2689370e-02
   3.2395780e-02
   3.2722350e-02
   3.1948889e-02
   3.2060224e-02
   3.2417496e-02
   3.2540255e-02
   3.2446840e-02
   3.1980348e-02
   3.2041081e-02
   3.2764281e-02
   3.1910460e-02
   3.2636784e-02
   3.3109442e-02
   3.2741091e-02
   3.3598200e-02
   3.1927151e-02
   3.3021520e-02
   3.4039347e-02
   3.2270545e-02
   3.3221113e-02
   3.2237570e-02
   3.2567566e-02
   3.1914934e-02
   3.2078449e-02
   3.3356732e-02
   3.1925490e-02
   3.2267982e-02
   3.1916564e-02
   3.3355825e-02
   3.3705521e-02
   3.3289986e-02
   3.3566502e-02
   3.2263315e-02
   3.1937869e-02
   3.2881705e-02
   3.2617899e-02
   3.2708377e-02
   3.2719530e-02
   3.2190047e-02
   3.2800160e-02
   3.1935483e-02
   3.3116173e-02
   3.2025556e-02
   3.2022476e-02
   3.2569328e-02
   3.1912966e-02
   3.2094833e-02
   3.2007330e-02
   3.2148630e-02
   3.3262041e-02
   3.3232114e-02
   3.2688102e-02
   3.3804638e-02
   3.3118187e-02
   3.3949790e-02
   3.2578827e-02
   3.1936012e-02
   3.3675957e-02
   3.1914753e-02
   3.2584737e-02
   3.1930402e-02
   3.2137036e-02
   3.1912430e-02
   3.1969215e-02
   3.2622889e-02
   3.3902937e-02
   3.1921867e-02
   3.1991214e-02
   3.2567692e-02
   3.1955129e-02
   3.2727862e-02
   3.2015614e-02
   3.2063932e-02
   3.3072548e-02
   3.2662444e-02
   3.1910761e-02
   3.2712188e-02
   3.2074691e-02
   3.2335648e-02
   3.4037903e-02
   3.2345158e-02
   3.1910384e-02
   3.2375234e-02
   3.2249058e-02
   3.2873010e-02
   3.2615267e-02
   3.1964837e-02
   3.2726096e-02
   3.1951115e-02
   3.3323319e-02
   3.1969124e-02
   3.1938224e-02
   3.2276004e-02
   3.2569011e-02
   3.1914637e-02
   3.1928622e-02
   3.3498685e-02
   3.2497550e-02
   3.2034355e-02
   3.2010327e-02
   3.2434096e-02
   3.2008126e-02
   3.2065052e-02
   3.3220360e-02
   3.3498811e-02
   3.1933927e-02
   3.1971856e-02
   3.2613401e-02
   3.2722367e-02
   3.2676236e-02
   3.1934321e-02
   3.3153015e-02
   3.4129508e-02
   3.2503516e-02
   3.2480862e-02
   3.2820701e-02
   3.3650994e-02
   3.2241371e-02
   3.4177950e-02
   3.3194357e-02
   3.2601093e-02
   3.2629147e-02
   3.2026758e-02
   3.2684334e-02
   3.1927140e-02
   3.3521328e-02
