   1.7868186e-01
   1.7525075e-01
   1.7467628e-01
   1.7744328e-01
   1.7054497e-01
   1.8044847e-01
   1.7816788e-01
   1.7401809e-01
   1.7189723e-01
   1.6616539e-01
   1.7463817e-01
   1.7929442e-01
   1.7802344e-01
   1.7564022e-01
   1.7075961e-01
   1.7523294e-01
   1.7682656e-01
   1.7049717e-01
   1.7720713e-01
   1.7517125e-01
   1.6754999e-01
   1.6931618e-01
   1.6751343e-01
   1.7549842e-01
   1.6975028e-01
   1.7084664e-01
   1.7933138e-01
   1.7454510e-01
   1.7606938e-01
   1.7247598e-01
   1.7277655e-01
   1.6915511e-01
   1.6987947e-01
   1.6834496e-01
   1.7707672e-01
   1.6686981e-01
   1.7787678e-01
   1.7737314e-01
   1.7316248e-01
   1.7625534e-01
   1.8055253e-01
   1.7623397e-01
   1.7534467e-01
   1.7704284e-01
   1.7915946e-01
   1.7512671e-01
   1.6753198e-01
   1.7114857e-01
   1.7295730e-01
   1.6907005e-01
   1.7472980e-01
   1.7063529e-01
   1.6541352e-01
   1.7263821e-01
   1.7132353e-01
   1.6966949e-01
   1.7451983e-01
   1.7421072e-01
   1.6985953e-01
   1.6663716e-01
   1.7120270e-01
   1.7671888e-01
   1.6764979e-01
   1.6644923e-01
   1.7584540e-01
   1.7005371e-01
   1.6997587e-01
   1.7520062e-01
   1.7793555e-01
   1.7940699e-01
   1.7694179e-01
   1.7209866e-01
   1.7257417e-01
   1.7814873e-01
   1.7110070e-01
   1.7628478e-01
   1.7777537e-01
   1.6835003e-01
   1.7052451e-01
   1.7706105e-01
   1.8018556e-01
   1.7156024e-01
   1.7548878e-01
   1.7509627e-01
   1.7614607e-01
   1.7333855e-01
   1.7491580e-01
   1.7130454e-01
   1.6598315e-01
   1.7029698e-01
   1.6542638e-01
   1.7905882e-01
   1.7240005e-01
   1.7858831e-01
   1.7742890e-01
   1.7681002e-01
   1.7234761e-01
   1.7556799e-01
   1.7605860e-01
   1.7122057e-01
   1.7264610e-01
   1.6993175e-01
   1.7560471e-01
   1.7818347e-01
   1.7846084e-01
   1.7593109e-01
   1.7001105e-01
   1.7503336e-01
   1.7475330e-01
   1.6707319e-01
   1.7330957e-01
   1.7426492e-01
   1.7420603e-01
   1.7289582e-01
   1.6967794e-01
   1.6986572e-01
   1.7239026e-01
   1.7685583e-01
   1.7248411e-01
   1.7642228e-01
   1.7052899e-01
   1.7713429e-01
   1.6523592e-01
   1.7552081e-01
   1.7171974e-01
   1.6930005e-01
   1.7994691e-01
   1.7824155e-01
   1.7681028e-01
   1.7756739e-01
   1.7708998e-01
   1.7175713e-01
   1.7281748e-01
   1.7008723e-01
   1.7842314e-01
   1.7174440e-01
   1.7178934e-01
   1.7459607e-01
   1.7111846e-01
   1.7368595e-01
   1.7466681e-01
   1.7831078e-01
   1.8042204e-01
   1.6708133e-01
   1.6932502e-01
   1.7439088e-01
   1.7743658e-01
   1.7771191e-01
   1.6644570e-01
   1.7586285e-01
   1.7666367e-01
   1.6556357e-01
   1.6740042e-01
   1.7061224e-01
   1.7931517e-01
   1.7856634e-01
   1.7758321e-01
   1.7813389e-01
   1.7966366e-01
   1.7689665e-01
   1.7166386e-01
   1.7645290e-01
   1.6654998e-01
   1.6547480e-01
   1.7779598e-01
   1.7713876e-01
   1.7437411e-01
   1.6672500e-01
   1.7136026e-01
   1.7956139e-01
   1.6902060e-01
   1.7054437e-01
   1.6652799e-01
   1.6972295e-01
   1.7650150e-01
   1.7627979e-01
   1.7500001e-01
   1.7496792e-01
   1.7587199e-01
   1.7265390e-01
   1.7588406e-01
   1.6732870e-01
   1.8079668e-01
   1.7051243e-01
   1.7851084e-01
   1.7639990e-01
   1.7787330e-01
   1.7226905e-01
   1.6547250e-01
   1.6810085e-01
   1.6967608e-01
   1.7245049e-01
   1.7209493e-01
   1.7832016e-01
   1.7543250e-01
   1.7661422e-01
   1.6887162e-01
   1.6768756e-01
   1.8005538e-01
   1.6804643e-01
   1.7773400e-01
   1.7427402e-01
   1.6583871e-01
   1.7511184e-01
   1.7595955e-01
   1.7067021e-01
   1.7560387e-01
   1.7706816e-01
   1.7234420e-01
   1.6972281e-01
   1.7165715e-01
   1.6877749e-01
   1.7790586e-01
   1.7436174e-01
   1.7579451e-01
   1.6649009e-01
   1.7784267e-01
   1.6981328e-01
   1.7879415e-01
   1.7641787e-01
   1.6704119e-01
   1.6863999e-01
   1.8078435e-01
   1.7728475e-01
   1.7612364e-01
   1.6714619e-01
   1.7398610e-01
   1.7348335e-01
   1.8038762e-01
   1.7587920e-01
   1.6661342e-01
   1.7746202e-01
   1.6662590e-01
   1.7592997e-01
   1.6646996e-01
   1.7920103e-01
   1.6993396e-01
   1.7177462e-01
   1.7378082e-01
   1.6851666e-01
   1.7643228e-01
   1.6631724e-01
   1.7553699e-01
   1.7480083e-01
   1.6637871e-01
   1.7895809e-01
   1.7053482e-01
   1.7368790e-01
   1.8018358e-01
   1.7533789e-01
   1.7300857e-01
   1.6704185e-01
   1.6531068e-01
   1.7360596e-01
   1.6955508e-01
   1.8037583e-01
   1.7681009e-01
   1.6698423e-01
   1.6802109e-01
   1.6664090e-01
   1.6962838e-01
   1.7740219e-01
   1.7331628e-01
   1.6642530e-01
   1.7893865e-01
   1.6849233e-01
   1.6703871e-01
   1.8080947e-01
   1.7514352e-01
   1.7004088e-01
   1.7699416e-01
   1.7739659e-01
   1.6667201e-01
   1.7629157e-01
   1.7404181e-01
   1.7309475e-01
   1.8039399e-01
   1.7736985e-01
   1.7728676e-01
   1.7076193e-01
   1.6641014e-01
   1.6825377e-01
   1.7765359e-01
   1.7173864e-01
   1.6944144e-01
   1.7559431e-01
   1.6703558e-01
   1.7533563e-01
   1.7351249e-01
   1.6769315e-01
   1.7643148e-01
   1.7108572e-01
   1.7240904e-01
   1.6660450e-01
   1.7694954e-01
   1.7847155e-01
   1.7387677e-01
   1.7409528e-01
   1.7591816e-01
   1.6550933e-01
