   1.5752181e-01
   1.6650040e-01
   1.8822693e-01
   1.5688820e-01
   1.9190192e-01
   1.6615157e-01
   1.6684791e-01
   1.8583658e-01
   1.6824950e-01
   1.9652800e-01
   1.9111412e-01
   1.6785219e-01
   1.5537028e-01
   1.6976171e-01
   1.8560511e-01
   1.8503043e-01
   1.9374227e-01
   1.8587100e-01
   1.5766552e-01
   1.6139877e-01
   1.5618305e-01
   1.6709962e-01
   1.9162389e-01
   1.8640312e-01
   1.6805337e-01
   1.6192314e-01
   1.9821988e-01
   1.8654933e-01
   1.9256940e-01
   1.7893539e-01
   1.7883399e-01
   1.8999207e-01
   1.7199654e-01
   1.9131454e-01
   1.8291568e-01
   1.6352468e-01
   1.6101522e-01
   1.8224046e-01
   1.7043636e-01
   1.5613356e-01
   1.7007370e-01
   1.8552566e-01
   1.6249327e-01
   1.6039258e-01
   1.6172344e-01
   1.6958681e-01
   1.9932023e-01
   1.9786488e-01
   1.5835945e-01
   1.9645516e-01
   1.6293399e-01
   1.5949062e-01
   1.9020609e-01
   1.8229208e-01
   1.9277324e-01
   1.5948794e-01
   1.6697442e-01
   1.9523867e-01
   1.8067858e-01
   1.8876072e-01
   1.7512164e-01
   1.8298669e-01
   1.5552853e-01
   1.5539026e-01
   1.5773764e-01
   1.9415584e-01
   1.8404304e-01
   1.7256388e-01
   1.8080279e-01
   1.6546614e-01
   1.6291455e-01
   1.5706490e-01
   1.6093181e-01
   1.5554751e-01
   1.7477446e-01
   1.8969874e-01
   1.6402909e-01
   1.8684366e-01
   1.5859232e-01
   2.0235064e-01
   1.8514091e-01
   1.8288347e-01
   2.0709184e-01
   1.6799646e-01
   1.5553918e-01
   1.5791502e-01
   1.9878523e-01
   1.7052822e-01
   1.9046237e-01
   1.9176679e-01
   2.0801649e-01
   1.6731555e-01
   1.8381442e-01
   1.5562834e-01
   1.6672025e-01
   1.7990906e-01
   1.7449624e-01
   1.5555623e-01
   1.6729939e-01
   1.6443802e-01
   1.6979885e-01
   1.5529794e-01
   1.9248986e-01
   1.5522674e-01
   1.8771791e-01
   1.9186392e-01
   1.9775549e-01
   1.6316795e-01
   2.0771950e-01
   1.5587057e-01
   1.7396495e-01
   1.7144981e-01
   1.5633181e-01
   1.9122856e-01
   1.7046876e-01
   2.0310530e-01
   1.6871158e-01
   1.6902664e-01
   1.6158230e-01
   1.6017875e-01
   1.5527275e-01
   1.7959832e-01
   1.8482027e-01
   1.5523486e-01
   1.6410557e-01
   1.8995174e-01
   1.7911336e-01
   1.9873424e-01
   1.8535741e-01
   1.6977120e-01
   1.9004474e-01
   1.6901396e-01
   1.5697460e-01
   1.5536884e-01
   1.8555549e-01
   1.7882977e-01
   1.6479599e-01
   1.6291170e-01
   1.7978886e-01
   1.7701465e-01
   1.6814771e-01
   1.5554706e-01
   1.6124921e-01
   1.5547492e-01
   1.8896875e-01
   1.7956737e-01
   1.5560176e-01
   1.6050783e-01
   1.6541926e-01
   1.6012311e-01
   1.9631325e-01
   1.6734595e-01
   1.9970262e-01
   1.7138924e-01
   1.5513639e-01
   1.9446336e-01
   1.5554136e-01
   1.8109536e-01
   1.8259275e-01
   1.8266167e-01
   1.6370215e-01
   1.7640109e-01
   1.9886025e-01
   1.5559368e-01
   1.5737053e-01
   1.9327497e-01
   1.6566509e-01
   1.5556056e-01
   1.8986554e-01
   1.7882738e-01
   1.9973434e-01
   1.9345064e-01
   1.5547195e-01
   1.9891131e-01
   1.5521041e-01
   1.7628681e-01
   1.9886247e-01
   1.6594745e-01
   1.7966233e-01
   1.5515108e-01
   1.6107493e-01
   1.5549813e-01
   1.6151358e-01
   1.5544096e-01
   1.9890446e-01
   1.7591508e-01
   1.8339737e-01
   1.6932032e-01
   1.5904874e-01
   1.7488055e-01
   1.6100004e-01
   1.6051155e-01
   1.9879024e-01
   1.9038607e-01
   1.6432178e-01
   1.8052513e-01
   1.7273447e-01
   1.6364850e-01
   1.9986851e-01
   1.9036916e-01
   2.0180699e-01
   1.7693170e-01
   1.6943560e-01
   2.0896408e-01
   1.9484545e-01
   1.5701579e-01
   1.8419166e-01
   1.6647153e-01
   1.8386354e-01
   1.6982477e-01
   1.8226906e-01
   1.7077885e-01
   1.6433504e-01
   1.9443885e-01
   1.5557357e-01
   1.6349465e-01
   2.0204753e-01
   1.5579270e-01
   1.8611693e-01
   1.6801921e-01
   1.6180581e-01
   1.9308791e-01
   1.7627752e-01
   1.9312789e-01
   1.9981322e-01
   1.6819753e-01
   1.6665058e-01
   1.9329568e-01
   1.8091936e-01
   1.5555763e-01
   1.7062477e-01
   1.5550181e-01
   1.9952786e-01
   1.6550111e-01
   1.5567375e-01
   1.8467993e-01
   1.6952394e-01
   1.8054580e-01
   1.9897746e-01
   1.5518630e-01
   1.7133929e-01
   1.5554534e-01
   1.9682506e-01
   1.5859245e-01
   1.6294719e-01
   1.6995395e-01
   1.7872824e-01
   1.7041391e-01
   1.6839992e-01
   1.5552987e-01
   1.7924310e-01
   1.6310485e-01
   1.7863271e-01
   1.5693711e-01
   1.6217747e-01
   1.6804839e-01
   1.9715824e-01
   1.8109294e-01
   1.9890594e-01
   1.7921076e-01
   1.8796792e-01
   1.6449963e-01
   1.6511402e-01
   1.9821522e-01
   1.8145679e-01
   1.9256074e-01
   1.8973776e-01
   1.5766798e-01
   1.5834908e-01
   1.7531081e-01
   1.6015792e-01
   1.5555671e-01
   1.6393136e-01
   1.5963011e-01
   1.9389712e-01
   1.9968203e-01
   1.9958956e-01
   1.8132633e-01
   1.8658540e-01
   1.5578089e-01
   1.5553156e-01
   1.6427939e-01
   1.7974754e-01
   1.6158385e-01
   1.8658054e-01
   1.5923561e-01
   1.9071248e-01
   1.5553652e-01
   1.6000746e-01
   1.5552699e-01
   1.6382390e-01
   1.9474025e-01
   1.5686930e-01
   1.5924538e-01
   1.8019980e-01
   1.5536277e-01
   1.9678894e-01
   1.8089033e-01
   1.7407635e-01
   1.9476613e-01
