   6.2369099e-02
   6.0102194e-02
   5.9339211e-02
   6.1629249e-02
   5.9984572e-02
   6.2618077e-02
   6.2754676e-02
   6.0587655e-02
   6.1509516e-02
   6.2206695e-02
   6.1070175e-02
   6.2003626e-02
   6.1225752e-02
   6.0077008e-02
   6.0812793e-02
   5.9918599e-02
   6.2710384e-02
   5.9965542e-02
   5.9783255e-02
   6.0912422e-02
   5.9718680e-02
   6.2229519e-02
   5.9886619e-02
   6.1386058e-02
   6.2206787e-02
   5.9204514e-02
   6.1243813e-02
   5.9448814e-02
   6.3217084e-02
   6.1661204e-02
   6.0007104e-02
   6.2232402e-02
   6.0085253e-02
   6.2253006e-02
   6.0167824e-02
   6.2329560e-02
   6.1195460e-02
   5.9328231e-02
   6.0195095e-02
   6.1478562e-02
   6.1336881e-02
   5.9476033e-02
   6.0738648e-02
   6.0985465e-02
   6.2028547e-02
   6.2518964e-02
   6.2255614e-02
   6.0083232e-02
   6.3112082e-02
   6.0879397e-02
   6.0607129e-02
   6.1403431e-02
   6.0487754e-02
   6.2579767e-02
   6.2452738e-02
   5.9780572e-02
   6.1048570e-02
   6.0025489e-02
   6.1010399e-02
   6.0038395e-02
   6.2588587e-02
   6.0449850e-02
   6.1549042e-02
   6.1602331e-02
   6.2192879e-02
   6.0802960e-02
   5.9924582e-02
   6.1572897e-02
   6.3201477e-02
   6.0850735e-02
   6.0621812e-02
   5.9565448e-02
   6.0210219e-02
   6.2421539e-02
   6.1715503e-02
   6.1844384e-02
   6.0078818e-02
   6.0112698e-02
   6.3340380e-02
   5.9386842e-02
   6.1646922e-02
   6.1538805e-02
   6.0117077e-02
   6.2681758e-02
   6.1223505e-02
   6.3323124e-02
   6.2178978e-02
   6.2957522e-02
   6.0899021e-02
   6.0973668e-02
   5.9687264e-02
   6.1224737e-02
   6.0171031e-02
   5.9467443e-02
   6.0936677e-02
   5.9576808e-02
   6.1948170e-02
   6.0836023e-02
   6.0210453e-02
   6.2512222e-02
   6.3158740e-02
   6.1775218e-02
   6.0653069e-02
   6.0259646e-02
   6.1686587e-02
   6.3086914e-02
   6.0348156e-02
   6.0825102e-02
   5.9872621e-02
   6.0394869e-02
   6.1013407e-02
   6.1923985e-02
   6.0127534e-02
   6.2394004e-02
   6.3412060e-02
   6.0456094e-02
   6.0042768e-02
   6.3171316e-02
   6.0881198e-02
   6.1010415e-02
   6.0863663e-02
   6.2631587e-02
   6.3104173e-02
   6.1456691e-02
   5.9829788e-02
   6.0928718e-02
   5.9757598e-02
   6.3051670e-02
   6.0645084e-02
   6.0726389e-02
   5.9736460e-02
   6.2526042e-02
   6.0541202e-02
   6.2990263e-02
   6.0984638e-02
   6.0764418e-02
   6.0845254e-02
   6.2392710e-02
   6.1082364e-02
   6.0909702e-02
   6.3152496e-02
   6.3187305e-02
   6.0853781e-02
   6.1003042e-02
   6.0215434e-02
   6.0368379e-02
   6.2229955e-02
   6.2257203e-02
   6.2215039e-02
   6.0754429e-02
   5.9446286e-02
   6.0240642e-02
   6.2155397e-02
   6.1909389e-02
   6.2329389e-02
   6.2166771e-02
   6.1109474e-02
   5.9495586e-02
   6.2155438e-02
   6.2447349e-02
   5.9527492e-02
   6.1306229e-02
   6.1874256e-02
   5.9875981e-02
   6.0748712e-02
   5.9220454e-02
   6.0870972e-02
   6.0753385e-02
   6.0850663e-02
   6.2164376e-02
   6.0535887e-02
   5.9587943e-02
   6.1154401e-02
   6.1006264e-02
   5.9914135e-02
   6.0630700e-02
   6.0384453e-02
   6.0406636e-02
   6.0901069e-02
   5.9891972e-02
   6.2394009e-02
   6.1486979e-02
   6.3226622e-02
   6.1399838e-02
   5.9450548e-02
   6.0611571e-02
   5.9666640e-02
   6.0528350e-02
   6.1668528e-02
   6.1140381e-02
   6.3162530e-02
   6.0421281e-02
   5.9849615e-02
   5.9948078e-02
   6.1455946e-02
   6.1961302e-02
   6.0470146e-02
   6.0409136e-02
   5.9703578e-02
   5.9968749e-02
   6.1648105e-02
   5.9319418e-02
   5.9696068e-02
   6.2085638e-02
   6.1986112e-02
   6.1169987e-02
   6.2462601e-02
   6.0249754e-02
   6.1652574e-02
   6.2578184e-02
   5.9428544e-02
   6.2663509e-02
   6.2162159e-02
   6.2776046e-02
   5.9662478e-02
   6.2544680e-02
   5.9514360e-02
   6.1078482e-02
   6.0078467e-02
   6.0733762e-02
   6.0903301e-02
   5.9382159e-02
   6.1671894e-02
   6.2022928e-02
   6.0137390e-02
   5.9946199e-02
   6.1117721e-02
   6.1645244e-02
   6.0055401e-02
   6.0714882e-02
   6.0219705e-02
   6.0362161e-02
   6.0881928e-02
   5.9512053e-02
   6.1902584e-02
   6.2908210e-02
   6.3066231e-02
   6.3330754e-02
   6.0028850e-02
   5.9957447e-02
   6.1683196e-02
   6.2540717e-02
   5.9870512e-02
   5.9708365e-02
   6.0710083e-02
   6.2281289e-02
   6.2919968e-02
   6.2074196e-02
   6.1311205e-02
   5.9482292e-02
   6.2953021e-02
   6.0870375e-02
   6.1061238e-02
   6.2553748e-02
   6.3378037e-02
   5.9442598e-02
   6.0101840e-02
   5.9706765e-02
   6.0683908e-02
   6.1266376e-02
   6.1871874e-02
   6.0284408e-02
   6.0766598e-02
   6.1117815e-02
   6.0608375e-02
   6.0152947e-02
   5.9876152e-02
   6.0902286e-02
   6.0364425e-02
   6.2101512e-02
   6.2036608e-02
   6.1854536e-02
   6.0807007e-02
   6.1475760e-02
   6.2337019e-02
   6.1043166e-02
   6.0687076e-02
   6.2021851e-02
   5.9610625e-02
   6.0240480e-02
   6.1514243e-02
   5.9320088e-02
   6.1583618e-02
   6.2581099e-02
   6.1652894e-02
   6.2455807e-02
   6.2349117e-02
   5.9313010e-02
   6.1719553e-02
   6.1846525e-02
   5.9312039e-02
   6.2803150e-02
   5.9793899e-02
   6.0163628e-02
   6.2232715e-02
   6.0382408e-02
   6.2460037e-02
   6.1594637e-02
   6.0599581e-02
   5.9925768e-02
