   4.4817264e-02
   4.8486504e-02
   4.5722848e-02
   4.5634147e-02
   4.7300768e-02
   4.4417354e-02
   4.7789171e-02
   4.5293004e-02
   4.6721759e-02
   4.4063314e-02
   4.6705063e-02
   4.7374877e-02
   4.5974385e-02
   4.4316531e-02
   4.4242298e-02
   4.6686583e-02
   4.5146393e-02
   4.7795559e-02
   4.4234576e-02
   4.7280414e-02
   4.6930323e-02
   4.6981715e-02
   4.4423264e-02
   4.5241075e-02
   4.7244066e-02
   4.4331384e-02
   4.7912032e-02
   4.6441039e-02
   4.7939931e-02
   4.8758443e-02
   4.6668890e-02
   4.4911871e-02
   4.3995471e-02
   4.8598027e-02
   4.6936900e-02
   4.4403655e-02
   4.6724884e-02
   4.4555248e-02
   4.8449612e-02
   4.4658532e-02
   4.4404027e-02
   4.8860459e-02
   4.8641288e-02
   4.7872555e-02
   4.5936076e-02
   4.6158866e-02
   4.7581756e-02
   4.5874759e-02
   4.3972310e-02
   4.4245187e-02
   4.6046385e-02
   4.8652653e-02
   4.5023263e-02
   4.5276985e-02
   4.7066082e-02
   4.4390761e-02
   4.7269932e-02
   4.7641450e-02
   4.6851629e-02
   4.4584145e-02
   4.8951573e-02
   4.7948062e-02
   4.7540947e-02
   4.6218534e-02
   4.6348264e-02
   4.4651742e-02
   4.6322729e-02
   4.4651959e-02
   4.5204610e-02
   4.4600770e-02
   4.6151659e-02
   4.6226308e-02
   4.7695478e-02
   4.5378490e-02
   4.4106186e-02
   4.7523853e-02
   4.6879280e-02
   4.7632951e-02
   4.4368426e-02
   4.4152976e-02
   4.7736993e-02
   4.7438695e-02
   4.8878850e-02
   4.4053208e-02
   4.7263890e-02
   4.4432402e-02
   4.5108025e-02
   4.5502662e-02
   4.5904545e-02
   4.8242736e-02
   4.7299231e-02
   4.6815595e-02
   4.7770911e-02
   4.4173147e-02
   4.3980994e-02
   4.4189146e-02
   4.4232360e-02
   4.8101733e-02
   4.5065872e-02
   4.4334317e-02
   4.4399347e-02
   4.7280581e-02
   4.5785379e-02
   4.6702086e-02
   4.4220530e-02
   4.7001920e-02
   4.8138860e-02
   4.4794079e-02
   4.8156267e-02
   4.4423466e-02
   4.8147319e-02
   4.6914243e-02
   4.8705575e-02
   4.5794696e-02
   4.8331065e-02
   4.5239768e-02
   4.4145377e-02
   4.6719759e-02
   4.4528015e-02
   4.4044099e-02
   4.6542096e-02
   4.6268170e-02
   4.6732235e-02
   4.7588960e-02
   4.7454893e-02
   4.5849809e-02
   4.4933211e-02
   4.6806686e-02
   4.6322715e-02
   4.4097148e-02
   4.6866326e-02
   4.4898219e-02
   4.5511538e-02
   4.7538178e-02
   4.8555192e-02
   4.5665415e-02
   4.8753107e-02
   4.4290243e-02
   4.8330020e-02
   4.3971331e-02
   4.7604987e-02
   4.7960411e-02
   4.7382628e-02
   4.8207213e-02
   4.5419255e-02
   4.7929750e-02
   4.6646302e-02
   4.8971567e-02
   4.4926906e-02
   4.5034109e-02
   4.7914198e-02
   4.5269471e-02
   4.4575947e-02
   4.6087557e-02
   4.6576172e-02
   4.3989351e-02
   4.4290017e-02
   4.7080223e-02
   4.4136226e-02
   4.5231044e-02
   4.5039088e-02
   4.8324668e-02
   4.6969917e-02
   4.4290126e-02
   4.4816831e-02
   4.4600149e-02
   4.5229823e-02
   4.5414510e-02
   4.7765658e-02
   4.4317109e-02
   4.4380192e-02
   4.4559864e-02
   4.4115955e-02
   4.6517638e-02
   4.7786575e-02
   4.5171081e-02
   4.4016562e-02
   4.5868626e-02
   4.6901675e-02
   4.4395255e-02
   4.4747271e-02
   4.4545446e-02
   4.4861049e-02
   4.6717855e-02
   4.5071083e-02
   4.5610849e-02
   4.6607544e-02
   4.4657449e-02
   4.6442137e-02
   4.5215069e-02
   4.7046669e-02
   4.4455909e-02
   4.8180696e-02
   4.4165681e-02
   4.7500915e-02
   4.3985586e-02
   4.4201751e-02
   4.5433208e-02
   4.5768474e-02
   4.5963234e-02
   4.4495454e-02
   4.4146259e-02
   4.8398558e-02
   4.6612127e-02
   4.8557227e-02
   4.6401612e-02
   4.8679903e-02
   4.4423135e-02
   4.3952947e-02
   4.7881749e-02
   4.5188391e-02
   4.4523007e-02
   4.8978547e-02
   4.4579132e-02
   4.4900903e-02
   4.8540809e-02
   4.4009161e-02
   4.8065751e-02
   4.6796792e-02
   4.8586080e-02
   4.5625963e-02
   4.6608092e-02
   4.4794589e-02
   4.6607149e-02
   4.4551476e-02
   4.6889344e-02
   4.4404227e-02
   4.5258028e-02
   4.7356106e-02
   4.5344778e-02
   4.4178316e-02
   4.7112013e-02
   4.6599919e-02
   4.4107558e-02
   4.7459772e-02
   4.7491444e-02
   4.8315209e-02
   4.6476608e-02
   4.4374973e-02
   4.5299712e-02
   4.6522180e-02
   4.4606307e-02
   4.7241150e-02
   4.6881790e-02
   4.6318267e-02
   4.6739520e-02
   4.8539038e-02
   4.4044036e-02
   4.5461912e-02
   4.6074205e-02
   4.4821095e-02
   4.5356732e-02
   4.8155677e-02
   4.7842152e-02
   4.6536771e-02
   4.4073816e-02
   4.4897546e-02
   4.7258444e-02
   4.7382791e-02
   4.6885678e-02
   4.7777146e-02
   4.6767261e-02
   4.7240969e-02
   4.6900423e-02
   4.4021068e-02
   4.4707533e-02
   4.5248009e-02
   4.5409795e-02
   4.4044023e-02
   4.5660895e-02
   4.4507242e-02
   4.5880251e-02
   4.5129493e-02
   4.6726956e-02
   4.4448532e-02
   4.4306250e-02
   4.5088548e-02
   4.5163908e-02
   4.4079804e-02
   4.4834542e-02
   4.5273554e-02
   4.8679874e-02
   4.5924347e-02
   4.7111943e-02
   4.4511045e-02
   4.4699174e-02
   4.6558994e-02
   4.6744667e-02
   4.5918008e-02
   4.6750779e-02
   4.8074408e-02
   4.6796297e-02
   4.5610735e-02
   4.5086668e-02
   4.5038636e-02
   4.8057161e-02
   4.4402110e-02
   4.8196357e-02
   4.6290415e-02
   4.5303405e-02
