   2.2804002e-01
   2.1882087e-01
   2.2649327e-01
   2.2786218e-01
   2.2228442e-01
   2.2281765e-01
   2.1823923e-01
   2.2806168e-01
   2.2349631e-01
   2.2090871e-01
   2.2782746e-01
   2.2308726e-01
   2.2106630e-01
   2.1903940e-01
   2.2784873e-01
   2.1876802e-01
   2.2370800e-01
   2.2625753e-01
   2.2140017e-01
   2.2164026e-01
   2.1869983e-01
   2.2054107e-01
   2.2337786e-01
   2.2145874e-01
   2.2042223e-01
   2.2146357e-01
   2.1856058e-01
   2.2215777e-01
   2.1962561e-01
   2.2207767e-01
   2.2064187e-01
   2.2676864e-01
   2.1829564e-01
   2.1962738e-01
   2.1933662e-01
   2.2163550e-01
   2.2180025e-01
   2.2680043e-01
   2.1830014e-01
   2.2044982e-01
   2.2133311e-01
   2.2638003e-01
   2.1997393e-01
   2.2143438e-01
   2.2106357e-01
   2.2786982e-01
   2.2804585e-01
   2.2787485e-01
   2.2730427e-01
   2.2317792e-01
   2.2637291e-01
   2.1915419e-01
   2.2304121e-01
   2.1919505e-01
   2.2592232e-01
   2.1948762e-01
   2.2158344e-01
   2.2783775e-01
   2.2166215e-01
   2.2745335e-01
   2.2720104e-01
   2.2708114e-01
   2.2800432e-01
   2.1840528e-01
   2.2109155e-01
   2.2021897e-01
   2.2150680e-01
   2.2167845e-01
   2.2113114e-01
   2.1830339e-01
   2.1852048e-01
   2.2656889e-01
   2.2784046e-01
   2.2188802e-01
   2.2330824e-01
   2.2796588e-01
   2.1964094e-01
   2.2200195e-01
   2.2152412e-01
   2.2733746e-01
   2.2198662e-01
   2.2322893e-01
   2.2790829e-01
   2.2172671e-01
   2.2306477e-01
   2.2212755e-01
   2.1826088e-01
   2.2122753e-01
   2.1901163e-01
   2.2357514e-01
   2.2235352e-01
   2.1874563e-01
   2.2345194e-01
   2.2281938e-01
   2.2124327e-01
   2.1881701e-01
   2.2127970e-01
   2.1824955e-01
   2.2002572e-01
   2.1943723e-01
   2.2141151e-01
   2.1849438e-01
   2.2306349e-01
   2.1837139e-01
   2.2244697e-01
   2.2715549e-01
   2.1976421e-01
   2.2302923e-01
   2.2306345e-01
   2.1853332e-01
   2.2161754e-01
   2.2110964e-01
   2.2690584e-01
   2.1857296e-01
   2.2349332e-01
   2.2810682e-01
   2.2127047e-01
   2.2162664e-01
   2.2094955e-01
   2.1831512e-01
   2.2638150e-01
   2.2529750e-01
   2.2027198e-01
   2.2012948e-01
   2.2784803e-01
   2.2065985e-01
   2.1981904e-01
   2.2490054e-01
   2.1950957e-01
   2.1889827e-01
   2.2615791e-01
   2.1856594e-01
   2.2032543e-01
   2.2105685e-01
   2.2779445e-01
   2.1849318e-01
   2.2267997e-01
   2.1913257e-01
   2.1853337e-01
   2.2376541e-01
   2.1923020e-01
   2.2130217e-01
   2.2146932e-01
   2.2544981e-01
   2.1855226e-01
   2.1847052e-01
   2.1965616e-01
   2.2327747e-01
   2.2220460e-01
   2.2212195e-01
   2.1825114e-01
   2.2122772e-01
   2.2128996e-01
   2.2306169e-01
   2.2144236e-01
   2.2778817e-01
   2.1900644e-01
   2.2351058e-01
   2.2583566e-01
   2.2374594e-01
   2.1830906e-01
   2.2226882e-01
   2.2786276e-01
   2.2210956e-01
   2.2306658e-01
   2.1855810e-01
   2.2101628e-01
   2.1830944e-01
   2.2754674e-01
   2.2646929e-01
   2.1853744e-01
   2.2310012e-01
   2.2110194e-01
   2.1866488e-01
   2.1827922e-01
   2.2013851e-01
   2.1865284e-01
   2.2658652e-01
   2.1926868e-01
   2.2071039e-01
   2.2297377e-01
   2.2779654e-01
   2.1840426e-01
   2.2786725e-01
   2.2072701e-01
   2.2267911e-01
   2.2730308e-01
   2.2220663e-01
   2.2082642e-01
   2.2116290e-01
   2.2173799e-01
   2.2283732e-01
   2.1853384e-01
   2.1824460e-01
   2.1829251e-01
   2.2285560e-01
   2.1882914e-01
   2.2782956e-01
   2.2255224e-01
   2.2782037e-01
   2.2718976e-01
   2.2785083e-01
   2.2374101e-01
   2.2010524e-01
   2.1825334e-01
   2.2310004e-01
   2.2137917e-01
   2.1907834e-01
   2.1870925e-01
   2.2647875e-01
   2.2797996e-01
   2.2337341e-01
   2.1850503e-01
   2.2175489e-01
   2.2067050e-01
   2.2162084e-01
   2.2208151e-01
   2.2112919e-01
   2.2243627e-01
   2.1994717e-01
   2.1836126e-01
   2.2790750e-01
   2.2105423e-01
   2.2788290e-01
   2.2153672e-01
   2.2068596e-01
   2.2783726e-01
   2.2000931e-01
   2.2374604e-01
   2.2320604e-01
   2.2777274e-01
   2.2329000e-01
   2.2303539e-01
   2.2003332e-01
   2.2173421e-01
   2.2240833e-01
   2.1849249e-01
   2.1877850e-01
   2.1828929e-01
   2.2367353e-01
   2.2000012e-01
   2.2256708e-01
   2.2785086e-01
   2.2367782e-01
   2.2298543e-01
   2.2780547e-01
   2.2163690e-01
   2.1837883e-01
   2.1903157e-01
   2.2146418e-01
   2.2115508e-01
   2.2143570e-01
   2.2646820e-01
   2.2665800e-01
   2.1971243e-01
   2.2235859e-01
   2.2319341e-01
   2.2785114e-01
   2.2433828e-01
   2.2702001e-01
   2.2644987e-01
   2.2216678e-01
   2.1937196e-01
   2.2374101e-01
   2.2783422e-01
   2.2133007e-01
   2.1851017e-01
   2.1886733e-01
   2.1977854e-01
   2.2506611e-01
   2.1947083e-01
   2.2145263e-01
   2.2806534e-01
   2.2678387e-01
   2.2101762e-01
   2.1991289e-01
   2.2655787e-01
   2.2074604e-01
   2.2106482e-01
   2.2670790e-01
   2.1938168e-01
   2.2780310e-01
   2.2212463e-01
   2.2355333e-01
   2.1887743e-01
   2.2057175e-01
   2.2752636e-01
   2.2138560e-01
   2.2056327e-01
   2.2325359e-01
   2.2013473e-01
   2.2751505e-01
   2.2110017e-01
   2.2729318e-01
   2.1889775e-01
   2.2355444e-01
   2.2760283e-01
   2.1914185e-01
   2.2791149e-01
   2.2196141e-01
