   4.8413161e-02
   4.9185645e-02
   4.5881527e-02
   4.9912001e-02
   5.0330489e-02
   4.7190561e-02
   4.8280814e-02
   5.3418086e-02
   5.3863421e-02
   5.0263847e-02
   4.8788432e-02
   4.6892255e-02
   4.6780207e-02
   4.8042490e-02
   4.7373888e-02
   4.8334151e-02
   5.2930695e-02
   5.2754303e-02
   5.0411106e-02
   5.0324379e-02
   5.2149641e-02
   5.4347370e-02
   4.7662170e-02
   4.9221495e-02
   4.6166632e-02
   4.9964173e-02
   4.7815372e-02
   5.3416130e-02
   4.7222021e-02
   4.7007607e-02
   5.1706088e-02
   4.8256707e-02
   4.8366256e-02
   5.0510264e-02
   4.7301955e-02
   4.8958870e-02
   5.1159726e-02
   5.2239649e-02
   5.2689390e-02
   4.8755020e-02
   4.6739378e-02
   5.2380797e-02
   5.0154131e-02
   4.8865274e-02
   4.6599927e-02
   4.8958998e-02
   4.7252654e-02
   4.6813140e-02
   5.1488184e-02
   4.7676966e-02
   5.1669717e-02
   4.6246093e-02
   4.7539608e-02
   4.6362236e-02
   5.1120210e-02
   4.4611464e-02
   4.6489031e-02
   4.6755371e-02
   4.6751838e-02
   4.8933161e-02
   4.9462700e-02
   5.1247492e-02
   4.9435195e-02
   4.8000627e-02
   4.7792070e-02
   4.9544862e-02
   4.7659521e-02
   4.5769528e-02
   4.8957861e-02
   4.7590303e-02
   5.0904932e-02
   5.4231530e-02
   4.7184254e-02
   5.1113756e-02
   4.6535313e-02
   5.0682863e-02
   4.8990923e-02
   4.8261314e-02
   4.8877083e-02
   4.9608066e-02
   4.9177077e-02
   5.0980972e-02
   4.9946039e-02
   4.8886483e-02
   5.0070525e-02
   4.8891143e-02
   5.3564242e-02
   4.8009029e-02
   5.1416977e-02
   4.7003743e-02
   4.6842207e-02
   4.8532729e-02
   4.8332412e-02
   4.7260467e-02
   4.7921862e-02
   4.4632526e-02
   4.4871799e-02
   4.8297448e-02
   5.1101875e-02
   4.7839304e-02
   5.1289839e-02
   4.9619276e-02
   4.5734374e-02
   4.7618595e-02
   4.4767536e-02
   5.0394880e-02
   5.0310960e-02
   4.8361720e-02
   4.7342628e-02
   4.6765281e-02
   4.9838692e-02
   4.6620975e-02
   5.1371232e-02
   5.0524650e-02
   4.8332333e-02
   4.7639826e-02
   4.9465795e-02
   5.2494638e-02
   4.9629461e-02
   4.9279434e-02
   5.0500825e-02
   4.7479617e-02
   4.8107924e-02
   4.8453182e-02
   5.0631429e-02
   5.1073267e-02
   4.7269167e-02
   5.2104448e-02
   5.3284429e-02
   4.9150537e-02
   5.2470918e-02
   5.0557236e-02
   4.6436088e-02
   5.1937829e-02
   4.5751365e-02
   4.4455137e-02
   4.7536954e-02
   5.2022558e-02
   4.9963771e-02
   4.7584451e-02
   4.9053091e-02
   4.9002208e-02
   4.7267105e-02
   4.6681798e-02
   4.7587048e-02
   5.3145787e-02
   4.7296565e-02
   4.9818371e-02
   5.0259208e-02
   4.7948333e-02
   5.1237318e-02
   4.8971496e-02
   4.6172273e-02
   4.5783916e-02
   5.2885367e-02
   4.6668096e-02
   4.7455818e-02
   5.0910798e-02
   4.6614426e-02
   4.7908584e-02
   4.7243920e-02
   5.0323906e-02
   4.9486013e-02
   5.3260823e-02
   5.0432227e-02
   5.0133283e-02
   4.8152683e-02
   5.1109618e-02
   5.1704272e-02
   4.8979535e-02
   5.0757807e-02
   5.0313386e-02
   4.9154092e-02
   5.2002207e-02
   5.3644827e-02
   4.9811667e-02
   4.9086986e-02
   4.8646634e-02
   5.0274087e-02
   4.7185392e-02
   5.2341279e-02
   5.1877808e-02
   5.1472217e-02
   4.6341719e-02
   5.0674473e-02
   5.3359807e-02
   4.8899559e-02
   5.1867611e-02
   4.6733916e-02
   5.1615693e-02
   5.2393609e-02
   5.1451269e-02
   4.8427459e-02
   4.7701005e-02
   5.2359314e-02
   4.6676972e-02
   5.2495687e-02
   4.7809452e-02
   5.3116626e-02
   4.6971435e-02
   4.8983172e-02
   5.1212762e-02
   4.7071848e-02
   4.9382892e-02
   5.2697704e-02
   4.8176443e-02
   4.7133759e-02
   4.6414166e-02
   5.2174254e-02
   4.7236732e-02
   4.7030498e-02
   4.6086566e-02
   5.0448058e-02
   4.8328534e-02
   4.6023367e-02
   4.9859834e-02
   4.7619042e-02
   5.0360510e-02
   4.5901361e-02
   5.2415433e-02
   4.8340150e-02
   5.2330006e-02
   5.2543501e-02
   4.8282892e-02
   4.7732099e-02
   5.0345586e-02
   4.9012113e-02
   4.9465026e-02
   5.0545298e-02
   5.1299143e-02
   5.2384523e-02
   4.9706604e-02
   5.2071830e-02
   5.3527925e-02
   5.1054205e-02
   5.1363607e-02
   4.9547080e-02
   5.3232049e-02
   4.7338540e-02
   5.2159160e-02
   4.6163860e-02
   4.8320809e-02
   4.9593724e-02
   4.9267398e-02
   5.2539932e-02
   5.1018724e-02
   5.3905066e-02
   4.7162565e-02
   5.0770163e-02
   5.0809830e-02
   4.8834332e-02
   4.8753850e-02
   4.8555648e-02
   5.2218536e-02
   4.9506562e-02
   4.7183798e-02
   5.2448128e-02
   5.1391624e-02
   4.9103617e-02
   4.6099459e-02
   4.9886706e-02
   5.1451657e-02
   4.7760305e-02
   4.7045153e-02
   4.7675104e-02
   4.6243148e-02
   5.1634557e-02
   5.3298446e-02
   5.3399042e-02
   5.3698385e-02
   4.9905371e-02
   5.3771949e-02
   5.0118902e-02
   4.6811876e-02
   4.7558488e-02
   5.1189735e-02
   4.8139956e-02
   5.2555037e-02
   4.5585241e-02
   5.1470692e-02
   4.5485788e-02
   5.0005577e-02
   4.9224158e-02
   5.1367161e-02
   5.0431341e-02
   4.8245681e-02
   4.7006774e-02
   4.6116497e-02
   4.9989201e-02
   4.7654070e-02
   4.8822464e-02
   4.8684391e-02
   4.9598952e-02
   4.8513703e-02
   4.7864391e-02
   4.7183397e-02
   4.8126420e-02
   5.2093977e-02
   5.0915833e-02
   5.1078261e-02
