   2.8945334e-01
   2.9346761e-01
   2.8552252e-01
   2.8183585e-01
   2.9401689e-01
   2.7869708e-01
   2.8103615e-01
   2.8499101e-01
   2.8198627e-01
   2.9381558e-01
   2.9347048e-01
   2.9388379e-01
   2.7966557e-01
   2.8076594e-01
   2.8282596e-01
   2.8464045e-01
   2.8406235e-01
   2.9301189e-01
   2.8438835e-01
   2.8446066e-01
   2.8551411e-01
   2.8184283e-01
   2.8028942e-01
   2.8087390e-01
   2.8244831e-01
   2.8024445e-01
   2.8020306e-01
   2.8304857e-01
   2.9072163e-01
   2.9371865e-01
   2.9039002e-01
   2.8388416e-01
   2.9275100e-01
   2.9405178e-01
   2.7943153e-01
   2.8133815e-01
   2.8503185e-01
   2.8066025e-01
   2.9371698e-01
   2.8198859e-01
   2.8567487e-01
   2.8553498e-01
   2.8825994e-01
   2.9371270e-01
   2.9371879e-01
   2.8521914e-01
   2.8403010e-01
   2.9399484e-01
   2.8437860e-01
   2.8551653e-01
   2.8563417e-01
   2.8513334e-01
   2.7846156e-01
   2.8443095e-01
   2.8535415e-01
   2.8370625e-01
   2.8344885e-01
   2.8481798e-01
   2.8544613e-01
   2.9359952e-01
   2.8401416e-01
   2.8174793e-01
   2.7841626e-01
   2.8418950e-01
   2.8437584e-01
   2.8548103e-01
   2.8573447e-01
   2.7961622e-01
   2.8513360e-01
   2.8829043e-01
   2.9198837e-01
   2.8385093e-01
   2.8008788e-01
   2.8399056e-01
   2.8208350e-01
   2.9391109e-01
   2.9290164e-01
   2.8039052e-01
   2.8225269e-01
   2.8427583e-01
   2.9371602e-01
   2.8059371e-01
   2.8228323e-01
   2.8563118e-01
   2.7870506e-01
   2.7902260e-01
   2.8562538e-01
   2.9373575e-01
   2.9056690e-01
   2.8088969e-01
   2.8167518e-01
   2.8518993e-01
   2.9368926e-01
   2.9407206e-01
   2.8681211e-01
   2.8939625e-01
   2.8492702e-01
   2.8516747e-01
   2.8309215e-01
   2.8424207e-01
   2.8234537e-01
   2.9256665e-01
   2.8409971e-01
   2.8186744e-01
   2.8438944e-01
   2.8693603e-01
   2.9409921e-01
   2.8617234e-01
   2.8668925e-01
   2.8067906e-01
   2.8834456e-01
   2.8028464e-01
   2.8225484e-01
   2.8298829e-01
   2.8144612e-01
   2.8489076e-01
   2.9167174e-01
   2.8082153e-01
   2.8443340e-01
   2.8112605e-01
   2.9239440e-01
   2.8236762e-01
   2.8556455e-01
   2.8528066e-01
   2.7968550e-01
   2.8006075e-01
   2.9373346e-01
   2.8242592e-01
   2.9256668e-01
   2.8086826e-01
   2.9384756e-01
   2.8556272e-01
   2.9407468e-01
   2.8447713e-01
   2.8426280e-01
   2.8353046e-01
   2.7841357e-01
   2.8499263e-01
   2.8674854e-01
   2.8604160e-01
   2.8501944e-01
   2.7894355e-01
   2.8516469e-01
   2.8473284e-01
   2.8673433e-01
   2.9397212e-01
   2.7940397e-01
   2.9382203e-01
   2.8906334e-01
   2.8470073e-01
   2.8253667e-01
   2.7894078e-01
   2.9408173e-01
   2.8009424e-01
   2.7855602e-01
   2.8237647e-01
   2.9396662e-01
   2.8511615e-01
   2.8448628e-01
   2.8485191e-01
   2.8357290e-01
   2.8356644e-01
   2.8194969e-01
   2.8483792e-01
   2.8472194e-01
   2.8308799e-01
   2.8972592e-01
   2.8532289e-01
   2.8522198e-01
   2.8857860e-01
   2.7846550e-01
   2.9380744e-01
   2.8336337e-01
   2.8560727e-01
   2.8284505e-01
   2.8340913e-01
   2.8503082e-01
   2.8675475e-01
   2.8086822e-01
   2.8430600e-01
   2.9359015e-01
   2.8423278e-01
   2.8138616e-01
   2.8519185e-01
   2.7857721e-01
   2.8559380e-01
   2.8027718e-01
   2.8226595e-01
   2.8883444e-01
   2.8543889e-01
   2.8378981e-01
   2.9129553e-01
   2.8495145e-01
   2.8382972e-01
   2.7871493e-01
   2.8210070e-01
   2.8247372e-01
   2.8496422e-01
   2.8508678e-01
   2.8959440e-01
   2.8307177e-01
   2.9374782e-01
   2.8815719e-01
   2.8895702e-01
   2.8623629e-01
   2.8411022e-01
   2.8348364e-01
   2.8506462e-01
   2.7946752e-01
   2.8574813e-01
   2.9039443e-01
   2.7851723e-01
   2.8309402e-01
   2.8321277e-01
   2.8467676e-01
   2.7909810e-01
   2.8009753e-01
   2.8544011e-01
   2.7989208e-01
   2.8428761e-01
   2.8657640e-01
   2.9333577e-01
   2.8389877e-01
   2.8403176e-01
   2.8256760e-01
   2.8258875e-01
   2.8513450e-01
   2.8028492e-01
   2.8278204e-01
   2.9298802e-01
   2.8333937e-01
   2.9367716e-01
   2.8082268e-01
   2.8308673e-01
   2.8643240e-01
   2.8439257e-01
   2.9361360e-01
   2.8538171e-01
   2.8860409e-01
   2.8394995e-01
   2.7867002e-01
   2.7942480e-01
   2.8789896e-01
   2.8570133e-01
   2.8193260e-01
   2.7991987e-01
   2.8928774e-01
   2.8526212e-01
   2.8913637e-01
   2.9127921e-01
   2.8374156e-01
   2.8119228e-01
   2.8140120e-01
   2.8167445e-01
   2.9407577e-01
   2.8124704e-01
   2.9406507e-01
   2.7843782e-01
   2.8466000e-01
   2.8989747e-01
   2.8378683e-01
   2.8037202e-01
   2.8964070e-01
   2.8503865e-01
   2.8398306e-01
   2.9364969e-01
   2.7873231e-01
   2.8511268e-01
   2.8534792e-01
   2.8339996e-01
   2.8234839e-01
   2.8279747e-01
   2.7846510e-01
   2.8557599e-01
   2.8267182e-01
   2.8352943e-01
   2.7862459e-01
   2.8218535e-01
   2.8559890e-01
   2.8502092e-01
   2.8437794e-01
   2.8193225e-01
   2.8058434e-01
   2.8917732e-01
   2.8627263e-01
   2.8719224e-01
   2.8759199e-01
   2.8364886e-01
   2.7849545e-01
   2.8237534e-01
   2.8515196e-01
   2.8401429e-01
   2.8915328e-01
   2.8485318e-01
   2.8106025e-01
   2.8513949e-01
   2.8392682e-01
   2.8566087e-01
   2.7990385e-01
   2.7921658e-01
