   6.0005401e-02
   5.3741000e-02
   6.1368466e-02
   5.3476236e-02
   5.7347088e-02
   5.8662457e-02
   5.1368066e-02
   5.8570771e-02
   4.5797383e-02
   6.1068012e-02
   5.1196359e-02
   5.8330884e-02
   5.7869571e-02
   5.3596976e-02
   5.7076963e-02
   5.1005848e-02
   6.1002506e-02
   4.7339176e-02
   5.6117878e-02
   5.5250647e-02
   5.5516502e-02
   4.8086715e-02
   6.2537377e-02
   5.5578807e-02
   5.2943819e-02
   5.1777389e-02
   5.4283834e-02
   5.8292802e-02
   5.0860272e-02
   5.1452068e-02
   4.9653069e-02
   5.5411025e-02
   5.6091268e-02
   5.5017337e-02
   5.0552452e-02
   5.8326202e-02
   4.8321002e-02
   5.6021208e-02
   5.2401570e-02
   6.0987106e-02
   5.0098436e-02
   5.3801188e-02
   6.1622297e-02
   5.3698607e-02
   5.5691700e-02
   5.2812125e-02
   5.3628033e-02
   5.1436259e-02
   5.2159018e-02
   5.0425713e-02
   5.7638831e-02
   5.7103844e-02
   5.5519534e-02
   5.3721201e-02
   5.2447406e-02
   4.7490688e-02
   5.6192736e-02
   5.1136868e-02
   5.1356300e-02
   6.1378303e-02
   5.1350897e-02
   5.1668934e-02
   5.3421054e-02
   6.0891418e-02
   5.7481605e-02
   5.1539779e-02
   4.7844761e-02
   5.2495926e-02
   5.4175018e-02
   5.6059619e-02
   5.5450068e-02
   6.2968066e-02
   5.5080209e-02
   5.6457828e-02
   5.5000122e-02
   5.9159818e-02
   5.1547296e-02
   5.6355227e-02
   6.1419556e-02
   5.4233800e-02
   5.7726157e-02
   4.9592527e-02
   4.9863267e-02
   5.3900813e-02
   5.5845406e-02
   5.8941411e-02
   5.1969011e-02
   4.9020369e-02
   5.5290714e-02
   5.0269168e-02
   5.6133096e-02
   5.0927026e-02
   5.4349749e-02
   5.2915576e-02
   4.9872889e-02
   5.1721886e-02
   4.9816097e-02
   5.3378944e-02
   5.6955833e-02
   5.1120237e-02
   5.3244107e-02
   5.6580306e-02
   6.1600485e-02
   5.3874346e-02
   5.6353733e-02
   4.6744807e-02
   5.9065326e-02
   5.7261794e-02
   5.5462784e-02
   4.9769995e-02
   5.7794222e-02
   5.2263104e-02
   6.0339233e-02
   4.8973696e-02
   5.8809188e-02
   5.2433652e-02
   5.3894072e-02
   5.0310397e-02
   5.0513740e-02
   4.6557994e-02
   5.7561370e-02
   5.5098199e-02
   5.5629670e-02
   5.2577584e-02
   6.2144447e-02
   4.6020787e-02
   5.7395177e-02
   5.3894023e-02
   4.8896292e-02
   4.9354657e-02
   5.5044101e-02
   5.5225663e-02
   4.6348174e-02
   6.3471805e-02
   5.7811633e-02
   5.2977259e-02
   5.9675105e-02
   5.9831259e-02
   5.0619484e-02
   5.3582995e-02
   5.1391581e-02
   4.9811173e-02
   6.3250851e-02
   4.7788375e-02
   5.5656193e-02
   5.6725017e-02
   4.8817655e-02
   6.0028160e-02
   5.5927645e-02
   4.9283807e-02
   5.4190684e-02
   4.9943888e-02
   6.0221382e-02
   5.6899057e-02
   5.5392858e-02
   5.3579244e-02
   5.7338784e-02
   5.5762521e-02
   5.7283265e-02
   4.8139729e-02
   4.6783016e-02
   5.8438057e-02
   4.5903969e-02
   5.7164861e-02
   4.8090054e-02
   4.7835897e-02
   5.1141110e-02
   6.0555113e-02
   4.8074057e-02
   4.9580096e-02
   4.6984283e-02
   5.3379111e-02
   5.2132366e-02
   5.2067862e-02
   5.3096611e-02
   4.9165601e-02
   5.5954044e-02
   5.2197722e-02
   5.9917739e-02
   4.5821294e-02
   5.7336094e-02
   5.6568162e-02
   4.8008768e-02
   6.0642909e-02
   4.9838071e-02
   6.0355072e-02
   5.5725254e-02
   6.0150288e-02
   5.6799965e-02
   5.3191869e-02
   5.5579185e-02
   4.7616463e-02
   5.4678539e-02
   5.3388694e-02
   5.0744992e-02
   5.5975699e-02
   5.1291684e-02
   4.7093218e-02
   5.6515328e-02
   5.9955531e-02
   5.5892803e-02
   4.9047795e-02
   4.7250092e-02
   5.0194207e-02
   4.7901960e-02
   4.9389213e-02
   5.3429728e-02
   5.5002285e-02
   5.0455759e-02
   5.2110035e-02
   5.0240044e-02
   4.8319010e-02
   5.1588369e-02
   4.9608755e-02
   5.2570063e-02
   5.4196018e-02
   4.7724816e-02
   6.2284927e-02
   5.3527507e-02
   5.2907820e-02
   5.3403088e-02
   5.2563085e-02
   5.5527282e-02
   5.8251421e-02
   5.9839270e-02
   5.5948328e-02
   4.6902998e-02
   5.7662707e-02
   4.9263538e-02
   5.6146160e-02
   5.5031213e-02
   5.1313707e-02
   6.2511875e-02
   5.1996053e-02
   4.9662205e-02
   5.7405795e-02
   6.0846835e-02
   6.3725377e-02
   5.7873765e-02
   5.0310149e-02
   5.2585441e-02
   4.9735363e-02
   5.6013816e-02
   6.1674908e-02
   5.4634207e-02
   5.2228528e-02
   5.1545406e-02
   5.2948413e-02
   5.2977904e-02
   4.9187491e-02
   4.6419086e-02
   4.8153348e-02
   5.6956669e-02
   5.8216690e-02
   5.5674607e-02
   5.2473015e-02
   5.5470655e-02
   5.3144178e-02
   5.0254729e-02
   5.2118165e-02
   5.4810814e-02
   4.7688630e-02
   5.3128681e-02
   5.1493832e-02
   6.0282732e-02
   5.3818796e-02
   5.7706592e-02
   4.7162431e-02
   5.4355843e-02
   5.3164590e-02
   5.5284628e-02
   4.7121744e-02
   6.0740683e-02
   6.1419326e-02
   6.2525653e-02
   5.4727946e-02
   5.6294915e-02
   5.2506148e-02
   4.9306703e-02
   5.3720679e-02
   6.1523506e-02
   4.6119807e-02
   5.2779389e-02
   5.3924380e-02
   5.3103992e-02
   6.0381271e-02
   4.8619379e-02
   5.1147902e-02
   5.0950081e-02
   4.8767851e-02
   4.9959093e-02
   5.5104700e-02
   5.3837015e-02
   5.7853327e-02
   5.0536166e-02
   5.3712043e-02
   5.4825027e-02
   5.9589477e-02
   5.2549101e-02
   5.4433799e-02
