   3.6110929e-02
   3.6851072e-02
   3.5977595e-02
   3.6309200e-02
   3.6604904e-02
   3.9488528e-02
   3.7317972e-02
   3.6786295e-02
   3.5653788e-02
   3.8098988e-02
   3.6511484e-02
   3.6274904e-02
   3.6606254e-02
   3.7156813e-02
   3.7960790e-02
   3.9598297e-02
   3.7994275e-02
   3.9585390e-02
   3.5051941e-02
   3.5320978e-02
   3.8175885e-02
   3.9325973e-02
   3.8620536e-02
   3.5422121e-02
   3.7183662e-02
   3.7426462e-02
   3.9481668e-02
   3.9437864e-02
   3.5268289e-02
   3.5780818e-02
   3.7254478e-02
   3.7030737e-02
   3.4807548e-02
   3.5350143e-02
   3.5772017e-02
   3.4802871e-02
   3.7506246e-02
   3.6223303e-02
   3.7210942e-02
   3.5304708e-02
   3.9484199e-02
   3.7225847e-02
   3.7505179e-02
   3.4737154e-02
   3.7004153e-02
   3.5966960e-02
   3.7634807e-02
   3.4998008e-02
   3.4750197e-02
   3.7124262e-02
   3.6693395e-02
   3.7681404e-02
   3.9609686e-02
   3.6107368e-02
   3.6404169e-02
   3.8031856e-02
   3.7870736e-02
   3.9638422e-02
   3.6729420e-02
   3.7195164e-02
   3.9078274e-02
   3.4976287e-02
   3.4885477e-02
   3.8694795e-02
   3.6002332e-02
   3.6872558e-02
   3.7837164e-02
   3.6809039e-02
   3.5931019e-02
   3.4768237e-02
   3.4734045e-02
   3.4862607e-02
   3.4816059e-02
   3.7017346e-02
   3.5473953e-02
   3.6275423e-02
   3.8813132e-02
   3.9230082e-02
   3.9350526e-02
   3.4746921e-02
   3.9269216e-02
   3.5669122e-02
   3.4920726e-02
   3.8530683e-02
   3.7495356e-02
   3.7246457e-02
   3.4721535e-02
   3.5826053e-02
   3.8935046e-02
   3.6740282e-02
   3.5390115e-02
   3.7943754e-02
   3.5121092e-02
   3.7229710e-02
   3.7569087e-02
   3.4805572e-02
   3.5130300e-02
   3.5068991e-02
   3.7835257e-02
   3.8827501e-02
   3.6931448e-02
   3.6967874e-02
   3.7072455e-02
   3.6224644e-02
   3.5242428e-02
   3.5978936e-02
   3.8289142e-02
   3.4850234e-02
   3.7346215e-02
   3.8079521e-02
   3.8191221e-02
   3.5436149e-02
   3.7747973e-02
   3.6032181e-02
   3.9245371e-02
   3.7038615e-02
   3.5480932e-02
   3.4941451e-02
   3.8237528e-02
   3.9045860e-02
   3.7087214e-02
   3.6766428e-02
   3.7759404e-02
   3.9456427e-02
   3.7415068e-02
   3.4806824e-02
   3.8255466e-02
   3.7334064e-02
   3.6884965e-02
   3.5431157e-02
   3.6925306e-02
   3.8073867e-02
   3.6165375e-02
   3.9096768e-02
   3.7564026e-02
   3.7104543e-02
   3.7279565e-02
   3.7318296e-02
   3.7506453e-02
   3.5014110e-02
   3.5712187e-02
   3.8756767e-02
   3.5208658e-02
   3.5958002e-02
   3.8228108e-02
   3.7122396e-02
   3.6249611e-02
   3.9101798e-02
   3.4854850e-02
   3.8200264e-02
   3.5489349e-02
   3.8812239e-02
   3.6092988e-02
   3.9190109e-02
   3.6329805e-02
   3.9198889e-02
   3.6328502e-02
   3.5293955e-02
   3.7351505e-02
   3.5370622e-02
   3.5932362e-02
   3.5451569e-02
   3.5065503e-02
   3.6368381e-02
   3.7450224e-02
   3.8201836e-02
   3.6938084e-02
   3.4829057e-02
   3.8953455e-02
   3.6349743e-02
   3.6685334e-02
   3.5283421e-02
   3.7815634e-02
   3.7132416e-02
   3.8236057e-02
   3.5062119e-02
   3.5606626e-02
   3.7072239e-02
   3.6468500e-02
   3.5021866e-02
   3.4957386e-02
   3.4979954e-02
   3.9375309e-02
   3.6029422e-02
   3.4798051e-02
   3.6494631e-02
   3.9634222e-02
   3.5491460e-02
   3.4731693e-02
   3.7629655e-02
   3.5626145e-02
   3.7229736e-02
   3.8113071e-02
   3.5138899e-02
   3.9357711e-02
   3.6720608e-02
   3.4829310e-02
   3.6527177e-02
   3.8825803e-02
   3.4824339e-02
   3.4823960e-02
   3.5896726e-02
   3.6752725e-02
   3.6630176e-02
   3.6824167e-02
   3.5222087e-02
   3.4805740e-02
   3.7457711e-02
   3.8372162e-02
   3.7210700e-02
   3.7798724e-02
   3.5381735e-02
   3.4876837e-02
   3.6505987e-02
   3.5950187e-02
   3.5518842e-02
   3.5020970e-02
   3.7183208e-02
   3.5954329e-02
   3.5861127e-02
   3.7583780e-02
   3.6566700e-02
   3.6978571e-02
   3.4940892e-02
   3.4924117e-02
   3.5459303e-02
   3.7805263e-02
   3.8465259e-02
   3.7917028e-02
   3.4807837e-02
   3.4951077e-02
   3.9743946e-02
   3.8632173e-02
   3.8798403e-02
   3.5429458e-02
   3.9700404e-02
   3.6424817e-02
   3.7566351e-02
   3.8820199e-02
   3.6591080e-02
   3.7222544e-02
   3.7055668e-02
   3.5593820e-02
   3.8591031e-02
   3.6790064e-02
   3.6442044e-02
   3.8320422e-02
   3.6252860e-02
   3.4861012e-02
   3.5458118e-02
   3.7211149e-02
   3.4931991e-02
   3.7222919e-02
   3.5029113e-02
   3.8047011e-02
   3.7400170e-02
   3.8010358e-02
   3.5125575e-02
   3.5198626e-02
   3.9289973e-02
   3.5613472e-02
   3.8880102e-02
   3.7419664e-02
   3.4871043e-02
   3.8695073e-02
   3.7943403e-02
   3.7260734e-02
   3.4746949e-02
   3.8419314e-02
   3.9455931e-02
   3.8237283e-02
   3.6086995e-02
   3.7986356e-02
   3.9692707e-02
   3.5237163e-02
   3.5204212e-02
   3.6799769e-02
   3.4784441e-02
   3.5993160e-02
   3.6029293e-02
   3.7245322e-02
   3.6558439e-02
   3.7614260e-02
   3.6685404e-02
   3.9358007e-02
   3.6962585e-02
   3.8011492e-02
   3.5112736e-02
   3.5838278e-02
   3.7936003e-02
   3.8039524e-02
   3.9491794e-02
   3.4852364e-02
   3.8627247e-02
   3.7380065e-02
   3.6363279e-02
   3.8603475e-02
   3.5723662e-02
   3.4917918e-02
   3.7296574e-02
