   3.5334183e-02
   3.5673480e-02
   3.7805890e-02
   3.4808140e-02
   3.7625129e-02
   4.1913357e-02
   4.1394236e-02
   3.4512709e-02
   4.6898703e-02
   4.1053620e-02
   3.6169529e-02
   4.3682877e-02
   4.1148341e-02
   4.6860569e-02
   3.7986342e-02
   3.7780834e-02
   4.3106625e-02
   3.9933629e-02
   3.9020974e-02
   3.7876294e-02
   4.0300794e-02
   4.5435000e-02
   3.7505182e-02
   3.6358750e-02
   4.4735382e-02
   3.6656680e-02
   4.1256013e-02
   4.1221047e-02
   3.8363351e-02
   3.5045355e-02
   4.3633174e-02
   3.5912870e-02
   4.3877072e-02
   4.5368510e-02
   3.9720908e-02
   3.6705819e-02
   4.0614696e-02
   4.3373756e-02
   3.8298247e-02
   4.1634746e-02
   4.4069980e-02
   4.0436826e-02
   4.0403570e-02
   4.1951346e-02
   4.4695925e-02
   4.1104435e-02
   3.5928520e-02
   4.2870626e-02
   3.6753970e-02
   3.8311792e-02
   4.5544804e-02
   3.9136792e-02
   4.2899198e-02
   4.2145594e-02
   3.6633843e-02
   3.8262951e-02
   3.7058717e-02
   4.1810377e-02
   4.1090398e-02
   3.5992324e-02
   3.8041889e-02
   3.7138761e-02
   3.7626220e-02
   4.2758158e-02
   4.0633546e-02
   3.5548118e-02
   4.4346232e-02
   4.2536587e-02
   3.4426928e-02
   3.9389497e-02
   4.1163496e-02
   3.8373589e-02
   3.6858409e-02
   3.7981932e-02
   3.8618665e-02
   4.5796113e-02
   4.1455973e-02
   4.2241390e-02
   4.4107843e-02
   4.6567465e-02
   4.3416175e-02
   3.8072479e-02
   4.6085699e-02
   3.8084761e-02
   3.6306336e-02
   3.8483902e-02
   4.6170909e-02
   3.8279867e-02
   3.6719934e-02
   3.8641808e-02
   4.3976686e-02
   4.3916375e-02
   4.2293422e-02
   4.0707794e-02
   3.4678317e-02
   4.4762630e-02
   3.6410672e-02
   3.5291937e-02
   4.3177103e-02
   3.7874810e-02
   4.2418872e-02
   3.9885373e-02
   4.1631599e-02
   4.4552009e-02
   3.8875694e-02
   4.0966885e-02
   4.0397911e-02
   4.1746585e-02
   4.6635743e-02
   3.6232530e-02
   4.3250996e-02
   4.6391476e-02
   3.9342988e-02
   4.4010624e-02
   4.2135824e-02
   4.4169973e-02
   3.8921736e-02
   3.9866922e-02
   4.5538566e-02
   3.7292308e-02
   4.2792094e-02
   4.2895420e-02
   4.4578220e-02
   4.3719435e-02
   4.0098026e-02
   4.5434797e-02
   3.5603552e-02
   4.0498986e-02
   3.6397302e-02
   4.1250510e-02
   3.5243536e-02
   4.3844416e-02
   3.7297949e-02
   4.3259168e-02
   3.8743344e-02
   4.2647581e-02
   3.8446153e-02
   4.0394858e-02
   4.3005725e-02
   4.0750479e-02
   3.6622724e-02
   3.8992725e-02
   4.2257462e-02
   4.3366612e-02
   4.5748994e-02
   4.4493158e-02
   3.8991194e-02
   4.1347231e-02
   4.3327556e-02
   4.2678269e-02
   3.6112109e-02
   4.1718548e-02
   4.3423263e-02
   4.5554729e-02
   3.7480749e-02
   3.6809693e-02
   4.4095523e-02
   4.5952580e-02
   4.3742600e-02
   4.1939287e-02
   4.2176431e-02
   3.5026101e-02
   3.8583049e-02
   4.1168829e-02
   3.8512460e-02
   4.1221101e-02
   3.9041320e-02
   3.7947700e-02
   4.4200485e-02
   3.8606490e-02
   4.1288382e-02
   4.4552023e-02
   4.2803028e-02
   3.5108243e-02
   3.6380128e-02
   4.0912001e-02
   3.9693432e-02
   3.8857828e-02
   4.0410032e-02
   4.0106546e-02
   3.7421395e-02
   4.0630641e-02
   4.1882176e-02
   4.0308514e-02
   4.0786260e-02
   4.4425186e-02
   4.5893400e-02
   3.4953906e-02
   4.3187593e-02
   3.5962964e-02
   4.4176138e-02
   4.2270796e-02
   4.1629549e-02
   4.1322994e-02
   4.2664481e-02
   3.9980300e-02
   4.0332120e-02
   3.7118422e-02
   3.9464479e-02
   4.2538638e-02
   4.0446324e-02
   4.1614955e-02
   3.9863465e-02
   3.4511642e-02
   3.7358509e-02
   3.9373388e-02
   4.0566087e-02
   4.2460376e-02
   3.8532345e-02
   4.2768618e-02
   3.5553662e-02
   4.4002608e-02
   3.5472686e-02
   4.6016985e-02
   4.3978577e-02
   4.0497363e-02
   4.0876160e-02
   4.2710605e-02
   4.2618800e-02
   4.2093470e-02
   4.0188708e-02
   4.0166138e-02
   4.4838514e-02
   4.0909156e-02
   4.2706372e-02
   3.8383794e-02
   3.5406148e-02
   4.2961929e-02
   3.7365635e-02
   4.5260209e-02
   3.7572974e-02
   4.3395340e-02
   4.0025618e-02
   4.3224081e-02
   4.1190183e-02
   4.1146484e-02
   4.2132946e-02
   4.2780660e-02
   3.9302925e-02
   3.5595799e-02
   4.2486004e-02
   4.0340697e-02
   4.0705040e-02
   3.5721220e-02
   4.2190052e-02
   4.5284490e-02
   3.9733783e-02
   4.3189923e-02
   4.0690168e-02
   4.3070060e-02
   4.5210749e-02
   3.9078898e-02
   3.8321426e-02
   4.0453147e-02
   4.5746820e-02
   4.3745872e-02
   3.5983666e-02
   3.9602722e-02
   4.0896321e-02
   4.0190120e-02
   4.3406486e-02
   3.9902014e-02
   3.7835419e-02
   3.8527618e-02
   4.5170093e-02
   3.9005852e-02
   3.9995725e-02
   3.7790596e-02
   3.9839796e-02
   4.1389335e-02
   3.6046080e-02
   3.9288684e-02
   3.8741178e-02
   4.3463502e-02
   4.2511161e-02
   4.0475469e-02
   4.2581434e-02
   4.0474526e-02
   3.8753984e-02
   3.5478009e-02
   4.3206852e-02
   3.6942470e-02
   4.5850118e-02
   4.0458098e-02
   3.8094947e-02
   4.7567008e-02
   3.7113283e-02
   3.8193939e-02
   3.9191892e-02
   3.8475238e-02
   3.9791451e-02
   3.6914949e-02
   4.2952607e-02
   4.2273092e-02
   3.8511674e-02
   4.1215428e-02
   4.3164515e-02
   4.2502493e-02
   3.5579486e-02
   3.9578184e-02
