   9.4179881e-02
   8.0153161e-02
   1.0698780e-01
   8.9759954e-02
   8.2548928e-02
   9.1628626e-02
   9.2038281e-02
   8.1016593e-02
   7.8171041e-02
   1.1013484e-01
   8.5481815e-02
   9.5422997e-02
   9.8191470e-02
   1.0185575e-01
   7.6720814e-02
   8.7853826e-02
   1.1095392e-01
   9.1931468e-02
   8.5088506e-02
   8.0623791e-02
   9.4782746e-02
   8.6428533e-02
   1.0354372e-01
   7.7283290e-02
   1.0586548e-01
   1.0188080e-01
   8.6201674e-02
   8.2220834e-02
   9.3253828e-02
   1.0009737e-01
   8.0664341e-02
   7.3557185e-02
   9.5173035e-02
   8.6903939e-02
   8.4086607e-02
   9.0189213e-02
   9.4778959e-02
   8.8138765e-02
   9.1476956e-02
   8.3312789e-02
   7.4050249e-02
   1.0081981e-01
   9.1040654e-02
   7.7986405e-02
   8.2418546e-02
   8.7968492e-02
   1.0079562e-01
   1.0301251e-01
   7.8254059e-02
   7.2441019e-02
   7.5166931e-02
   8.7665520e-02
   9.3083705e-02
   8.9257233e-02
   8.2981747e-02
   9.9816027e-02
   1.0335665e-01
   9.3363195e-02
   8.9859042e-02
   7.7884546e-02
   8.2937497e-02
   7.3450556e-02
   1.0588320e-01
   9.2720138e-02
   7.8680758e-02
   7.9093612e-02
   8.7363848e-02
   7.6225220e-02
   9.4007145e-02
   8.3738099e-02
   8.0416372e-02
   9.6287701e-02
   8.4788704e-02
   7.6141936e-02
   8.5763193e-02
   7.7368438e-02
   1.0242461e-01
   9.8803736e-02
   7.1976150e-02
   1.0333747e-01
   1.0125723e-01
   9.7905882e-02
   1.0240623e-01
   1.0327166e-01
   1.0230835e-01
   9.8844136e-02
   8.6411840e-02
   1.0006579e-01
   8.7734301e-02
   8.8679255e-02
   7.6200226e-02
   7.6827277e-02
   9.5286881e-02
   1.0411313e-01
   1.0225064e-01
   9.9380879e-02
   9.1792235e-02
   8.0717826e-02
   8.6907946e-02
   8.8112570e-02
   9.6403718e-02
   8.7822449e-02
   7.8560228e-02
   9.1744150e-02
   9.2709100e-02
   1.0714283e-01
   9.3194719e-02
   9.6487495e-02
   8.9618815e-02
   7.8208992e-02
   8.6069169e-02
   9.7539445e-02
   1.0051136e-01
   8.6624919e-02
   9.2493692e-02
   8.5895782e-02
   8.1859207e-02
   7.7152959e-02
   8.0603244e-02
   1.0487202e-01
   9.6605229e-02
   8.1880343e-02
   8.0253721e-02
   7.9360056e-02
   7.2408840e-02
   8.3149313e-02
   7.3380088e-02
   8.5818626e-02
   9.8704982e-02
   8.3611973e-02
   8.0865627e-02
   8.9435883e-02
   7.6677621e-02
   1.0707048e-01
   9.0894771e-02
   1.0191636e-01
   1.0799442e-01
   9.7796041e-02
   1.0096325e-01
   8.2386374e-02
   8.8944214e-02
   8.6090898e-02
   8.5010534e-02
   8.5535140e-02
   7.5552913e-02
   9.1277709e-02
   7.8935858e-02
   9.1516532e-02
   9.4171304e-02
   7.6678839e-02
   1.0241294e-01
   7.3521714e-02
   8.5885997e-02
   7.5704512e-02
   9.7700807e-02
   1.0156111e-01
   1.0388110e-01
   1.0052389e-01
   9.0786409e-02
   1.0377380e-01
   9.4173880e-02
   8.7269957e-02
   8.7381501e-02
   9.2526837e-02
   1.0872925e-01
   8.4764206e-02
   9.7203431e-02
   8.1542317e-02
   1.1231057e-01
   1.0879323e-01
   8.0585816e-02
   8.1958739e-02
   7.8290732e-02
   8.8838034e-02
   7.3656972e-02
   9.8048234e-02
   8.8821286e-02
   7.3260738e-02
   8.0585988e-02
   9.3854296e-02
   7.7517488e-02
   9.2883661e-02
   1.0504624e-01
   9.7686868e-02
   8.1638711e-02
   7.9901977e-02
   7.9600931e-02
   1.0036221e-01
   9.2636519e-02
   9.1270869e-02
   9.1921450e-02
   9.6169788e-02
   8.9649327e-02
   8.6947446e-02
   7.7133810e-02
   7.3840570e-02
   8.8685971e-02
   1.0366709e-01
   1.0641280e-01
   1.0856287e-01
   8.3533772e-02
   9.8824493e-02
   1.0319306e-01
   1.0624837e-01
   9.8323330e-02
   7.3262825e-02
   8.1563131e-02
   9.6796209e-02
   8.7690304e-02
   7.7072199e-02
   8.7524927e-02
   8.9819295e-02
   8.1233729e-02
   1.0593745e-01
   7.9552538e-02
   9.1473655e-02
   9.2138664e-02
   8.8520749e-02
   7.7563310e-02
   8.9087632e-02
   7.9218400e-02
   9.1321648e-02
   1.0063403e-01
   8.8312881e-02
   9.1109076e-02
   1.0409153e-01
   7.8897155e-02
   9.1468862e-02
   8.0953702e-02
   9.5025532e-02
   9.3139326e-02
   8.8888582e-02
   8.4651660e-02
   9.8859731e-02
   8.7500565e-02
   8.0093473e-02
   9.3962173e-02
   1.0200173e-01
   8.6432197e-02
   7.9804539e-02
   1.0046907e-01
   8.2035644e-02
   7.2770422e-02
   9.4441158e-02
   8.8887283e-02
   7.6910395e-02
   8.9818829e-02
   9.2411117e-02
   9.3209544e-02
   7.7351793e-02
   1.0223183e-01
   7.2879779e-02
   1.0796555e-01
   9.4695724e-02
   9.8726656e-02
   1.1018138e-01
   9.3524073e-02
   8.1705735e-02
   8.2494117e-02
   9.4147294e-02
   9.6739258e-02
   8.8849541e-02
   7.5091883e-02
   7.9277369e-02
   8.8938811e-02
   9.8963215e-02
   7.8783113e-02
   1.0169383e-01
   9.1618815e-02
   9.9401336e-02
   8.5421218e-02
   1.0265107e-01
   9.3157060e-02
   8.0833684e-02
   8.1943112e-02
   9.8800155e-02
   8.0372641e-02
   7.9583561e-02
   7.7038329e-02
   8.8501140e-02
   8.3736699e-02
   7.2981020e-02
   8.6641333e-02
   7.2764678e-02
   9.0593906e-02
   9.3492993e-02
   1.0505224e-01
   8.1637200e-02
   8.2378027e-02
   7.7221101e-02
   7.3238921e-02
   7.3816898e-02
   8.4006701e-02
   9.5090560e-02
   9.9978027e-02
   9.5137961e-02
   7.4111105e-02
   7.4764607e-02
   7.7213099e-02
   1.0617827e-01
