   2.7474826e-01
   2.8174514e-01
   2.8110050e-01
   2.7290371e-01
   2.7243452e-01
   2.7373333e-01
   2.7739700e-01
   2.7096438e-01
   2.8123993e-01
   2.7708610e-01
   2.7435919e-01
   2.8151328e-01
   2.7258047e-01
   2.8592184e-01
   2.8056405e-01
   2.7830839e-01
   2.7435196e-01
   2.7894768e-01
   2.7887472e-01
   2.8375614e-01
   2.7658987e-01
   2.7543337e-01
   2.8402782e-01
   2.7211437e-01
   2.8183536e-01
   2.7844134e-01
   2.8214560e-01
   2.7716720e-01
   2.7455062e-01
   2.7865952e-01
   2.8010303e-01
   2.7366549e-01
   2.7447264e-01
   2.7961732e-01
   2.7480771e-01
   2.7866673e-01
   2.8336845e-01
   2.7638314e-01
   2.6908178e-01
   2.8152645e-01
   2.7839099e-01
   2.7633430e-01
   2.7810726e-01
   2.7400579e-01
   2.7274098e-01
   2.7448801e-01
   2.7594343e-01
   2.7796084e-01
   2.7111957e-01
   2.7607771e-01
   2.8029593e-01
   2.7349012e-01
   2.7232271e-01
   2.7993602e-01
   2.7296860e-01
   2.7578852e-01
   2.7560546e-01
   2.8316394e-01
   2.7614835e-01
   2.7320684e-01
   2.7444303e-01
   2.7680538e-01
   2.7148776e-01
   2.7312266e-01
   2.8377794e-01
   2.8214042e-01
   2.7504308e-01
   2.7114842e-01
   2.7041308e-01
   2.7036513e-01
   2.7377545e-01
   2.7205158e-01
   2.7798064e-01
   2.7283683e-01
   2.7706742e-01
   2.7369401e-01
   2.7177128e-01
   2.7379138e-01
   2.7033165e-01
   2.6942747e-01
   2.7150476e-01
   2.7783417e-01
   2.7742582e-01
   2.7884015e-01
   2.6931680e-01
   2.7315271e-01
   2.7758298e-01
   2.7209839e-01
   2.8377364e-01
   2.7519366e-01
   2.7465832e-01
   2.7123936e-01
   2.7648388e-01
   2.7522288e-01
   2.8201196e-01
   2.7464562e-01
   2.7368671e-01
   2.8441200e-01
   2.7144788e-01
   2.7672259e-01
   2.7336459e-01
   2.6942956e-01
   2.7405176e-01
   2.8021530e-01
   2.8064781e-01
   2.7104520e-01
   2.7237711e-01
   2.7823673e-01
   2.7636725e-01
   2.8233326e-01
   2.7476111e-01
   2.8341502e-01
   2.7837199e-01
   2.7239676e-01
   2.8025749e-01
   2.8565117e-01
   2.7723912e-01
   2.7678232e-01
   2.7179619e-01
   2.7529079e-01
   2.7475138e-01
   2.7315812e-01
   2.7234695e-01
   2.7455510e-01
   2.7836941e-01
   2.7675549e-01
   2.7534240e-01
   2.7975260e-01
   2.7725912e-01
   2.7053273e-01
   2.8490123e-01
   2.7342417e-01
   2.7133472e-01
   2.7132663e-01
   2.8239445e-01
   2.7604796e-01
   2.7282458e-01
   2.7915618e-01
   2.7099443e-01
   2.8089470e-01
   2.7317706e-01
   2.7555201e-01
   2.7273378e-01
   2.7391783e-01
   2.7499040e-01
   2.7377777e-01
   2.7142592e-01
   2.7646101e-01
   2.7581118e-01
   2.7578614e-01
   2.7289117e-01
   2.7553449e-01
   2.7895720e-01
   2.7502476e-01
   2.7712923e-01
   2.8316810e-01
   2.7408075e-01
   2.7807278e-01
   2.7373829e-01
   2.8284730e-01
   2.7728782e-01
   2.7588763e-01
   2.7708899e-01
   2.7000680e-01
   2.8196102e-01
   2.7876044e-01
   2.8572134e-01
   2.6985879e-01
   2.7772071e-01
   2.7444132e-01
   2.8390517e-01
   2.6919838e-01
   2.7949477e-01
   2.7743457e-01
   2.7938187e-01
   2.7229587e-01
   2.7861105e-01
   2.8463534e-01
   2.7870340e-01
   2.7380521e-01
   2.7044416e-01
   2.7827390e-01
   2.7420528e-01
   2.8038642e-01
   2.7559709e-01
   2.7378005e-01
   2.7944883e-01
   2.7921516e-01
   2.7926680e-01
   2.7606295e-01
   2.7354195e-01
   2.8264616e-01
   2.7555424e-01
   2.7615067e-01
   2.7338112e-01
   2.7639151e-01
   2.7486434e-01
   2.7211993e-01
   2.7581255e-01
   2.8169035e-01
   2.7750481e-01
   2.7015192e-01
   2.8351593e-01
   2.8297699e-01
   2.7132180e-01
   2.7925585e-01
   2.7467849e-01
   2.7958545e-01
   2.7656383e-01
   2.8165801e-01
   2.7403967e-01
   2.7063802e-01
   2.8133071e-01
   2.8017278e-01
   2.7440427e-01
   2.7230783e-01
   2.7010383e-01
   2.7108630e-01
   2.7335837e-01
   2.7502581e-01
   2.8106405e-01
   2.7177758e-01
   2.8131814e-01
   2.7506744e-01
   2.8060223e-01
   2.7855220e-01
   2.8102219e-01
   2.7210114e-01
   2.7365409e-01
   2.7622201e-01
   2.7294338e-01
   2.7186492e-01
   2.7363329e-01
   2.6989700e-01
   2.7527526e-01
   2.8196903e-01
   2.7584328e-01
   2.7043526e-01
   2.7134512e-01
   2.7555645e-01
   2.8039501e-01
   2.7685128e-01
   2.7604365e-01
   2.8339858e-01
   2.7307643e-01
   2.7905970e-01
   2.7236005e-01
   2.7216884e-01
   2.8199625e-01
   2.8320980e-01
   2.7547993e-01
   2.7544762e-01
   2.7596903e-01
   2.8158360e-01
   2.7478082e-01
   2.8166902e-01
   2.7119879e-01
   2.8337205e-01
   2.7506836e-01
   2.7088166e-01
   2.7803344e-01
   2.7566367e-01
   2.8125759e-01
   2.7832365e-01
   2.7929138e-01
   2.7565411e-01
   2.8015944e-01
   2.6945392e-01
   2.8193981e-01
   2.8309889e-01
   2.7548948e-01
   2.7554205e-01
   2.7063395e-01
   2.8466376e-01
   2.7438264e-01
   2.7156394e-01
   2.7535239e-01
   2.7126708e-01
   2.7527411e-01
   2.8104832e-01
   2.7786107e-01
   2.7242773e-01
   2.7784886e-01
   2.7600106e-01
   2.7297005e-01
   2.7427713e-01
   2.7532140e-01
   2.7960750e-01
   2.7452161e-01
   2.7126464e-01
   2.7860493e-01
   2.7683412e-01
   2.7570727e-01
   2.8135868e-01
   2.7195337e-01
   2.7606621e-01
   2.7950840e-01
   2.7346095e-01
   2.7050857e-01
   2.7525589e-01
