   2.3997401e-01
   2.4312513e-01
   2.4167825e-01
   2.4548385e-01
   2.4096007e-01
   2.4130808e-01
   2.4515614e-01
   2.4138626e-01
   2.4128396e-01
   2.4092970e-01
   2.4419630e-01
   2.4213259e-01
   2.4098018e-01
   2.4104654e-01
   2.4260297e-01
   2.4047636e-01
   2.4000626e-01
   2.4068704e-01
   2.4440425e-01
   2.4601131e-01
   2.4131337e-01
   2.4134240e-01
   2.4325100e-01
   2.4117095e-01
   2.4181231e-01
   2.4058251e-01
   2.4129067e-01
   2.4101410e-01
   2.4036968e-01
   2.4283190e-01
   2.4089850e-01
   2.4202179e-01
   2.4177018e-01
   2.4499932e-01
   2.4100227e-01
   2.4295829e-01
   2.4079839e-01
   2.4180536e-01
   2.4297524e-01
   2.4441400e-01
   2.4558465e-01
   2.4212210e-01
   2.4257607e-01
   2.4450747e-01
   2.4066075e-01
   2.4380044e-01
   2.4154247e-01
   2.4597079e-01
   2.4555822e-01
   2.4069722e-01
   2.4387491e-01
   2.4392348e-01
   2.4087293e-01
   2.4268317e-01
   2.4328290e-01
   2.4328823e-01
   2.3991627e-01
   2.4048725e-01
   2.4558846e-01
   2.4201027e-01
   2.4004857e-01
   2.4661847e-01
   2.4329027e-01
   2.4070299e-01
   2.4540481e-01
   2.4556606e-01
   2.4019708e-01
   2.4172531e-01
   2.4099273e-01
   2.4491041e-01
   2.4002325e-01
   2.4170144e-01
   2.4224834e-01
   2.4119303e-01
   2.4062438e-01
   2.4589432e-01
   2.3998107e-01
   2.4125224e-01
   2.4565360e-01
   2.4620926e-01
   2.4536403e-01
   2.4130866e-01
   2.4047068e-01
   2.4202125e-01
   2.4236856e-01
   2.4183830e-01
   2.4352418e-01
   2.4397992e-01
   2.4322619e-01
   2.4463368e-01
   2.4060997e-01
   2.4076944e-01
   2.4561651e-01
   2.4240585e-01
   2.3959942e-01
   2.4113919e-01
   2.4197624e-01
   2.4554012e-01
   2.4337404e-01
   2.4057835e-01
   2.4623619e-01
   2.4084116e-01
   2.4303790e-01
   2.4445450e-01
   2.4543809e-01
   2.4122715e-01
   2.4112557e-01
   2.4069547e-01
   2.4057759e-01
   2.4064516e-01
   2.4230312e-01
   2.4069322e-01
   2.4049516e-01
   2.4042997e-01
   2.4395344e-01
   2.4207843e-01
   2.4251415e-01
   2.4015295e-01
   2.4173856e-01
   2.4066170e-01
   2.4085429e-01
   2.4007345e-01
   2.4308527e-01
   2.4501440e-01
   2.4140021e-01
   2.4061006e-01
   2.4136722e-01
   2.4069424e-01
   2.3970223e-01
   2.4287887e-01
   2.4317733e-01
   2.4015967e-01
   2.4061377e-01
   2.4520658e-01
   2.4070157e-01
   2.4472260e-01
   2.4419820e-01
   2.4137678e-01
   2.4219318e-01
   2.4124066e-01
   2.4565557e-01
   2.3989937e-01
   2.4002328e-01
   2.4001504e-01
   2.4116267e-01
   2.4374814e-01
   2.4008241e-01
   2.3991840e-01
   2.4186623e-01
   2.4111682e-01
   2.4048333e-01
   2.4125758e-01
   2.4556891e-01
   2.4322981e-01
   2.4047490e-01
   2.4128707e-01
   2.4176434e-01
   2.4519509e-01
   2.4053946e-01
   2.4462691e-01
   2.4303747e-01
   2.4230059e-01
   2.4084764e-01
   2.4126144e-01
   2.4027745e-01
   2.4351344e-01
   2.4568509e-01
   2.4290681e-01
   2.4219588e-01
   2.4514464e-01
   2.4271201e-01
   2.4650206e-01
   2.4186868e-01
   2.4124672e-01
   2.4537860e-01
   2.4199447e-01
   2.4390419e-01
   2.3991521e-01
   2.4474595e-01
   2.4571354e-01
   2.4294604e-01
   2.4731049e-01
   2.4562426e-01
   2.4066808e-01
   2.4230897e-01
   2.4044904e-01
   2.3971758e-01
   2.3998132e-01
   2.4644755e-01
   2.4011765e-01
   2.4010665e-01
   2.4194492e-01
   2.4525067e-01
   2.4092048e-01
   2.4290020e-01
   2.4063626e-01
   2.4253758e-01
   2.4578222e-01
   2.4350540e-01
   2.4046672e-01
   2.4152843e-01
   2.4014360e-01
   2.4339264e-01
   2.4279336e-01
   2.4028771e-01
   2.4096800e-01
   2.4110683e-01
   2.4155854e-01
   2.4557140e-01
   2.4344807e-01
   2.4266372e-01
   2.4620488e-01
   2.4223538e-01
   2.4020684e-01
   2.4569626e-01
   2.4180322e-01
   2.4008234e-01
   2.4117381e-01
   2.4079170e-01
   2.4540934e-01
   2.4063061e-01
   2.4229956e-01
   2.4350920e-01
   2.4167448e-01
   2.4509489e-01
   2.4068370e-01
   2.4067883e-01
   2.4133341e-01
   2.4388033e-01
   2.4466621e-01
   2.4270960e-01
   2.4081962e-01
   2.4559826e-01
   2.4054804e-01
   2.4240990e-01
   2.4436041e-01
   2.4420208e-01
   2.4535809e-01
   2.4512522e-01
   2.4237865e-01
   2.4200598e-01
   2.4269562e-01
   2.4005251e-01
   2.4040327e-01
   2.4307665e-01
   2.4081312e-01
   2.4085681e-01
   2.4420330e-01
   2.4607316e-01
   2.4537842e-01
   2.4376412e-01
   2.4044790e-01
   2.4031143e-01
   2.3987425e-01
   2.4155348e-01
   2.4275067e-01
   2.4024928e-01
   2.4539801e-01
   2.4072237e-01
   2.4080269e-01
   2.4171207e-01
   2.4082018e-01
   2.4013731e-01
   2.4058546e-01
   2.4171124e-01
   2.4076665e-01
   2.4141507e-01
   2.4207851e-01
   2.4087409e-01
   2.4032673e-01
   2.4262960e-01
   2.4134917e-01
   2.4172479e-01
   2.4147830e-01
   2.4325271e-01
   2.4361934e-01
   2.4479922e-01
   2.4265119e-01
   2.4119438e-01
   2.4166125e-01
   2.4142861e-01
   2.4148766e-01
   2.4300857e-01
   2.4150523e-01
   2.4300259e-01
   2.4108139e-01
   2.4625824e-01
   2.4269969e-01
   2.4293591e-01
   2.4193888e-01
   2.4824473e-01
   2.4477980e-01
   2.4300967e-01
   2.4379177e-01
   2.4248115e-01
   2.4061611e-01
   2.4290169e-01
   2.4101193e-01
   2.4085053e-01
   2.4109895e-01
