   2.9621593e-02
   2.9499669e-02
   3.0236547e-02
   3.0848383e-02
   2.9712129e-02
   3.2893714e-02
   3.1295097e-02
   3.0470518e-02
   3.3072294e-02
   3.0905851e-02
   2.8816347e-02
   3.2539453e-02
   2.8996554e-02
   3.2137320e-02
   2.8966442e-02
   3.2923328e-02
   2.9005566e-02
   3.2679202e-02
   3.1338468e-02
   3.2931912e-02
   2.8884413e-02
   3.3451622e-02
   3.3336137e-02
   2.9644078e-02
   3.3669610e-02
   3.2358734e-02
   2.9553400e-02
   3.0651324e-02
   2.9955872e-02
   3.2791420e-02
   2.8776115e-02
   3.2267982e-02
   2.9615979e-02
   3.1718773e-02
   3.0312368e-02
   3.1832035e-02
   2.8940420e-02
   3.2436413e-02
   3.2763992e-02
   2.9111960e-02
   2.9416097e-02
   3.1499374e-02
   3.0192900e-02
   3.0828305e-02
   2.9293999e-02
   3.3757525e-02
   3.3312000e-02
   3.1812545e-02
   3.3683334e-02
   3.3040056e-02
   3.3265108e-02
   3.0149498e-02
   3.1931847e-02
   3.3552205e-02
   3.0031375e-02
   2.9039044e-02
   3.2068506e-02
   3.4036080e-02
   3.2368676e-02
   3.1337883e-02
   3.0094514e-02
   3.1654818e-02
   2.9985981e-02
   3.0116616e-02
   2.9130100e-02
   2.9599951e-02
   3.3469423e-02
   2.9561693e-02
   3.3292918e-02
   2.9104245e-02
   3.2166837e-02
   3.2946249e-02
   3.3378273e-02
   3.2050037e-02
   2.9261671e-02
   3.2617280e-02
   2.9730610e-02
   3.0270450e-02
   2.9036090e-02
   3.1827456e-02
   3.2342738e-02
   2.9557757e-02
   2.9829532e-02
   3.3011274e-02
   3.2156850e-02
   2.9161014e-02
   3.2744667e-02
   3.0735709e-02
   3.1345461e-02
   3.0814979e-02
   2.9006918e-02
   3.0933736e-02
   2.9410257e-02
   3.3173669e-02
   3.1704004e-02
   3.2196601e-02
   2.9022290e-02
   3.3815777e-02
   3.1965528e-02
   3.2767717e-02
   3.1656753e-02
   2.8903250e-02
   3.3060891e-02
   3.1067864e-02
   3.2174571e-02
   3.2589966e-02
   3.3437401e-02
   2.8898962e-02
   2.8867309e-02
   2.8882006e-02
   3.2632260e-02
   3.2364405e-02
   3.3133458e-02
   3.0726018e-02
   3.1740740e-02
   3.0113275e-02
   3.2507853e-02
   2.9433650e-02
   3.4191312e-02
   3.2543563e-02
   3.3051798e-02
   3.4147305e-02
   3.2893714e-02
   3.2823531e-02
   3.4386353e-02
   3.2642466e-02
   3.0923578e-02
   2.8954722e-02
   3.0752551e-02
   3.1685075e-02
   3.2706040e-02
   3.3419005e-02
   3.0678734e-02
   3.2377472e-02
   3.4271474e-02
   3.3275678e-02
   3.1813957e-02
   2.8995337e-02
   3.4001875e-02
   3.1754359e-02
   3.2467247e-02
   3.0184879e-02
   3.2712418e-02
   2.9570438e-02
   2.9054494e-02
   3.1480907e-02
   3.0975682e-02
   3.2392318e-02
   3.4237798e-02
   2.8772423e-02
   3.0193049e-02
   2.9340035e-02
   2.9608659e-02
   2.8863754e-02
   3.1990290e-02
   3.3403268e-02
   2.8946633e-02
   3.0224883e-02
   2.8817951e-02
   3.0035342e-02
   2.8868283e-02
   3.3773439e-02
   3.0671929e-02
   3.0934138e-02
   2.8929299e-02
   2.9015896e-02
   3.1360619e-02
   2.8801702e-02
   3.1597924e-02
   3.2565459e-02
   2.8962074e-02
   3.2994168e-02
   3.4146721e-02
   3.0086224e-02
   3.2233406e-02
   3.2666656e-02
   3.1517804e-02
   3.2278634e-02
   3.3849244e-02
   3.2040141e-02
   2.9601355e-02
   2.9169461e-02
   3.1564601e-02
   3.2737959e-02
   3.3881306e-02
   3.1967018e-02
   3.1757657e-02
   2.8989217e-02
   3.2463836e-02
   3.1346184e-02
   3.0573986e-02
   3.1555027e-02
   3.3652291e-02
   3.4426912e-02
   3.2664287e-02
   2.9807832e-02
   3.1726782e-02
   3.3506786e-02
   3.2802484e-02
   3.2347459e-02
   3.3789863e-02
   2.8770878e-02
   3.1545651e-02
   3.0256458e-02
   2.9643617e-02
   2.9698962e-02
   2.9680460e-02
   2.8876972e-02
   2.8876411e-02
   3.3378964e-02
   3.0018621e-02
   3.1038792e-02
   2.8889361e-02
   2.9141922e-02
   2.9132815e-02
   3.3678243e-02
   3.2669043e-02
   2.8872483e-02
   3.1254373e-02
   3.0597550e-02
   2.9241651e-02
   3.1723832e-02
   3.3523054e-02
   3.1091340e-02
   3.3141717e-02
   3.1987398e-02
   2.9346828e-02
   3.1552339e-02
   3.3611639e-02
   3.4228630e-02
   2.9049827e-02
   3.1440285e-02
   2.8898591e-02
   3.1846532e-02
   3.1678426e-02
   3.0041258e-02
   3.1416094e-02
   2.9221828e-02
   3.1669845e-02
   3.1902475e-02
   3.1731998e-02
   3.3591704e-02
   3.2320882e-02
   3.4161343e-02
   3.2527229e-02
   2.8870853e-02
   3.0211801e-02
   3.3221262e-02
   2.8982503e-02
   3.0641808e-02
   3.2313307e-02
   2.9652339e-02
   2.8888817e-02
   2.9008060e-02
   3.0356948e-02
   3.1587081e-02
   2.9211403e-02
   2.9728778e-02
   3.1663823e-02
   3.0914431e-02
   3.0974259e-02
   3.0542649e-02
   2.8806211e-02
   3.0143213e-02
   3.3878467e-02
   3.3485202e-02
   3.1522409e-02
   3.3151883e-02
   2.9180994e-02
   3.2582293e-02
   3.2801046e-02
   3.2268845e-02
   2.9078914e-02
   3.3172535e-02
   2.8966024e-02
   3.1000674e-02
   3.1829474e-02
   2.9332431e-02
   3.2976397e-02
   3.2834273e-02
   3.0592075e-02
   2.9318983e-02
   3.3748558e-02
   3.1591022e-02
   2.9022653e-02
   3.0188533e-02
   2.9611752e-02
   2.8873462e-02
   3.3409763e-02
   3.1686104e-02
   2.9890259e-02
   3.4249681e-02
   2.9713322e-02
   3.1015852e-02
   3.3442302e-02
   3.4294060e-02
   3.2356548e-02
   3.2717988e-02
   3.1444007e-02
   3.2803202e-02
