   3.7712054e-02
   4.0766108e-02
   3.8038927e-02
   3.4310952e-02
   3.5170890e-02
   3.4355037e-02
   3.4118712e-02
   3.7538295e-02
   4.0266926e-02
   3.9576036e-02
   3.6999316e-02
   3.4475200e-02
   3.6805132e-02
   3.6644756e-02
   3.8156474e-02
   3.7671577e-02
   3.5096702e-02
   3.7992205e-02
   3.6180650e-02
   4.0004481e-02
   3.8985893e-02
   3.8942274e-02
   3.7544117e-02
   3.7540224e-02
   3.4387357e-02
   3.6356084e-02
   3.8481614e-02
   3.5767404e-02
   3.4746489e-02
   3.7980916e-02
   3.7584534e-02
   3.4492314e-02
   3.8455517e-02
   3.6076638e-02
   4.0388157e-02
   3.9177244e-02
   3.7533131e-02
   3.6767715e-02
   3.9398989e-02
   3.4907391e-02
   3.8868971e-02
   3.5860705e-02
   3.5497148e-02
   3.5650092e-02
   3.6520909e-02
   4.0246384e-02
   3.9787022e-02
   3.7398798e-02
   3.4531968e-02
   3.7878833e-02
   3.7659983e-02
   3.4085142e-02
   3.7432488e-02
   3.5674345e-02
   3.7181885e-02
   3.5278275e-02
   4.0237915e-02
   3.5123556e-02
   3.8262696e-02
   3.5268724e-02
   3.8263966e-02
   3.5765905e-02
   3.6958001e-02
   4.1069713e-02
   3.4490085e-02
   3.9103014e-02
   4.0917095e-02
   3.4598000e-02
   3.8482010e-02
   3.8061601e-02
   3.6246381e-02
   3.8117590e-02
   3.8061627e-02
   3.5415839e-02
   3.8348942e-02
   3.5791126e-02
   4.0519395e-02
   3.8611764e-02
   3.7218736e-02
   3.6832254e-02
   3.9050455e-02
   3.6014145e-02
   4.0674108e-02
   3.7301168e-02
   3.8389371e-02
   3.6181718e-02
   3.6658634e-02
   3.7469350e-02
   3.4807623e-02
   3.7430510e-02
   3.7007933e-02
   3.8899665e-02
   4.0815877e-02
   3.7031744e-02
   4.0905687e-02
   3.7343428e-02
   3.5232594e-02
   3.7388042e-02
   3.4235392e-02
   3.8882070e-02
   3.4076719e-02
   3.7673618e-02
   3.5528112e-02
   3.7021889e-02
   3.9471871e-02
   3.9700306e-02
   4.0912547e-02
   3.7578048e-02
   3.5722167e-02
   3.4101701e-02
   3.7348961e-02
   3.5523220e-02
   3.6990710e-02
   3.4098723e-02
   3.7937704e-02
   3.5755225e-02
   4.0337570e-02
   3.9866608e-02
   3.6949225e-02
   3.5268640e-02
   3.7531489e-02
   3.8429957e-02
   3.8718648e-02
   3.6559079e-02
   3.8321854e-02
   3.5097978e-02
   3.5665909e-02
   3.7982591e-02
   3.8309175e-02
   3.7554737e-02
   3.6703416e-02
   4.0387674e-02
   3.5756435e-02
   3.4418623e-02
   3.4857776e-02
   3.4172683e-02
   3.9043742e-02
   3.8245621e-02
   3.4303250e-02
   3.4597713e-02
   3.9266179e-02
   3.6916012e-02
   3.6529221e-02
   3.9105914e-02
   3.9357717e-02
   3.6777243e-02
   3.6649149e-02
   3.5439610e-02
   3.6230827e-02
   3.7398663e-02
   4.0573531e-02
   3.6400461e-02
   4.0785423e-02
   3.6498628e-02
   3.7366777e-02
   3.5407851e-02
   3.8980193e-02
   3.9299238e-02
   3.4389333e-02
   4.0511650e-02
   3.9327189e-02
   3.7775263e-02
   3.4341448e-02
   3.8185213e-02
   3.4969097e-02
   3.4960349e-02
   3.7022566e-02
   3.5185485e-02
   3.9536011e-02
   3.9130978e-02
   3.7144640e-02
   4.0431561e-02
   3.9033613e-02
   3.7579711e-02
   3.5228222e-02
   3.7638142e-02
   3.4597313e-02
   4.0743302e-02
   3.9027040e-02
   3.6941018e-02
   3.7417325e-02
   3.5752682e-02
   3.4065140e-02
   3.9531892e-02
   3.9366241e-02
   3.8706350e-02
   3.4177012e-02
   3.8165629e-02
   3.7679813e-02
   3.4070303e-02
   4.1129174e-02
   4.0559170e-02
   3.8942390e-02
   3.8626594e-02
   3.7411254e-02
   3.4181203e-02
   3.8995941e-02
   3.5417181e-02
   3.7266421e-02
   3.5619735e-02
   3.4101330e-02
   3.8216187e-02
   3.6733198e-02
   3.6900490e-02
   3.5165201e-02
   3.9299970e-02
   3.8609873e-02
   3.4374429e-02
   3.9983656e-02
   3.6877660e-02
   3.4175573e-02
   3.6676695e-02
   4.0315711e-02
   3.7437142e-02
   3.7938245e-02
   3.8605307e-02
   3.6689377e-02
   3.5924448e-02
   4.1104148e-02
   4.0210250e-02
   3.4591133e-02
   4.0184715e-02
   3.8096583e-02
   4.0693072e-02
   3.6976949e-02
   3.6977243e-02
   4.0149560e-02
   4.0110692e-02
   3.7325562e-02
   3.6109562e-02
   3.6312942e-02
   3.7319508e-02
   3.4784458e-02
   3.4193699e-02
   4.0159918e-02
   3.4433124e-02
   3.5042796e-02
   3.8313758e-02
   3.6076795e-02
   3.9883263e-02
   3.8742150e-02
   3.4273897e-02
   3.8828284e-02
   3.8494067e-02
   4.0289305e-02
   4.0444036e-02
   3.6135055e-02
   3.7173572e-02
   3.4719401e-02
   3.4470617e-02
   3.7540338e-02
   3.4710733e-02
   3.6292132e-02
   3.6400286e-02
   3.7354288e-02
   3.8355292e-02
   3.4121845e-02
   3.8847172e-02
   3.8697218e-02
   3.5515839e-02
   4.0692856e-02
   3.4590150e-02
   3.4696552e-02
   3.4784605e-02
   4.0559469e-02
   3.4841202e-02
   3.4598293e-02
   3.6508594e-02
   3.9639788e-02
   4.0773394e-02
   3.9662850e-02
   3.4417999e-02
   3.7952163e-02
   3.5153635e-02
   3.7820806e-02
   4.0485965e-02
   3.6780783e-02
   4.0609026e-02
   3.8851206e-02
   3.4322213e-02
   3.4755202e-02
   3.9936816e-02
   3.6174350e-02
   3.9037743e-02
   4.0072977e-02
   3.7370430e-02
   3.7195275e-02
   3.8422741e-02
   3.5950410e-02
   3.8229927e-02
   4.0319791e-02
   3.9376780e-02
   3.8677363e-02
   3.8491135e-02
   3.7894291e-02
   3.8165034e-02
   3.6599818e-02
   3.7981101e-02
   3.4367549e-02
   3.5200601e-02
