   2.1466781e-02
   3.1942172e-02
   2.5602418e-02
   2.4509670e-02
   2.5317076e-02
   2.6579143e-02
   2.0951581e-02
   2.0091051e-02
   2.3746857e-02
   2.1116282e-02
   2.1365308e-02
   2.2700568e-02
   2.5799175e-02
   2.5445831e-02
   2.2377343e-02
   2.4471184e-02
   2.1360223e-02
   2.1972647e-02
   2.7694566e-02
   2.2679217e-02
   3.0519334e-02
   2.1179410e-02
   2.4879230e-02
   2.7397860e-02
   2.9006674e-02
   2.9614196e-02
   2.4781034e-02
   2.6650684e-02
   2.3002546e-02
   2.0048807e-02
   2.4331887e-02
   2.4264194e-02
   3.2360612e-02
   2.5383447e-02
   2.5210016e-02
   2.6037932e-02
   2.5401270e-02
   2.5132546e-02
   2.6482236e-02
   2.7521010e-02
   2.4550196e-02
   3.2032713e-02
   2.3494921e-02
   2.2001725e-02
   3.2257275e-02
   1.9431721e-02
   2.4307221e-02
   3.0685542e-02
   2.4793789e-02
   2.8784254e-02
   2.8797234e-02
   2.2423284e-02
   2.9170048e-02
   2.3609279e-02
   2.2863389e-02
   2.1571277e-02
   2.3628693e-02
   2.0815403e-02
   3.0735554e-02
   2.3059377e-02
   2.5799890e-02
   2.5223865e-02
   2.8333132e-02
   2.9852847e-02
   2.7544979e-02
   2.8162342e-02
   2.8531561e-02
   2.9970105e-02
   2.2481168e-02
   2.9189758e-02
   2.5643151e-02
   2.0061764e-02
   2.5265947e-02
   2.3921629e-02
   2.1042062e-02
   2.3675314e-02
   1.9860813e-02
   2.5516065e-02
   2.6137093e-02
   2.5798933e-02
   2.6209012e-02
   1.9236022e-02
   2.4862899e-02
   2.4135715e-02
   2.4816146e-02
   2.2067200e-02
   2.6322465e-02
   2.2502529e-02
   2.3534343e-02
   2.0617854e-02
   2.4132718e-02
   2.3282156e-02
   3.1307666e-02
   2.2224948e-02
   2.4534156e-02
   2.8732783e-02
   2.2565338e-02
   2.9143537e-02
   2.5326318e-02
   2.3777072e-02
   2.3766890e-02
   1.9297420e-02
   2.3782564e-02
   2.7324286e-02
   2.5707374e-02
   2.4199443e-02
   2.2463638e-02
   2.6706505e-02
   2.7323656e-02
   2.7096318e-02
   2.8644600e-02
   2.8563327e-02
   2.0361648e-02
   2.2397904e-02
   2.1284704e-02
   2.8734337e-02
   2.9521362e-02
   2.4021767e-02
   2.3511988e-02
   2.1083810e-02
   2.2986007e-02
   2.3622721e-02
   2.4467495e-02
   2.1691086e-02
   2.3777637e-02
   2.4573800e-02
   2.1869379e-02
   2.2919500e-02
   2.5688124e-02
   2.0709941e-02
   2.8140205e-02
   2.4627076e-02
   1.9279073e-02
   2.2865835e-02
   3.2723869e-02
   2.8967724e-02
   3.0340318e-02
   2.3415640e-02
   2.3328477e-02
   2.7451789e-02
   2.0929606e-02
   2.5213087e-02
   2.5435952e-02
   3.1190654e-02
   2.1149452e-02
   2.5271182e-02
   2.4750276e-02
   2.5468980e-02
   2.4910270e-02
   2.2032278e-02
   2.5901826e-02
   2.3772735e-02
   2.8138608e-02
   2.3145154e-02
   3.2171946e-02
   2.8057594e-02
   2.4740621e-02
   2.4778814e-02
   2.5944699e-02
   2.4997321e-02
   2.3561396e-02
   2.3030691e-02
   2.3881207e-02
   2.5300260e-02
   2.5677802e-02
   2.4022523e-02
   2.6841188e-02
   2.3763705e-02
   2.3158222e-02
   2.1187839e-02
   2.2463483e-02
   2.8700208e-02
   2.8105477e-02
   2.2436833e-02
   2.4965083e-02
   2.4729923e-02
   2.4279465e-02
   2.4230426e-02
   2.8252838e-02
   2.3912631e-02
   2.1224825e-02
   2.7552690e-02
   2.1912888e-02
   2.6895282e-02
   2.2794323e-02
   2.2406072e-02
   2.6025592e-02
   2.2821541e-02
   2.0011728e-02
   2.4685935e-02
   1.9298647e-02
   2.1569566e-02
   2.5860005e-02
   2.2698180e-02
   2.3923589e-02
   2.9960964e-02
   2.6159779e-02
   2.6081423e-02
   2.1169718e-02
   2.5091611e-02
   2.9823431e-02
   2.6935714e-02
   2.3424399e-02
   2.3916295e-02
   2.4917654e-02
   2.5372750e-02
   2.6602151e-02
   2.1983936e-02
   3.2083094e-02
   2.2694264e-02
   2.4598547e-02
   3.2158281e-02
   2.6414171e-02
   2.4961511e-02
   2.6658075e-02
   2.1696149e-02
   2.8176882e-02
   2.6194409e-02
   2.3699820e-02
   2.3272385e-02
   2.4952340e-02
   2.1450772e-02
   2.2618069e-02
   2.6976679e-02
   2.2812365e-02
   3.1408067e-02
   2.4923702e-02
   2.5276527e-02
   2.1051634e-02
   2.6440066e-02
   2.7366319e-02
   2.6518202e-02
   2.0588019e-02
   2.7671851e-02
   2.5068493e-02
   2.5807668e-02
   2.5274802e-02
   2.5825051e-02
   2.2005855e-02
   2.3815447e-02
   2.5549318e-02
   2.6731799e-02
   2.7763384e-02
   2.1383262e-02
   2.3254618e-02
   2.7832143e-02
   2.5990360e-02
   2.7021935e-02
   2.1259384e-02
   2.7509423e-02
   2.9547114e-02
   2.7406748e-02
   2.1437837e-02
   3.1324652e-02
   2.4179998e-02
   2.7961726e-02
   2.5702089e-02
   2.4129654e-02
   2.2872029e-02
   2.4706946e-02
   2.4054014e-02
   2.2527929e-02
   2.7980891e-02
   2.9568956e-02
   2.3680951e-02
   2.4126678e-02
   2.2242783e-02
   3.0700870e-02
   2.4102212e-02
   2.8407795e-02
   3.0013200e-02
   3.0149382e-02
   2.6082600e-02
   2.2684937e-02
   2.2770366e-02
   2.1210014e-02
   3.1863755e-02
   2.4197504e-02
   2.4220936e-02
   2.4005291e-02
   2.2130787e-02
   3.2501350e-02
   2.0581883e-02
   2.3204666e-02
   1.9663992e-02
   2.1562601e-02
   2.2842098e-02
   2.7919447e-02
   2.8710622e-02
   2.2638128e-02
   2.8315804e-02
   2.2884963e-02
   3.1962766e-02
   2.3986668e-02
   2.5227958e-02
   2.3405453e-02
   2.8296930e-02
   2.4877448e-02
   2.7014189e-02
   2.7118580e-02
