   3.2568145e-02
   3.1878598e-02
   3.2043518e-02
   3.2274213e-02
   3.1938164e-02
   3.2911908e-02
   3.2224720e-02
   3.2616471e-02
   3.3149858e-02
   3.1883852e-02
   3.2035699e-02
   3.2365956e-02
   3.3261174e-02
   3.2805722e-02
   3.3174789e-02
   3.2921950e-02
   3.1504525e-02
   3.3112752e-02
   3.1608261e-02
   3.2006552e-02
   3.1632872e-02
   3.1991429e-02
   3.1643003e-02
   3.2889039e-02
   3.3227501e-02
   3.2375742e-02
   3.3211151e-02
   3.2903952e-02
   3.3339401e-02
   3.2742290e-02
   3.2468224e-02
   3.2349328e-02
   3.2692249e-02
   3.3032855e-02
   3.1903158e-02
   3.2309083e-02
   3.1835744e-02
   3.2959505e-02
   3.2720921e-02
   3.2067807e-02
   3.2417729e-02
   3.2916909e-02
   3.1897151e-02
   3.2470069e-02
   3.1583720e-02
   3.1862722e-02
   3.1671335e-02
   3.2358772e-02
   3.1695124e-02
   3.3229062e-02
   3.3333719e-02
   3.2605700e-02
   3.3073844e-02
   3.2250109e-02
   3.2220915e-02
   3.3322442e-02
   3.1672678e-02
   3.1622750e-02
   3.1520470e-02
   3.2497099e-02
   3.3331716e-02
   3.2863151e-02
   3.2515258e-02
   3.2622347e-02
   3.2564970e-02
   3.3341191e-02
   3.2510420e-02
   3.2438611e-02
   3.2225816e-02
   3.3273816e-02
   3.1524458e-02
   3.2147067e-02
   3.3166697e-02
   3.3078910e-02
   3.2478798e-02
   3.2623793e-02
   3.2325721e-02
   3.2566951e-02
   3.1578647e-02
   3.2861694e-02
   3.1593533e-02
   3.2906529e-02
   3.3005850e-02
   3.1524079e-02
   3.2177469e-02
   3.3223275e-02
   3.2132127e-02
   3.1986808e-02
   3.2597405e-02
   3.2219993e-02
   3.3128393e-02
   3.2138110e-02
   3.3000497e-02
   3.2315642e-02
   3.2801494e-02
   3.1474828e-02
   3.1719300e-02
   3.1704903e-02
   3.1878925e-02
   3.2855727e-02
   3.1738404e-02
   3.2581322e-02
   3.2902912e-02
   3.1701026e-02
   3.2215502e-02
   3.3172375e-02
   3.1989908e-02
   3.1740236e-02
   3.1625058e-02
   3.3011993e-02
   3.2255481e-02
   3.3199662e-02
   3.3198133e-02
   3.3336994e-02
   3.1683872e-02
   3.2951602e-02
   3.2606439e-02
   3.2410357e-02
   3.1897270e-02
   3.3021899e-02
   3.3042359e-02
   3.3311609e-02
   3.3335643e-02
   3.3000513e-02
   3.3292959e-02
   3.2618700e-02
   3.3186068e-02
   3.1751951e-02
   3.3115418e-02
   3.2803182e-02
   3.1741987e-02
   3.3022047e-02
   3.1875658e-02
   3.2252469e-02
   3.3340780e-02
   3.1481072e-02
   3.2104216e-02
   3.2522897e-02
   3.1649420e-02
   3.2109970e-02
   3.2486158e-02
   3.2020173e-02
   3.3311877e-02
   3.2597857e-02
   3.3086149e-02
   3.3160498e-02
   3.2505936e-02
   3.2934663e-02
   3.1667510e-02
   3.2616618e-02
   3.3152089e-02
   3.2256518e-02
   3.2916569e-02
   3.1965084e-02
   3.2451190e-02
   3.2886256e-02
   3.2763551e-02
   3.3006217e-02
   3.2214687e-02
   3.2403558e-02
   3.3109472e-02
   3.1809282e-02
   3.3179823e-02
   3.3135515e-02
   3.2229809e-02
   3.1806934e-02
   3.1604022e-02
   3.2082675e-02
   3.2298703e-02
   3.3338888e-02
   3.3223374e-02
   3.2400217e-02
   3.2750322e-02
   3.2240904e-02
   3.2522980e-02
   3.1790831e-02
   3.2413124e-02
   3.3151853e-02
   3.3332349e-02
   3.2109589e-02
   3.3188750e-02
   3.1548385e-02
   3.3209982e-02
   3.2596914e-02
   3.3042434e-02
   3.3336953e-02
   3.2834516e-02
   3.2574293e-02
   3.2238436e-02
   3.2833482e-02
   3.3292606e-02
   3.2611500e-02
   3.2117958e-02
   3.2967038e-02
   3.2584544e-02
   3.3208128e-02
   3.3248203e-02
   3.2126822e-02
   3.2350429e-02
   3.1537456e-02
   3.1869451e-02
   3.2453544e-02
   3.3332479e-02
   3.2349895e-02
   3.2524033e-02
   3.1982600e-02
   3.2342660e-02
   3.1665529e-02
   3.3343126e-02
   3.1774823e-02
   3.2738136e-02
   3.2847227e-02
   3.2079693e-02
   3.1795198e-02
   3.2778403e-02
   3.2407901e-02
   3.1539933e-02
   3.1500048e-02
   3.3333229e-02
   3.2609129e-02
   3.1754048e-02
   3.2063289e-02
   3.2828789e-02
   3.2913431e-02
   3.3337996e-02
   3.3030432e-02
   3.2530266e-02
   3.3190377e-02
   3.3064539e-02
   3.1835358e-02
   3.2811619e-02
   3.2996692e-02
   3.1570683e-02
   3.3145767e-02
   3.2833736e-02
   3.3103160e-02
   3.3121296e-02
   3.1547764e-02
   3.1813585e-02
   3.1874816e-02
   3.3064583e-02
   3.1893859e-02
   3.2194850e-02
   3.1949701e-02
   3.2092213e-02
   3.1711832e-02
   3.3341695e-02
   3.2313061e-02
   3.2868785e-02
   3.3149754e-02
   3.3334756e-02
   3.1522674e-02
   3.1572437e-02
   3.2948029e-02
   3.1507384e-02
   3.1522071e-02
   3.1615461e-02
   3.1696831e-02
   3.3243015e-02
   3.2303464e-02
   3.3316313e-02
   3.1459000e-02
   3.1669383e-02
   3.2322822e-02
   3.3322599e-02
   3.2392513e-02
   3.2918365e-02
   3.2769137e-02
   3.3316036e-02
   3.2136990e-02
   3.2916013e-02
   3.3178140e-02
   3.2209921e-02
   3.3211451e-02
   3.3328046e-02
   3.3073269e-02
   3.3014577e-02
   3.1907003e-02
   3.2064744e-02
   3.2174103e-02
   3.2308713e-02
   3.1721704e-02
   3.2601568e-02
   3.2940751e-02
   3.2337366e-02
   3.2380689e-02
   3.2187109e-02
   3.3320001e-02
   3.1905674e-02
   3.3024444e-02
   3.2458754e-02
   3.2386196e-02
   3.1587685e-02
   3.1620413e-02
   3.2582461e-02
   3.2248378e-02
   3.2872307e-02
   3.2783799e-02
   3.2857169e-02
   3.1649181e-02
