   3.3210764e-02
   3.3285564e-02
   3.3419650e-02
   3.3556500e-02
   3.3067843e-02
   3.3013071e-02
   3.3568497e-02
   3.2958810e-02
   3.3873048e-02
   3.3501095e-02
   3.3524775e-02
   3.2893937e-02
   3.2923346e-02
   3.3523509e-02
   3.2952194e-02
   3.3313731e-02
   3.3065954e-02
   3.3163684e-02
   3.3167696e-02
   3.3536279e-02
   3.3246611e-02
   3.3402229e-02
   3.3125031e-02
   3.3126919e-02
   3.3186005e-02
   3.3041937e-02
   3.3703905e-02
   3.3399083e-02
   3.2689933e-02
   3.3110334e-02
   3.2704648e-02
   3.3328894e-02
   3.3170241e-02
   3.3455362e-02
   3.3321768e-02
   3.3470135e-02
   3.3068482e-02
   3.3106275e-02
   3.3573748e-02
   3.3135267e-02
   3.3473373e-02
   3.3093848e-02
   3.3181867e-02
   3.3327741e-02
   3.3218338e-02
   3.3152851e-02
   3.3308249e-02
   3.3087062e-02
   3.3183245e-02
   3.3074479e-02
   3.3711269e-02
   3.2954876e-02
   3.3651656e-02
   3.3312516e-02
   3.3152162e-02
   3.3225598e-02
   3.3087908e-02
   3.3184561e-02
   3.3079259e-02
   3.3154936e-02
   3.3718150e-02
   3.2610862e-02
   3.3368238e-02
   3.3105956e-02
   3.3809916e-02
   3.3250974e-02
   3.3185660e-02
   3.3415782e-02
   3.2941589e-02
   3.3341888e-02
   3.3020224e-02
   3.3057397e-02
   3.3097243e-02
   3.3093495e-02
   3.3073720e-02
   3.3050343e-02
   3.3707290e-02
   3.3179686e-02
   3.3202918e-02
   3.2858968e-02
   3.3155338e-02
   3.3180423e-02
   3.3180234e-02
   3.3073347e-02
   3.3070483e-02
   3.2982835e-02
   3.3057411e-02
   3.3037908e-02
   3.3660283e-02
   3.2933062e-02
   3.3005827e-02
   3.3058427e-02
   3.3431891e-02
   3.3411597e-02
   3.2982465e-02
   3.3066297e-02
   3.3362487e-02
   3.3739130e-02
   3.3436085e-02
   3.3286547e-02
   3.3063367e-02
   3.3127016e-02
   3.3303883e-02
   3.3242411e-02
   3.3123481e-02
   3.3149334e-02
   3.3160565e-02
   3.3084664e-02
   3.3351656e-02
   3.3558447e-02
   3.3476238e-02
   3.3172632e-02
   3.3398260e-02
   3.3122530e-02
   3.3423080e-02
   3.3270107e-02
   3.3032013e-02
   3.3147879e-02
   3.3028199e-02
   3.3187616e-02
   3.3123209e-02
   3.3386932e-02
   3.3365980e-02
   3.3045430e-02
   3.3047466e-02
   3.3619933e-02
   3.2816908e-02
   3.3193762e-02
   3.3080313e-02
   3.3010041e-02
   3.3571102e-02
   3.3177357e-02
   3.3001016e-02
   3.3110448e-02
   3.3432905e-02
   3.3064729e-02
   3.3174285e-02
   3.3330718e-02
   3.3373620e-02
   3.3462334e-02
   3.3884777e-02
   3.3296847e-02
   3.3706420e-02
   3.3466701e-02
   3.3171102e-02
   3.3118696e-02
   3.3058522e-02
   3.3746900e-02
   3.3164910e-02
   3.3519728e-02
   3.3000959e-02
   3.3132477e-02
   3.3103348e-02
   3.3153058e-02
   3.3313044e-02
   3.3097858e-02
   3.3229011e-02
   3.3186999e-02
   3.3766451e-02
   3.2813773e-02
   3.4030457e-02
   3.3759345e-02
   3.3022872e-02
   3.2839634e-02
   3.3680696e-02
   3.3747710e-02
   3.3234386e-02
   3.2855062e-02
   3.3179282e-02
   3.3891714e-02
   3.3773007e-02
   3.3748985e-02
   3.3726419e-02
   3.3231210e-02
   3.3535870e-02
   3.3575539e-02
   3.3360902e-02
   3.3124154e-02
   3.3105872e-02
   3.3189252e-02
   3.3044848e-02
   3.3332608e-02
   3.3117668e-02
   3.3569616e-02
   3.3253051e-02
   3.3470610e-02
   3.3185761e-02
   3.3144400e-02
   3.3699785e-02
   3.2855247e-02
   3.3092219e-02
   3.3998323e-02
   3.3081395e-02
   3.3132447e-02
   3.3901766e-02
   3.3672475e-02
   3.3717164e-02
   3.3100737e-02
   3.3055324e-02
   3.3191878e-02
   3.3143825e-02
   3.3078540e-02
   3.3104310e-02
   3.3083204e-02
   3.3077554e-02
   3.3137648e-02
   3.3876998e-02
   3.2992989e-02
   3.3078486e-02
   3.3733840e-02
   3.3112833e-02
   3.3086518e-02
   3.3120243e-02
   3.3087742e-02
   3.3143745e-02
   3.3189252e-02
   3.2853552e-02
   3.3443467e-02
   3.3084005e-02
   3.3191747e-02
   3.3076812e-02
   3.2898149e-02
   3.3802425e-02
   3.2877451e-02
   3.3240445e-02
   3.3080806e-02
   3.3200737e-02
   3.3386445e-02
   3.3655999e-02
   3.3379209e-02
   3.3159125e-02
   3.2858461e-02
   3.2810921e-02
   3.3714148e-02
   3.3063415e-02
   3.3638701e-02
   3.3300591e-02
   3.4018218e-02
   3.3123339e-02
   3.3060989e-02
   3.3044609e-02
   3.3111879e-02
   3.3346972e-02
   3.3063541e-02
   3.3921032e-02
   3.3124676e-02
   3.3063640e-02
   3.3102380e-02
   3.3174926e-02
   3.3568141e-02
   3.3428497e-02
   3.3935985e-02
   3.3998953e-02
   3.3157210e-02
   3.3055786e-02
   3.3581133e-02
   3.3110339e-02
   3.3699074e-02
   3.3307573e-02
   3.3871886e-02
   3.2737307e-02
   3.2929722e-02
   3.3790059e-02
   3.3506769e-02
   3.3098155e-02
   3.3055650e-02
   3.3491129e-02
   3.3135967e-02
   3.3335148e-02
   3.3184491e-02
   3.3128281e-02
   3.2728768e-02
   3.3436896e-02
   3.3877856e-02
   3.3118898e-02
   3.3047529e-02
   3.3444600e-02
   3.3078592e-02
   3.3468070e-02
   3.3109894e-02
   3.3385902e-02
   3.3576113e-02
   3.3090731e-02
   3.3249500e-02
   3.3387038e-02
   3.2570025e-02
   3.3112388e-02
   3.4009037e-02
   3.3126153e-02
   3.3115944e-02
   3.3178465e-02
   3.3054914e-02
   3.3130391e-02
   3.3240410e-02
   3.3027309e-02
   3.3180695e-02
   3.3630971e-02
   3.3140871e-02
   3.3548475e-02
   3.3779969e-02
