   4.6698534e-02
   4.9044240e-02
   5.0934635e-02
   5.0578797e-02
   4.5762961e-02
   5.0031137e-02
   4.8983470e-02
   4.4627290e-02
   4.9939807e-02
   4.4636552e-02
   4.9043727e-02
   4.6197718e-02
   4.5689085e-02
   4.3884185e-02
   4.4880613e-02
   4.9602986e-02
   4.5066244e-02
   4.4062580e-02
   5.1637870e-02
   4.8363108e-02
   4.3219663e-02
   4.6743438e-02
   4.3274556e-02
   4.6054310e-02
   4.7926886e-02
   5.0579110e-02
   4.9315977e-02
   4.7563429e-02
   4.8423335e-02
   5.1794264e-02
   4.3920722e-02
   4.5524823e-02
   4.3631260e-02
   4.3436872e-02
   4.7556591e-02
   4.6714145e-02
   5.0521579e-02
   4.3960176e-02
   4.3324978e-02
   4.5578936e-02
   4.4449492e-02
   4.4490589e-02
   4.3101465e-02
   5.1667777e-02
   4.4515203e-02
   4.6156359e-02
   4.3219413e-02
   4.6534293e-02
   4.8913067e-02
   4.3862837e-02
   4.7015931e-02
   4.9606843e-02
   4.4950859e-02
   4.4145568e-02
   4.5320456e-02
   4.3493718e-02
   4.5741092e-02
   4.7262989e-02
   4.3399835e-02
   4.8055881e-02
   4.7030155e-02
   4.2963650e-02
   4.8701938e-02
   4.8488873e-02
   4.7537295e-02
   4.9574364e-02
   4.3090330e-02
   4.5501061e-02
   4.6286703e-02
   5.0121320e-02
   4.8078505e-02
   4.6126853e-02
   4.6013223e-02
   4.8313998e-02
   4.3306643e-02
   4.7889728e-02
   4.7747686e-02
   4.8388990e-02
   5.1562403e-02
   4.7282664e-02
   4.5554212e-02
   4.8082865e-02
   4.8551465e-02
   4.6035800e-02
   5.0593940e-02
   4.3391736e-02
   4.3089415e-02
   4.4951399e-02
   4.5532462e-02
   4.8875652e-02
   5.0537936e-02
   4.8935738e-02
   4.7129098e-02
   5.1362875e-02
   4.4834755e-02
   4.7451490e-02
   4.7710011e-02
   4.8382591e-02
   4.7737842e-02
   4.5342974e-02
   4.5520810e-02
   4.3969917e-02
   4.7708068e-02
   4.7549058e-02
   4.9660135e-02
   4.4534437e-02
   4.4115455e-02
   4.8238021e-02
   4.5425873e-02
   4.8726036e-02
   4.3803486e-02
   4.6919924e-02
   4.5847910e-02
   4.3984105e-02
   4.5709965e-02
   4.3134390e-02
   4.5483156e-02
   4.4696606e-02
   4.6037312e-02
   4.5097695e-02
   4.6755493e-02
   5.1158862e-02
   4.5643718e-02
   4.6200704e-02
   4.6036045e-02
   4.5667111e-02
   4.7587100e-02
   4.6919750e-02
   4.7205413e-02
   4.4263422e-02
   5.0895447e-02
   4.9128682e-02
   5.0383234e-02
   4.6656960e-02
   4.7596719e-02
   4.6702332e-02
   4.8902371e-02
   4.5154814e-02
   4.3765425e-02
   5.0351028e-02
   4.4735680e-02
   4.9763770e-02
   4.6418558e-02
   4.6268687e-02
   5.0442726e-02
   4.5399999e-02
   4.9043379e-02
   4.9762348e-02
   4.7003253e-02
   4.5481272e-02
   4.9624255e-02
   5.0218521e-02
   4.5191385e-02
   4.3449356e-02
   4.6509704e-02
   4.8746876e-02
   4.6065955e-02
   4.9412296e-02
   4.8058614e-02
   4.3040007e-02
   4.3377425e-02
   4.7476443e-02
   5.0925704e-02
   4.3863801e-02
   4.7862876e-02
   4.5895198e-02
   4.9664685e-02
   4.7467264e-02
   5.1705070e-02
   4.8159979e-02
   4.4374540e-02
   4.3375248e-02
   4.3701068e-02
   5.1719684e-02
   5.1378781e-02
   5.0259958e-02
   4.9193481e-02
   4.7476504e-02
   4.3180276e-02
   4.9514354e-02
   4.6744489e-02
   4.6484312e-02
   5.0901726e-02
   4.4925867e-02
   4.3936980e-02
   4.3040188e-02
   4.4709535e-02
   4.9557014e-02
   4.3188703e-02
   5.0401177e-02
   4.5962504e-02
   4.4369613e-02
   4.5367149e-02
   4.3501666e-02
   4.4519754e-02
   4.5590800e-02
   4.8052853e-02
   4.7803859e-02
   4.5453802e-02
   4.3321995e-02
   4.6973832e-02
   4.7325624e-02
   4.8912846e-02
   5.1060984e-02
   4.2948732e-02
   4.4003768e-02
   5.0798065e-02
   4.3366157e-02
   4.5799638e-02
   4.5099119e-02
   4.4326898e-02
   4.5828351e-02
   4.5188824e-02
   4.3413119e-02
   4.3680166e-02
   4.6706731e-02
   4.7109046e-02
   4.5699527e-02
   4.7586348e-02
   4.5690438e-02
   4.9808996e-02
   5.0122275e-02
   4.4961976e-02
   4.3083631e-02
   4.5910363e-02
   4.6718182e-02
   4.5599016e-02
   4.8535193e-02
   4.5311440e-02
   4.4852970e-02
   4.9019936e-02
   4.6374043e-02
   4.8848816e-02
   4.6666572e-02
   4.3494713e-02
   4.7535799e-02
   4.6567526e-02
   4.8324670e-02
   4.5192435e-02
   4.8791962e-02
   5.0321109e-02
   4.3073387e-02
   4.8958923e-02
   4.8468275e-02
   5.0298470e-02
   4.4772434e-02
   4.9758441e-02
   4.9497412e-02
   4.9516785e-02
   4.3445294e-02
   4.8001009e-02
   5.0400676e-02
   4.5267647e-02
   4.4939101e-02
   4.7402937e-02
   4.9797681e-02
   4.8909926e-02
   4.4222346e-02
   5.0017005e-02
   4.8480627e-02
   4.3275319e-02
   5.1056773e-02
   4.7354211e-02
   4.7181043e-02
   4.5543276e-02
   4.8837278e-02
   4.5331381e-02
   4.4475862e-02
   4.3921941e-02
   4.3482259e-02
   4.4192793e-02
   4.9894860e-02
   4.5657997e-02
   4.9019978e-02
   5.0626873e-02
   4.7054997e-02
   4.6391012e-02
   4.4649676e-02
   4.5989043e-02
   5.1841481e-02
   4.5200194e-02
   4.3745063e-02
   4.7012057e-02
   4.8848676e-02
   4.5453965e-02
   4.3235204e-02
   5.0193760e-02
   4.8202832e-02
   4.3862212e-02
   4.8132165e-02
   4.4310672e-02
   5.0593900e-02
   5.1637346e-02
   4.7243882e-02
   4.4978562e-02
   4.6554989e-02
   4.2937838e-02
   4.6055584e-02
   4.7344234e-02
   5.0493651e-02
