   6.1996073e-02
   6.9457355e-02
   6.0264518e-02
   6.3995811e-02
   6.2971553e-02
   6.9105662e-02
   7.2532999e-02
   5.4816299e-02
   6.1801196e-02
   7.1034295e-02
   7.3891609e-02
   7.1173944e-02
   5.8624323e-02
   5.4289428e-02
   6.4796112e-02
   6.3625450e-02
   6.7282801e-02
   6.0450404e-02
   6.8598192e-02
   7.2715103e-02
   7.7299522e-02
   6.9894648e-02
   6.5939722e-02
   6.4948551e-02
   6.8990914e-02
   6.4628912e-02
   7.0827949e-02
   7.4305581e-02
   5.9165000e-02
   7.2015148e-02
   6.0141083e-02
   5.7236018e-02
   5.5968005e-02
   5.5569095e-02
   7.0970621e-02
   7.8546443e-02
   6.7603262e-02
   7.9882273e-02
   7.1044421e-02
   6.8133033e-02
   7.1044913e-02
   5.8805827e-02
   6.7859869e-02
   7.4508831e-02
   5.2918457e-02
   6.5541436e-02
   6.4006960e-02
   6.0153754e-02
   7.5459500e-02
   5.8117645e-02
   7.1124972e-02
   5.7716973e-02
   5.9377788e-02
   6.3590843e-02
   6.8617924e-02
   7.9909898e-02
   7.0790304e-02
   6.0773931e-02
   6.2959329e-02
   6.8404551e-02
   6.0944345e-02
   7.2576878e-02
   6.7197801e-02
   7.8400488e-02
   6.7314801e-02
   6.3336370e-02
   6.9113755e-02
   5.9514421e-02
   7.0169072e-02
   7.4533038e-02
   7.1948940e-02
   6.8336631e-02
   6.1586268e-02
   7.5850140e-02
   6.9591214e-02
   6.8863333e-02
   6.7222053e-02
   8.1031861e-02
   6.8136674e-02
   6.4294523e-02
   5.3197214e-02
   5.7655739e-02
   5.4838870e-02
   6.6071965e-02
   6.3172369e-02
   7.4259851e-02
   6.4821696e-02
   6.2625277e-02
   6.6287782e-02
   7.2048558e-02
   6.7103214e-02
   7.2858929e-02
   7.1375588e-02
   7.5225198e-02
   7.0932497e-02
   6.2026197e-02
   7.0183277e-02
   6.9129564e-02
   6.1187338e-02
   6.9348854e-02
   7.1047835e-02
   6.1851591e-02
   6.0260782e-02
   7.0941349e-02
   6.1528061e-02
   6.2624344e-02
   7.6876918e-02
   5.7544364e-02
   8.1039856e-02
   6.9078328e-02
   8.0600948e-02
   6.8182423e-02
   6.8765778e-02
   7.2051992e-02
   6.5495654e-02
   8.0683175e-02
   7.4221568e-02
   7.0536405e-02
   7.5880395e-02
   7.4557873e-02
   6.5977732e-02
   6.8213408e-02
   5.7054860e-02
   7.7628426e-02
   6.3909868e-02
   5.8136184e-02
   7.2223437e-02
   6.3757180e-02
   7.1354082e-02
   7.2049744e-02
   6.7414962e-02
   7.2273506e-02
   6.6924091e-02
   7.1251634e-02
   7.2422845e-02
   5.8248514e-02
   7.1649556e-02
   6.3372373e-02
   6.0651237e-02
   6.9353615e-02
   6.5688738e-02
   7.2871820e-02
   8.0055633e-02
   7.8490803e-02
   7.6747477e-02
   7.3633620e-02
   5.6462769e-02
   6.7338316e-02
   6.1756676e-02
   6.9148985e-02
   6.2272556e-02
   6.8989831e-02
   5.8871509e-02
   6.8906473e-02
   7.4080924e-02
   6.7995696e-02
   7.1411600e-02
   6.1553490e-02
   6.4870838e-02
   6.3388056e-02
   6.3141292e-02
   7.4071611e-02
   6.1496514e-02
   7.4092187e-02
   7.9819236e-02
   5.3854861e-02
   5.6123811e-02
   7.0990551e-02
   6.9999691e-02
   5.3571313e-02
   6.4403678e-02
   7.7540852e-02
   7.0434200e-02
   7.0188272e-02
   7.5373846e-02
   7.7321462e-02
   6.4405985e-02
   5.4117748e-02
   7.3964759e-02
   7.8676390e-02
   7.2307907e-02
   7.1159480e-02
   7.8247824e-02
   6.8904534e-02
   6.4883452e-02
   7.1207390e-02
   6.6329958e-02
   7.6269232e-02
   7.9054967e-02
   6.9842148e-02
   7.6448482e-02
   6.9676402e-02
   5.5895039e-02
   6.5423325e-02
   7.0358582e-02
   7.4922070e-02
   5.4279919e-02
   6.7929430e-02
   6.5282525e-02
   5.5837920e-02
   7.2449777e-02
   8.2116907e-02
   7.3750678e-02
   7.6309098e-02
   7.6547633e-02
   6.5088363e-02
   6.7012008e-02
   6.8682622e-02
   6.9652310e-02
   7.9510857e-02
   5.9324817e-02
   6.0362210e-02
   6.7771872e-02
   7.1653928e-02
   7.1268217e-02
   7.1874802e-02
   6.3583004e-02
   5.3456904e-02
   6.6273355e-02
   7.1511220e-02
   6.3991566e-02
   7.1720114e-02
   6.9204873e-02
   7.3740146e-02
   7.4254343e-02
   7.9343085e-02
   5.9387197e-02
   6.1081240e-02
   8.2349379e-02
   6.3430978e-02
   6.7324815e-02
   6.6859436e-02
   5.2523746e-02
   6.4134671e-02
   5.8739584e-02
   6.6595710e-02
   6.8955681e-02
   6.9657839e-02
   6.4203120e-02
   5.8264409e-02
   8.1713103e-02
   7.9311705e-02
   7.1408765e-02
   5.9923090e-02
   6.1228910e-02
   5.5868235e-02
   6.8014921e-02
   6.8296104e-02
   6.2979834e-02
   7.4610774e-02
   8.3290835e-02
   7.1678669e-02
   7.9232960e-02
   6.7170327e-02
   6.2065515e-02
   6.3666894e-02
   6.2969965e-02
   5.1318813e-02
   7.9791848e-02
   6.8634657e-02
   6.9723530e-02
   8.0983907e-02
   6.6712656e-02
   5.7337798e-02
   7.4637909e-02
   6.2504905e-02
   6.8412912e-02
   7.2332057e-02
   7.2210415e-02
   6.7944935e-02
   6.1074730e-02
   7.3002223e-02
   7.0889007e-02
   7.1927190e-02
   7.1434584e-02
   6.4230279e-02
   7.1141788e-02
   6.5106536e-02
   6.0615646e-02
   7.6934225e-02
   6.6917306e-02
   6.2624828e-02
   6.5128852e-02
   6.6035740e-02
   8.1620639e-02
   7.2650440e-02
   6.0212057e-02
   5.5264084e-02
   7.6016264e-02
   6.8375111e-02
   6.8812636e-02
   6.2847680e-02
   6.9425570e-02
   7.9265546e-02
   7.4810149e-02
   6.9897065e-02
   6.6557029e-02
   6.5527934e-02
   6.3200723e-02
   6.9713957e-02
