   1.2029562e-01
   1.3820920e-01
   1.7235748e-01
   1.1790854e-01
   1.6981182e-01
   1.1838026e-01
   1.2313851e-01
   1.2537339e-01
   1.8961837e-01
   1.2059335e-01
   1.1961330e-01
   1.8427950e-01
   1.1840956e-01
   1.2593299e-01
   1.1793407e-01
   1.6289085e-01
   1.3862327e-01
   1.4825272e-01
   1.1586782e-01
   1.5696165e-01
   1.6398775e-01
   1.1949661e-01
   1.9033878e-01
   1.7591811e-01
   1.5203929e-01
   1.5849659e-01
   1.3274127e-01
   1.5140143e-01
   1.5139861e-01
   1.6740374e-01
   1.7813381e-01
   1.3730431e-01
   1.6508637e-01
   1.6031998e-01
   1.8599787e-01
   1.2371104e-01
   1.8446345e-01
   1.4423464e-01
   1.0755577e-01
   1.2070806e-01
   1.1215842e-01
   1.1761185e-01
   1.1627980e-01
   1.8994821e-01
   1.8277783e-01
   1.5783564e-01
   1.8544094e-01
   1.3058106e-01
   1.3479772e-01
   1.2019806e-01
   1.6166960e-01
   1.6081280e-01
   1.2654842e-01
   1.1711116e-01
   1.2148627e-01
   1.2085976e-01
   1.2777028e-01
   1.7107106e-01
   1.2239104e-01
   1.2441421e-01
   1.2100250e-01
   1.1475713e-01
   1.7613446e-01
   1.3570209e-01
   1.4775108e-01
   1.4752924e-01
   1.1348738e-01
   1.8341756e-01
   1.2036398e-01
   1.1914073e-01
   1.7988021e-01
   1.1954029e-01
   1.2604927e-01
   1.7387966e-01
   1.8955254e-01
   1.2568636e-01
   1.7526936e-01
   1.3038508e-01
   1.6365077e-01
   1.2337038e-01
   1.5118369e-01
   1.1935295e-01
   1.5902070e-01
   1.2052966e-01
   1.5565846e-01
   1.3930320e-01
   1.1425130e-01
   1.1691925e-01
   1.1998267e-01
   1.1898109e-01
   1.2141437e-01
   1.3012626e-01
   1.3064317e-01
   1.1752093e-01
   1.1830248e-01
   1.2809648e-01
   1.1693747e-01
   1.4087845e-01
   1.4744781e-01
   1.2403866e-01
   1.3119791e-01
   1.3396686e-01
   1.5962123e-01
   1.2404990e-01
   1.7389214e-01
   1.1353632e-01
   1.2477549e-01
   1.7800268e-01
   1.0352345e-01
   1.0382333e-01
   1.8971804e-01
   1.0678240e-01
   1.6211200e-01
   1.6199063e-01
   1.1860650e-01
   1.1922915e-01
   1.7973140e-01
   1.8765399e-01
   1.8502397e-01
   1.4868319e-01
   1.6981576e-01
   1.4580223e-01
   1.2147819e-01
   1.6793521e-01
   1.2118495e-01
   1.3129493e-01
   1.1105344e-01
   1.0194015e-01
   1.8181213e-01
   1.7408986e-01
   1.3045408e-01
   1.1224573e-01
   1.5057788e-01
   1.3523538e-01
   1.2423235e-01
   1.8220229e-01
   1.1486698e-01
   1.6740824e-01
   1.4163650e-01
   1.5297400e-01
   1.8713992e-01
   1.1699800e-01
   1.2262132e-01
   1.2125611e-01
   1.3348891e-01
   1.3058249e-01
   1.2496886e-01
   1.8749745e-01
   1.2087856e-01
   1.8396862e-01
   1.7394148e-01
   1.2186337e-01
   1.1368170e-01
   1.7033839e-01
   1.3002559e-01
   1.1734488e-01
   1.1721514e-01
   1.2031421e-01
   1.5431624e-01
   1.4754731e-01
   1.0517996e-01
   1.6090973e-01
   1.0696420e-01
   1.6431062e-01
   1.2174269e-01
   1.5325767e-01
   1.8239627e-01
   1.2504859e-01
   1.7690838e-01
   1.2672460e-01
   1.3285231e-01
   1.8518438e-01
   1.2082820e-01
   1.5107130e-01
   1.2045771e-01
   1.5514535e-01
   1.6436413e-01
   1.1998056e-01
   1.2888005e-01
   1.6320483e-01
   1.2985617e-01
   1.5150791e-01
   1.2841153e-01
   1.2871048e-01
   1.2572497e-01
   1.8069226e-01
   1.7214695e-01
   1.8644036e-01
   1.3942012e-01
   1.4228826e-01
   1.1758095e-01
   1.8487544e-01
   1.6049784e-01
   1.2045068e-01
   1.2837878e-01
   1.1763447e-01
   1.8469948e-01
   1.5802369e-01
   1.2341874e-01
   1.6996531e-01
   1.1871273e-01
   1.3349220e-01
   1.3976736e-01
   1.8903757e-01
   1.4041231e-01
   1.2501409e-01
   1.5651586e-01
   1.3295305e-01
   1.4131889e-01
   1.5347296e-01
   1.2160307e-01
   1.3888674e-01
   1.8113619e-01
   1.2475497e-01
   1.5940327e-01
   1.5844114e-01
   1.6082834e-01
   1.2070209e-01
   1.4998479e-01
   1.4369813e-01
   1.1949181e-01
   1.8401018e-01
   1.8208724e-01
   1.8290263e-01
   1.8842390e-01
   1.8196323e-01
   1.2681914e-01
   1.1817160e-01
   1.1323960e-01
   1.6986128e-01
   1.1762072e-01
   1.6113206e-01
   1.2840225e-01
   1.5999442e-01
   1.5556928e-01
   1.2124192e-01
   1.1816153e-01
   1.2298128e-01
   1.5969561e-01
   1.9077381e-01
   1.7306131e-01
   1.7835495e-01
   1.6221380e-01
   1.7845420e-01
   1.6547157e-01
   1.3372092e-01
   1.8560715e-01
   1.4741512e-01
   1.7036388e-01
   1.1805839e-01
   1.1223665e-01
   1.2409961e-01
   1.2482778e-01
   1.3220079e-01
   1.2689251e-01
   1.3971622e-01
   1.3504990e-01
   1.3918697e-01
   1.7828811e-01
   1.1592978e-01
   1.8041350e-01
   1.8358444e-01
   1.2908343e-01
   1.2036457e-01
   1.3367819e-01
   1.8801752e-01
   1.7430235e-01
   1.2495706e-01
   1.4270511e-01
   1.3342570e-01
   1.6270964e-01
   1.7314617e-01
   1.0490542e-01
   1.7180510e-01
   1.2026326e-01
   1.5418482e-01
   1.2493998e-01
   1.4267165e-01
   1.2699486e-01
   1.2354777e-01
   1.8515110e-01
   1.2895185e-01
   1.1824543e-01
   1.8391714e-01
   1.2606623e-01
   1.4652937e-01
   1.6785497e-01
   1.3897044e-01
   1.2642053e-01
   1.2544672e-01
   1.5308598e-01
   1.5209569e-01
   1.7913238e-01
   1.1842327e-01
   1.1750144e-01
   1.2937198e-01
   1.6040535e-01
   1.5123899e-01
   1.2277540e-01
   1.3221950e-01
