   3.6415867e-02
   3.6435615e-02
   3.6650781e-02
   3.6652965e-02
   3.6552773e-02
   3.7040650e-02
   3.6669780e-02
   3.6861319e-02
   3.6622600e-02
   3.6172748e-02
   3.7123458e-02
   3.6891383e-02
   3.6182005e-02
   3.6600807e-02
   3.6605639e-02
   3.7129911e-02
   3.6121907e-02
   3.6632965e-02
   3.6923505e-02
   3.7082858e-02
   3.6640475e-02
   3.7105966e-02
   3.6326184e-02
   3.6759732e-02
   3.6430534e-02
   3.6479192e-02
   3.6488903e-02
   3.6511471e-02
   3.7006504e-02
   3.6430740e-02
   3.6372061e-02
   3.6791417e-02
   3.6226628e-02
   3.6391210e-02
   3.6657724e-02
   3.6474568e-02
   3.6711738e-02
   3.6619522e-02
   3.6124635e-02
   3.7063860e-02
   3.6886726e-02
   3.6989816e-02
   3.7132957e-02
   3.6332224e-02
   3.7098424e-02
   3.7081610e-02
   3.6663010e-02
   3.6499085e-02
   3.7130306e-02
   3.7061793e-02
   3.6554628e-02
   3.6418924e-02
   3.6413481e-02
   3.6983108e-02
   3.6907400e-02
   3.6548447e-02
   3.6961928e-02
   3.6578253e-02
   3.7130311e-02
   3.6346450e-02
   3.7024881e-02
   3.6187377e-02
   3.7033892e-02
   3.6235199e-02
   3.7061800e-02
   3.7013234e-02
   3.6830355e-02
   3.7104190e-02
   3.7032461e-02
   3.6538995e-02
   3.6872616e-02
   3.7026751e-02
   3.6634268e-02
   3.6552870e-02
   3.6833666e-02
   3.6979336e-02
   3.6572612e-02
   3.6543813e-02
   3.6724464e-02
   3.6511356e-02
   3.6593496e-02
   3.7055953e-02
   3.6555621e-02
   3.7043721e-02
   3.6871875e-02
   3.7149557e-02
   3.6947146e-02
   3.6991357e-02
   3.7040670e-02
   3.6582243e-02
   3.6675513e-02
   3.6898795e-02
   3.7016122e-02
   3.6536071e-02
   3.6385540e-02
   3.6645406e-02
   3.6583774e-02
   3.7150214e-02
   3.6982824e-02
   3.7140415e-02
   3.6580827e-02
   3.6605617e-02
   3.7085644e-02
   3.7076731e-02
   3.6378419e-02
   3.6563681e-02
   3.6462046e-02
   3.7025552e-02
   3.6970521e-02
   3.6116148e-02
   3.6735555e-02
   3.6894011e-02
   3.6595957e-02
   3.7070435e-02
   3.7118328e-02
   3.6559224e-02
   3.6878718e-02
   3.6117382e-02
   3.6255596e-02
   3.7043001e-02
   3.6951116e-02
   3.6747315e-02
   3.6452402e-02
   3.6540810e-02
   3.6966555e-02
   3.6434921e-02
   3.6484894e-02
   3.7072358e-02
   3.6499978e-02
   3.7033891e-02
   3.6990074e-02
   3.6536176e-02
   3.6998840e-02
   3.6759419e-02
   3.6580770e-02
   3.6199861e-02
   3.7015240e-02
   3.7124428e-02
   3.6890197e-02
   3.7097553e-02
   3.6581513e-02
   3.6627195e-02
   3.6585777e-02
   3.6547462e-02
   3.7047359e-02
   3.6768569e-02
   3.6495249e-02
   3.6607216e-02
   3.7150656e-02
   3.7017943e-02
   3.6985789e-02
   3.6652945e-02
   3.6798262e-02
   3.6783817e-02
   3.7024892e-02
   3.6650155e-02
   3.6601912e-02
   3.6720294e-02
   3.6481195e-02
   3.6895512e-02
   3.6965309e-02
   3.7031336e-02
   3.6148395e-02
   3.7034784e-02
   3.6942565e-02
   3.6886082e-02
   3.6272964e-02
   3.6529760e-02
   3.6771990e-02
   3.7157360e-02
   3.6591582e-02
   3.6792777e-02
   3.6612036e-02
   3.7143716e-02
   3.7026976e-02
   3.6569997e-02
   3.6688622e-02
   3.6792050e-02
   3.7065069e-02
   3.7031233e-02
   3.6661638e-02
   3.7034782e-02
   3.7136230e-02
   3.7023972e-02
   3.6490786e-02
   3.6643153e-02
   3.6495019e-02
   3.6884559e-02
   3.6295850e-02
   3.6574608e-02
   3.7105821e-02
   3.6670241e-02
   3.6458585e-02
   3.6466043e-02
   3.6688275e-02
   3.6939699e-02
   3.7033891e-02
   3.7096903e-02
   3.6703558e-02
   3.7027098e-02
   3.6544419e-02
   3.6249192e-02
   3.7108933e-02
   3.6604938e-02
   3.6596007e-02
   3.7030689e-02
   3.6673900e-02
   3.7147393e-02
   3.6408900e-02
   3.7111485e-02
   3.6913650e-02
   3.6542788e-02
   3.7009643e-02
   3.7023987e-02
   3.6269453e-02
   3.7027022e-02
   3.7041373e-02
   3.7156471e-02
   3.6850626e-02
   3.7027763e-02
   3.7109461e-02
   3.7154212e-02
   3.6587084e-02
   3.7005039e-02
   3.6574569e-02
   3.6587112e-02
   3.6591155e-02
   3.6352865e-02
   3.7024520e-02
   3.7143689e-02
   3.6468512e-02
   3.7100541e-02
   3.6512663e-02
   3.6652884e-02
   3.6829931e-02
   3.6299561e-02
   3.7125585e-02
   3.6936290e-02
   3.6733554e-02
   3.6660236e-02
   3.6105367e-02
   3.6540802e-02
   3.6889821e-02
   3.6150058e-02
   3.6430422e-02
   3.6645512e-02
   3.7024865e-02
   3.6342179e-02
   3.6349487e-02
   3.6410883e-02
   3.6701156e-02
   3.7139346e-02
   3.7034309e-02
   3.6582997e-02
   3.6553109e-02
   3.7082845e-02
   3.6559453e-02
   3.7045587e-02
   3.7125427e-02
   3.6467929e-02
   3.7063898e-02
   3.6590542e-02
   3.6302500e-02
   3.6408404e-02
   3.6653908e-02
   3.6597720e-02
   3.6491183e-02
   3.7027435e-02
   3.6424566e-02
   3.6550127e-02
   3.6599320e-02
   3.7033206e-02
   3.6798926e-02
   3.7070514e-02
   3.6862465e-02
   3.6299092e-02
   3.6254400e-02
   3.6465739e-02
   3.6692844e-02
   3.7126999e-02
   3.6604226e-02
   3.6928576e-02
   3.6559444e-02
   3.6486941e-02
   3.6837063e-02
   3.6089491e-02
   3.6722548e-02
   3.6781837e-02
   3.6328386e-02
   3.6672310e-02
   3.7116134e-02
   3.6262621e-02
   3.6591718e-02
   3.6597712e-02
   3.6892313e-02
   3.7080270e-02
   3.7010871e-02
   3.6479098e-02
   3.7130033e-02
   3.7031193e-02
