   3.3553491e-02
   3.6437090e-02
   3.5564176e-02
   3.6875460e-02
   3.8620476e-02
   3.5004865e-02
   3.6169022e-02
   3.6314699e-02
   3.1992792e-02
   3.6768810e-02
   3.6734027e-02
   3.1830164e-02
   3.5372025e-02
   3.6463375e-02
   3.4053596e-02
   3.2246894e-02
   3.4012524e-02
   3.4834754e-02
   3.3215905e-02
   3.3469862e-02
   3.7193379e-02
   3.1275602e-02
   3.8887946e-02
   3.5177825e-02
   3.7899235e-02
   3.6658182e-02
   3.3351879e-02
   3.8246867e-02
   3.4496449e-02
   3.5492227e-02
   3.7563555e-02
   3.4942036e-02
   3.7511468e-02
   3.6303368e-02
   3.6031090e-02
   4.0248446e-02
   3.4960673e-02
   3.5929252e-02
   3.3091497e-02
   3.6294750e-02
   3.2843919e-02
   3.6050683e-02
   3.7737427e-02
   3.9041926e-02
   3.6439094e-02
   3.3172145e-02
   3.1324325e-02
   3.8970646e-02
   3.8541535e-02
   3.5045193e-02
   3.4437116e-02
   3.9249514e-02
   3.4529885e-02
   3.4499483e-02
   3.3820747e-02
   3.4848437e-02
   3.2972782e-02
   3.6090356e-02
   3.7058455e-02
   3.5921088e-02
   3.9383735e-02
   3.4410715e-02
   3.7220521e-02
   3.6624100e-02
   3.7808255e-02
   3.5681332e-02
   3.8584561e-02
   3.1977420e-02
   3.3038369e-02
   3.6926796e-02
   3.4363926e-02
   3.1313474e-02
   3.2080884e-02
   3.3799992e-02
   3.3597959e-02
   3.9105648e-02
   3.2663944e-02
   3.5809335e-02
   3.7450975e-02
   3.3363646e-02
   3.0563217e-02
   3.2957856e-02
   3.9012281e-02
   3.7908607e-02
   3.2138906e-02
   3.4746980e-02
   3.1600869e-02
   3.1972823e-02
   3.3097352e-02
   3.7567651e-02
   3.0892035e-02
   3.7474278e-02
   3.1952217e-02
   3.3079842e-02
   3.8762229e-02
   3.3543544e-02
   3.2039222e-02
   3.7817625e-02
   3.8953019e-02
   3.4827432e-02
   3.2638726e-02
   3.4526544e-02
   3.8998057e-02
   3.4355568e-02
   3.3359073e-02
   3.8869263e-02
   3.9831863e-02
   3.3627770e-02
   3.3350771e-02
   3.2335446e-02
   3.8641301e-02
   3.1376342e-02
   3.3840463e-02
   3.6978532e-02
   3.6986685e-02
   3.3720312e-02
   3.3388818e-02
   3.4900611e-02
   3.4016229e-02
   3.4719501e-02
   3.3650960e-02
   3.7597595e-02
   3.6581583e-02
   3.3682885e-02
   3.0883726e-02
   3.6630757e-02
   3.1719755e-02
   3.6987366e-02
   3.3712542e-02
   3.2526939e-02
   3.3723453e-02
   3.1966080e-02
   3.5980768e-02
   3.7972924e-02
   3.5218220e-02
   3.2900838e-02
   3.4066850e-02
   3.5197453e-02
   3.5105224e-02
   3.7375529e-02
   3.3421295e-02
   3.7409641e-02
   3.3702715e-02
   3.6019072e-02
   3.8199952e-02
   3.5724084e-02
   3.8799064e-02
   3.5037664e-02
   3.4612721e-02
   3.7550302e-02
   3.6928285e-02
   3.5087384e-02
   3.7653506e-02
   3.6354972e-02
   3.3229199e-02
   3.2299388e-02
   3.3749219e-02
   3.4977400e-02
   3.7278523e-02
   3.1114613e-02
   3.2861942e-02
   3.3239216e-02
   3.2765526e-02
   3.5190726e-02
   3.3988086e-02
   3.1722934e-02
   3.3117817e-02
   3.4416081e-02
   3.4857237e-02
   3.6065073e-02
   3.5967617e-02
   3.8628423e-02
   3.9551074e-02
   3.6915277e-02
   3.6151996e-02
   3.3634122e-02
   3.3756366e-02
   3.3023849e-02
   3.8598189e-02
   3.8591981e-02
   3.3750444e-02
   3.1395443e-02
   3.6716240e-02
   3.4164209e-02
   3.0368140e-02
   3.4426500e-02
   3.9247704e-02
   3.8629334e-02
   3.3076741e-02
   3.7069873e-02
   3.0708407e-02
   3.1175269e-02
   3.0878681e-02
   3.3818816e-02
   3.6804340e-02
   3.9485872e-02
   3.8698598e-02
   4.0217035e-02
   3.3507016e-02
   3.2171369e-02
   3.9743686e-02
   3.2529193e-02
   3.9027419e-02
   3.7458243e-02
   3.5270580e-02
   3.3946061e-02
   3.3936660e-02
   3.0880873e-02
   3.4067975e-02
   3.7095463e-02
   3.4822920e-02
   3.3827044e-02
   3.1712601e-02
   3.5880702e-02
   3.3739285e-02
   3.6184000e-02
   3.6549565e-02
   3.5437185e-02
   3.6436804e-02
   3.5583679e-02
   3.3186195e-02
   3.5640117e-02
   3.2263358e-02
   3.7634652e-02
   3.5574527e-02
   3.1726545e-02
   3.6540713e-02
   3.6021702e-02
   3.1054593e-02
   3.6324008e-02
   3.4862605e-02
   3.5237823e-02
   3.3368580e-02
   3.5714621e-02
   3.0855758e-02
   3.5548160e-02
   3.8108164e-02
   3.4461577e-02
   3.3040402e-02
   3.9487000e-02
   3.2431559e-02
   3.5331957e-02
   3.7452266e-02
   3.3363734e-02
   3.5717687e-02
   3.4740907e-02
   3.9158695e-02
   3.5596314e-02
   3.3146145e-02
   3.5959834e-02
   3.2705231e-02
   3.7218839e-02
   3.6197997e-02
   3.0084775e-02
   3.3654368e-02
   3.6081632e-02
   3.2053500e-02
   3.3974134e-02
   3.6472821e-02
   3.7901221e-02
   3.5231774e-02
   3.9965451e-02
   3.4580552e-02
   3.8305105e-02
   3.7856914e-02
   3.6686032e-02
   3.6439168e-02
   3.1830942e-02
   3.6838949e-02
   3.2294604e-02
   3.1134692e-02
   3.4034673e-02
   3.1988925e-02
   3.2861747e-02
   3.3971323e-02
   3.3467960e-02
   3.4480593e-02
   3.6241295e-02
   3.3524690e-02
   3.9870669e-02
   3.4490276e-02
   3.2613170e-02
   3.5687653e-02
   3.7573055e-02
   3.4043135e-02
   3.0980486e-02
   3.1774050e-02
   3.0769737e-02
   3.7212350e-02
   3.3276451e-02
   3.5580550e-02
   3.2858476e-02
   3.8369622e-02
   3.6018004e-02
   3.7649049e-02
   3.3736678e-02
   3.6596000e-02
   3.4117707e-02
   3.6245874e-02
   3.1789880e-02
