   2.0604093e-01
   2.1456435e-01
   2.1299478e-01
   2.0889248e-01
   2.1002680e-01
   2.0813154e-01
   2.1118084e-01
   2.1459592e-01
   2.0790772e-01
   2.1408808e-01
   2.1179399e-01
   2.1241047e-01
   2.0817346e-01
   2.1249790e-01
   2.1572640e-01
   2.0592716e-01
   2.0513766e-01
   2.1508114e-01
   2.1246286e-01
   2.1349419e-01
   2.0530500e-01
   2.1347964e-01
   2.1445054e-01
   2.1346192e-01
   2.0613158e-01
   2.1135728e-01
   2.1618143e-01
   2.1063952e-01
   2.0924707e-01
   2.0924418e-01
   2.0762098e-01
   2.0953983e-01
   2.0875491e-01
   2.1275891e-01
   2.1112138e-01
   2.0727941e-01
   2.1325976e-01
   2.1380456e-01
   2.1614078e-01
   2.1124634e-01
   2.0518375e-01
   2.1185393e-01
   2.1441407e-01
   2.1393014e-01
   2.1452782e-01
   2.1070945e-01
   2.1261329e-01
   2.1313637e-01
   2.1355158e-01
   2.1104400e-01
   2.1468651e-01
   2.0945594e-01
   2.1495742e-01
   2.1668076e-01
   2.1340937e-01
   2.1061353e-01
   2.1408926e-01
   2.0590574e-01
   2.0523146e-01
   2.0788155e-01
   2.1252822e-01
   2.0804029e-01
   2.1234414e-01
   2.1433606e-01
   2.1186258e-01
   2.0770402e-01
   2.1451390e-01
   2.1354422e-01
   2.1231833e-01
   2.1446116e-01
   2.1499019e-01
   2.1367879e-01
   2.0525310e-01
   2.1355247e-01
   2.1195677e-01
   2.1266451e-01
   2.1459617e-01
   2.0994838e-01
   2.0584839e-01
   2.1592707e-01
   2.0924881e-01
   2.0986401e-01
   2.1445848e-01
   2.1316021e-01
   2.1417274e-01
   2.1520179e-01
   2.1547058e-01
   2.0519130e-01
   2.1262770e-01
   2.1318247e-01
   2.0827065e-01
   2.1427172e-01
   2.0907245e-01
   2.1349933e-01
   2.0513723e-01
   2.1381761e-01
   2.0765456e-01
   2.1501712e-01
   2.0936043e-01
   2.0911086e-01
   2.0762787e-01
   2.1514671e-01
   2.0998515e-01
   2.0850905e-01
   2.1323216e-01
   2.0684759e-01
   2.1424944e-01
   2.1362230e-01
   2.0673530e-01
   2.0767216e-01
   2.0576336e-01
   2.0728133e-01
   2.0871457e-01
   2.0871449e-01
   2.1185341e-01
   2.1469404e-01
   2.1226981e-01
   2.1107559e-01
   2.0758489e-01
   2.1518921e-01
   2.0711952e-01
   2.1040191e-01
   2.1324196e-01
   2.1128467e-01
   2.0962065e-01
   2.1489817e-01
   2.1027467e-01
   2.0654866e-01
   2.1522096e-01
   2.1446204e-01
   2.1515948e-01
   2.0685663e-01
   2.0617379e-01
   2.0526428e-01
   2.1343734e-01
   2.0999378e-01
   2.1222647e-01
   2.1377817e-01
   2.0799092e-01
   2.1183777e-01
   2.1361258e-01
   2.0850877e-01
   2.0523333e-01
   2.1429287e-01
   2.0546569e-01
   2.1290902e-01
   2.0885621e-01
   2.0661854e-01
   2.1457508e-01
   2.1147495e-01
   2.0526951e-01
   2.1023486e-01
   2.1397322e-01
   2.0513887e-01
   2.1021478e-01
   2.0716387e-01
   2.1514743e-01
   2.0807306e-01
   2.1245665e-01
   2.0538781e-01
   2.1500934e-01
   2.0807422e-01
   2.0573049e-01
   2.1409774e-01
   2.0529316e-01
   2.1585534e-01
   2.1596778e-01
   2.1133901e-01
   2.0667005e-01
   2.1397387e-01
   2.1107547e-01
   2.1021393e-01
   2.1314492e-01
   2.0870345e-01
   2.1030906e-01
   2.1526614e-01
   2.1011537e-01
   2.0936552e-01
   2.0739336e-01
   2.1152492e-01
   2.0535644e-01
   2.1045324e-01
   2.1403259e-01
   2.1176651e-01
   2.0512583e-01
   2.0999429e-01
   2.0795313e-01
   2.0702961e-01
   2.1379611e-01
   2.1175680e-01
   2.0599333e-01
   2.0568400e-01
   2.1510413e-01
   2.1066179e-01
   2.1447185e-01
   2.1093338e-01
   2.1497451e-01
   2.1369781e-01
   2.1197004e-01
   2.1013584e-01
   2.0793309e-01
   2.0696602e-01
   2.0978458e-01
   2.0678917e-01
   2.0517104e-01
   2.1298374e-01
   2.1501082e-01
   2.1371289e-01
   2.1301108e-01
   2.1134922e-01
   2.1414770e-01
   2.1496643e-01
   2.1027465e-01
   2.1312997e-01
   2.1037558e-01
   2.1090943e-01
   2.0549538e-01
   2.1422458e-01
   2.0666854e-01
   2.0684874e-01
   2.0862282e-01
   2.1092211e-01
   2.1449016e-01
   2.1008510e-01
   2.0513887e-01
   2.0939663e-01
   2.1389089e-01
   2.0515719e-01
   2.0794642e-01
   2.0713827e-01
   2.1392460e-01
   2.1065604e-01
   2.1221784e-01
   2.1556510e-01
   2.1047064e-01
   2.1129731e-01
   2.1521148e-01
   2.1338358e-01
   2.0607959e-01
   2.0523949e-01
   2.0532276e-01
   2.0565966e-01
   2.1416285e-01
   2.1242570e-01
   2.1285703e-01
   2.0812606e-01
   2.1301110e-01
   2.1400615e-01
   2.1629748e-01
   2.1490703e-01
   2.0779520e-01
   2.0676398e-01
   2.1494137e-01
   2.0693717e-01
   2.1399148e-01
   2.1559146e-01
   2.1555998e-01
   2.1560048e-01
   2.0514026e-01
   2.1173349e-01
   2.0580133e-01
   2.1263328e-01
   2.0706102e-01
   2.1422638e-01
   2.1326320e-01
   2.0775603e-01
   2.0709350e-01
   2.1363996e-01
   2.0953746e-01
   2.1324349e-01
   2.0516805e-01
   2.0682185e-01
   2.0615717e-01
   2.0588276e-01
   2.0798051e-01
   2.1375603e-01
   2.0759161e-01
   2.0826753e-01
   2.0799071e-01
   2.1659549e-01
   2.0601762e-01
   2.1473003e-01
   2.1561868e-01
   2.1181794e-01
   2.1447649e-01
   2.0757618e-01
   2.1254432e-01
   2.1152707e-01
   2.1119810e-01
   2.0927863e-01
   2.0513709e-01
   2.1451387e-01
   2.0778477e-01
   2.0513854e-01
   2.0636333e-01
   2.1029110e-01
   2.1360206e-01
   2.0522282e-01
   2.0656858e-01
   2.1048287e-01
