   4.9157870e-02
   4.6454917e-02
   5.5587645e-02
   5.1375097e-02
   4.9996396e-02
   5.4394547e-02
   4.8345860e-02
   4.7869701e-02
   5.5477325e-02
   5.5298968e-02
   4.8525695e-02
   5.6935646e-02
   4.9638766e-02
   5.6410136e-02
   4.9528829e-02
   4.6927654e-02
   5.1518409e-02
   4.7848841e-02
   4.7762050e-02
   4.5026410e-02
   5.4991514e-02
   5.6392988e-02
   5.5716126e-02
   4.8850330e-02
   4.7595545e-02
   5.5676073e-02
   4.7934804e-02
   4.6713167e-02
   5.7549444e-02
   4.6247805e-02
   5.9252320e-02
   5.6244366e-02
   4.4609650e-02
   5.4085771e-02
   4.7272486e-02
   5.0029792e-02
   5.0908635e-02
   4.9655038e-02
   4.8190030e-02
   5.3564314e-02
   4.4438007e-02
   5.0644551e-02
   4.9055956e-02
   4.7856546e-02
   5.7791545e-02
   4.3119730e-02
   5.5701534e-02
   5.0706712e-02
   5.6203415e-02
   5.3680797e-02
   4.7250723e-02
   4.6591730e-02
   4.6128101e-02
   5.1698976e-02
   4.4279459e-02
   4.7119501e-02
   4.9007777e-02
   5.6279308e-02
   4.6039593e-02
   4.6839327e-02
   4.2827610e-02
   5.2121175e-02
   4.9653577e-02
   4.8836064e-02
   4.8450679e-02
   4.8841346e-02
   5.0417541e-02
   4.9036341e-02
   4.9251139e-02
   5.3004190e-02
   5.7239323e-02
   4.9234099e-02
   4.4351291e-02
   4.4407986e-02
   4.7770495e-02
   4.9168881e-02
   4.4974733e-02
   5.0736376e-02
   4.2537093e-02
   5.7188975e-02
   4.8882325e-02
   4.2895167e-02
   4.8952021e-02
   4.6489584e-02
   5.6424506e-02
   4.8801112e-02
   5.0249363e-02
   4.6417085e-02
   4.5753935e-02
   4.6629890e-02
   4.7139404e-02
   5.4730279e-02
   5.6377487e-02
   5.6376992e-02
   4.4653466e-02
   5.0645092e-02
   4.6439840e-02
   4.8391057e-02
   4.3930596e-02
   4.9243702e-02
   4.3318657e-02
   5.4128443e-02
   5.4012635e-02
   5.1481265e-02
   5.8035828e-02
   4.7804796e-02
   4.5835466e-02
   4.9876151e-02
   5.3905650e-02
   5.7104949e-02
   4.5264049e-02
   5.3697595e-02
   4.4877393e-02
   4.7771303e-02
   4.2845971e-02
   4.5908627e-02
   4.9359727e-02
   5.0957423e-02
   4.8752673e-02
   5.1411452e-02
   5.0566664e-02
   5.7301743e-02
   4.7001572e-02
   5.7161075e-02
   4.7978737e-02
   4.4865563e-02
   5.1575918e-02
   4.4327356e-02
   5.5364180e-02
   5.4979914e-02
   4.5146539e-02
   5.4339762e-02
   5.2569968e-02
   4.9876639e-02
   4.2748526e-02
   4.4674566e-02
   4.3931665e-02
   5.1221430e-02
   5.0271545e-02
   4.6417946e-02
   4.6352489e-02
   4.5833770e-02
   4.6864932e-02
   5.4671770e-02
   4.5236202e-02
   4.9926253e-02
   4.5739268e-02
   4.5868552e-02
   4.7877787e-02
   4.7690040e-02
   5.5931874e-02
   5.5963749e-02
   4.8662459e-02
   4.6847416e-02
   5.0712581e-02
   5.5902411e-02
   5.2539216e-02
   4.7059844e-02
   4.5824417e-02
   4.9579681e-02
   5.1213378e-02
   4.5981404e-02
   4.6666552e-02
   4.4672022e-02
   4.7980955e-02
   4.8442998e-02
   4.9090122e-02
   5.7042084e-02
   5.3178491e-02
   5.5821355e-02
   5.2615765e-02
   4.3219891e-02
   4.5045079e-02
   5.3325263e-02
   5.4267484e-02
   4.5685140e-02
   5.0527466e-02
   5.7997370e-02
   5.2085619e-02
   4.5109382e-02
   5.4163909e-02
   5.4403777e-02
   4.8014988e-02
   4.9795240e-02
   4.3485327e-02
   4.7130699e-02
   5.6363991e-02
   4.8497204e-02
   5.2581108e-02
   5.0893559e-02
   4.7330336e-02
   5.3769053e-02
   4.9305605e-02
   4.7982832e-02
   4.9748407e-02
   5.1001120e-02
   5.6699838e-02
   4.9725026e-02
   4.6955405e-02
   4.5724664e-02
   5.5311709e-02
   4.5578687e-02
   4.6122406e-02
   5.1497168e-02
   5.1710824e-02
   4.7139067e-02
   4.7312876e-02
   4.5633091e-02
   4.6905711e-02
   4.8042123e-02
   4.4682541e-02
   5.1381582e-02
   4.7226853e-02
   5.7951125e-02
   4.8606955e-02
   4.5365866e-02
   5.0766353e-02
   5.5969396e-02
   5.3179336e-02
   5.0124765e-02
   5.2872305e-02
   4.7522933e-02
   4.3836212e-02
   5.4317752e-02
   4.7645253e-02
   5.0886637e-02
   4.3248874e-02
   4.6685050e-02
   4.5157588e-02
   5.8107635e-02
   5.2047422e-02
   5.2953855e-02
   4.7470599e-02
   4.4222554e-02
   5.3705924e-02
   4.6395364e-02
   4.5767176e-02
   5.7450482e-02
   4.7521160e-02
   4.7447060e-02
   5.1776274e-02
   5.7919153e-02
   4.3773162e-02
   5.0540931e-02
   5.6185028e-02
   4.6386978e-02
   5.0299910e-02
   5.7248495e-02
   4.6207669e-02
   4.6664272e-02
   4.5416494e-02
   4.5163485e-02
   5.1169840e-02
   5.3543948e-02
   4.8635267e-02
   4.9845857e-02
   4.8496217e-02
   5.7048675e-02
   5.0125825e-02
   5.1217589e-02
   5.2285661e-02
   5.6512138e-02
   4.3970175e-02
   4.5606692e-02
   4.4391423e-02
   4.5444446e-02
   4.7596037e-02
   4.5802958e-02
   4.5792147e-02
   4.6782197e-02
   4.7465060e-02
   4.9828209e-02
   4.9711617e-02
   5.3044064e-02
   5.5558805e-02
   4.3146773e-02
   4.8223355e-02
   5.0979294e-02
   4.8196901e-02
   4.5494822e-02
   5.4182194e-02
   5.5392079e-02
   5.0411540e-02
   4.5584450e-02
   5.1858789e-02
   4.4516573e-02
   5.3604393e-02
   5.1709247e-02
   4.3754315e-02
   4.3138632e-02
   4.9166768e-02
   4.7680075e-02
   4.5466252e-02
   4.4481664e-02
   4.6754439e-02
   5.3369885e-02
   5.2340330e-02
   4.3935028e-02
   5.4037352e-02
   5.2342937e-02
