   2.2822550e-02
   2.1817270e-02
   2.1514569e-02
   2.1733300e-02
   2.1166338e-02
   2.0767968e-02
   1.9767125e-02
   2.0899151e-02
   2.1611456e-02
   2.0427677e-02
   2.1057066e-02
   2.0224737e-02
   2.0671021e-02
   2.2192355e-02
   2.2127473e-02
   2.1971608e-02
   2.0393551e-02
   2.1146632e-02
   2.2670532e-02
   2.0586634e-02
   2.2646091e-02
   2.1303641e-02
   1.9981522e-02
   2.1840096e-02
   2.1852488e-02
   2.1699149e-02
   2.0312842e-02
   1.9853586e-02
   2.0239041e-02
   2.0604232e-02
   2.1359255e-02
   2.3067479e-02
   2.0178354e-02
   2.1703658e-02
   2.2290427e-02
   2.1476664e-02
   2.0064210e-02
   2.1834603e-02
   2.0897014e-02
   1.9991654e-02
   2.2650951e-02
   2.1374515e-02
   1.9922720e-02
   2.2089738e-02
   1.9687717e-02
   1.9762765e-02
   2.2291830e-02
   2.1851963e-02
   2.0604843e-02
   2.1048322e-02
   2.2097235e-02
   1.9963850e-02
   2.1595690e-02
   2.2012159e-02
   2.0873506e-02
   2.1434510e-02
   2.0973810e-02
   2.0210039e-02
   2.0712233e-02
   2.2104523e-02
   2.0143939e-02
   2.0599064e-02
   2.0456483e-02
   2.0206490e-02
   2.0970500e-02
   2.2728088e-02
   2.2106668e-02
   2.1610746e-02
   2.0806163e-02
   2.0478115e-02
   2.1518221e-02
   2.2041879e-02
   2.2126326e-02
   1.9855843e-02
   2.0930024e-02
   2.0026361e-02
   2.0196421e-02
   2.2310735e-02
   2.0186071e-02
   1.9954377e-02
   2.1432713e-02
   2.0487323e-02
   2.1022329e-02
   2.2540904e-02
   2.1973304e-02
   2.1506156e-02
   2.0752111e-02
   2.1340368e-02
   2.0234943e-02
   2.1344478e-02
   2.2155057e-02
   2.1976976e-02
   2.0563901e-02
   2.0559897e-02
   2.0132386e-02
   2.1768894e-02
   2.1007030e-02
   2.0545426e-02
   2.1707244e-02
   2.0737724e-02
   2.1959542e-02
   2.2693848e-02
   2.2199868e-02
   2.0535166e-02
   2.0584472e-02
   2.2202699e-02
   2.0959237e-02
   2.1447966e-02
   2.2211639e-02
   2.2310301e-02
   2.1469104e-02
   2.1628499e-02
   2.1916369e-02
   2.2140286e-02
   2.2778176e-02
   1.9970074e-02
   2.0140705e-02
   2.0284242e-02
   2.1998372e-02
   2.0261707e-02
   2.2268268e-02
   2.1555669e-02
   2.0100366e-02
   2.2766308e-02
   2.2141193e-02
   2.2953449e-02
   2.1182008e-02
   2.1640261e-02
   2.0107589e-02
   2.1208190e-02
   2.1164744e-02
   1.9955817e-02
   2.0896761e-02
   2.1095893e-02
   2.0163663e-02
   2.1647662e-02
   1.9725329e-02
   2.0433550e-02
   2.1137993e-02
   2.0511433e-02
   2.1244441e-02
   2.0866605e-02
   2.0012614e-02
   2.2437031e-02
   2.1474655e-02
   2.1459470e-02
   2.1451814e-02
   2.2477298e-02
   2.1894708e-02
   2.1186610e-02
   1.9911244e-02
   2.0572041e-02
   2.1866358e-02
   1.9955045e-02
   2.0494686e-02
   2.2247589e-02
   2.1840167e-02
   2.0104825e-02
   2.2456260e-02
   2.0031976e-02
   2.1375880e-02
   2.0740079e-02
   2.0683441e-02
   1.9779561e-02
   2.0741203e-02
   2.1319033e-02
   2.2343466e-02
   2.0136450e-02
   2.1096552e-02
   2.0374810e-02
   2.0559070e-02
   2.0003324e-02
   1.9850399e-02
   2.0859886e-02
   2.0280658e-02
   2.2011183e-02
   2.1026726e-02
   2.2542828e-02
   2.2299874e-02
   2.1212722e-02
   1.9931192e-02
   2.2179106e-02
   2.1420929e-02
   2.2042951e-02
   2.0781148e-02
   2.1857177e-02
   2.0124682e-02
   2.2226065e-02
   2.1357499e-02
   1.9762658e-02
   2.1562190e-02
   2.1293357e-02
   1.9841867e-02
   2.0153215e-02
   2.0198091e-02
   2.0241363e-02
   2.1667761e-02
   2.1705248e-02
   2.1101047e-02
   2.1168869e-02
   2.1888498e-02
   2.2985500e-02
   2.1340537e-02
   2.1273072e-02
   2.2064839e-02
   2.1125382e-02
   2.1010864e-02
   2.2239925e-02
   2.1447968e-02
   2.1285411e-02
   2.1565960e-02
   2.1543015e-02
   2.0630551e-02
   1.9696854e-02
   2.0408556e-02
   2.2035347e-02
   2.1132105e-02
   2.0888535e-02
   2.0832355e-02
   2.2427235e-02
   2.1752985e-02
   2.1442835e-02
   2.0176274e-02
   2.0932421e-02
   2.0962464e-02
   2.0640811e-02
   2.0943277e-02
   2.0578491e-02
   2.1778209e-02
   2.0583450e-02
   2.1566657e-02
   2.0911450e-02
   2.1598691e-02
   2.2763325e-02
   2.1039524e-02
   2.2107153e-02
   2.0093749e-02
   2.1970821e-02
   1.9698233e-02
   2.0927948e-02
   1.9515272e-02
   2.2396779e-02
   2.0025882e-02
   2.0024439e-02
   2.0131698e-02
   2.1554490e-02
   2.0225700e-02
   2.0573174e-02
   2.1736076e-02
   2.0989411e-02
   2.2154979e-02
   1.9826398e-02
   2.1130420e-02
   2.1216881e-02
   2.1832806e-02
   2.2692943e-02
   1.9998598e-02
   2.0366762e-02
   1.9536048e-02
   2.2216758e-02
   2.2386471e-02
   2.1668163e-02
   2.0002237e-02
   2.0613093e-02
   2.0032803e-02
   2.0967964e-02
   2.1796758e-02
   2.1364787e-02
   2.1528207e-02
   2.1634555e-02
   2.1678519e-02
   2.2015485e-02
   2.1345226e-02
   2.0103395e-02
   2.1774272e-02
   2.0009767e-02
   2.2126979e-02
   1.9766466e-02
   2.1013939e-02
   2.1196234e-02
   2.1346140e-02
   2.1870437e-02
   2.1086341e-02
   2.0284376e-02
   2.1586457e-02
   1.9896144e-02
   2.1419703e-02
   2.1417400e-02
   2.0127193e-02
   1.9988480e-02
   1.9962686e-02
   2.0013465e-02
   2.0098111e-02
   2.2485631e-02
   1.9775752e-02
   2.2244580e-02
   1.9737168e-02
   2.2405038e-02
   2.0511876e-02
   2.1742456e-02
