   6.8081412e-02
   8.3604630e-02
   6.7652230e-02
   7.3528431e-02
   8.0120525e-02
   7.0479920e-02
   7.5300176e-02
   8.3429946e-02
   7.1331080e-02
   7.8845318e-02
   7.5721653e-02
   7.0155862e-02
   6.7344147e-02
   6.8175506e-02
   7.3437713e-02
   7.2340203e-02
   6.9727663e-02
   7.7791311e-02
   7.3788351e-02
   7.1463848e-02
   6.7730874e-02
   7.1701567e-02
   7.8289135e-02
   8.4037088e-02
   6.6472108e-02
   7.2369669e-02
   7.8022087e-02
   7.8336152e-02
   6.7319230e-02
   6.7640905e-02
   7.3642421e-02
   7.2478538e-02
   7.0051704e-02
   7.1474988e-02
   7.5451815e-02
   6.8759934e-02
   7.2920298e-02
   6.8287665e-02
   6.7280814e-02
   6.9894569e-02
   7.3470619e-02
   7.3983434e-02
   7.0848856e-02
   6.7580129e-02
   6.7885316e-02
   7.1623164e-02
   7.3656977e-02
   7.5595410e-02
   7.8392135e-02
   7.6965349e-02
   7.6279440e-02
   6.9288631e-02
   6.9663946e-02
   6.9973740e-02
   7.1100775e-02
   8.0532890e-02
   7.9603694e-02
   6.9316870e-02
   7.7518069e-02
   7.3556320e-02
   7.1640920e-02
   6.8542262e-02
   6.9490895e-02
   6.7758660e-02
   7.2477566e-02
   7.9575027e-02
   6.8950179e-02
   6.5533079e-02
   7.4856432e-02
   6.8914509e-02
   7.4382413e-02
   7.3153308e-02
   6.8021999e-02
   6.5339287e-02
   6.9310371e-02
   7.2978367e-02
   7.2481160e-02
   7.3144051e-02
   7.1004778e-02
   7.4169812e-02
   6.7601882e-02
   6.7916292e-02
   8.1176945e-02
   7.1609110e-02
   6.8863081e-02
   7.8255110e-02
   6.8879986e-02
   7.0113800e-02
   7.2694724e-02
   6.8810471e-02
   6.7371107e-02
   6.8677370e-02
   6.9785354e-02
   7.8110564e-02
   6.7322683e-02
   7.3572008e-02
   7.0945796e-02
   7.6141977e-02
   7.2693701e-02
   7.0850807e-02
   7.9016826e-02
   7.4519131e-02
   6.8227024e-02
   7.3251881e-02
   7.3470808e-02
   7.3347950e-02
   6.8504097e-02
   7.7548885e-02
   7.1213906e-02
   7.3300582e-02
   7.0847764e-02
   7.5515395e-02
   6.8219331e-02
   7.3099755e-02
   6.8003511e-02
   7.2236582e-02
   6.9356491e-02
   6.7725971e-02
   6.9505491e-02
   7.1735750e-02
   6.9135028e-02
   7.5629480e-02
   6.7712659e-02
   8.2572425e-02
   7.7582979e-02
   7.2601187e-02
   7.2030329e-02
   8.1800239e-02
   7.0820577e-02
   7.2628669e-02
   8.1328303e-02
   6.9465607e-02
   7.1525854e-02
   6.8019368e-02
   8.0511629e-02
   6.8368633e-02
   7.3071123e-02
   7.3369529e-02
   7.3551432e-02
   7.1597807e-02
   6.8079595e-02
   6.9566975e-02
   6.8728600e-02
   6.6571642e-02
   6.9429571e-02
   6.8286935e-02
   7.4517929e-02
   6.7604461e-02
   8.4108430e-02
   7.0152900e-02
   6.6321108e-02
   7.8137293e-02
   6.7632358e-02
   6.8281520e-02
   7.6918187e-02
   6.7949067e-02
   7.0444386e-02
   7.0391554e-02
   6.9708439e-02
   7.1004715e-02
   6.7492514e-02
   6.9788071e-02
   8.3525965e-02
   6.8625295e-02
   7.0109540e-02
   6.9918660e-02
   7.5278615e-02
   7.9684893e-02
   8.0667730e-02
   6.7974383e-02
   6.8040354e-02
   6.7673878e-02
   6.6900120e-02
   7.7096301e-02
   8.3195747e-02
   6.7087378e-02
   7.6076515e-02
   7.3271313e-02
   7.0237989e-02
   6.8351431e-02
   7.4488607e-02
   6.6518574e-02
   8.1191610e-02
   6.7871544e-02
   6.9520486e-02
   7.0065478e-02
   6.7974770e-02
   6.9110886e-02
   7.1576867e-02
   6.9440579e-02
   6.5836081e-02
   6.9257948e-02
   6.8166812e-02
   7.8948723e-02
   6.9455650e-02
   7.9770096e-02
   7.0070198e-02
   7.0290191e-02
   7.9149163e-02
   7.0197461e-02
   6.9746341e-02
   7.7741163e-02
   6.7827539e-02
   7.1212414e-02
   8.1186051e-02
   6.9515004e-02
   7.0646988e-02
   8.0369403e-02
   6.9351699e-02
   6.9305596e-02
   7.2647002e-02
   7.5101095e-02
   6.8064002e-02
   8.2081593e-02
   7.0510528e-02
   7.1388590e-02
   7.7736673e-02
   7.5035629e-02
   6.7770960e-02
   6.8364965e-02
   6.8004247e-02
   7.2344651e-02
   7.6193634e-02
   8.4186980e-02
   6.7219416e-02
   7.3882649e-02
   7.0671273e-02
   7.0123560e-02
   6.9838430e-02
   7.3299472e-02
   6.7514379e-02
   8.1532618e-02
   6.5766920e-02
   6.7521911e-02
   7.8579714e-02
   6.7966895e-02
   6.9585242e-02
   7.2148083e-02
   6.7512929e-02
   7.5767399e-02
   6.7517905e-02
   7.3985658e-02
   7.1033475e-02
   8.4071572e-02
   7.2824200e-02
   6.9951241e-02
   7.0982873e-02
   7.1333160e-02
   7.9247152e-02
   7.0779672e-02
   6.7814976e-02
   7.3436840e-02
   6.7529138e-02
   7.1381476e-02
   7.3197143e-02
   7.2686268e-02
   7.5929113e-02
   8.4221856e-02
   7.6782873e-02
   7.6210740e-02
   7.1380391e-02
   7.2326020e-02
   7.2120689e-02
   7.0563463e-02
   7.2353128e-02
   7.4770286e-02
   7.8742469e-02
   7.5498179e-02
   7.3939796e-02
   6.7556500e-02
   6.8242313e-02
   6.8161411e-02
   7.0996497e-02
   7.0404463e-02
   8.1532745e-02
   7.8479946e-02
   6.5024694e-02
   6.9426659e-02
   6.7271109e-02
   8.1610443e-02
   6.5990972e-02
   7.4114352e-02
   7.4519814e-02
   7.8063230e-02
   7.5403122e-02
   7.3556505e-02
   7.4464465e-02
   6.8895561e-02
   6.9030561e-02
   7.2644001e-02
   7.6585074e-02
   7.5146947e-02
   7.1216302e-02
   6.7531949e-02
   7.1971234e-02
   6.9559788e-02
   6.7877245e-02
   7.4887850e-02
   7.1511351e-02
   7.1060502e-02
