   2.7493499e-01
   2.5993898e-01
   2.7021312e-01
   2.7755098e-01
   2.7435500e-01
   2.7964713e-01
   2.7518229e-01
   2.7422614e-01
   2.7127214e-01
   2.6099559e-01
   2.7859781e-01
   2.7234126e-01
   2.6459024e-01
   2.7451284e-01
   2.6695203e-01
   2.7487885e-01
   2.6115961e-01
   2.7525174e-01
   2.7922109e-01
   2.7386175e-01
   2.6491803e-01
   2.7574899e-01
   2.7585658e-01
   2.7254916e-01
   2.7881550e-01
   2.7302655e-01
   2.7278578e-01
   2.7376789e-01
   2.7896859e-01
   2.6600569e-01
   2.7834736e-01
   2.7139326e-01
   2.6892852e-01
   2.7131418e-01
   2.7653270e-01
   2.7507451e-01
   2.7582054e-01
   2.7213452e-01
   2.7561543e-01
   2.7619166e-01
   2.7373002e-01
   2.7839063e-01
   2.7323189e-01
   2.6226661e-01
   2.7275566e-01
   2.6922757e-01
   2.6436859e-01
   2.7353668e-01
   2.7045406e-01
   2.7923567e-01
   2.7102803e-01
   2.6511999e-01
   2.7876456e-01
   2.7123130e-01
   2.8082590e-01
   2.6538890e-01
   2.7320452e-01
   2.7540523e-01
   2.7662362e-01
   2.6620033e-01
   2.7510765e-01
   2.7401734e-01
   2.6339083e-01
   2.7828299e-01
   2.7626144e-01
   2.7970206e-01
   2.7950869e-01
   2.7578857e-01
   2.7556181e-01
   2.6659942e-01
   2.7457659e-01
   2.7199072e-01
   2.6438292e-01
   2.7732106e-01
   2.5999955e-01
   2.7250603e-01
   2.6943826e-01
   2.7665737e-01
   2.7351935e-01
   2.7224807e-01
   2.7299095e-01
   2.7055662e-01
   2.7660087e-01
   2.7608681e-01
   2.6572555e-01
   2.7016758e-01
   2.7384253e-01
   2.7539026e-01
   2.7408795e-01
   2.7740704e-01
   2.7731450e-01
   2.8001573e-01
   2.5966369e-01
   2.7984724e-01
   2.7871911e-01
   2.7497702e-01
   2.7617320e-01
   2.7566691e-01
   2.7571907e-01
   2.6511115e-01
   2.7390783e-01
   2.7347469e-01
   2.7634849e-01
   2.7296715e-01
   2.6375915e-01
   2.6380479e-01
   2.7482680e-01
   2.6053158e-01
   2.6473041e-01
   2.6853171e-01
   2.6844911e-01
   2.6577160e-01
   2.6557635e-01
   2.7741696e-01
   2.7871370e-01
   2.7762644e-01
   2.7398450e-01
   2.7058417e-01
   2.7609248e-01
   2.6197825e-01
   2.7662428e-01
   2.7900824e-01
   2.7173395e-01
   2.7279591e-01
   2.7519485e-01
   2.7033170e-01
   2.6466867e-01
   2.7577730e-01
   2.7484460e-01
   2.7476307e-01
   2.7563844e-01
   2.7886964e-01
   2.6576425e-01
   2.7412965e-01
   2.7681025e-01
   2.7027926e-01
   2.7377475e-01
   2.7795369e-01
   2.7695840e-01
   2.7487857e-01
   2.5939817e-01
   2.7613404e-01
   2.7710606e-01
   2.7319924e-01
   2.7346170e-01
   2.7641575e-01
   2.7775428e-01
   2.6649847e-01
   2.6845272e-01
   2.7685902e-01
   2.7200617e-01
   2.7490392e-01
   2.7555602e-01
   2.7655398e-01
   2.7527349e-01
   2.7711832e-01
   2.7403830e-01
   2.6945005e-01
   2.6518403e-01
   2.7773429e-01
   2.6173367e-01
   2.6211804e-01
   2.7369420e-01
   2.7269988e-01
   2.7541407e-01
   2.7719661e-01
   2.7520178e-01
   2.7735128e-01
   2.6961091e-01
   2.7320945e-01
   2.7538703e-01
   2.7476478e-01
   2.7463764e-01
   2.7239034e-01
   2.7863831e-01
   2.7992181e-01
   2.6827364e-01
   2.7629961e-01
   2.6295958e-01
   2.7654905e-01
   2.7171604e-01
   2.5790440e-01
   2.5813789e-01
   2.6473510e-01
   2.7948321e-01
   2.5754274e-01
   2.7116526e-01
   2.6497594e-01
   2.6418826e-01
   2.7659136e-01
   2.7095702e-01
   2.7499644e-01
   2.7157962e-01
   2.7550036e-01
   2.7942760e-01
   2.5713950e-01
   2.7310367e-01
   2.8003570e-01
   2.6137459e-01
   2.7365677e-01
   2.7894039e-01
   2.7390357e-01
   2.6524384e-01
   2.6485001e-01
   2.7488236e-01
   2.7012622e-01
   2.7949834e-01
   2.6938643e-01
   2.7553678e-01
   2.7520921e-01
   2.6800767e-01
   2.7557948e-01
   2.5935080e-01
   2.6970578e-01
   2.7868597e-01
   2.7671847e-01
   2.6892834e-01
   2.7585276e-01
   2.6889571e-01
   2.7769801e-01
   2.7519348e-01
   2.7339425e-01
   2.5985522e-01
   2.5851251e-01
   2.7559014e-01
   2.5663511e-01
   2.7178222e-01
   2.7581809e-01
   2.7686508e-01
   2.6977209e-01
   2.7750512e-01
   2.6012679e-01
   2.7808298e-01
   2.6506926e-01
   2.7523041e-01
   2.7819456e-01
   2.6341223e-01
   2.7413356e-01
   2.6765637e-01
   2.8129007e-01
   2.6032155e-01
   2.6173062e-01
   2.7642529e-01
   2.7330847e-01
   2.7173284e-01
   2.6141455e-01
   2.6663978e-01
   2.6915992e-01
   2.6526220e-01
   2.5986926e-01
   2.6175640e-01
   2.7032280e-01
   2.6554051e-01
   2.7541698e-01
   2.8130965e-01
   2.6073837e-01
   2.8023966e-01
   2.7668940e-01
   2.7310839e-01
   2.7903598e-01
   2.6657528e-01
   2.6288954e-01
   2.7797190e-01
   2.6345548e-01
   2.7866691e-01
   2.7587290e-01
   2.6241858e-01
   2.7356916e-01
   2.7383230e-01
   2.7042859e-01
   2.7371921e-01
   2.7665352e-01
   2.7704267e-01
   2.6925743e-01
   2.7338932e-01
   2.8063681e-01
   2.7234861e-01
   2.7075914e-01
   2.7563834e-01
   2.7976558e-01
   2.7513024e-01
   2.7782741e-01
   2.7967191e-01
   2.7588341e-01
   2.7295102e-01
   2.5925924e-01
   2.6430064e-01
   2.7842928e-01
   2.7881270e-01
   2.6647567e-01
   2.7463984e-01
   2.7688893e-01
   2.7801730e-01
   2.7359585e-01
   2.7506285e-01
   2.7544019e-01
   2.8087506e-01
   2.7535276e-01
   2.6230838e-01
   2.7051084e-01
