   1.2470693e-01
   1.3491581e-01
   1.3550340e-01
   1.3717239e-01
   1.3724908e-01
   1.4507520e-01
   1.1564867e-01
   1.3112551e-01
   1.4720437e-01
   1.3527514e-01
   1.1431564e-01
   1.2945596e-01
   1.4833614e-01
   1.4881563e-01
   1.4994990e-01
   1.1267947e-01
   1.5092430e-01
   1.2928134e-01
   1.2431075e-01
   1.3986612e-01
   1.5376915e-01
   1.0777698e-01
   1.4374087e-01
   1.4820904e-01
   1.2274333e-01
   1.5275279e-01
   1.3512213e-01
   1.0472291e-01
   1.3091998e-01
   1.3011392e-01
   1.2376259e-01
   1.1601156e-01
   1.1696984e-01
   1.1941703e-01
   1.1764411e-01
   1.1483604e-01
   1.1161886e-01
   1.4131595e-01
   1.5111186e-01
   1.2579017e-01
   1.2868254e-01
   1.4221873e-01
   1.4095667e-01
   1.2326376e-01
   1.3779359e-01
   1.3578333e-01
   1.4472996e-01
   1.3547660e-01
   1.3587609e-01
   1.0435361e-01
   1.1605291e-01
   1.3237131e-01
   1.3864236e-01
   1.2321894e-01
   1.3955815e-01
   1.2650667e-01
   1.0917760e-01
   1.4417549e-01
   1.0610137e-01
   1.3661160e-01
   1.4720893e-01
   1.2956107e-01
   1.2193142e-01
   1.4043296e-01
   1.2788393e-01
   1.1054159e-01
   1.4779616e-01
   1.2774176e-01
   1.2702583e-01
   1.3286440e-01
   1.2097703e-01
   1.3032171e-01
   1.3359065e-01
   1.4027754e-01
   1.3699478e-01
   1.0972007e-01
   1.5501718e-01
   1.1816421e-01
   1.4130666e-01
   1.2189935e-01
   1.1594016e-01
   1.1861164e-01
   1.2214688e-01
   1.2888368e-01
   1.1564905e-01
   1.1902872e-01
   1.2631233e-01
   1.1508536e-01
   1.4858562e-01
   1.4433406e-01
   1.1433117e-01
   1.3052017e-01
   1.3668995e-01
   1.2249592e-01
   1.2324298e-01
   1.3042246e-01
   1.3729605e-01
   1.4717792e-01
   1.2357892e-01
   1.4121548e-01
   1.2446572e-01
   1.3895665e-01
   1.5311234e-01
   1.0282002e-01
   1.4500886e-01
   1.1659466e-01
   1.4397431e-01
   1.4346727e-01
   1.3792204e-01
   1.1211005e-01
   1.5167179e-01
   1.2814932e-01
   1.3032844e-01
   1.1783127e-01
   1.4942778e-01
   1.1720322e-01
   1.2263967e-01
   1.4782982e-01
   1.3300697e-01
   1.5089918e-01
   1.4352431e-01
   1.3702624e-01
   1.4678433e-01
   1.2608795e-01
   1.4335136e-01
   1.2749434e-01
   1.1570108e-01
   1.2281350e-01
   1.3689296e-01
   1.3266442e-01
   1.1900428e-01
   1.4000731e-01
   1.2132680e-01
   1.5355088e-01
   1.1054046e-01
   1.2849731e-01
   1.1635870e-01
   1.0571101e-01
   1.2885053e-01
   1.2708446e-01
   1.3907472e-01
   1.3676904e-01
   1.2618636e-01
   1.2703418e-01
   1.2461256e-01
   1.3212202e-01
   1.4318312e-01
   1.4880324e-01
   1.2832603e-01
   1.3180439e-01
   1.2258221e-01
   1.1211962e-01
   1.5025444e-01
   1.3008696e-01
   1.3450257e-01
   1.2293229e-01
   1.4802267e-01
   1.0443334e-01
   1.1293175e-01
   1.3102595e-01
   1.0740239e-01
   1.5479164e-01
   1.0962803e-01
   1.1461352e-01
   1.1488094e-01
   1.3556140e-01
   1.1293059e-01
   1.4269039e-01
   1.4338789e-01
   1.3124015e-01
   1.4119466e-01
   1.1731904e-01
   1.3978058e-01
   1.4004847e-01
   1.5254693e-01
   1.4041105e-01
   1.1834162e-01
   1.3232266e-01
   1.3413987e-01
   1.3815875e-01
   1.1416498e-01
   1.1375668e-01
   1.2535862e-01
   1.3069582e-01
   1.3804393e-01
   1.1301504e-01
   1.5136817e-01
   1.4251201e-01
   1.5080310e-01
   1.2501433e-01
   1.2590194e-01
   1.4259706e-01
   1.2299840e-01
   1.4037265e-01
   1.4702373e-01
   1.4182984e-01
   1.4068511e-01
   1.2400073e-01
   1.3505936e-01
   1.1859775e-01
   1.4355457e-01
   1.3742560e-01
   1.2781669e-01
   1.1941706e-01
   1.1783604e-01
   1.4790611e-01
   1.2316058e-01
   1.2521068e-01
   1.2775658e-01
   1.2392249e-01
   1.4550572e-01
   1.1910716e-01
   1.1943472e-01
   1.5507558e-01
   1.1904009e-01
   1.2255724e-01
   1.3063597e-01
   1.3059041e-01
   1.4663216e-01
   1.2734360e-01
   1.0800836e-01
   1.4758184e-01
   1.1567659e-01
   1.1487941e-01
   1.2968348e-01
   1.2794346e-01
   1.2492190e-01
   1.2649680e-01
   1.1510591e-01
   1.0602119e-01
   1.3227456e-01
   1.3250126e-01
   1.2935504e-01
   1.1857698e-01
   1.1955087e-01
   1.4122384e-01
   1.3344673e-01
   1.0986276e-01
   1.5263301e-01
   1.5148523e-01
   1.5388002e-01
   1.0848683e-01
   1.3176043e-01
   1.5053203e-01
   1.4602645e-01
   1.1817797e-01
   1.1429664e-01
   1.2896642e-01
   1.5324156e-01
   1.4973534e-01
   1.5338178e-01
   1.5205103e-01
   1.3373703e-01
   1.2039386e-01
   1.1968130e-01
   1.1843385e-01
   1.3651230e-01
   1.2144366e-01
   1.1497303e-01
   1.3672734e-01
   1.1915077e-01
   1.1881910e-01
   1.2693100e-01
   1.5005009e-01
   1.1124594e-01
   1.2764719e-01
   1.3003783e-01
   1.3904136e-01
   1.3905817e-01
   1.1657811e-01
   1.1470935e-01
   1.4549542e-01
   1.2500118e-01
   1.4192341e-01
   1.4861725e-01
   1.0974809e-01
   1.4222816e-01
   1.4343137e-01
   1.3574869e-01
   1.1626485e-01
   1.2508526e-01
   1.4456353e-01
   1.4631642e-01
   1.4007094e-01
   1.1248430e-01
   1.3162785e-01
   1.0903622e-01
   1.1406650e-01
   1.2804240e-01
   1.3961788e-01
   1.3502759e-01
   1.3983080e-01
   1.5165987e-01
   1.3052498e-01
   1.4865489e-01
   1.1582517e-01
   1.2396975e-01
   1.2088887e-01
   1.2593588e-01
   1.4713253e-01
