   8.2779373e-02
   1.0341563e-01
   1.1111918e-01
   1.1141169e-01
   1.3321493e-01
   7.4998682e-02
   1.0167810e-01
   8.5323606e-02
   8.4577158e-02
   8.2609443e-02
   8.1766540e-02
   1.0531779e-01
   7.2797964e-02
   7.8721742e-02
   8.9530141e-02
   8.9364937e-02
   6.8572780e-02
   9.6737720e-02
   8.1107843e-02
   7.6877942e-02
   9.7476329e-02
   8.0460660e-02
   8.5720959e-02
   1.0095666e-01
   7.6161491e-02
   9.7707975e-02
   8.7593159e-02
   9.6439291e-02
   1.0182409e-01
   9.5978251e-02
   9.1433920e-02
   9.8775174e-02
   8.9361871e-02
   1.2851719e-01
   9.0666899e-02
   8.2151294e-02
   7.7818846e-02
   6.7292642e-02
   8.3790253e-02
   1.1254513e-01
   7.3286803e-02
   8.4367563e-02
   1.0505142e-01
   9.5078807e-02
   7.8087446e-02
   9.8942409e-02
   8.3353511e-02
   7.0919576e-02
   1.0175340e-01
   8.1130759e-02
   8.1482433e-02
   9.5156521e-02
   1.1815974e-01
   7.9642979e-02
   8.2399260e-02
   9.4086802e-02
   9.3042221e-02
   9.0456771e-02
   8.2965975e-02
   1.0930331e-01
   9.8235923e-02
   8.9263380e-02
   8.4651156e-02
   8.3712553e-02
   8.7909059e-02
   9.3455166e-02
   9.5196659e-02
   9.1306279e-02
   1.3233953e-01
   8.8788606e-02
   7.1383707e-02
   9.3691356e-02
   9.3658842e-02
   7.6301039e-02
   7.8399111e-02
   9.9594687e-02
   7.4288741e-02
   8.5054092e-02
   7.0852768e-02
   1.0407345e-01
   8.7171842e-02
   8.3410538e-02
   1.2815285e-01
   9.6384965e-02
   8.0879627e-02
   8.7773950e-02
   9.7501410e-02
   9.1419184e-02
   8.9410409e-02
   1.0553490e-01
   9.0743234e-02
   9.6156435e-02
   8.6755932e-02
   9.5005058e-02
   7.7432662e-02
   7.6053693e-02
   1.0236980e-01
   8.4838557e-02
   8.0894173e-02
   9.0703466e-02
   8.9407149e-02
   1.1146921e-01
   9.6203585e-02
   7.0210211e-02
   9.3494189e-02
   9.2020200e-02
   7.8388960e-02
   9.4466727e-02
   7.5805658e-02
   6.7166935e-02
   8.3282444e-02
   9.2509247e-02
   8.2047199e-02
   1.0626908e-01
   9.5291353e-02
   8.3058733e-02
   8.5133370e-02
   7.9199932e-02
   1.0579725e-01
   9.9738974e-02
   8.8202148e-02
   7.9220621e-02
   7.7662928e-02
   1.0548774e-01
   7.7700893e-02
   1.2224590e-01
   8.7063267e-02
   1.0997598e-01
   8.2392064e-02
   7.2729983e-02
   1.0763455e-01
   8.9285732e-02
   8.4944776e-02
   8.7366071e-02
   1.0921150e-01
   1.0458147e-01
   1.0320640e-01
   8.6924198e-02
   1.0770901e-01
   1.1651839e-01
   7.3382563e-02
   7.6371686e-02
   8.0319239e-02
   1.1576089e-01
   1.1492142e-01
   8.2875251e-02
   8.7568594e-02
   9.7745648e-02
   1.0616481e-01
   7.9920904e-02
   7.0238067e-02
   1.0387478e-01
   9.4620266e-02
   9.2320194e-02
   1.0502041e-01
   8.1027649e-02
   7.2696303e-02
   1.0224924e-01
   8.4544026e-02
   9.4781251e-02
   7.6752812e-02
   6.7499292e-02
   7.6736864e-02
   9.1798240e-02
   8.1137432e-02
   9.5322007e-02
   1.0387595e-01
   9.5408683e-02
   1.1746000e-01
   9.7253573e-02
   8.0908287e-02
   6.8307635e-02
   9.3320731e-02
   8.0515806e-02
   9.0640881e-02
   1.1165891e-01
   8.2674930e-02
   9.7723744e-02
   1.0696039e-01
   1.0936163e-01
   8.7951477e-02
   1.2795478e-01
   8.1885935e-02
   7.0129976e-02
   7.0383347e-02
   9.3790977e-02
   8.3874749e-02
   6.9079533e-02
   9.3176917e-02
   9.5715194e-02
   9.2250178e-02
   9.1933064e-02
   1.1487900e-01
   9.8116357e-02
   7.3725214e-02
   7.3012172e-02
   1.0149949e-01
   8.1045737e-02
   1.0065442e-01
   8.9116986e-02
   1.0598305e-01
   9.7774752e-02
   9.1692162e-02
   1.1423653e-01
   1.1916085e-01
   8.9460681e-02
   8.0590159e-02
   7.8251966e-02
   1.0017384e-01
   8.7247881e-02
   7.9807700e-02
   1.0852869e-01
   1.1176362e-01
   1.0083832e-01
   7.9247954e-02
   9.2732591e-02
   8.0016953e-02
   6.9432473e-02
   6.8029951e-02
   1.0507033e-01
   9.3551582e-02
   1.1129367e-01
   7.2846847e-02
   7.0387776e-02
   1.0684367e-01
   8.6952345e-02
   9.1561808e-02
   9.4587803e-02
   1.0685878e-01
   9.5044337e-02
   1.0444531e-01
   8.5264736e-02
   1.0155957e-01
   9.8545708e-02
   9.5399098e-02
   8.5313539e-02
   7.9853889e-02
   8.8782351e-02
   8.9904118e-02
   7.2540128e-02
   7.7493929e-02
   1.2671991e-01
   7.6935055e-02
   1.2650623e-01
   8.9494539e-02
   1.0528078e-01
   1.1394723e-01
   9.8000859e-02
   8.1593161e-02
   9.2577117e-02
   9.7427147e-02
   8.4609323e-02
   7.5468416e-02
   7.5069260e-02
   1.0876061e-01
   7.2386009e-02
   9.6494406e-02
   9.8328838e-02
   6.9707832e-02
   7.8930568e-02
   7.1210182e-02
   8.0952251e-02
   1.0795161e-01
   9.7186048e-02
   7.8134476e-02
   1.1430240e-01
   9.8659815e-02
   8.4812646e-02
   8.1323550e-02
   7.3530340e-02
   1.1029875e-01
   1.0617980e-01
   8.6684941e-02
   7.5557474e-02
   1.0599381e-01
   8.6153621e-02
   1.1460291e-01
   1.0298366e-01
   8.6665685e-02
   7.8635029e-02
   1.0364201e-01
   9.7400213e-02
   9.7841009e-02
   8.7489546e-02
   1.1250839e-01
   1.0257137e-01
   1.1772320e-01
   7.2344542e-02
   8.7736643e-02
   1.0415756e-01
   9.8684513e-02
   8.7464860e-02
   1.0067901e-01
   9.3289742e-02
   8.2594375e-02
   9.4459690e-02
   1.0308682e-01
   8.5973268e-02
   6.9747006e-02
   1.0578387e-01
