   3.8098347e-02
   3.7916549e-02
   3.2709358e-02
   4.2184237e-02
   3.6101035e-02
   3.0198219e-02
   3.4745798e-02
   3.3705115e-02
   4.0053454e-02
   3.6118688e-02
   3.5750294e-02
   3.5384203e-02
   3.1319615e-02
   3.3937271e-02
   3.3643359e-02
   3.5978126e-02
   3.2577057e-02
   3.5646881e-02
   3.1377902e-02
   3.6964958e-02
   3.3344237e-02
   3.4147061e-02
   3.7290039e-02
   3.2628984e-02
   3.5519599e-02
   3.3390422e-02
   3.4291532e-02
   3.1792467e-02
   3.6609873e-02
   3.5854547e-02
   3.4534839e-02
   3.5588207e-02
   3.6944100e-02
   3.2262997e-02
   3.6976658e-02
   3.4180319e-02
   3.0990717e-02
   3.6624877e-02
   4.2493722e-02
   3.8634974e-02
   3.7781311e-02
   3.7421207e-02
   3.4111096e-02
   4.5057050e-02
   3.2280045e-02
   3.8474241e-02
   3.4901764e-02
   3.6322842e-02
   3.7785455e-02
   3.1499855e-02
   3.5280434e-02
   4.0617057e-02
   4.4217174e-02
   3.4057170e-02
   3.4787596e-02
   4.0600752e-02
   3.6171449e-02
   3.4913253e-02
   3.6228962e-02
   2.9572994e-02
   3.4414998e-02
   3.0968132e-02
   4.1462917e-02
   3.6247136e-02
   3.6075972e-02
   3.2090263e-02
   3.6222419e-02
   3.8237797e-02
   3.3170440e-02
   4.2880115e-02
   4.3059697e-02
   3.8045210e-02
   3.7719273e-02
   3.7657688e-02
   3.0939022e-02
   3.5647176e-02
   4.1972373e-02
   3.9351749e-02
   3.6475583e-02
   4.0969779e-02
   3.6256537e-02
   3.2201198e-02
   3.7802981e-02
   4.2149932e-02
   3.9576851e-02
   3.5482295e-02
   3.7204009e-02
   3.5175555e-02
   3.5000183e-02
   3.6714372e-02
   3.6668320e-02
   3.5690276e-02
   4.1298398e-02
   3.8165443e-02
   3.9335489e-02
   3.4047555e-02
   3.2299555e-02
   3.0181866e-02
   3.6864269e-02
   3.1334359e-02
   4.4237853e-02
   4.1029894e-02
   2.9963773e-02
   3.6195065e-02
   4.5529212e-02
   3.8633185e-02
   4.0561000e-02
   3.7638976e-02
   4.4886581e-02
   3.9412149e-02
   3.4839067e-02
   3.8339351e-02
   4.0507459e-02
   3.6906540e-02
   3.2966502e-02
   4.5095631e-02
   4.0383271e-02
   3.3278911e-02
   3.7929422e-02
   3.8103749e-02
   3.9501349e-02
   4.2424129e-02
   3.3221951e-02
   3.2902204e-02
   4.2954129e-02
   3.6904620e-02
   4.3281488e-02
   3.5558912e-02
   4.2918079e-02
   3.9344705e-02
   4.0977237e-02
   3.4437887e-02
   4.2798003e-02
   3.5169304e-02
   4.2028848e-02
   3.3299580e-02
   3.5482427e-02
   4.2703303e-02
   4.4206655e-02
   3.3744848e-02
   3.9845144e-02
   3.8214340e-02
   2.9515286e-02
   4.2333416e-02
   3.4679241e-02
   3.5686713e-02
   3.7641348e-02
   4.4647211e-02
   3.6226430e-02
   3.1911752e-02
   3.5320237e-02
   3.9478334e-02
   4.2707337e-02
   3.5439621e-02
   3.3141496e-02
   3.7449361e-02
   3.6448764e-02
   4.5422231e-02
   3.3881297e-02
   3.5922221e-02
   3.7144293e-02
   3.8626841e-02
   3.1464762e-02
   3.3313317e-02
   3.7610769e-02
   4.3574693e-02
   3.6197523e-02
   3.9803191e-02
   3.2853879e-02
   3.2427792e-02
   3.6413386e-02
   3.5230891e-02
   3.1811237e-02
   4.0794176e-02
   4.4657959e-02
   4.2507711e-02
   4.7852492e-02
   3.8649724e-02
   3.2959322e-02
   3.8669656e-02
   3.3388188e-02
   4.1889304e-02
   3.5260799e-02
   4.0101573e-02
   4.5234742e-02
   4.4779642e-02
   3.6272039e-02
   4.2794370e-02
   3.2560162e-02
   3.8938318e-02
   3.7408682e-02
   3.5017805e-02
   3.2573048e-02
   3.5910657e-02
   3.4402105e-02
   3.7245277e-02
   4.3588817e-02
   4.1072216e-02
   3.4443552e-02
   3.4753737e-02
   4.2339293e-02
   3.3168993e-02
   4.6144291e-02
   3.6378213e-02
   3.2903892e-02
   3.9013685e-02
   3.2577296e-02
   3.7599012e-02
   3.4919748e-02
   3.6686075e-02
   3.6641520e-02
   3.7640201e-02
   3.3447575e-02
   4.6875591e-02
   3.0199868e-02
   3.9902274e-02
   3.1662705e-02
   4.3066721e-02
   4.2946224e-02
   3.4111333e-02
   4.1946743e-02
   3.5027221e-02
   3.0457580e-02
   4.4510172e-02
   3.0987742e-02
   4.0923409e-02
   3.3878662e-02
   3.8423217e-02
   4.2924829e-02
   3.2080703e-02
   3.3985445e-02
   3.3035469e-02
   3.7536326e-02
   3.8885778e-02
   3.9065173e-02
   3.9365326e-02
   3.5313966e-02
   3.5875051e-02
   3.3203137e-02
   3.9360542e-02
   3.7487736e-02
   3.6811971e-02
   3.3436934e-02
   3.6733541e-02
   3.0238442e-02
   3.3609334e-02
   4.5931392e-02
   3.7326018e-02
   3.5769570e-02
   3.3417094e-02
   3.7363396e-02
   3.7196649e-02
   4.0308451e-02
   3.6156167e-02
   3.4826257e-02
   3.7662699e-02
   3.5724552e-02
   3.2789704e-02
   4.3617623e-02
   3.7859091e-02
   3.0387791e-02
   3.8663933e-02
   3.5814593e-02
   3.9530245e-02
   3.3400033e-02
   3.8976966e-02
   3.8626168e-02
   3.4204822e-02
   3.3823807e-02
   4.3895101e-02
   4.1638178e-02
   3.5587045e-02
   3.4047631e-02
   3.0853447e-02
   3.3678783e-02
   3.2567665e-02
   4.6824419e-02
   4.2554839e-02
   3.7149416e-02
   3.6945014e-02
   3.5855567e-02
   3.2811276e-02
   4.6222809e-02
   3.9002396e-02
   3.9510184e-02
   3.9912770e-02
   3.3400741e-02
   4.1152429e-02
   3.3892163e-02
   4.2628611e-02
   3.7549867e-02
   4.4528107e-02
   4.2501785e-02
   4.2225613e-02
   3.5338537e-02
   3.7510732e-02
   3.5334356e-02
   3.5211774e-02
   3.6435952e-02
   4.1491751e-02
