   2.4739107e-02
   2.4451479e-02
   2.4532135e-02
   2.3825057e-02
   2.4703913e-02
   2.4448489e-02
   2.3743048e-02
   2.3642633e-02
   2.3700733e-02
   2.4211090e-02
   2.4673070e-02
   2.4412010e-02
   2.3786776e-02
   2.3904244e-02
   2.3866892e-02
   2.3707388e-02
   2.4587307e-02
   2.3707798e-02
   2.4072504e-02
   2.4827483e-02
   2.3814305e-02
   2.4362329e-02
   2.3860900e-02
   2.4299197e-02
   2.3763110e-02
   2.4009923e-02
   2.4373308e-02
   2.4347507e-02
   2.3752628e-02
   2.3723126e-02
   2.3644355e-02
   2.4057832e-02
   2.4009817e-02
   2.3769132e-02
   2.3719718e-02
   2.3746940e-02
   2.4607637e-02
   2.4529822e-02
   2.3712026e-02
   2.4172022e-02
   2.4350387e-02
   2.3687204e-02
   2.4311075e-02
   2.3625530e-02
   2.4435858e-02
   2.4133800e-02
   2.3846781e-02
   2.4451123e-02
   2.4651513e-02
   2.4171092e-02
   2.3689262e-02
   2.4233434e-02
   2.4521589e-02
   2.4434239e-02
   2.3732206e-02
   2.4453593e-02
   2.3688740e-02
   2.3735049e-02
   2.3978469e-02
   2.4621114e-02
   2.3965227e-02
   2.4641754e-02
   2.3769030e-02
   2.4644438e-02
   2.4145818e-02
   2.4312385e-02
   2.4153015e-02
   2.3737196e-02
   2.4077322e-02
   2.3815896e-02
   2.4163371e-02
   2.4022484e-02
   2.3624375e-02
   2.4068926e-02
   2.4474474e-02
   2.3940792e-02
   2.4484292e-02
   2.3868511e-02
   2.3686748e-02
   2.3724405e-02
   2.4307374e-02
   2.4132695e-02
   2.4846426e-02
   2.3951888e-02
   2.3803439e-02
   2.4856678e-02
   2.4222275e-02
   2.4397654e-02
   2.4395350e-02
   2.4115596e-02
   2.4381792e-02
   2.4381766e-02
   2.3980697e-02
   2.3759235e-02
   2.3736656e-02
   2.4053246e-02
   2.4244779e-02
   2.4344910e-02
   2.3882531e-02
   2.3673553e-02
   2.4142890e-02
   2.4219195e-02
   2.4572015e-02
   2.4161256e-02
   2.4267850e-02
   2.3756822e-02
   2.3826944e-02
   2.4461751e-02
   2.4220721e-02
   2.4644891e-02
   2.4358984e-02
   2.4083163e-02
   2.4547918e-02
   2.4240413e-02
   2.3797859e-02
   2.3912535e-02
   2.3791465e-02
   2.3788612e-02
   2.3744083e-02
   2.4062142e-02
   2.4395087e-02
   2.4589992e-02
   2.4641306e-02
   2.3857002e-02
   2.4499807e-02
   2.3954223e-02
   2.4452371e-02
   2.4028599e-02
   2.3895145e-02
   2.4651739e-02
   2.4545207e-02
   2.4647045e-02
   2.3787828e-02
   2.4684779e-02
   2.3800248e-02
   2.3769218e-02
   2.3736209e-02
   2.4022506e-02
   2.4231684e-02
   2.4093123e-02
   2.4474879e-02
   2.4393876e-02
   2.4579544e-02
   2.4730075e-02
   2.4071741e-02
   2.4819551e-02
   2.4278894e-02
   2.3908501e-02
   2.3807650e-02
   2.3799629e-02
   2.4090311e-02
   2.3693495e-02
   2.4841403e-02
   2.4336911e-02
   2.4013616e-02
   2.3740165e-02
   2.4314630e-02
   2.3904884e-02
   2.4324033e-02
   2.4766612e-02
   2.3899485e-02
   2.4072240e-02
   2.4617031e-02
   2.4075981e-02
   2.3749538e-02
   2.4648617e-02
   2.4099427e-02
   2.4675333e-02
   2.4405970e-02
   2.4742688e-02
   2.4587586e-02
   2.4090742e-02
   2.4752754e-02
   2.3908201e-02
   2.4682705e-02
   2.4332528e-02
   2.4503887e-02
   2.3796032e-02
   2.3898413e-02
   2.4639672e-02
   2.4257935e-02
   2.3654016e-02
   2.3661045e-02
   2.4513822e-02
   2.3843111e-02
   2.3963464e-02
   2.4212727e-02
   2.4584263e-02
   2.4311979e-02
   2.4164731e-02
   2.4205865e-02
   2.4121703e-02
   2.4291212e-02
   2.4725179e-02
   2.4030713e-02
   2.4589734e-02
   2.4395148e-02
   2.4530829e-02
   2.3629060e-02
   2.4382329e-02
   2.4530044e-02
   2.4174133e-02
   2.4552764e-02
   2.4236878e-02
   2.4525021e-02
   2.4798583e-02
   2.4628947e-02
   2.4650017e-02
   2.4466256e-02
   2.4051081e-02
   2.4335886e-02
   2.3777269e-02
   2.3826660e-02
   2.3658513e-02
   2.3710087e-02
   2.3706998e-02
   2.3892525e-02
   2.4529206e-02
   2.3715736e-02
   2.4848292e-02
   2.4076485e-02
   2.4366900e-02
   2.4356078e-02
   2.3984088e-02
   2.3941296e-02
   2.4551252e-02
   2.4165586e-02
   2.4619938e-02
   2.3664540e-02
   2.4484226e-02
   2.4445547e-02
   2.4825980e-02
   2.4413301e-02
   2.3804709e-02
   2.3805479e-02
   2.3793458e-02
   2.3883509e-02
   2.3850025e-02
   2.3897013e-02
   2.3638627e-02
   2.4277177e-02
   2.4416800e-02
   2.4269533e-02
   2.3630871e-02
   2.3735622e-02
   2.4109490e-02
   2.4382876e-02
   2.4479488e-02
   2.4212585e-02
   2.4195171e-02
   2.4165627e-02
   2.4493724e-02
   2.3730461e-02
   2.4446576e-02
   2.4533553e-02
   2.3684011e-02
   2.3969442e-02
   2.4108111e-02
   2.4778626e-02
   2.4749027e-02
   2.4118152e-02
   2.4645547e-02
   2.4371065e-02
   2.4077092e-02
   2.4018622e-02
   2.4579992e-02
   2.4159749e-02
   2.3676199e-02
   2.4750140e-02
   2.3681552e-02
   2.4121749e-02
   2.4054917e-02
   2.3986036e-02
   2.3679595e-02
   2.3753194e-02
   2.3847489e-02
   2.3636507e-02
   2.4351257e-02
   2.4054997e-02
   2.3812139e-02
   2.4406564e-02
   2.4265588e-02
   2.4250817e-02
   2.3994335e-02
   2.4259284e-02
   2.3719341e-02
   2.3670235e-02
   2.4453743e-02
   2.4387287e-02
   2.3658810e-02
   2.3753226e-02
   2.4350844e-02
   2.4458835e-02
   2.3840618e-02
   2.4662357e-02
   2.4122373e-02
   2.3889057e-02
   2.3828420e-02
   2.4273346e-02
   2.4178751e-02
