   1.1950251e-01
   1.2563607e-01
   1.2349076e-01
   1.2859857e-01
   1.3142859e-01
   1.2931130e-01
   1.3284112e-01
   1.2275666e-01
   1.2642123e-01
   1.2247013e-01
   1.2626253e-01
   1.2381799e-01
   1.3245728e-01
   1.2064331e-01
   1.2462600e-01
   1.1619499e-01
   1.2617445e-01
   1.2508137e-01
   1.1921271e-01
   1.2400216e-01
   1.2483365e-01
   1.1755478e-01
   1.2630844e-01
   1.2177766e-01
   1.2475981e-01
   1.2761729e-01
   1.2802211e-01
   1.1840733e-01
   1.2214127e-01
   1.3011905e-01
   1.1677327e-01
   1.2340258e-01
   1.2809847e-01
   1.2732777e-01
   1.2228168e-01
   1.2334233e-01
   1.2896512e-01
   1.2189550e-01
   1.2561065e-01
   1.2491282e-01
   1.2183421e-01
   1.2277314e-01
   1.3349322e-01
   1.2083603e-01
   1.3309148e-01
   1.2816161e-01
   1.2750708e-01
   1.2090446e-01
   1.2428437e-01
   1.2621467e-01
   1.1760437e-01
   1.1810390e-01
   1.2701227e-01
   1.2806509e-01
   1.1919467e-01
   1.2589318e-01
   1.3029320e-01
   1.3157088e-01
   1.1470054e-01
   1.3271579e-01
   1.1464166e-01
   1.1794632e-01
   1.2568033e-01
   1.2573630e-01
   1.2265217e-01
   1.2569418e-01
   1.2729321e-01
   1.2777682e-01
   1.2575408e-01
   1.2263845e-01
   1.2230305e-01
   1.3292882e-01
   1.1613714e-01
   1.1720488e-01
   1.2441320e-01
   1.2196060e-01
   1.1330869e-01
   1.1449322e-01
   1.1734278e-01
   1.1163475e-01
   1.2395657e-01
   1.2354329e-01
   1.2384106e-01
   1.2455950e-01
   1.2689197e-01
   1.2168032e-01
   1.1840271e-01
   1.2580601e-01
   1.1741285e-01
   1.2880359e-01
   1.2727534e-01
   1.1998358e-01
   1.2445715e-01
   1.2712884e-01
   1.2137009e-01
   1.2801862e-01
   1.2590626e-01
   1.2822470e-01
   1.2200030e-01
   1.2569142e-01
   1.2714826e-01
   1.1911867e-01
   1.2836819e-01
   1.2102587e-01
   1.2198289e-01
   1.2591904e-01
   1.2623991e-01
   1.2586371e-01
   1.2330906e-01
   1.2950505e-01
   1.2167848e-01
   1.2401189e-01
   1.2016016e-01
   1.2750845e-01
   1.1917469e-01
   1.2567101e-01
   1.2857490e-01
   1.1660447e-01
   1.2343085e-01
   1.1785653e-01
   1.2209620e-01
   1.2468037e-01
   1.2299601e-01
   1.2532837e-01
   1.2450459e-01
   1.2180162e-01
   1.3119718e-01
   1.2943444e-01
   1.2486434e-01
   1.2567028e-01
   1.3166014e-01
   1.2562476e-01
   1.2198613e-01
   1.2949643e-01
   1.2226254e-01
   1.2819159e-01
   1.3040435e-01
   1.1936800e-01
   1.2790472e-01
   1.2755398e-01
   1.1691137e-01
   1.2112874e-01
   1.2149854e-01
   1.1723598e-01
   1.2808148e-01
   1.2971702e-01
   1.1505722e-01
   1.2809184e-01
   1.2862191e-01
   1.1654158e-01
   1.2285385e-01
   1.1870748e-01
   1.2973563e-01
   1.2298838e-01
   1.2779870e-01
   1.2951084e-01
   1.2360503e-01
   1.2721712e-01
   1.2497643e-01
   1.2842105e-01
   1.3165618e-01
   1.1865127e-01
   1.2474559e-01
   1.3055051e-01
   1.2998458e-01
   1.2327422e-01
   1.1757743e-01
   1.2781384e-01
   1.3064966e-01
   1.3104039e-01
   1.1583923e-01
   1.2352040e-01
   1.1730919e-01
   1.2734860e-01
   1.2534753e-01
   1.2880613e-01
   1.3354635e-01
   1.2070916e-01
   1.2777586e-01
   1.1524487e-01
   1.2581110e-01
   1.2280747e-01
   1.2371387e-01
   1.2924463e-01
   1.3295107e-01
   1.1402098e-01
   1.2926028e-01
   1.2177205e-01
   1.2315828e-01
   1.3462812e-01
   1.1972654e-01
   1.2694088e-01
   1.2293320e-01
   1.3145369e-01
   1.3217936e-01
   1.2909140e-01
   1.3084073e-01
   1.2357504e-01
   1.2690440e-01
   1.2566725e-01
   1.2943178e-01
   1.2600985e-01
   1.2964967e-01
   1.2968438e-01
   1.2178173e-01
   1.3319739e-01
   1.2047135e-01
   1.2394055e-01
   1.2243223e-01
   1.1774017e-01
   1.2203341e-01
   1.2336029e-01
   1.3325422e-01
   1.3032367e-01
   1.2594600e-01
   1.2951532e-01
   1.2737932e-01
   1.2500606e-01
   1.2335104e-01
   1.2155907e-01
   1.3265701e-01
   1.2479902e-01
   1.1737626e-01
   1.3198145e-01
   1.1510452e-01
   1.3255369e-01
   1.2344496e-01
   1.2602242e-01
   1.3067684e-01
   1.1491465e-01
   1.1827226e-01
   1.3131283e-01
   1.3255759e-01
   1.3216687e-01
   1.2198775e-01
   1.2288607e-01
   1.2607427e-01
   1.1528893e-01
   1.2663758e-01
   1.2330907e-01
   1.2560328e-01
   1.2131932e-01
   1.1858218e-01
   1.2602670e-01
   1.2239206e-01
   1.3003266e-01
   1.2853548e-01
   1.1925154e-01
   1.2735106e-01
   1.2365362e-01
   1.2065193e-01
   1.2350536e-01
   1.3097849e-01
   1.2504779e-01
   1.2469089e-01
   1.2293091e-01
   1.2984517e-01
   1.2733254e-01
   1.2631686e-01
   1.2422940e-01
   1.1304199e-01
   1.1932885e-01
   1.2542615e-01
   1.3251112e-01
   1.2116843e-01
   1.2551718e-01
   1.1462707e-01
   1.1468288e-01
   1.2447209e-01
   1.1325368e-01
   1.2769849e-01
   1.2488504e-01
   1.2500509e-01
   1.2890181e-01
   1.1675460e-01
   1.1781883e-01
   1.3332278e-01
   1.2344434e-01
   1.1896381e-01
   1.2734152e-01
   1.2108313e-01
   1.2474267e-01
   1.2540996e-01
   1.2159972e-01
   1.2287901e-01
   1.2535064e-01
   1.2461549e-01
   1.2596714e-01
   1.2496406e-01
   1.1685221e-01
   1.2780353e-01
   1.2794058e-01
   1.2260052e-01
   1.2350728e-01
   1.2491567e-01
   1.2513072e-01
   1.2624139e-01
   1.2286630e-01
   1.2836744e-01
   1.2031699e-01
