   2.1846384e-01
   2.1702050e-01
   2.1714829e-01
   2.0782747e-01
   2.0813391e-01
   2.1091283e-01
   2.1626147e-01
   2.0870459e-01
   2.0771193e-01
   2.0763399e-01
   2.1666565e-01
   2.0906597e-01
   2.0655789e-01
   2.1505293e-01
   2.0791553e-01
   2.0785059e-01
   2.0656608e-01
   2.1475072e-01
   2.0699502e-01
   2.1712367e-01
   2.0949256e-01
   2.0703803e-01
   2.0688728e-01
   2.0787499e-01
   2.0785651e-01
   2.1662818e-01
   2.1846938e-01
   2.1854772e-01
   2.0973469e-01
   2.0785352e-01
   2.1857060e-01
   2.0784052e-01
   2.0724478e-01
   2.0665520e-01
   2.1657178e-01
   2.1664652e-01
   2.1707950e-01
   2.1878000e-01
   2.0715993e-01
   2.1682194e-01
   2.1701870e-01
   2.0785901e-01
   2.0785495e-01
   2.1877038e-01
   2.1626222e-01
   2.1868805e-01
   2.1848318e-01
   2.1511585e-01
   2.0791808e-01
   2.0697943e-01
   2.0705173e-01
   2.0700082e-01
   2.0765798e-01
   2.1682688e-01
   2.1877627e-01
   2.0782927e-01
   2.0775915e-01
   2.0759782e-01
   2.1250746e-01
   2.1570263e-01
   2.0655753e-01
   2.1853583e-01
   2.1336020e-01
   2.1844054e-01
   2.1848545e-01
   2.0789552e-01
   2.0738073e-01
   2.0791634e-01
   2.1718233e-01
   2.0770692e-01
   2.1431778e-01
   2.0785941e-01
   2.1853491e-01
   2.0768341e-01
   2.0652717e-01
   2.0791424e-01
   2.1868111e-01
   2.1076474e-01
   2.0659740e-01
   2.0739659e-01
   2.1073357e-01
   2.0791477e-01
   2.0728671e-01
   2.0700707e-01
   2.0689972e-01
   2.0784266e-01
   2.0710911e-01
   2.0747813e-01
   2.0658202e-01
   2.1801981e-01
   2.1855685e-01
   2.1747331e-01
   2.1104065e-01
   2.0728326e-01
   2.0781282e-01
   2.1055463e-01
   2.1752574e-01
   2.0779957e-01
   2.0673135e-01
   2.0755872e-01
   2.0687945e-01
   2.1248853e-01
   2.0791209e-01
   2.1127556e-01
   2.1838562e-01
   2.0733030e-01
   2.1611906e-01
   2.0746954e-01
   2.0865166e-01
   2.0725247e-01
   2.0791312e-01
   2.0716451e-01
   2.0662913e-01
   2.1358463e-01
   2.0786012e-01
   2.1626166e-01
   2.0659546e-01
   2.1819078e-01
   2.1869654e-01
   2.1695139e-01
   2.1684719e-01
   2.0735166e-01
   2.0733411e-01
   2.0791712e-01
   2.0710918e-01
   2.0746812e-01
   2.0791955e-01
   2.1861412e-01
   2.0791638e-01
   2.1858880e-01
   2.0788350e-01
   2.1865836e-01
   2.0791639e-01
   2.0679421e-01
   2.1040504e-01
   2.0662216e-01
   2.0655784e-01
   2.0791403e-01
   2.1637034e-01
   2.0662923e-01
   2.1670961e-01
   2.1374611e-01
   2.1858202e-01
   2.0718117e-01
   2.1663395e-01
   2.0722073e-01
   2.1754459e-01
   2.0745869e-01
   2.0785059e-01
   2.0659675e-01
   2.1853090e-01
   2.1746152e-01
   2.0783739e-01
   2.0689401e-01
   2.1660879e-01
   2.1584047e-01
   2.0693672e-01
   2.1544560e-01
   2.0764460e-01
   2.0786270e-01
   2.0791732e-01
   2.0769922e-01
   2.1024270e-01
   2.0737484e-01
   2.1202476e-01
   2.0693140e-01
   2.1877576e-01
   2.1127167e-01
   2.0659198e-01
   2.0774985e-01
   2.1219216e-01
   2.1218197e-01
   2.1623895e-01
   2.0696012e-01
   2.0690139e-01
   2.1863629e-01
   2.1391705e-01
   2.1157492e-01
   2.0782888e-01
   2.1853853e-01
   2.0738765e-01
   2.0675118e-01
   2.0706093e-01
   2.1656029e-01
   2.0662894e-01
   2.1349807e-01
   2.1726791e-01
   2.0725321e-01
   2.1565067e-01
   2.0762436e-01
   2.0977048e-01
   2.0689025e-01
   2.0907511e-01
   2.0770926e-01
   2.1315872e-01
   2.1003756e-01
   2.0689096e-01
   2.1374773e-01
   2.0781927e-01
   2.1478246e-01
   2.0658683e-01
   2.0690022e-01
   2.0693512e-01
   2.1778997e-01
   2.1881330e-01
   2.1856383e-01
   2.0742035e-01
   2.1636966e-01
   2.1104709e-01
   2.1250559e-01
   2.0785963e-01
   2.1207368e-01
   2.0788459e-01
   2.0664141e-01
   2.0741232e-01
   2.0764264e-01
   2.0693757e-01
   2.1187018e-01
   2.1733811e-01
   2.0658203e-01
   2.0718439e-01
   2.1166266e-01
   2.0791319e-01
   2.1525705e-01
   2.1690907e-01
   2.1494557e-01
   2.1708099e-01
   2.1305769e-01
   2.0787783e-01
   2.1254266e-01
   2.0763674e-01
   2.0730910e-01
   2.1155106e-01
   2.0785332e-01
   2.1872835e-01
   2.0776799e-01
   2.1862439e-01
   2.1656362e-01
   2.0722042e-01
   2.0915573e-01
   2.0833954e-01
   2.0704252e-01
   2.0689222e-01
   2.0696412e-01
   2.0761311e-01
   2.0695235e-01
   2.0912354e-01
   2.0992196e-01
   2.0744038e-01
   2.1886239e-01
   2.0747473e-01
   2.0708348e-01
   2.0699921e-01
   2.1663473e-01
   2.1415165e-01
   2.1560606e-01
   2.0704264e-01
   2.0690570e-01
   2.1862546e-01
   2.1512845e-01
   2.1653819e-01
   2.0763174e-01
   2.0714440e-01
   2.0760934e-01
   2.0751795e-01
   2.0689462e-01
   2.1623398e-01
   2.1154394e-01
   2.0791668e-01
   2.0683186e-01
   2.1098094e-01
   2.1322716e-01
   2.0742926e-01
   2.1772819e-01
   2.1270364e-01
   2.0774059e-01
   2.1854437e-01
   2.0676920e-01
   2.1822671e-01
   2.1735423e-01
   2.1392002e-01
   2.1277630e-01
   2.0701575e-01
   2.1641338e-01
   2.1636901e-01
   2.1226475e-01
   2.0769552e-01
   2.1062958e-01
   2.0785881e-01
   2.1454491e-01
   2.0743886e-01
   2.0763098e-01
   2.0989791e-01
   2.0714742e-01
   2.0752916e-01
   2.1267639e-01
   2.0702785e-01
   2.1018060e-01
   2.1708050e-01
   2.1624002e-01
