   2.6814040e-01
   2.6062819e-01
   2.5659727e-01
   2.5939365e-01
   2.5538951e-01
   2.5938815e-01
   2.6186082e-01
   2.6558169e-01
   2.5542537e-01
   2.5697722e-01
   2.6126403e-01
   2.6727326e-01
   2.6315370e-01
   2.5879873e-01
   2.5975995e-01
   2.5818113e-01
   2.6167073e-01
   2.6348768e-01
   2.6673552e-01
   2.5780254e-01
   2.5933069e-01
   2.6620252e-01
   2.6447112e-01
   2.6850135e-01
   2.5683729e-01
   2.5778295e-01
   2.6028520e-01
   2.6756128e-01
   2.6155669e-01
   2.6192221e-01
   2.6414343e-01
   2.6579329e-01
   2.6173904e-01
   2.5777164e-01
   2.6701120e-01
   2.5576211e-01
   2.6271196e-01
   2.5764746e-01
   2.6500665e-01
   2.6403828e-01
   2.6422458e-01
   2.6822300e-01
   2.6104191e-01
   2.6518820e-01
   2.6730017e-01
   2.5708738e-01
   2.6691356e-01
   2.6501693e-01
   2.5723205e-01
   2.6243682e-01
   2.6899326e-01
   2.6656226e-01
   2.6341988e-01
   2.5713266e-01
   2.5890037e-01
   2.6165004e-01
   2.5905788e-01
   2.6906289e-01
   2.6855180e-01
   2.6403446e-01
   2.5679438e-01
   2.6887329e-01
   2.5851318e-01
   2.6702523e-01
   2.5426712e-01
   2.5905707e-01
   2.6257799e-01
   2.6602616e-01
   2.5757308e-01
   2.5816389e-01
   2.5739523e-01
   2.5872760e-01
   2.6040924e-01
   2.6824151e-01
   2.6172521e-01
   2.6530594e-01
   2.6294196e-01
   2.6549004e-01
   2.6575180e-01
   2.5875434e-01
   2.6902644e-01
   2.5895411e-01
   2.6446527e-01
   2.5681549e-01
   2.6009692e-01
   2.5578296e-01
   2.6496366e-01
   2.6220436e-01
   2.5940869e-01
   2.6234933e-01
   2.6201328e-01
   2.6358812e-01
   2.5685854e-01
   2.6362690e-01
   2.6652732e-01
   2.6226999e-01
   2.6417734e-01
   2.6529481e-01
   2.6845362e-01
   2.6479190e-01
   2.6667282e-01
   2.5685236e-01
   2.6929333e-01
   2.6630008e-01
   2.6066647e-01
   2.5540232e-01
   2.6597271e-01
   2.6424838e-01
   2.6672687e-01
   2.6543233e-01
   2.5585591e-01
   2.5545689e-01
   2.5590175e-01
   2.6811897e-01
   2.6813200e-01
   2.6482260e-01
   2.6375252e-01
   2.6286295e-01
   2.6757881e-01
   2.6444770e-01
   2.5985403e-01
   2.5728047e-01
   2.6224460e-01
   2.5979525e-01
   2.6065875e-01
   2.5831872e-01
   2.5725205e-01
   2.6808160e-01
   2.5746204e-01
   2.6503196e-01
   2.5784771e-01
   2.6709645e-01
   2.5858737e-01
   2.6603335e-01
   2.6588177e-01
   2.6474996e-01
   2.5986507e-01
   2.6075549e-01
   2.6717342e-01
   2.6683448e-01
   2.6391772e-01
   2.6323991e-01
   2.5797422e-01
   2.6479747e-01
   2.6421653e-01
   2.6734549e-01
   2.5531975e-01
   2.6398949e-01
   2.5974541e-01
   2.6347250e-01
   2.5953915e-01
   2.6633476e-01
   2.6603298e-01
   2.6937658e-01
   2.5836424e-01
   2.5681292e-01
   2.5833477e-01
   2.5833445e-01
   2.6597596e-01
   2.6805741e-01
   2.6446434e-01
   2.6390552e-01
   2.5454939e-01
   2.6076580e-01
   2.6408421e-01
   2.5956650e-01
   2.5954161e-01
   2.6174663e-01
   2.6398569e-01
   2.5929324e-01
   2.5967798e-01
   2.6423507e-01
   2.6804700e-01
   2.6565639e-01
   2.6040646e-01
   2.6354115e-01
   2.5857810e-01
   2.5877062e-01
   2.6238857e-01
   2.5821250e-01
   2.6941377e-01
   2.6684809e-01
   2.5474942e-01
   2.6720963e-01
   2.6720312e-01
   2.5803769e-01
   2.6858062e-01
   2.6587858e-01
   2.6468096e-01
   2.5574843e-01
   2.5931478e-01
   2.6895580e-01
   2.6769435e-01
   2.5545351e-01
   2.5944491e-01
   2.5462584e-01
   2.6086999e-01
   2.5697248e-01
   2.6665773e-01
   2.6137329e-01
   2.6303033e-01
   2.6698805e-01
   2.5691509e-01
   2.6689135e-01
   2.6405995e-01
   2.5861998e-01
   2.5859477e-01
   2.6915147e-01
   2.6792985e-01
   2.6583631e-01
   2.6764614e-01
   2.5973176e-01
   2.6408884e-01
   2.5664861e-01
   2.6001271e-01
   2.6651624e-01
   2.6658807e-01
   2.5985754e-01
   2.6862123e-01
   2.6775110e-01
   2.6425195e-01
   2.6369725e-01
   2.6902387e-01
   2.6044061e-01
   2.6349468e-01
   2.5988313e-01
   2.6438238e-01
   2.6433909e-01
   2.6186320e-01
   2.6230571e-01
   2.6015823e-01
   2.5935727e-01
   2.6198760e-01
   2.6225244e-01
   2.5812246e-01
   2.6769157e-01
   2.5718997e-01
   2.5998227e-01
   2.6114048e-01
   2.6657454e-01
   2.6275133e-01
   2.6818179e-01
   2.6739098e-01
   2.6604010e-01
   2.6369813e-01
   2.6559160e-01
   2.6618572e-01
   2.5299958e-01
   2.5965700e-01
   2.6865008e-01
   2.6902144e-01
   2.5902058e-01
   2.5954281e-01
   2.5893153e-01
   2.6059610e-01
   2.6113661e-01
   2.6374372e-01
   2.5717309e-01
   2.6671020e-01
   2.6061374e-01
   2.6016216e-01
   2.6832069e-01
   2.6831523e-01
   2.6047363e-01
   2.6192527e-01
   2.6357970e-01
   2.5952059e-01
   2.6588337e-01
   2.5814748e-01
   2.5901286e-01
   2.6717592e-01
   2.6492463e-01
   2.6058642e-01
   2.6568385e-01
   2.5797278e-01
   2.5615652e-01
   2.5897479e-01
   2.6449705e-01
   2.6041774e-01
   2.6139016e-01
   2.6549133e-01
   2.6420907e-01
   2.5913702e-01
   2.5690417e-01
   2.6133068e-01
   2.5885385e-01
   2.5666512e-01
   2.6588061e-01
   2.6412842e-01
   2.6667812e-01
   2.5995346e-01
   2.6255445e-01
   2.6248026e-01
   2.5667664e-01
   2.6327837e-01
   2.5636230e-01
   2.6561003e-01
   2.5987446e-01
   2.5986659e-01
   2.6937498e-01
