   1.8580104e-01
   1.8942198e-01
   1.9200714e-01
   2.0637461e-01
   1.9793714e-01
   1.8804236e-01
   2.0346163e-01
   1.8792056e-01
   1.8468444e-01
   1.8944145e-01
   1.9154084e-01
   2.0172967e-01
   1.9319446e-01
   1.9485107e-01
   1.9289129e-01
   1.9172085e-01
   1.8472424e-01
   2.0482853e-01
   2.0615589e-01
   1.9735819e-01
   2.0261879e-01
   2.0257059e-01
   1.8594177e-01
   2.0517128e-01
   2.1488775e-01
   1.9984447e-01
   2.0557939e-01
   1.9711791e-01
   1.8473456e-01
   1.9505827e-01
   1.8228565e-01
   2.0506581e-01
   1.8835599e-01
   1.9340997e-01
   1.9648768e-01
   2.1286364e-01
   2.0585628e-01
   1.9814281e-01
   1.9893045e-01
   1.9554457e-01
   1.9739042e-01
   1.9955585e-01
   2.0234415e-01
   1.8648771e-01
   1.9060976e-01
   2.1741483e-01
   1.8720782e-01
   1.7935913e-01
   1.9558408e-01
   1.9785570e-01
   2.0113187e-01
   1.9132314e-01
   1.9366984e-01
   2.0336296e-01
   2.0270664e-01
   1.8960629e-01
   1.8645075e-01
   2.0761362e-01
   1.9360053e-01
   1.9104399e-01
   1.9035860e-01
   1.8977816e-01
   1.9342878e-01
   1.9907044e-01
   1.8724280e-01
   1.9090897e-01
   2.0474708e-01
   1.8428297e-01
   1.9724726e-01
   2.1527996e-01
   2.1706168e-01
   2.1439270e-01
   1.9920298e-01
   2.0784898e-01
   1.8551926e-01
   1.8688644e-01
   1.9654514e-01
   2.0133664e-01
   1.9058088e-01
   1.9017877e-01
   1.9009308e-01
   1.8509573e-01
   2.0751385e-01
   2.0140448e-01
   2.1349252e-01
   2.1578569e-01
   1.8994492e-01
   2.0166266e-01
   1.9498312e-01
   1.8268267e-01
   1.9060816e-01
   1.8180914e-01
   2.0234601e-01
   2.0174196e-01
   2.1324289e-01
   1.9510784e-01
   1.9697053e-01
   2.0159864e-01
   1.8052647e-01
   1.8432614e-01
   1.9139104e-01
   1.7816504e-01
   2.0587525e-01
   2.1025631e-01
   2.1470780e-01
   1.8143995e-01
   1.9139605e-01
   2.0115194e-01
   1.8924510e-01
   1.8208489e-01
   2.0476569e-01
   1.9603726e-01
   2.1310057e-01
   2.0443095e-01
   1.9440390e-01
   1.8250921e-01
   1.8267324e-01
   2.1575211e-01
   2.1104100e-01
   1.8971481e-01
   2.0652599e-01
   1.9342788e-01
   1.9744517e-01
   1.9244808e-01
   1.9123651e-01
   2.0554465e-01
   2.0857536e-01
   1.7591292e-01
   1.9419881e-01
   2.1246550e-01
   1.8486430e-01
   2.0455669e-01
   1.8954420e-01
   2.0488517e-01
   2.1776507e-01
   1.9973582e-01
   2.0758915e-01
   1.8832007e-01
   1.9174670e-01
   1.8436591e-01
   1.9102095e-01
   1.8568526e-01
   1.8483936e-01
   1.9282266e-01
   1.8640325e-01
   2.0517595e-01
   2.1287622e-01
   2.0510806e-01
   2.1758621e-01
   1.8631968e-01
   1.8197796e-01
   1.8843343e-01
   2.1296586e-01
   2.1480037e-01
   1.9747292e-01
   2.0372678e-01
   2.0867880e-01
   1.7772726e-01
   2.0326148e-01
   1.9701647e-01
   2.0469293e-01
   1.9301855e-01
   1.8892281e-01
   1.9332732e-01
   1.8652378e-01
   1.8048742e-01
   2.1705365e-01
   1.9125262e-01
   2.0963263e-01
   1.9739258e-01
   1.8624485e-01
   1.9891593e-01
   1.9589078e-01
   1.8611387e-01
   1.9768830e-01
   1.9288857e-01
   1.7754341e-01
   1.7995868e-01
   1.9528764e-01
   2.0589451e-01
   1.9249538e-01
   1.8593562e-01
   1.8177764e-01
   2.0682703e-01
   2.1438788e-01
   1.9663931e-01
   1.9915597e-01
   1.8611260e-01
   1.7964312e-01
   1.9126014e-01
   1.9957278e-01
   1.9623059e-01
   2.0777046e-01
   1.8624613e-01
   1.8487092e-01
   1.8360494e-01
   2.0576058e-01
   1.8665063e-01
   2.0033799e-01
   1.9849912e-01
   2.1548501e-01
   1.8523096e-01
   2.0509362e-01
   2.0244891e-01
   1.9217166e-01
   1.9247472e-01
   1.8882356e-01
   1.8976840e-01
   2.0440143e-01
   1.8252631e-01
   1.9491478e-01
   2.1820149e-01
   1.8549245e-01
   1.8922675e-01
   2.0639684e-01
   1.8819647e-01
   1.9652966e-01
   1.9375776e-01
   1.9263400e-01
   1.9363064e-01
   2.0182550e-01
   1.9890621e-01
   1.8783359e-01
   2.1599477e-01
   1.7905509e-01
   1.7640015e-01
   1.9784840e-01
   2.1991118e-01
   2.0397658e-01
   2.0712958e-01
   1.9757270e-01
   2.0861113e-01
   2.0109292e-01
   1.9816715e-01
   2.0571744e-01
   2.1053590e-01
   2.1464746e-01
   2.1661277e-01
   1.9175798e-01
   1.9407489e-01
   2.0052621e-01
   1.8847694e-01
   2.1059014e-01
   2.1629115e-01
   2.0880859e-01
   1.9362535e-01
   2.0642582e-01
   2.0760851e-01
   1.8808409e-01
   1.9637364e-01
   2.0213866e-01
   1.9769277e-01
   2.0324474e-01
   2.0433242e-01
   2.0781400e-01
   1.8752007e-01
   2.0591618e-01
   1.8927650e-01
   1.8972811e-01
   1.8977089e-01
   2.0593718e-01
   1.8755943e-01
   1.9326517e-01
   2.0046977e-01
   1.9373369e-01
   2.0152867e-01
   1.9239608e-01
   1.8618716e-01
   1.9201003e-01
   1.9737558e-01
   1.9702221e-01
   2.0254694e-01
   1.8542550e-01
   2.0580319e-01
   1.9095892e-01
   1.8340893e-01
   1.9565351e-01
   1.9024855e-01
   1.8569865e-01
   1.8814976e-01
   1.8750519e-01
   2.1069432e-01
   2.0926748e-01
   1.9972329e-01
   2.0391137e-01
   2.0583515e-01
   1.9208935e-01
   1.9478220e-01
   1.9548670e-01
   2.0062001e-01
   1.9832348e-01
   1.8290521e-01
   2.0039157e-01
   2.0519988e-01
   2.0920534e-01
   1.9486823e-01
   2.0167297e-01
   1.8798185e-01
   1.8669724e-01
   2.0440002e-01
