   8.0294122e-02
   7.7803792e-02
   8.3785188e-02
   1.1456231e-01
   8.9949364e-02
   8.9954552e-02
   9.5122292e-02
   1.2086557e-01
   9.0639012e-02
   1.0693438e-01
   8.8944674e-02
   1.1097839e-01
   1.1974723e-01
   1.1791266e-01
   1.0273613e-01
   1.3602350e-01
   1.0194209e-01
   8.9233535e-02
   1.0795023e-01
   1.2098272e-01
   1.1042915e-01
   1.0124931e-01
   9.6573592e-02
   1.0908873e-01
   7.5028765e-02
   9.9009412e-02
   1.2553564e-01
   9.2306708e-02
   8.2300064e-02
   7.8544633e-02
   8.1375870e-02
   1.4391261e-01
   1.1710979e-01
   1.1432026e-01
   1.2290900e-01
   1.0089303e-01
   1.1735363e-01
   7.6449199e-02
   1.1475660e-01
   1.0319703e-01
   1.2044114e-01
   7.3933215e-02
   8.5480718e-02
   1.1665657e-01
   9.2536451e-02
   8.2868236e-02
   1.2437008e-01
   1.0321593e-01
   9.9497241e-02
   1.0507685e-01
   8.1568456e-02
   1.0452080e-01
   1.1321963e-01
   8.6995885e-02
   9.0747578e-02
   1.0312118e-01
   1.0657298e-01
   9.4964117e-02
   1.2452033e-01
   1.1009669e-01
   8.2690111e-02
   1.3487028e-01
   8.4889206e-02
   9.6048508e-02
   1.2101917e-01
   1.1549117e-01
   1.1590768e-01
   1.1805498e-01
   1.0125603e-01
   8.7488859e-02
   9.7356675e-02
   9.1808293e-02
   1.0431941e-01
   8.4563912e-02
   1.4045093e-01
   1.2695484e-01
   1.0556433e-01
   8.1688531e-02
   9.9690501e-02
   1.0129613e-01
   8.7413011e-02
   9.2304024e-02
   1.2221163e-01
   8.8428868e-02
   1.0637016e-01
   9.5349963e-02
   1.0039964e-01
   1.2281175e-01
   1.2034480e-01
   7.8729124e-02
   1.0431428e-01
   1.1125741e-01
   8.8353613e-02
   1.1838227e-01
   1.3150910e-01
   1.3069365e-01
   9.5723275e-02
   1.3141564e-01
   1.2998534e-01
   7.3059011e-02
   9.2869772e-02
   9.3571591e-02
   1.1222783e-01
   1.1805703e-01
   7.5387087e-02
   8.2462440e-02
   1.1009713e-01
   1.0731617e-01
   8.8591819e-02
   1.0485438e-01
   6.9830574e-02
   7.5906681e-02
   1.0275733e-01
   1.1608949e-01
   8.9963630e-02
   1.1766219e-01
   9.4697346e-02
   1.2412754e-01
   1.3333503e-01
   9.3583318e-02
   1.1705476e-01
   9.9455792e-02
   8.7694586e-02
   6.9073151e-02
   8.9894627e-02
   1.0385261e-01
   7.4779844e-02
   1.2120605e-01
   1.0333408e-01
   1.1363330e-01
   7.6908888e-02
   6.9490963e-02
   1.3631608e-01
   7.6844200e-02
   1.3874933e-01
   8.7616753e-02
   9.6520944e-02
   9.2872392e-02
   9.7684950e-02
   1.2144045e-01
   1.1035714e-01
   9.8242813e-02
   1.2286139e-01
   1.0642127e-01
   9.1186339e-02
   8.6901521e-02
   7.9297772e-02
   9.2415482e-02
   1.2257756e-01
   7.8358210e-02
   1.2988900e-01
   1.0019731e-01
   9.9790857e-02
   9.0556799e-02
   8.6816604e-02
   8.6731275e-02
   8.3037547e-02
   8.7080756e-02
   1.1578232e-01
   8.8593286e-02
   8.6537518e-02
   7.8708329e-02
   1.3303636e-01
   9.9403211e-02
   1.1029862e-01
   8.3184632e-02
   7.8284894e-02
   1.2857067e-01
   1.4249076e-01
   1.0226611e-01
   1.2916358e-01
   1.1858445e-01
   8.0417907e-02
   8.0634553e-02
   1.0813283e-01
   9.1597411e-02
   1.0066736e-01
   9.7697345e-02
   7.5033814e-02
   7.2970436e-02
   1.1630116e-01
   7.9429554e-02
   1.0137965e-01
   1.4508527e-01
   8.5783099e-02
   8.2386133e-02
   9.9401780e-02
   1.3290200e-01
   8.6047527e-02
   9.0794596e-02
   9.7525931e-02
   1.1644559e-01
   9.7418312e-02
   1.2114016e-01
   1.0934001e-01
   1.2565913e-01
   1.1737690e-01
   1.0164246e-01
   1.1750976e-01
   1.3079115e-01
   8.3416588e-02
   1.1592427e-01
   1.0405159e-01
   1.1721178e-01
   7.0960030e-02
   8.4395577e-02
   1.0132722e-01
   1.2287727e-01
   1.0844543e-01
   1.0054532e-01
   1.1192525e-01
   1.0907965e-01
   1.2989311e-01
   1.0293564e-01
   1.0021133e-01
   8.3391427e-02
   8.1223173e-02
   9.5318385e-02
   1.1274504e-01
   8.3995549e-02
   9.3933516e-02
   8.3853023e-02
   9.5426729e-02
   1.0128457e-01
   7.2363282e-02
   9.0254298e-02
   1.1097968e-01
   9.7242187e-02
   8.3760752e-02
   9.9340575e-02
   1.0791730e-01
   9.8670221e-02
   1.2723263e-01
   8.2272666e-02
   1.3279438e-01
   1.0466024e-01
   1.1669403e-01
   1.0923819e-01
   8.0538552e-02
   1.0119306e-01
   7.0489975e-02
   7.5959795e-02
   1.1875576e-01
   8.5296892e-02
   1.0275085e-01
   1.1891899e-01
   7.6143140e-02
   1.1685094e-01
   8.2669288e-02
   1.1756432e-01
   1.0232936e-01
   8.1952884e-02
   1.1533313e-01
   1.1463881e-01
   1.1038899e-01
   1.3978289e-01
   1.2408944e-01
   8.3334652e-02
   1.0677741e-01
   9.3095420e-02
   9.7930831e-02
   1.1542893e-01
   1.1769262e-01
   1.0416815e-01
   1.0984727e-01
   8.8415218e-02
   9.3618213e-02
   8.5175815e-02
   8.4958307e-02
   1.1668625e-01
   8.7849656e-02
   9.0484975e-02
   9.5274646e-02
   1.1605254e-01
   1.1369738e-01
   1.2109554e-01
   1.1140163e-01
   8.2817569e-02
   8.4870948e-02
   1.2368620e-01
   7.3298720e-02
   1.3859636e-01
   1.1892840e-01
   1.1427643e-01
   1.3628576e-01
   1.1700793e-01
   1.3906854e-01
   1.1181158e-01
   1.4483961e-01
   9.7904904e-02
   8.1415523e-02
   7.5932791e-02
   7.3059130e-02
   1.4401026e-01
   9.4071006e-02
   1.0944787e-01
   8.2506614e-02
   1.1849813e-01
   1.1140801e-01
   8.1983216e-02
