   2.9433270e-02
   4.1398138e-02
   4.5648650e-02
   4.0534001e-02
   3.6623026e-02
   4.1710498e-02
   2.8875172e-02
   3.6893633e-02
   3.1240324e-02
   3.9621137e-02
   3.5426048e-02
   4.6146245e-02
   3.6244115e-02
   3.4560999e-02
   2.7223770e-02
   2.9978998e-02
   4.2480655e-02
   2.7634524e-02
   3.5949597e-02
   3.4192556e-02
   3.3361317e-02
   3.1569007e-02
   3.0635809e-02
   3.3820255e-02
   3.6378495e-02
   3.4109512e-02
   4.7960164e-02
   3.3600433e-02
   4.1176529e-02
   4.0490598e-02
   4.1612402e-02
   4.5401665e-02
   3.1080525e-02
   4.3058178e-02
   3.6202198e-02
   3.7548470e-02
   3.1947175e-02
   3.2750377e-02
   3.1023975e-02
   4.2015430e-02
   3.2228220e-02
   2.7565853e-02
   3.3744393e-02
   3.4637323e-02
   4.4236767e-02
   4.1049490e-02
   2.8187777e-02
   4.5263878e-02
   4.0767403e-02
   3.9227681e-02
   3.6952393e-02
   2.8494799e-02
   4.2705856e-02
   3.4113639e-02
   3.9470566e-02
   4.0379333e-02
   3.7195487e-02
   3.2029695e-02
   3.2783175e-02
   3.2147716e-02
   2.7838755e-02
   3.3831878e-02
   2.9936754e-02
   3.8846004e-02
   3.0508139e-02
   3.2874884e-02
   3.0020016e-02
   4.5108426e-02
   3.4029148e-02
   2.7632066e-02
   3.5163621e-02
   3.6135139e-02
   4.4634077e-02
   3.5185222e-02
   4.3593163e-02
   3.0403188e-02
   3.7137516e-02
   4.0159899e-02
   4.0503619e-02
   3.7659982e-02
   3.9145120e-02
   4.1523848e-02
   2.8059761e-02
   4.1846420e-02
   3.4090218e-02
   3.4802433e-02
   4.6667476e-02
   3.9196542e-02
   2.9369531e-02
   2.9020604e-02
   3.5497862e-02
   3.7600192e-02
   3.0948095e-02
   4.2202849e-02
   3.8425532e-02
   3.9372376e-02
   4.3791305e-02
   4.4019680e-02
   3.4859236e-02
   4.3550386e-02
   4.1848631e-02
   4.4587219e-02
   4.5410377e-02
   3.7944537e-02
   4.1440731e-02
   3.8431290e-02
   3.9081594e-02
   4.4784651e-02
   4.5281166e-02
   2.9002503e-02
   3.2585303e-02
   3.4245587e-02
   4.3218901e-02
   3.1752761e-02
   4.5063778e-02
   3.8405006e-02
   2.7960554e-02
   2.7920591e-02
   3.4942366e-02
   3.2303081e-02
   3.8415609e-02
   3.9987704e-02
   2.7818282e-02
   4.5344785e-02
   3.0562648e-02
   3.0249891e-02
   4.2656785e-02
   2.8537121e-02
   3.4299726e-02
   4.4519990e-02
   3.8365627e-02
   2.8659654e-02
   4.1287388e-02
   3.5717667e-02
   4.5376582e-02
   3.2580160e-02
   3.9688768e-02
   3.7032629e-02
   4.2803101e-02
   4.0488820e-02
   2.8533376e-02
   4.1676068e-02
   4.5380121e-02
   3.6011548e-02
   3.7921767e-02
   4.6842727e-02
   3.6543680e-02
   3.3684360e-02
   3.1445210e-02
   3.7240785e-02
   4.0788765e-02
   2.8207709e-02
   3.8855239e-02
   2.9561270e-02
   4.5751311e-02
   3.7135194e-02
   3.5899235e-02
   3.3583096e-02
   3.9481012e-02
   3.6093633e-02
   4.6011804e-02
   4.0385808e-02
   3.8062255e-02
   3.5248785e-02
   4.3853785e-02
   2.9165829e-02
   3.7128786e-02
   3.9803399e-02
   3.2487255e-02
   4.5943551e-02
   3.3299789e-02
   3.0807811e-02
   3.8302286e-02
   4.6200210e-02
   3.7686642e-02
   3.1829216e-02
   4.5657649e-02
   3.6958371e-02
   3.3723672e-02
   3.9153490e-02
   3.0148719e-02
   4.2145943e-02
   3.6458128e-02
   3.6661972e-02
   4.2059064e-02
   4.1416413e-02
   4.3843686e-02
   3.2016253e-02
   3.4159775e-02
   4.3811068e-02
   3.5291950e-02
   2.9172194e-02
   2.9587300e-02
   3.1602093e-02
   3.3116021e-02
   4.5660738e-02
   3.6540829e-02
   4.3617907e-02
   4.0434036e-02
   3.0745871e-02
   4.3962893e-02
   2.8504169e-02
   3.8922383e-02
   3.2197964e-02
   4.7068771e-02
   4.0075573e-02
   3.9979805e-02
   3.1994388e-02
   3.6641013e-02
   4.3249868e-02
   4.6299607e-02
   3.5313437e-02
   4.1999013e-02
   2.7346212e-02
   3.1689141e-02
   2.7805494e-02
   4.2475239e-02
   4.5081400e-02
   3.4829017e-02
   2.9899594e-02
   4.5846465e-02
   4.3233894e-02
   2.9099367e-02
   3.2729684e-02
   3.6684580e-02
   2.9720471e-02
   4.7037496e-02
   4.4911502e-02
   3.1737197e-02
   3.1664987e-02
   4.7612114e-02
   4.0378933e-02
   4.6020515e-02
   4.0001381e-02
   3.5103960e-02
   3.2108120e-02
   3.7749603e-02
   4.5253393e-02
   4.2170042e-02
   4.3109631e-02
   2.7976812e-02
   4.5770578e-02
   4.2609938e-02
   4.3422806e-02
   4.1310326e-02
   3.1435445e-02
   2.7141929e-02
   3.6465653e-02
   3.4476698e-02
   2.8340206e-02
   3.5084220e-02
   3.8299283e-02
   4.1265070e-02
   3.5523670e-02
   3.9140149e-02
   4.3963531e-02
   3.8846904e-02
   4.5387976e-02
   4.4987627e-02
   2.9656863e-02
   4.3043246e-02
   4.2329273e-02
   3.8750334e-02
   4.1250608e-02
   2.9226278e-02
   4.0063955e-02
   2.9209729e-02
   2.9196249e-02
   2.9261835e-02
   4.0054338e-02
   4.3607405e-02
   2.9677120e-02
   3.2078750e-02
   3.2206107e-02
   3.4813696e-02
   4.4450093e-02
   4.6658603e-02
   3.3773194e-02
   2.7947256e-02
   4.1727468e-02
   3.2503246e-02
   3.4584862e-02
   4.1750745e-02
   3.8980923e-02
   2.7380898e-02
   3.0071976e-02
   2.9089746e-02
   4.6085690e-02
   4.2776196e-02
   3.8898366e-02
   3.7054203e-02
   4.3337791e-02
   3.5723232e-02
   4.6719269e-02
   4.0307709e-02
   4.4643307e-02
   3.0941139e-02
   3.4586361e-02
   3.5317950e-02
   3.2524376e-02
