   5.0037300e-02
   5.6673628e-02
   5.0558800e-02
   5.2081863e-02
   6.1007811e-02
   5.5337317e-02
   4.8799402e-02
   5.3659975e-02
   5.2571433e-02
   6.0182945e-02
   5.3412325e-02
   5.0703765e-02
   5.4116627e-02
   5.5629109e-02
   5.1111908e-02
   5.4028714e-02
   6.3905621e-02
   6.0309636e-02
   5.6010426e-02
   5.9396506e-02
   4.8554856e-02
   5.2436225e-02
   5.3662565e-02
   5.5069845e-02
   5.4568701e-02
   5.5647686e-02
   5.1299445e-02
   4.6315598e-02
   5.1657327e-02
   4.6218782e-02
   5.7600892e-02
   5.1519142e-02
   5.3956653e-02
   5.3656849e-02
   5.4706356e-02
   5.9787981e-02
   4.7802969e-02
   4.9602172e-02
   5.5517437e-02
   5.4818323e-02
   4.8796936e-02
   5.6051273e-02
   6.0116599e-02
   5.2273824e-02
   4.8822444e-02
   5.6242015e-02
   5.4759885e-02
   5.4200376e-02
   6.1966361e-02
   5.2016266e-02
   5.6864267e-02
   5.9745121e-02
   5.2729850e-02
   5.4449564e-02
   5.6018997e-02
   5.2077279e-02
   5.7085173e-02
   4.7282000e-02
   4.9662802e-02
   4.9350970e-02
   6.0091754e-02
   6.3596636e-02
   5.2109070e-02
   5.8310240e-02
   5.8071872e-02
   4.7784884e-02
   4.7033114e-02
   5.4647660e-02
   4.5491519e-02
   5.0438664e-02
   5.7120933e-02
   5.7844680e-02
   5.5139961e-02
   5.5592536e-02
   5.8159980e-02
   6.0254533e-02
   5.5684848e-02
   4.9118561e-02
   5.9949643e-02
   5.9119650e-02
   6.1686296e-02
   5.5113216e-02
   4.6002388e-02
   5.6704871e-02
   5.6615692e-02
   5.6724124e-02
   5.7260356e-02
   5.5791946e-02
   5.3487725e-02
   4.6809321e-02
   5.7120230e-02
   6.4045612e-02
   5.7714802e-02
   5.0556772e-02
   5.2434863e-02
   5.9684634e-02
   5.0004966e-02
   5.5958353e-02
   4.7221277e-02
   5.1313535e-02
   5.9953483e-02
   6.3668174e-02
   5.7254424e-02
   4.9625305e-02
   5.8108870e-02
   5.3751680e-02
   5.1832175e-02
   4.5771823e-02
   5.3752326e-02
   6.0517311e-02
   4.9496293e-02
   6.2590303e-02
   4.7977055e-02
   4.7788868e-02
   5.9161667e-02
   4.8940257e-02
   5.2201121e-02
   5.7887763e-02
   6.2458039e-02
   5.1997280e-02
   6.0655351e-02
   5.3013825e-02
   5.4523121e-02
   4.7717106e-02
   5.3584216e-02
   5.9246552e-02
   6.2692112e-02
   5.6602724e-02
   5.0392627e-02
   4.9997717e-02
   5.2340819e-02
   5.1914378e-02
   4.9753901e-02
   4.5977133e-02
   5.5496053e-02
   5.0900117e-02
   6.0549231e-02
   5.6093200e-02
   6.2417874e-02
   5.2313760e-02
   5.4887087e-02
   4.9210446e-02
   5.5871627e-02
   5.0737725e-02
   6.3320264e-02
   5.5997135e-02
   5.2976425e-02
   5.9663457e-02
   4.9101671e-02
   4.6251203e-02
   5.2081361e-02
   5.7174421e-02
   5.5710379e-02
   5.4072625e-02
   4.9338483e-02
   4.8128366e-02
   5.4215815e-02
   6.0000095e-02
   6.2220270e-02
   5.1163969e-02
   5.7977264e-02
   5.9498540e-02
   5.4959214e-02
   5.5589969e-02
   5.6225054e-02
   5.9754479e-02
   6.3905409e-02
   5.9846882e-02
   5.7156467e-02
   5.0562520e-02
   4.9379386e-02
   5.1749775e-02
   5.6590609e-02
   5.6918262e-02
   5.2520442e-02
   4.9412365e-02
   4.9327973e-02
   5.1225128e-02
   5.2022659e-02
   5.4611231e-02
   6.2708224e-02
   5.5346062e-02
   5.9155615e-02
   5.6140416e-02
   5.5791057e-02
   5.5231042e-02
   4.9789992e-02
   6.0307527e-02
   5.2331285e-02
   5.4791307e-02
   6.0126448e-02
   5.7090173e-02
   5.8715850e-02
   5.9049642e-02
   5.8304710e-02
   5.0214141e-02
   5.6057209e-02
   5.3939553e-02
   5.9769044e-02
   5.4447863e-02
   4.9093922e-02
   6.0692010e-02
   5.2488439e-02
   4.7283356e-02
   4.9060757e-02
   5.9627837e-02
   5.4492736e-02
   5.6639662e-02
   4.5729107e-02
   5.4109832e-02
   5.5575704e-02
   4.9819820e-02
   5.0682358e-02
   4.9697923e-02
   5.8017036e-02
   5.5899778e-02
   4.7176853e-02
   6.0726308e-02
   5.8980306e-02
   6.3968123e-02
   5.3360138e-02
   5.9403510e-02
   5.1033415e-02
   5.1183179e-02
   4.7777117e-02
   4.9131460e-02
   5.7500140e-02
   5.8971899e-02
   6.0843360e-02
   5.1265896e-02
   6.1501426e-02
   5.5953636e-02
   4.8936257e-02
   5.5563402e-02
   5.4043416e-02
   6.0196289e-02
   5.0919749e-02
   5.4772183e-02
   4.8011088e-02
   4.8147344e-02
   5.1075115e-02
   5.7048442e-02
   5.2079284e-02
   5.4112551e-02
   5.6140419e-02
   5.7663028e-02
   4.8261745e-02
   5.5560850e-02
   5.7331821e-02
   6.0088062e-02
   5.3031493e-02
   4.9549222e-02
   4.9001396e-02
   5.1640550e-02
   6.2322195e-02
   5.7899124e-02
   5.6227518e-02
   6.1746914e-02
   6.0827883e-02
   6.2726210e-02
   5.7409159e-02
   5.1748504e-02
   4.9133707e-02
   5.2310832e-02
   5.4994962e-02
   5.8771962e-02
   4.9173094e-02
   4.9545510e-02
   5.7847018e-02
   5.4379668e-02
   5.9877425e-02
   6.3437815e-02
   5.7639006e-02
   4.8148512e-02
   4.6033799e-02
   5.5561497e-02
   5.1103848e-02
   4.9968957e-02
   5.4327868e-02
   4.9602884e-02
   4.9779274e-02
   6.2604199e-02
   5.2187291e-02
   4.7904126e-02
   5.3135744e-02
   5.7145463e-02
   6.1643910e-02
   6.0722311e-02
   6.0602161e-02
   4.6624940e-02
   6.1236918e-02
   4.8218052e-02
   4.7158264e-02
   5.7168400e-02
   6.0418999e-02
   5.1865988e-02
   5.1373371e-02
   5.2500083e-02
   4.8904370e-02
   5.5881504e-02
