   5.0387061e-02
   5.3846071e-02
   5.4036423e-02
   5.2949705e-02
   6.1698614e-02
   5.5219410e-02
   5.7740038e-02
   5.3048055e-02
   5.3677578e-02
   4.8412991e-02
   5.4498322e-02
   4.6610090e-02
   4.9699290e-02
   5.4133281e-02
   4.8888139e-02
   5.1949484e-02
   5.9295650e-02
   5.6034737e-02
   5.7307025e-02
   5.8413199e-02
   5.5888215e-02
   4.8702247e-02
   5.1874325e-02
   5.1560133e-02
   4.6453531e-02
   5.7474799e-02
   5.6172047e-02
   5.3502419e-02
   5.4063278e-02
   5.7744290e-02
   5.0210266e-02
   5.4267445e-02
   5.0494794e-02
   5.4009249e-02
   5.3908982e-02
   5.0228166e-02
   5.5206134e-02
   5.5081146e-02
   5.4262583e-02
   5.2780698e-02
   4.5298412e-02
   5.2363434e-02
   5.1130808e-02
   5.6698867e-02
   4.8458457e-02
   4.7573593e-02
   5.4495349e-02
   5.3093205e-02
   5.1247063e-02
   5.1753813e-02
   4.9076131e-02
   4.6274255e-02
   5.9318155e-02
   4.7967406e-02
   5.6491432e-02
   5.2507514e-02
   4.8781723e-02
   5.8053937e-02
   5.5908620e-02
   4.9731142e-02
   5.7671248e-02
   5.3453597e-02
   4.7143080e-02
   5.4946848e-02
   6.1202184e-02
   5.1826202e-02
   4.9526993e-02
   5.3384676e-02
   5.2155988e-02
   4.7169039e-02
   5.4570738e-02
   4.7446511e-02
   5.1007796e-02
   4.7219402e-02
   5.0881650e-02
   5.6127676e-02
   5.0467711e-02
   5.1758403e-02
   5.5029656e-02
   4.3820349e-02
   6.0976098e-02
   5.7289825e-02
   5.1479852e-02
   4.9776916e-02
   4.9789905e-02
   5.0622028e-02
   4.7680781e-02
   5.4864568e-02
   5.5962143e-02
   5.8161726e-02
   5.7061567e-02
   5.0493355e-02
   5.2476153e-02
   5.5954672e-02
   6.0595831e-02
   5.9188288e-02
   4.7458455e-02
   5.6118933e-02
   5.6837070e-02
   5.3750940e-02
   4.4741334e-02
   5.2790286e-02
   5.7738005e-02
   6.2456407e-02
   5.6360799e-02
   5.7726948e-02
   5.3113614e-02
   4.7621532e-02
   6.1095566e-02
   5.2792591e-02
   5.5604594e-02
   4.9049518e-02
   5.3229421e-02
   5.7347687e-02
   5.1338031e-02
   5.9119170e-02
   5.2990207e-02
   5.7333749e-02
   5.1541363e-02
   5.4184384e-02
   4.6505859e-02
   5.4515306e-02
   5.8899556e-02
   5.3109252e-02
   5.2880971e-02
   5.2138092e-02
   5.3445749e-02
   5.7337784e-02
   6.0814995e-02
   5.6373616e-02
   4.9468691e-02
   4.8363560e-02
   5.2940192e-02
   5.0016467e-02
   5.2458215e-02
   4.8103509e-02
   5.8244305e-02
   5.6757861e-02
   5.1431944e-02
   5.8965546e-02
   5.4764762e-02
   5.9928424e-02
   4.5502658e-02
   5.4448358e-02
   6.0234187e-02
   4.7554799e-02
   5.2914701e-02
   5.2912016e-02
   4.7599489e-02
   4.7786155e-02
   5.5585654e-02
   4.8901301e-02
   5.5421127e-02
   5.8991986e-02
   5.3497867e-02
   5.9335689e-02
   4.8744765e-02
   5.5258083e-02
   5.4673610e-02
   6.2249674e-02
   5.7834246e-02
   5.3271591e-02
   4.9559877e-02
   5.4386696e-02
   4.9885250e-02
   4.9647278e-02
   4.9688361e-02
   5.2250800e-02
   6.0176436e-02
   5.7655784e-02
   5.9961352e-02
   5.9105597e-02
   5.3937220e-02
   5.3923803e-02
   5.9540363e-02
   5.0273691e-02
   5.1841585e-02
   4.9666361e-02
   6.0244466e-02
   5.7478438e-02
   5.9104017e-02
   5.9377128e-02
   4.9926630e-02
   5.5543415e-02
   5.3558382e-02
   4.8847994e-02
   5.1194095e-02
   5.7180806e-02
   5.3448814e-02
   5.3857627e-02
   5.2134660e-02
   5.6323489e-02
   5.2920892e-02
   5.3719279e-02
   4.9813481e-02
   5.8371266e-02
   5.5082646e-02
   4.9142800e-02
   4.7275569e-02
   5.4115563e-02
   5.6162213e-02
   6.0924700e-02
   4.9954901e-02
   5.7111205e-02
   5.6331515e-02
   5.5703378e-02
   5.7512257e-02
   5.4547934e-02
   5.0391532e-02
   6.1797643e-02
   5.0534933e-02
   5.6473178e-02
   4.7979436e-02
   4.6380405e-02
   5.9818438e-02
   5.7846801e-02
   5.5949614e-02
   5.4458675e-02
   5.4325261e-02
   4.8320467e-02
   4.7481258e-02
   5.6158657e-02
   5.7754417e-02
   4.6264646e-02
   4.9950409e-02
   4.6210448e-02
   6.2264036e-02
   5.6348730e-02
   5.1496720e-02
   5.3008255e-02
   4.9149170e-02
   5.3319470e-02
   5.7701900e-02
   4.8945751e-02
   4.9856304e-02
   4.6724093e-02
   5.1924751e-02
   5.3877454e-02
   5.1185050e-02
   6.3260655e-02
   5.2822875e-02
   5.4110797e-02
   5.6623266e-02
   6.0719906e-02
   6.1208679e-02
   5.5379954e-02
   5.6923719e-02
   5.3905024e-02
   5.3901093e-02
   5.6704205e-02
   5.0818181e-02
   5.3554478e-02
   5.7786934e-02
   5.2322180e-02
   5.0149360e-02
   5.6143010e-02
   4.8795045e-02
   5.1822311e-02
   5.7807770e-02
   5.5953550e-02
   5.0409465e-02
   4.7099122e-02
   5.3320347e-02
   4.6177787e-02
   5.3106905e-02
   5.1045948e-02
   4.7082495e-02
   5.3718649e-02
   5.6156937e-02
   5.2965543e-02
   5.9521640e-02
   5.7607959e-02
   5.0411589e-02
   5.1010165e-02
   5.7604622e-02
   5.4191159e-02
   5.8778601e-02
   5.3293671e-02
   5.7505168e-02
   5.4314367e-02
   5.3869963e-02
   5.2394000e-02
   6.1343198e-02
   5.2911811e-02
   6.0675419e-02
   4.5261409e-02
   5.1824479e-02
   4.7850260e-02
   5.2095324e-02
   4.8840928e-02
   4.4285190e-02
   5.0898676e-02
   5.4369216e-02
   4.6377420e-02
   4.8492395e-02
   5.0838689e-02
   5.3784331e-02
   6.1092696e-02
   5.4635122e-02
   6.1221442e-02
