   1.7275172e-01
   1.7139551e-01
   1.6988241e-01
   1.7921034e-01
   1.8318895e-01
   1.7840471e-01
   1.8142213e-01
   1.8735441e-01
   1.8220504e-01
   1.8107431e-01
   1.8382301e-01
   1.8080142e-01
   1.7632884e-01
   1.7643621e-01
   1.8741881e-01
   1.7166376e-01
   1.7214414e-01
   1.7655229e-01
   1.7397223e-01
   1.7788365e-01
   1.7433902e-01
   1.7301586e-01
   1.8206397e-01
   1.8548010e-01
   1.8294468e-01
   1.8387277e-01
   1.8860423e-01
   1.8215140e-01
   1.7168536e-01
   1.8264252e-01
   1.7114900e-01
   1.7385933e-01
   1.7966600e-01
   1.8076565e-01
   1.8085611e-01
   1.8202055e-01
   1.7287438e-01
   1.7034784e-01
   1.8375654e-01
   1.8124771e-01
   1.7472660e-01
   1.7617918e-01
   1.7783175e-01
   1.8997583e-01
   1.7332919e-01
   1.7270593e-01
   1.8240975e-01
   1.8232018e-01
   1.8263465e-01
   1.7765698e-01
   1.8093827e-01
   1.8422826e-01
   1.7512396e-01
   1.8623889e-01
   1.7144406e-01
   1.7163920e-01
   1.8404458e-01
   1.8178115e-01
   1.7495989e-01
   1.7342686e-01
   1.7292192e-01
   1.7841813e-01
   1.7263000e-01
   1.7456646e-01
   1.9367038e-01
   1.8326557e-01
   1.7272169e-01
   1.7225746e-01
   1.8273145e-01
   1.8171934e-01
   1.8610412e-01
   1.7929804e-01
   1.7252373e-01
   1.8330027e-01
   1.7112264e-01
   1.7719112e-01
   1.8090983e-01
   1.8102285e-01
   1.8421560e-01
   1.7240848e-01
   1.8412792e-01
   1.7899335e-01
   1.8278269e-01
   1.7305800e-01
   1.8082090e-01
   1.7405180e-01
   1.7341726e-01
   1.7599043e-01
   1.8040674e-01
   1.8296891e-01
   1.8557991e-01
   1.7594700e-01
   1.7074469e-01
   1.8252871e-01
   1.7499180e-01
   1.8133519e-01
   1.7961217e-01
   1.7256957e-01
   1.7613084e-01
   1.7361787e-01
   1.7525035e-01
   1.7703447e-01
   1.8600258e-01
   1.8576526e-01
   1.7079488e-01
   1.8283934e-01
   1.7283734e-01
   1.7265042e-01
   1.7086163e-01
   1.7947972e-01
   1.7283062e-01
   1.8136325e-01
   1.9190862e-01
   1.8223449e-01
   1.8746019e-01
   1.8279063e-01
   1.7593463e-01
   1.7708362e-01
   1.8002851e-01
   1.8133735e-01
   1.7932756e-01
   1.7818344e-01
   1.7498294e-01
   1.7844633e-01
   1.7124522e-01
   1.7375983e-01
   1.7094089e-01
   1.7208352e-01
   1.7298301e-01
   1.7912831e-01
   1.8510973e-01
   1.7077053e-01
   1.7922658e-01
   1.7711621e-01
   1.8479263e-01
   1.8086173e-01
   1.7456506e-01
   1.8804313e-01
   1.7228920e-01
   1.7666133e-01
   1.7330434e-01
   1.7543779e-01
   1.7780083e-01
   1.7026347e-01
   1.7408649e-01
   1.8173242e-01
   1.7852238e-01
   1.9364771e-01
   1.7438376e-01
   1.7192190e-01
   1.8153442e-01
   1.8009990e-01
   1.8377100e-01
   1.8033052e-01
   1.8153515e-01
   1.7864423e-01
   1.8016762e-01
   1.7626259e-01
   1.7376339e-01
   1.7655083e-01
   1.7874291e-01
   1.8484153e-01
   1.8476951e-01
   1.7106768e-01
   1.8230574e-01
   1.8009475e-01
   1.8377532e-01
   1.8125584e-01
   1.8274311e-01
   1.8253884e-01
   1.7379008e-01
   1.8189184e-01
   1.7563872e-01
   1.7889255e-01
   1.7641420e-01
   1.8183556e-01
   1.8605974e-01
   1.7213379e-01
   1.7262047e-01
   1.7465840e-01
   1.8120035e-01
   1.7645494e-01
   1.7399435e-01
   1.8464475e-01
   1.6925597e-01
   1.8920807e-01
   1.7559011e-01
   1.7178205e-01
   1.7316862e-01
   1.8958268e-01
   1.7743184e-01
   1.7388064e-01
   1.7592396e-01
   1.9357737e-01
   1.8011554e-01
   1.8546188e-01
   1.7724176e-01
   1.7057896e-01
   1.8114534e-01
   1.7867524e-01
   1.7292654e-01
   1.7292098e-01
   1.7503669e-01
   1.7976887e-01
   1.8283759e-01
   1.9230144e-01
   1.7175711e-01
   1.7099871e-01
   1.7468216e-01
   1.8258370e-01
   1.8284322e-01
   1.7360030e-01
   1.7768968e-01
   1.8285355e-01
   1.8224434e-01
   1.7444150e-01
   1.7656133e-01
   1.7907926e-01
   1.7939687e-01
   1.8138162e-01
   1.7299412e-01
   1.8157342e-01
   1.7665872e-01
   1.7563372e-01
   1.7259813e-01
   1.7769164e-01
   1.7723717e-01
   1.7297158e-01
   1.7892300e-01
   1.7642818e-01
   1.7586982e-01
   1.7290119e-01
   1.8595199e-01
   1.7149545e-01
   1.8222657e-01
   1.7759553e-01
   1.8625088e-01
   1.8397836e-01
   1.7569918e-01
   1.8333535e-01
   1.8899705e-01
   1.8034324e-01
   1.7207549e-01
   1.7371267e-01
   1.8220749e-01
   1.7288139e-01
   1.7461254e-01
   1.7950667e-01
   1.7052432e-01
   1.8042033e-01
   1.7983282e-01
   1.9403326e-01
   1.7320694e-01
   1.7603737e-01
   1.8962265e-01
   1.8409171e-01
   1.8298359e-01
   1.8435043e-01
   1.7866343e-01
   1.8849074e-01
   1.8225342e-01
   1.8869279e-01
   1.7352834e-01
   1.7277775e-01
   1.7193598e-01
   1.8331398e-01
   1.8353011e-01
   1.7108163e-01
   1.7181755e-01
   1.7941029e-01
   1.8093597e-01
   1.7540114e-01
   1.7388473e-01
   1.8412707e-01
   1.7413313e-01
   1.9208756e-01
   1.8072198e-01
   1.7762517e-01
   1.7351099e-01
   1.7880586e-01
   1.8367806e-01
   1.8112208e-01
   1.7757501e-01
   1.7555682e-01
   1.7331723e-01
   1.8077027e-01
   1.8695523e-01
   1.8335830e-01
   1.7177347e-01
   1.7075506e-01
   1.7199041e-01
   1.7378820e-01
   1.8875749e-01
   1.7472120e-01
   1.8249764e-01
   1.8025436e-01
   1.7418288e-01
   1.8529754e-01
   1.7364623e-01
   1.7719780e-01
