   1.9269769e-01
   1.9058229e-01
   1.9523013e-01
   1.9089254e-01
   1.9000131e-01
   1.9163016e-01
   1.9140088e-01
   1.9164614e-01
   1.8999664e-01
   1.9016139e-01
   1.9036398e-01
   1.9387857e-01
   1.9003649e-01
   1.9129726e-01
   1.9104372e-01
   1.9174811e-01
   1.9107762e-01
   1.9003393e-01
   1.9191076e-01
   1.9052266e-01
   1.9352871e-01
   1.9082263e-01
   1.9196558e-01
   1.9397439e-01
   1.9579334e-01
   1.9182636e-01
   1.9201923e-01
   1.9109594e-01
   1.9148224e-01
   1.9149639e-01
   1.9004510e-01
   1.8999815e-01
   1.9126566e-01
   1.9187514e-01
   1.9163024e-01
   1.9078527e-01
   1.9612922e-01
   1.9178932e-01
   1.9000266e-01
   1.9109601e-01
   1.9008640e-01
   1.9144479e-01
   1.9124748e-01
   1.9185217e-01
   1.9023029e-01
   1.9103571e-01
   1.9186734e-01
   1.9367919e-01
   1.9267784e-01
   1.9587632e-01
   1.9311646e-01
   1.9106499e-01
   1.9111464e-01
   1.9488241e-01
   1.9540078e-01
   1.9590058e-01
   1.9559605e-01
   1.9107950e-01
   1.9052155e-01
   1.9109203e-01
   1.9070976e-01
   1.8999462e-01
   1.9104467e-01
   1.9171521e-01
   1.9069487e-01
   1.9048457e-01
   1.9115708e-01
   1.9455015e-01
   1.9024796e-01
   1.9106401e-01
   1.9010821e-01
   1.9105180e-01
   1.9074909e-01
   1.9010617e-01
   1.9079348e-01
   1.9040616e-01
   1.9187838e-01
   1.9003421e-01
   1.9098977e-01
   1.9039094e-01
   1.9110574e-01
   1.9066790e-01
   1.8999051e-01
   1.9065803e-01
   1.9037264e-01
   1.9152824e-01
   1.9534059e-01
   1.9012538e-01
   1.9106383e-01
   1.9136938e-01
   1.9110113e-01
   1.8999483e-01
   1.9595926e-01
   1.9278546e-01
   1.9059250e-01
   1.9052793e-01
   1.9121714e-01
   1.9160558e-01
   1.9003203e-01
   1.9237797e-01
   1.9010985e-01
   1.9219657e-01
   1.9123134e-01
   1.9107081e-01
   1.9000192e-01
   1.9093629e-01
   1.9064624e-01
   1.9131053e-01
   1.9050477e-01
   1.9300389e-01
   1.9135977e-01
   1.9022824e-01
   1.9060305e-01
   1.9066888e-01
   1.9105799e-01
   1.9114258e-01
   1.9132377e-01
   1.9119747e-01
   1.9181170e-01
   1.9083570e-01
   1.9011343e-01
   1.9486871e-01
   1.9032099e-01
   1.9108880e-01
   1.9295780e-01
   1.9026830e-01
   1.9602652e-01
   1.9405525e-01
   1.9091616e-01
   1.9239768e-01
   1.9607180e-01
   1.9032542e-01
   1.9106968e-01
   1.9087705e-01
   1.9587755e-01
   1.9020829e-01
   1.9033366e-01
   1.9014383e-01
   1.9298315e-01
   1.9111378e-01
   1.9142646e-01
   1.9018289e-01
   1.9194663e-01
   1.9066655e-01
   1.9000139e-01
   1.9522429e-01
   1.9030473e-01
   1.9484731e-01
   1.9073069e-01
   1.9077751e-01
   1.9120309e-01
   1.9106328e-01
   1.9162480e-01
   1.9112295e-01
   1.9089994e-01
   1.9094089e-01
   1.9572830e-01
   1.9180067e-01
   1.9070549e-01
   1.9067702e-01
   1.9153375e-01
   1.9542512e-01
   1.9123368e-01
   1.9418995e-01
   1.9016703e-01
   1.9067720e-01
   1.9335323e-01
   1.9018606e-01
   1.9129776e-01
   1.9068697e-01
   1.9149033e-01
   1.9277601e-01
   1.9039540e-01
   1.9554771e-01
   1.9104713e-01
   1.9106564e-01
   1.9003662e-01
   1.9081451e-01
   1.9030831e-01
   1.9144198e-01
   1.9122103e-01
   1.9067445e-01
   1.9089268e-01
   1.9046171e-01
   1.9316525e-01
   1.9003605e-01
   1.9026201e-01
   1.9298881e-01
   1.9022657e-01
   1.9079171e-01
   1.9167906e-01
   1.9185439e-01
   1.9068487e-01
   1.9107451e-01
   1.9089825e-01
   1.8999122e-01
   1.9185931e-01
   1.9087737e-01
   1.9000671e-01
   1.9014949e-01
   1.9074597e-01
   1.9001133e-01
   1.9031065e-01
   1.8999853e-01
   1.9407712e-01
   1.9314965e-01
   1.9068433e-01
   1.9452803e-01
   1.9012818e-01
   1.9600770e-01
   1.9581734e-01
   1.9270532e-01
   1.9103531e-01
   1.9100331e-01
   1.9111915e-01
   1.9289631e-01
   1.9120076e-01
   1.9012799e-01
   1.9542299e-01
   1.9037398e-01
   1.9014874e-01
   1.9539633e-01
   1.9244283e-01
   1.9011524e-01
   1.9246217e-01
   1.9146902e-01
   1.9110654e-01
   1.9018494e-01
   1.9380101e-01
   1.9027043e-01
   1.9206300e-01
   1.9387068e-01
   1.9104975e-01
   1.9318006e-01
   1.9032618e-01
   1.9554659e-01
   1.8999239e-01
   1.9607970e-01
   1.9475595e-01
   1.9052999e-01
   1.8999290e-01
   1.9146398e-01
   1.9591676e-01
   1.9031874e-01
   1.9106856e-01
   1.9026458e-01
   1.9078256e-01
   1.9093785e-01
   1.9018861e-01
   1.9129126e-01
   1.9034520e-01
   1.9010508e-01
   1.9100871e-01
   1.9080847e-01
   1.9143554e-01
   1.9531743e-01
   1.9352368e-01
   1.9607475e-01
   1.9599229e-01
   1.9166251e-01
   1.9095780e-01
   1.9273217e-01
   1.9018673e-01
   1.9106494e-01
   1.9019420e-01
   1.9435389e-01
   1.9003359e-01
   1.9176853e-01
   1.9020661e-01
   1.9044265e-01
   1.9033762e-01
   1.9024884e-01
   1.9173171e-01
   1.9069006e-01
   1.9082893e-01
   1.9073136e-01
   1.9000866e-01
   1.9548329e-01
   1.9068210e-01
   1.9210549e-01
   1.9133331e-01
   1.9419039e-01
   1.9104353e-01
   1.9106105e-01
   1.9000015e-01
   1.9201059e-01
   1.9023461e-01
   1.9336721e-01
   1.9050106e-01
   1.9595566e-01
   1.9552942e-01
   1.9129397e-01
   1.9550798e-01
   1.9018543e-01
   1.9594265e-01
   1.9070001e-01
   1.9421571e-01
   1.9104519e-01
   1.9335450e-01
   1.9003653e-01
