   9.2580767e-02
   1.0506179e-01
   1.1238913e-01
   9.2648154e-02
   9.1012383e-02
   9.5889323e-02
   1.2246170e-01
   1.0524288e-01
   7.6079772e-02
   7.8332179e-02
   7.7131293e-02
   9.4284635e-02
   9.2929074e-02
   1.1337484e-01
   9.2806182e-02
   9.7004404e-02
   8.5173315e-02
   7.4545676e-02
   8.4513592e-02
   1.0416198e-01
   1.0133577e-01
   1.0869215e-01
   1.0761071e-01
   9.3458256e-02
   9.5302515e-02
   7.0944247e-02
   9.5905078e-02
   1.0413102e-01
   8.3393296e-02
   8.8379249e-02
   1.0059227e-01
   1.1385167e-01
   1.0971092e-01
   1.1528409e-01
   9.4615334e-02
   9.5706420e-02
   1.0892161e-01
   7.5443178e-02
   1.1390993e-01
   1.0599026e-01
   8.0675150e-02
   7.2181092e-02
   1.1625495e-01
   7.6083529e-02
   1.0481988e-01
   1.0112966e-01
   8.1582945e-02
   7.4716784e-02
   1.1044792e-01
   8.9325088e-02
   1.1337682e-01
   1.0287399e-01
   8.7109599e-02
   9.2392736e-02
   8.5255645e-02
   9.2663068e-02
   1.0338256e-01
   1.0861540e-01
   9.2915127e-02
   9.8930038e-02
   8.1471837e-02
   1.0397719e-01
   1.0020311e-01
   7.3454376e-02
   6.9684516e-02
   1.0803328e-01
   1.1222863e-01
   7.5752122e-02
   7.3547335e-02
   8.4705237e-02
   1.1843889e-01
   7.2847560e-02
   1.0617646e-01
   9.9801332e-02
   1.1783735e-01
   1.1458699e-01
   8.4309230e-02
   1.1510933e-01
   7.9581164e-02
   8.7849813e-02
   1.1296011e-01
   8.5673042e-02
   1.1539319e-01
   9.8120135e-02
   8.6925762e-02
   8.8947725e-02
   7.6322105e-02
   9.6675238e-02
   9.3678148e-02
   1.1891143e-01
   1.0647538e-01
   1.1557330e-01
   1.1029859e-01
   1.1609313e-01
   1.1346928e-01
   1.1756938e-01
   9.8275524e-02
   8.7727893e-02
   8.2285558e-02
   1.0168577e-01
   8.3352140e-02
   1.0150042e-01
   8.9724362e-02
   1.0859476e-01
   8.0270227e-02
   8.9571467e-02
   9.8448394e-02
   1.1737273e-01
   7.4299843e-02
   8.7309610e-02
   1.0015588e-01
   7.8933562e-02
   1.0425702e-01
   1.1766268e-01
   1.0879004e-01
   9.8728197e-02
   7.5764809e-02
   7.0774961e-02
   8.3852914e-02
   7.0600376e-02
   1.0199988e-01
   7.9476160e-02
   1.0386388e-01
   1.0537788e-01
   8.5018523e-02
   1.0361144e-01
   1.0403065e-01
   1.0176558e-01
   9.2190549e-02
   8.3213558e-02
   1.1907392e-01
   1.1650251e-01
   1.1968800e-01
   7.8065288e-02
   1.0529976e-01
   1.1350588e-01
   9.1187625e-02
   9.2058079e-02
   9.0914069e-02
   1.0567329e-01
   8.8491146e-02
   8.2384452e-02
   1.1267013e-01
   9.4173890e-02
   8.4750665e-02
   8.8968461e-02
   7.1569694e-02
   1.0047549e-01
   9.1396468e-02
   7.7820608e-02
   1.1442172e-01
   8.0612554e-02
   1.0473843e-01
   9.3209944e-02
   1.1828430e-01
   8.2610748e-02
   7.0837175e-02
   1.1002104e-01
   1.1002577e-01
   1.1105247e-01
   1.0281372e-01
   1.1341247e-01
   7.9261301e-02
   1.0860090e-01
   1.1289987e-01
   1.0562175e-01
   9.5160254e-02
   8.7852569e-02
   7.8757978e-02
   7.8523554e-02
   7.3626487e-02
   1.0812771e-01
   1.0335761e-01
   8.4170382e-02
   7.5478673e-02
   1.0054227e-01
   7.3150495e-02
   1.1659789e-01
   9.1690544e-02
   1.0868220e-01
   8.1015767e-02
   9.1083151e-02
   8.5678512e-02
   1.0246686e-01
   7.8209222e-02
   1.1369487e-01
   8.7759071e-02
   7.8430167e-02
   1.0059999e-01
   1.0460938e-01
   9.9244236e-02
   1.1562956e-01
   1.1648426e-01
   9.4874182e-02
   7.5354971e-02
   7.6064985e-02
   9.0735634e-02
   7.2554959e-02
   9.1487200e-02
   9.7053817e-02
   1.0003535e-01
   9.6140070e-02
   8.9524490e-02
   7.1136302e-02
   8.0166913e-02
   9.4690244e-02
   9.8988473e-02
   9.5454933e-02
   1.0043274e-01
   1.1435201e-01
   1.1008588e-01
   8.9850075e-02
   1.0713583e-01
   7.9459627e-02
   9.8128508e-02
   1.1320043e-01
   9.2418092e-02
   1.0416171e-01
   9.6726321e-02
   8.5596743e-02
   8.4171336e-02
   9.9249503e-02
   8.9466536e-02
   7.0484631e-02
   1.0053515e-01
   1.1618530e-01
   1.1828688e-01
   7.2608665e-02
   9.7432373e-02
   1.1568729e-01
   8.3682425e-02
   1.0950906e-01
   7.3728742e-02
   1.1665217e-01
   8.8002008e-02
   1.1757758e-01
   1.0692903e-01
   9.9950400e-02
   9.5644405e-02
   7.2390454e-02
   7.8291321e-02
   8.6299653e-02
   9.9473608e-02
   8.4935096e-02
   1.1715539e-01
   1.1372078e-01
   8.1090115e-02
   7.3611017e-02
   9.0916857e-02
   8.3538185e-02
   9.1917733e-02
   7.9949152e-02
   1.0413797e-01
   8.8038471e-02
   1.0431403e-01
   9.9760263e-02
   1.0690527e-01
   7.8697848e-02
   9.8147989e-02
   1.1311202e-01
   1.0716659e-01
   1.1619076e-01
   1.1589313e-01
   9.9214965e-02
   9.4742290e-02
   8.7568445e-02
   1.0761866e-01
   9.8843197e-02
   1.0797146e-01
   8.0741587e-02
   1.1240379e-01
   7.8982871e-02
   9.0067540e-02
   8.0604031e-02
   8.1002859e-02
   9.7697273e-02
   1.0632122e-01
   8.3235534e-02
   1.0802251e-01
   1.1518940e-01
   1.0986876e-01
   8.9596432e-02
   8.4679814e-02
   1.0960086e-01
   8.4103541e-02
   1.1751846e-01
   8.6131593e-02
   8.9812488e-02
   8.2641583e-02
   7.1736957e-02
   1.0765028e-01
   8.2425399e-02
   9.1683270e-02
   1.0950226e-01
   1.0503281e-01
   1.0221576e-01
   1.1572143e-01
   9.5018166e-02
   9.1273705e-02
   9.2772036e-02
