   1.7541535e-01
   1.5702453e-01
   1.9004036e-01
   1.8952976e-01
   1.9738831e-01
   1.9066572e-01
   1.8591472e-01
   1.4930947e-01
   1.6554990e-01
   1.9872780e-01
   1.7524494e-01
   1.3499747e-01
   1.3237335e-01
   1.7260330e-01
   1.3701199e-01
   1.7719883e-01
   1.8888577e-01
   1.7552329e-01
   1.7176451e-01
   1.8938345e-01
   1.9232771e-01
   1.4863589e-01
   1.6812541e-01
   1.8620415e-01
   1.8288435e-01
   1.4648814e-01
   1.6345063e-01
   1.5613608e-01
   1.5950805e-01
   1.9530351e-01
   1.4044327e-01
   1.9025459e-01
   1.9984349e-01
   1.3514486e-01
   1.4968307e-01
   1.6367745e-01
   1.7958413e-01
   1.7237226e-01
   1.5218597e-01
   1.5476326e-01
   1.4879406e-01
   1.9701665e-01
   1.8543437e-01
   1.7504620e-01
   1.4661888e-01
   1.7360207e-01
   1.2587036e-01
   1.3899397e-01
   1.8568402e-01
   1.8392649e-01
   1.7980134e-01
   1.5476701e-01
   1.3410675e-01
   1.9081520e-01
   1.4260011e-01
   1.6428225e-01
   1.8630590e-01
   1.7305318e-01
   1.7033831e-01
   1.4201936e-01
   1.3072373e-01
   2.0060172e-01
   1.6793152e-01
   1.3468499e-01
   1.9117692e-01
   1.5099331e-01
   1.5423983e-01
   1.9295939e-01
   1.3343103e-01
   2.0137024e-01
   1.4766937e-01
   1.6228467e-01
   1.4256126e-01
   1.3385538e-01
   1.6985595e-01
   1.9340875e-01
   1.9898843e-01
   1.8536570e-01
   1.9771722e-01
   1.3191440e-01
   1.5477703e-01
   1.6957027e-01
   1.6625238e-01
   1.7234763e-01
   1.6264454e-01
   1.6827758e-01
   1.9699969e-01
   1.3596205e-01
   1.9406248e-01
   1.6163643e-01
   1.8673644e-01
   1.4108122e-01
   1.4685864e-01
   1.9739092e-01
   1.5759787e-01
   1.9482977e-01
   1.8080896e-01
   1.9288019e-01
   1.8822314e-01
   1.3239322e-01
   1.7697843e-01
   1.5967640e-01
   1.5003237e-01
   1.3653430e-01
   1.8051731e-01
   1.4993966e-01
   1.3675347e-01
   1.6817126e-01
   1.8791245e-01
   1.7213269e-01
   1.9169227e-01
   1.9545747e-01
   1.7601103e-01
   1.6825575e-01
   1.6978200e-01
   1.4599894e-01
   1.4119144e-01
   1.3427252e-01
   1.3198955e-01
   1.4273576e-01
   1.4746208e-01
   1.6479740e-01
   1.8856240e-01
   1.4907984e-01
   1.5408064e-01
   1.3761801e-01
   1.4602333e-01
   1.4499540e-01
   1.8145492e-01
   1.4150882e-01
   1.5390212e-01
   1.4130617e-01
   1.7675555e-01
   1.6074702e-01
   1.9970897e-01
   1.5928369e-01
   1.7591460e-01
   1.7326770e-01
   1.7106825e-01
   1.6048897e-01
   2.0274667e-01
   1.5410629e-01
   1.6017918e-01
   1.3895468e-01
   1.8677859e-01
   1.6181526e-01
   1.6831475e-01
   1.6217058e-01
   1.6233913e-01
   1.4318881e-01
   1.6911735e-01
   1.3035789e-01
   1.6296001e-01
   1.7843866e-01
   1.4534354e-01
   1.5570461e-01
   1.5278739e-01
   1.3581197e-01
   1.5672228e-01
   1.7364133e-01
   1.9114548e-01
   1.6593387e-01
   1.6615486e-01
   1.5517881e-01
   1.4846743e-01
   1.3723257e-01
   1.5492467e-01
   1.7158986e-01
   1.3996880e-01
   1.5403796e-01
   1.5977930e-01
   1.6753478e-01
   1.5030678e-01
   1.9227553e-01
   1.9774537e-01
   1.8826139e-01
   2.0203803e-01
   1.4512115e-01
   1.4940256e-01
   1.7975818e-01
   1.7873309e-01
   1.5366292e-01
   1.9171268e-01
   1.3356077e-01
   1.5945480e-01
   1.8442023e-01
   1.9055514e-01
   1.9737995e-01
   1.9720514e-01
   1.8948987e-01
   1.3974217e-01
   1.8554344e-01
   1.4460841e-01
   1.6764900e-01
   1.6961785e-01
   1.6837282e-01
   1.7768082e-01
   1.8906545e-01
   1.4284178e-01
   1.4181517e-01
   1.2957929e-01
   1.6877472e-01
   1.6897527e-01
   1.7471034e-01
   1.8338981e-01
   2.0087899e-01
   1.5063220e-01
   1.3040839e-01
   1.3586237e-01
   1.3672866e-01
   1.9557649e-01
   1.3210944e-01
   1.8319832e-01
   1.4276193e-01
   1.4726121e-01
   1.4967622e-01
   1.4724101e-01
   1.7861206e-01
   2.0009406e-01
   1.5282258e-01
   1.8594800e-01
   2.0259812e-01
   1.4362077e-01
   1.5679172e-01
   1.9217484e-01
   1.3133742e-01
   1.6318228e-01
   1.6765369e-01
   1.5579599e-01
   1.4042674e-01
   1.3934761e-01
   1.9865095e-01
   1.9400240e-01
   1.8409338e-01
   1.9139655e-01
   1.3536540e-01
   1.9389414e-01
   1.9578056e-01
   1.8098643e-01
   1.9455423e-01
   1.7350782e-01
   1.2797899e-01
   1.4199812e-01
   1.7277553e-01
   1.9727625e-01
   1.3799010e-01
   1.9404632e-01
   1.9761781e-01
   1.7904952e-01
   1.9237888e-01
   1.5342208e-01
   1.3829699e-01
   1.5781567e-01
   1.6468200e-01
   1.4328172e-01
   1.7710948e-01
   1.3264946e-01
   1.6914080e-01
   1.5639291e-01
   1.8781730e-01
   1.4607609e-01
   1.3127925e-01
   1.8692649e-01
   1.4517947e-01
   1.5246880e-01
   1.4126660e-01
   2.0002495e-01
   1.3716430e-01
   1.5106433e-01
   1.6269355e-01
   1.7210947e-01
   1.3193174e-01
   1.9485077e-01
   1.2742308e-01
   1.8669703e-01
   1.4757659e-01
   1.4290827e-01
   1.6819077e-01
   1.4131985e-01
   2.0152240e-01
   1.3802649e-01
   1.6132995e-01
   1.7710824e-01
   1.8727667e-01
   1.4138369e-01
   1.6314904e-01
   1.6584797e-01
   1.9133071e-01
   1.7388928e-01
   1.4328566e-01
   1.8870662e-01
   1.7175626e-01
   1.3207672e-01
   1.4369211e-01
   1.6339445e-01
   1.3858933e-01
   1.4010116e-01
   1.5216936e-01
   1.8540823e-01
   1.5585148e-01
