   3.8308617e-02
   3.5455022e-02
   3.4228948e-02
   3.7312870e-02
   3.6514334e-02
   3.7443316e-02
   3.7338658e-02
   3.3247972e-02
   3.5731447e-02
   3.9436287e-02
   3.5378202e-02
   3.6164337e-02
   3.5749897e-02
   3.8336679e-02
   3.6783058e-02
   3.8086305e-02
   3.4380825e-02
   3.8226222e-02
   3.5480416e-02
   3.7335523e-02
   3.4866239e-02
   3.5804314e-02
   3.5359330e-02
   3.3607847e-02
   3.6462964e-02
   3.3746854e-02
   3.6078840e-02
   3.4056710e-02
   3.3341548e-02
   3.4007456e-02
   3.7954480e-02
   3.5997205e-02
   3.3269042e-02
   3.5973236e-02
   3.8186792e-02
   3.5133760e-02
   3.5204326e-02
   3.7040323e-02
   3.7908227e-02
   3.4913710e-02
   3.4735821e-02
   3.7345852e-02
   3.7240850e-02
   3.8021942e-02
   3.3425828e-02
   3.3973598e-02
   3.5611241e-02
   3.3928198e-02
   3.5053937e-02
   3.3883865e-02
   3.7271485e-02
   3.3129605e-02
   3.8092943e-02
   3.3120922e-02
   3.7778901e-02
   3.4702039e-02
   3.3731897e-02
   3.7455584e-02
   3.7908789e-02
   3.4796631e-02
   3.3597818e-02
   3.8451746e-02
   3.4314085e-02
   3.7401033e-02
   3.3635925e-02
   3.3391416e-02
   3.5402969e-02
   3.7726270e-02
   3.4003164e-02
   3.6968177e-02
   3.6242102e-02
   3.7721637e-02
   3.8777153e-02
   3.6624546e-02
   3.7588759e-02
   3.3991659e-02
   3.5742260e-02
   3.7544806e-02
   3.7089579e-02
   3.3329741e-02
   3.6761963e-02
   3.4612816e-02
   3.7885416e-02
   3.3656121e-02
   3.8412704e-02
   3.4853690e-02
   3.3013105e-02
   3.8995455e-02
   3.4549382e-02
   3.3748766e-02
   3.7284171e-02
   3.3402838e-02
   3.7676423e-02
   3.8401570e-02
   3.7058228e-02
   3.4840228e-02
   3.8368485e-02
   3.7668915e-02
   3.7976596e-02
   3.6322523e-02
   3.4691204e-02
   3.6018822e-02
   3.5887099e-02
   3.3565023e-02
   3.7722697e-02
   3.4104513e-02
   3.7423484e-02
   3.3358682e-02
   3.5692867e-02
   3.4371433e-02
   3.4193881e-02
   3.4759398e-02
   3.4732001e-02
   3.4175473e-02
   3.6171902e-02
   3.6231987e-02
   3.6887437e-02
   3.3522535e-02
   3.6440977e-02
   3.4279101e-02
   3.3614445e-02
   3.3498727e-02
   3.8001098e-02
   3.3894359e-02
   3.4305345e-02
   3.7526302e-02
   3.5224668e-02
   3.6954695e-02
   3.8022554e-02
   3.7967681e-02
   3.7190215e-02
   3.4391774e-02
   3.7616316e-02
   3.5598032e-02
   3.4659949e-02
   3.8098191e-02
   3.5322679e-02
   3.7948458e-02
   3.6383381e-02
   3.8227010e-02
   3.7663484e-02
   3.4525060e-02
   3.5010982e-02
   3.4024622e-02
   3.7632034e-02
   3.6551660e-02
   3.5485055e-02
   3.8034385e-02
   3.5194903e-02
   3.4501122e-02
   3.3160917e-02
   3.5191768e-02
   3.4029407e-02
   3.6601758e-02
   3.6369091e-02
   3.4969688e-02
   3.3509847e-02
   3.7610934e-02
   3.2973189e-02
   3.3832348e-02
   3.9036031e-02
   3.6601751e-02
   3.8246062e-02
   3.4969069e-02
   3.8491531e-02
   3.7957149e-02
   3.4507044e-02
   3.6923756e-02
   3.6504889e-02
   3.7588564e-02
   3.5031242e-02
   3.8010472e-02
   3.6120619e-02
   3.5618447e-02
   3.6528876e-02
   3.3548315e-02
   3.5028560e-02
   3.3323666e-02
   3.7085378e-02
   3.4465454e-02
   3.7938029e-02
   3.7067001e-02
   3.7080595e-02
   3.7431075e-02
   3.8048127e-02
   3.4437288e-02
   3.7091966e-02
   3.3888259e-02
   3.6099229e-02
   3.3933389e-02
   3.4149129e-02
   3.3984097e-02
   3.5597674e-02
   3.5245025e-02
   3.5186390e-02
   3.4349880e-02
   3.3731102e-02
   3.8082840e-02
   3.4368950e-02
   3.7788956e-02
   3.6607216e-02
   3.7074223e-02
   3.3603233e-02
   3.3756839e-02
   3.8026849e-02
   3.6500812e-02
   3.6028121e-02
   3.3126216e-02
   3.4546209e-02
   3.6349807e-02
   3.4861030e-02
   3.3210830e-02
   3.8429702e-02
   3.3641510e-02
   3.3031509e-02
   3.3828553e-02
   3.6805842e-02
   3.7467927e-02
   3.5886344e-02
   3.5411506e-02
   3.3250673e-02
   3.4133410e-02
   3.8587983e-02
   3.7702727e-02
   3.6356197e-02
   3.6728756e-02
   3.6859404e-02
   3.6574857e-02
   3.4798997e-02
   3.2969325e-02
   3.6094973e-02
   3.8940602e-02
   3.7940953e-02
   3.3664311e-02
   3.8024441e-02
   3.5122988e-02
   3.8250657e-02
   3.4409824e-02
   3.8537332e-02
   3.6300784e-02
   3.6783058e-02
   3.8866028e-02
   3.5615593e-02
   3.6623153e-02
   3.6754657e-02
   3.5925730e-02
   3.4502006e-02
   3.7812204e-02
   3.5212057e-02
   3.3265752e-02
   3.3945392e-02
   3.7293799e-02
   3.7267781e-02
   3.3235814e-02
   3.4150261e-02
   3.5967481e-02
   3.6028324e-02
   3.7501496e-02
   3.3818441e-02
   3.6957580e-02
   3.7766970e-02
   3.3183247e-02
   3.6360729e-02
   3.3545718e-02
   3.5154273e-02
   3.4517544e-02
   3.4580932e-02
   3.6939186e-02
   3.4747106e-02
   3.6013654e-02
   3.6297312e-02
   3.6325527e-02
   3.4927558e-02
   3.3686114e-02
   3.5501283e-02
   3.8824444e-02
   3.5893361e-02
   3.8106003e-02
   3.4830870e-02
   3.4842070e-02
   3.3820456e-02
   3.3723921e-02
   3.8017461e-02
   3.3083607e-02
   3.5647385e-02
   3.7635144e-02
   3.4329380e-02
   3.6347937e-02
   3.7142370e-02
   3.3387470e-02
   3.5202292e-02
   3.5979945e-02
   3.3943869e-02
   3.8119969e-02
   3.3283673e-02
   3.3814858e-02
   3.3823000e-02
   3.4176303e-02
   3.4684260e-02
   3.5597785e-02
