   3.9976789e-02
   3.7713066e-02
   4.0383399e-02
   3.8145442e-02
   4.0180240e-02
   3.9216779e-02
   4.1070525e-02
   4.1412030e-02
   3.7921067e-02
   3.7712295e-02
   3.8251351e-02
   4.0966867e-02
   4.0176847e-02
   4.0313461e-02
   3.9736170e-02
   4.0425372e-02
   3.7832258e-02
   3.9656283e-02
   3.8318081e-02
   4.0995903e-02
   3.9953679e-02
   4.0389262e-02
   3.9465882e-02
   4.1455085e-02
   4.0257159e-02
   4.1178356e-02
   4.0376778e-02
   3.7893909e-02
   4.1227014e-02
   3.9840566e-02
   4.1420690e-02
   4.0605204e-02
   3.7872919e-02
   3.7827833e-02
   4.0975260e-02
   4.0010911e-02
   3.8784461e-02
   3.7850139e-02
   4.0022547e-02
   4.1185605e-02
   4.1190708e-02
   3.9124130e-02
   3.7938691e-02
   3.9989725e-02
   3.7763728e-02
   3.9910157e-02
   3.9461487e-02
   3.9583743e-02
   4.0869640e-02
   4.1308085e-02
   3.8362300e-02
   3.7724081e-02
   3.9427483e-02
   3.8762182e-02
   3.9549405e-02
   3.7795901e-02
   3.9472831e-02
   4.1294174e-02
   4.0239576e-02
   3.9354932e-02
   3.8583388e-02
   4.0042195e-02
   3.7731368e-02
   4.0391303e-02
   3.8210300e-02
   3.8744363e-02
   3.7816973e-02
   4.1385227e-02
   4.0300788e-02
   3.7887885e-02
   3.7836057e-02
   3.9414662e-02
   4.1407420e-02
   3.9228876e-02
   3.8702181e-02
   4.1386159e-02
   4.1319604e-02
   3.7814603e-02
   4.0617647e-02
   3.8249361e-02
   3.7795164e-02
   3.8213500e-02
   4.0137136e-02
   4.0763526e-02
   4.0640112e-02
   4.1375759e-02
   3.7916134e-02
   3.8690476e-02
   3.8886971e-02
   3.9303041e-02
   4.0249065e-02
   4.0016569e-02
   4.0494198e-02
   3.8672323e-02
   3.8734331e-02
   3.9671995e-02
   3.8725925e-02
   4.1412714e-02
   3.9492376e-02
   3.8797914e-02
   3.9784322e-02
   3.9052286e-02
   3.9359288e-02
   3.9820371e-02
   3.9641718e-02
   3.7758418e-02
   3.7952494e-02
   4.1413292e-02
   3.8867610e-02
   3.7750770e-02
   3.7901979e-02
   3.7753883e-02
   3.7781780e-02
   3.7911449e-02
   3.8720080e-02
   4.0748667e-02
   3.9656533e-02
   3.8484563e-02
   3.7716518e-02
   4.0065124e-02
   3.7712544e-02
   3.9235368e-02
   4.1179845e-02
   3.7714566e-02
   4.1344305e-02
   3.7713574e-02
   3.9459607e-02
   3.7908116e-02
   3.9148300e-02
   3.9610917e-02
   3.8931543e-02
   3.8176614e-02
   3.8088449e-02
   3.8129841e-02
   3.8227057e-02
   3.8450113e-02
   4.0243314e-02
   4.1200545e-02
   4.0820910e-02
   3.7695410e-02
   3.8097380e-02
   3.8127185e-02
   4.0011039e-02
   4.1096666e-02
   3.7828253e-02
   3.9214138e-02
   3.8254775e-02
   4.0196567e-02
   4.0105094e-02
   3.9996744e-02
   3.8632347e-02
   4.1206069e-02
   3.9272972e-02
   3.7927115e-02
   3.7805259e-02
   4.1411864e-02
   3.9590153e-02
   3.9814011e-02
   3.9523759e-02
   3.7787312e-02
   3.9493549e-02
   3.8250463e-02
   3.7769058e-02
   3.7679526e-02
   4.0516523e-02
   3.9099621e-02
   3.8749389e-02
   3.9223342e-02
   3.9858134e-02
   4.0969986e-02
   4.0303959e-02
   4.1334059e-02
   3.8406397e-02
   3.8033214e-02
   3.8880312e-02
   3.7993450e-02
   3.7701701e-02
   4.0835377e-02
   3.9031990e-02
   4.1329907e-02
   4.0130444e-02
   3.8831654e-02
   3.9119753e-02
   4.1403895e-02
   3.9290783e-02
   4.1091996e-02
   3.7963923e-02
   4.0212441e-02
   4.0285637e-02
   3.8152221e-02
   3.8252215e-02
   3.9151845e-02
   3.9620392e-02
   4.1343031e-02
   4.0141014e-02
   3.9754771e-02
   3.9008289e-02
   4.0984431e-02
   3.7859418e-02
   3.9635807e-02
   3.8465124e-02
   4.1319387e-02
   3.9494735e-02
   4.0203482e-02
   4.0006037e-02
   3.7983921e-02
   4.0513383e-02
   3.8612397e-02
   3.8005405e-02
   3.8153697e-02
   4.0758660e-02
   4.0772523e-02
   3.8566613e-02
   3.7928223e-02
   3.8914511e-02
   4.1415960e-02
   3.8105576e-02
   3.9009697e-02
   3.8547209e-02
   4.0204145e-02
   3.8516109e-02
   4.0724241e-02
   3.8919217e-02
   4.0286676e-02
   4.0488260e-02
   3.9169516e-02
   3.8288226e-02
   3.7721404e-02
   3.8781458e-02
   4.0521246e-02
   3.8296885e-02
   3.8420218e-02
   3.7952952e-02
   3.7978147e-02
   3.9340109e-02
   3.7900189e-02
   3.7857730e-02
   4.0757334e-02
   3.8284708e-02
   3.8464148e-02
   3.9206918e-02
   3.8534700e-02
   3.9654795e-02
   3.7706592e-02
   4.1068530e-02
   3.8200643e-02
   4.0344604e-02
   3.8458052e-02
   3.8868079e-02
   4.1376884e-02
   4.1427951e-02
   3.9418137e-02
   3.7887189e-02
   4.0009058e-02
   3.7989998e-02
   3.9430211e-02
   4.1126426e-02
   3.8754910e-02
   3.9346452e-02
   4.0556341e-02
   3.7897024e-02
   3.8067959e-02
   4.1436846e-02
   4.0173964e-02
   4.1421851e-02
   3.9444072e-02
   4.1125270e-02
   4.0939681e-02
   3.9302035e-02
   3.9632317e-02
   4.1324231e-02
   3.9923492e-02
   3.8363936e-02
   3.9771700e-02
   3.8249618e-02
   3.8279071e-02
   3.9643290e-02
   4.0825672e-02
   4.0770537e-02
   3.8337243e-02
   3.8362594e-02
   3.9205649e-02
   4.1457835e-02
   3.8334265e-02
   4.0196707e-02
   4.0503163e-02
   3.9827355e-02
   4.1420245e-02
   3.7950479e-02
   3.7705378e-02
   3.8011906e-02
   3.9273067e-02
   3.8668212e-02
   3.9476463e-02
   3.7947579e-02
   3.9312566e-02
   3.7713921e-02
   4.1389427e-02
   3.7717398e-02
   4.0261625e-02
