   2.5457445e-01
   2.5585698e-01
   2.5100697e-01
   2.4613554e-01
   2.6785186e-01
   2.5675392e-01
   2.5415546e-01
   2.4469199e-01
   2.5019247e-01
   2.6280505e-01
   2.4939525e-01
   2.5459931e-01
   2.4708359e-01
   2.5528103e-01
   2.5432211e-01
   2.4902738e-01
   2.5127582e-01
   2.5623957e-01
   2.5131528e-01
   2.4389986e-01
   2.5827863e-01
   2.5266829e-01
   2.5486643e-01
   2.4867830e-01
   2.4937836e-01
   2.5650400e-01
   2.5018130e-01
   2.5053034e-01
   2.6029480e-01
   2.5206083e-01
   2.4710202e-01
   2.4255353e-01
   2.4617886e-01
   2.6518074e-01
   2.5597079e-01
   2.5193507e-01
   2.4945857e-01
   2.5635941e-01
   2.4461166e-01
   2.5419457e-01
   2.6068234e-01
   2.5091034e-01
   2.5777218e-01
   2.5538899e-01
   2.4871587e-01
   2.5935089e-01
   2.4162481e-01
   2.4197737e-01
   2.5144110e-01
   2.4861111e-01
   2.5499067e-01
   2.5836933e-01
   2.3870398e-01
   2.4055116e-01
   2.5618885e-01
   2.5227579e-01
   2.5708284e-01
   2.5491068e-01
   2.4608729e-01
   2.4805152e-01
   2.5862254e-01
   2.5660751e-01
   2.4687593e-01
   2.5965440e-01
   2.4891930e-01
   2.5147365e-01
   2.4276046e-01
   2.5239386e-01
   2.6415880e-01
   2.4421017e-01
   2.5021551e-01
   2.5306384e-01
   2.6486801e-01
   2.5033345e-01
   2.5358028e-01
   2.5068394e-01
   2.4409922e-01
   2.4958830e-01
   2.6009203e-01
   2.5198624e-01
   2.5088871e-01
   2.4520479e-01
   2.6521763e-01
   2.5533006e-01
   2.5542434e-01
   2.5598941e-01
   2.5286117e-01
   2.3866890e-01
   2.5530899e-01
   2.6124515e-01
   2.5312204e-01
   2.5064675e-01
   2.4476333e-01
   2.5321683e-01
   2.5623055e-01
   2.5015806e-01
   2.5420872e-01
   2.5373523e-01
   2.4042705e-01
   2.5657729e-01
   2.3925388e-01
   2.5632625e-01
   2.4831782e-01
   2.4186537e-01
   2.5134574e-01
   2.6377824e-01
   2.5160863e-01
   2.5309274e-01
   2.5175456e-01
   2.6193431e-01
   2.4972196e-01
   2.5063459e-01
   2.5485061e-01
   2.5795062e-01
   2.5681442e-01
   2.5734410e-01
   2.5773260e-01
   2.5295561e-01
   2.5325698e-01
   2.4833446e-01
   2.4718121e-01
   2.5973525e-01
   2.5057371e-01
   2.5062222e-01
   2.4770848e-01
   2.5031907e-01
   2.5188608e-01
   2.5421960e-01
   2.5136805e-01
   2.4964061e-01
   2.4394748e-01
   2.5817238e-01
   2.5864768e-01
   2.6196429e-01
   2.5356347e-01
   2.5128760e-01
   2.5043582e-01
   2.5314747e-01
   2.5576699e-01
   2.5452240e-01
   2.5675611e-01
   2.6213668e-01
   2.5068864e-01
   2.5254456e-01
   2.5470970e-01
   2.5680339e-01
   2.3747912e-01
   2.4808365e-01
   2.4980224e-01
   2.5090717e-01
   2.4243585e-01
   2.6244425e-01
   2.5155692e-01
   2.5138280e-01
   2.5869547e-01
   2.5733353e-01
   2.6075001e-01
   2.5403637e-01
   2.4975596e-01
   2.6056554e-01
   2.4980314e-01
   2.5263749e-01
   2.4995980e-01
   2.6312777e-01
   2.5575956e-01
   2.5358516e-01
   2.4973973e-01
   2.4441168e-01
   2.4862610e-01
   2.5132629e-01
   2.4956728e-01
   2.4677220e-01
   2.4123628e-01
   2.5249352e-01
   2.5128024e-01
   2.5552564e-01
   2.4562594e-01
   2.3783750e-01
   2.4960341e-01
   2.5854810e-01
   2.5158268e-01
   2.5516306e-01
   2.5214995e-01
   2.4684080e-01
   2.6293451e-01
   2.3943274e-01
   2.4900111e-01
   2.4954078e-01
   2.5262066e-01
   2.5580283e-01
   2.4937850e-01
   2.5538996e-01
   2.4180871e-01
   2.5280566e-01
   2.5775158e-01
   2.5203859e-01
   2.3905956e-01
   2.6560697e-01
   2.6730088e-01
   2.5011504e-01
   2.5684863e-01
   2.4863626e-01
   2.4852931e-01
   2.4853445e-01
   2.5645213e-01
   2.4848701e-01
   2.6496996e-01
   2.5315950e-01
   2.5740669e-01
   2.5041651e-01
   2.4659371e-01
   2.4962291e-01
   2.4934659e-01
   2.4780215e-01
   2.5059197e-01
   2.5780470e-01
   2.3825559e-01
   2.4767372e-01
   2.5005368e-01
   2.5115182e-01
   2.4390549e-01
   2.5084582e-01
   2.5078384e-01
   2.5677994e-01
   2.5517237e-01
   2.4965444e-01
   2.3732516e-01
   2.6483949e-01
   2.5284355e-01
   2.5629782e-01
   2.5790698e-01
   2.4983731e-01
   2.5638231e-01
   2.4942992e-01
   2.5015442e-01
   2.5432418e-01
   2.5122534e-01
   2.5959396e-01
   2.5174279e-01
   2.6388063e-01
   2.6202953e-01
   2.5956466e-01
   2.5369756e-01
   2.3860050e-01
   2.4103525e-01
   2.5903345e-01
   2.4960424e-01
   2.5712398e-01
   2.4692443e-01
   2.5482782e-01
   2.4476765e-01
   2.4133926e-01
   2.4355300e-01
   2.6305577e-01
   2.5343455e-01
   2.4406825e-01
   2.5551742e-01
   2.4963632e-01
   2.5680426e-01
   2.5302278e-01
   2.6576659e-01
   2.4895012e-01
   2.5559482e-01
   2.5047899e-01
   2.5180736e-01
   2.5217012e-01
   2.4465999e-01
   2.5354586e-01
   2.6024073e-01
   2.6152601e-01
   2.4986348e-01
   2.5479207e-01
   2.6014393e-01
   2.4515116e-01
   2.5656188e-01
   2.4361242e-01
   2.4825299e-01
   2.5023532e-01
   2.4957555e-01
   2.5006569e-01
   2.5017677e-01
   2.5533105e-01
   2.4833673e-01
   2.3908310e-01
   2.5436041e-01
   2.5058601e-01
   2.5971547e-01
   2.5965417e-01
   2.5128380e-01
   2.3895160e-01
   2.5165468e-01
   2.5002448e-01
   2.5549959e-01
   2.5014759e-01
   2.5490293e-01
   2.4747157e-01
   2.5614108e-01
   2.5158392e-01
   2.5082167e-01
   2.4318830e-01
