   4.8074265e-02
   4.7048367e-02
   5.0502654e-02
   4.6520443e-02
   5.0890029e-02
   4.9873210e-02
   4.6400091e-02
   5.2041557e-02
   5.1194301e-02
   4.8570095e-02
   5.0101368e-02
   4.5991616e-02
   4.7933571e-02
   4.7785940e-02
   5.0081740e-02
   4.9022167e-02
   5.1966142e-02
   4.8595293e-02
   4.9218456e-02
   5.1195673e-02
   4.8929125e-02
   4.8921101e-02
   5.0631307e-02
   5.0022564e-02
   5.0296462e-02
   4.8761629e-02
   4.7929340e-02
   4.7660479e-02
   5.0715968e-02
   4.8835252e-02
   4.8613461e-02
   4.7070516e-02
   4.8308339e-02
   4.8122311e-02
   4.7978275e-02
   4.9759840e-02
   4.5842951e-02
   4.6033350e-02
   4.6950629e-02
   5.1320419e-02
   4.6581138e-02
   4.9455239e-02
   4.6793334e-02
   4.7745192e-02
   4.9883190e-02
   5.1406938e-02
   4.5601964e-02
   4.9659110e-02
   4.8573730e-02
   4.8047942e-02
   4.6160489e-02
   4.7796012e-02
   4.7358862e-02
   5.2244425e-02
   5.1960188e-02
   5.1710307e-02
   4.6959100e-02
   5.0525716e-02
   4.9067867e-02
   5.1688163e-02
   4.5591748e-02
   4.6418231e-02
   4.9458905e-02
   5.0108514e-02
   4.9222576e-02
   4.5286747e-02
   5.0904466e-02
   4.7928356e-02
   4.7469544e-02
   4.6349977e-02
   5.2000425e-02
   4.8701753e-02
   4.8176786e-02
   4.7214777e-02
   4.7348269e-02
   4.8415093e-02
   4.7436170e-02
   4.5767513e-02
   4.9882077e-02
   4.8613464e-02
   4.6858341e-02
   4.9222735e-02
   5.0663344e-02
   4.6227097e-02
   4.6400129e-02
   4.7629136e-02
   4.6583744e-02
   4.8108596e-02
   4.8429001e-02
   5.1278032e-02
   5.0468726e-02
   4.9901617e-02
   4.7387986e-02
   5.0644401e-02
   4.7974042e-02
   4.7511652e-02
   4.6781630e-02
   4.9740868e-02
   5.1221349e-02
   5.0225967e-02
   4.9300071e-02
   5.0735350e-02
   5.0184425e-02
   4.8166958e-02
   4.8976291e-02
   4.7940490e-02
   5.0554223e-02
   5.0268887e-02
   4.6342318e-02
   4.6386994e-02
   5.0240748e-02
   5.1306781e-02
   4.6148027e-02
   4.7237133e-02
   4.6325540e-02
   4.6118147e-02
   4.7931033e-02
   5.2328562e-02
   4.6524220e-02
   4.6950964e-02
   4.9147118e-02
   4.8472471e-02
   4.8458641e-02
   5.1405151e-02
   4.9118421e-02
   5.2099614e-02
   4.7681440e-02
   4.7477941e-02
   4.9273163e-02
   4.9772347e-02
   4.8793590e-02
   4.6395905e-02
   4.5930918e-02
   5.1611818e-02
   5.0210631e-02
   4.6135048e-02
   4.6616194e-02
   4.6805945e-02
   4.6531760e-02
   4.5041700e-02
   4.7635039e-02
   5.0745715e-02
   4.7224868e-02
   5.2267233e-02
   4.5628864e-02
   4.8996269e-02
   5.1950014e-02
   5.2315576e-02
   4.8800591e-02
   5.1254343e-02
   5.1981696e-02
   4.8466755e-02
   5.0082971e-02
   5.1260623e-02
   4.8522867e-02
   4.8324549e-02
   4.6967149e-02
   5.1263557e-02
   4.6276227e-02
   4.5825949e-02
   4.7218531e-02
   4.9070531e-02
   4.9596245e-02
   4.9793785e-02
   4.8845957e-02
   4.9161767e-02
   4.7609250e-02
   4.6493098e-02
   5.1234110e-02
   5.1589591e-02
   5.1630922e-02
   5.0587190e-02
   5.0487029e-02
   5.1855656e-02
   5.0145550e-02
   4.7133836e-02
   4.6172128e-02
   4.5458877e-02
   5.2210734e-02
   4.8951751e-02
   4.9337915e-02
   4.8651529e-02
   5.0146762e-02
   5.0150522e-02
   4.9773474e-02
   4.7772051e-02
   5.0541150e-02
   4.9055589e-02
   5.1207393e-02
   4.7547465e-02
   5.0824068e-02
   4.8724048e-02
   4.6323785e-02
   4.7492579e-02
   4.6405998e-02
   4.7900839e-02
   5.2097311e-02
   4.6631051e-02
   5.0991619e-02
   5.0877735e-02
   5.0410022e-02
   5.0609928e-02
   5.0318528e-02
   4.8855611e-02
   4.9993997e-02
   4.8432168e-02
   4.9970827e-02
   4.7033512e-02
   4.7291549e-02
   5.0046571e-02
   4.6409351e-02
   5.0098436e-02
   4.8065769e-02
   4.8312114e-02
   4.7974472e-02
   4.9124704e-02
   4.9864040e-02
   4.8542353e-02
   4.9186205e-02
   4.8096454e-02
   4.8523037e-02
   4.9672230e-02
   4.6829411e-02
   4.6484530e-02
   4.8951888e-02
   5.1955538e-02
   4.7285984e-02
   4.9680735e-02
   4.8157860e-02
   4.9028230e-02
   4.8799625e-02
   5.1289027e-02
   4.7419746e-02
   4.6008299e-02
   4.9242435e-02
   5.1035600e-02
   5.0890846e-02
   5.0537053e-02
   5.1717628e-02
   5.1207007e-02
   4.9072150e-02
   4.6344757e-02
   5.1382596e-02
   4.7485440e-02
   5.1622655e-02
   5.1926944e-02
   4.7852688e-02
   4.7152224e-02
   4.6390574e-02
   4.9683408e-02
   5.1985670e-02
   5.0749900e-02
   4.8076625e-02
   4.9246661e-02
   4.6156203e-02
   4.9232888e-02
   5.1345096e-02
   5.2098861e-02
   4.9416108e-02
   4.9919297e-02
   4.5591621e-02
   5.0139140e-02
   4.5370521e-02
   4.9338026e-02
   5.0162107e-02
   4.6276291e-02
   4.9233570e-02
   4.9243548e-02
   5.0391866e-02
   4.5420254e-02
   5.0383544e-02
   5.0586144e-02
   4.9466196e-02
   4.6156156e-02
   4.7315144e-02
   5.0302525e-02
   4.8631891e-02
   5.1299688e-02
   5.1481294e-02
   4.8472202e-02
   5.1543547e-02
   5.1174025e-02
   4.5776884e-02
   4.6317107e-02
   5.1962900e-02
   4.8407875e-02
   5.1904491e-02
   4.7838014e-02
   5.0868119e-02
   5.1110258e-02
   4.8130882e-02
   4.6313242e-02
   4.7029398e-02
   4.7269407e-02
   4.8418594e-02
   5.0329496e-02
   4.8445390e-02
   4.6619052e-02
   5.1494515e-02
   5.1676176e-02
