   2.6916567e-02
   2.5551737e-02
   2.4829666e-02
   2.8971803e-02
   2.5941772e-02
   2.9022782e-02
   2.4698605e-02
   2.6760886e-02
   2.5886304e-02
   2.6334636e-02
   2.5148321e-02
   2.6645676e-02
   2.6524950e-02
   2.6162901e-02
   2.5887747e-02
   2.6083069e-02
   2.4804091e-02
   2.4837743e-02
   2.5779438e-02
   2.4841448e-02
   2.6954686e-02
   2.7107394e-02
   2.6804120e-02
   2.4960309e-02
   2.7402451e-02
   2.4582460e-02
   2.3909059e-02
   2.5550696e-02
   2.5569807e-02
   2.7284545e-02
   2.4139372e-02
   2.5948433e-02
   2.5007734e-02
   2.6940075e-02
   2.5503407e-02
   2.9598603e-02
   2.5253739e-02
   2.6320592e-02
   2.7272306e-02
   2.5826556e-02
   2.4033409e-02
   2.6036827e-02
   2.8075004e-02
   2.7100997e-02
   2.7746217e-02
   2.6077157e-02
   2.4330639e-02
   2.6939782e-02
   2.6616794e-02
   2.7939879e-02
   2.7245824e-02
   2.8435522e-02
   2.5650138e-02
   2.6990491e-02
   2.4887080e-02
   2.4882486e-02
   2.6399242e-02
   2.5893122e-02
   2.3164762e-02
   2.8175171e-02
   2.7058134e-02
   2.5203191e-02
   2.4112074e-02
   2.5601101e-02
   2.6645243e-02
   2.7174890e-02
   2.8154165e-02
   2.7397056e-02
   2.5379608e-02
   2.4560963e-02
   2.5980499e-02
   2.7747589e-02
   2.5503486e-02
   2.7676023e-02
   2.5726429e-02
   2.5388984e-02
   2.6199452e-02
   2.9367555e-02
   2.6720584e-02
   2.5241644e-02
   2.6141542e-02
   2.5577399e-02
   2.3510412e-02
   2.6119339e-02
   2.5627966e-02
   2.8916988e-02
   2.4815858e-02
   2.5593902e-02
   2.5872332e-02
   2.6652464e-02
   2.3807002e-02
   2.4025902e-02
   2.7837610e-02
   2.8709314e-02
   2.6096296e-02
   2.5092761e-02
   2.6303348e-02
   2.8461205e-02
   2.5521302e-02
   2.9045041e-02
   2.4465849e-02
   2.7036433e-02
   2.6152068e-02
   2.6188027e-02
   2.5150347e-02
   2.6215079e-02
   2.6708194e-02
   2.8125872e-02
   2.7043291e-02
   2.6030306e-02
   2.5765797e-02
   2.8572655e-02
   2.5566714e-02
   2.4910942e-02
   2.5430741e-02
   2.5820105e-02
   2.3189378e-02
   2.4989482e-02
   2.7022086e-02
   2.4700977e-02
   2.6248021e-02
   2.6385731e-02
   2.4344740e-02
   2.5033962e-02
   2.7894964e-02
   2.4238495e-02
   2.6319980e-02
   2.7370199e-02
   2.7702704e-02
   2.4271928e-02
   2.4663504e-02
   2.7420718e-02
   2.4941753e-02
   2.5690973e-02
   2.8411305e-02
   2.5161548e-02
   2.4638863e-02
   2.4865888e-02
   2.7477014e-02
   2.5832510e-02
   2.8182699e-02
   2.4166272e-02
   2.5549697e-02
   2.4129864e-02
   2.7623692e-02
   2.5337597e-02
   2.4732930e-02
   2.7261707e-02
   2.6065792e-02
   2.5598395e-02
   2.6962589e-02
   2.4276903e-02
   2.7287684e-02
   2.4927283e-02
   2.6569998e-02
   2.8960806e-02
   2.7008085e-02
   2.6234400e-02
   2.5225285e-02
   2.5645378e-02
   2.3824486e-02
   2.4438355e-02
   2.9163873e-02
   2.7345451e-02
   2.5797757e-02
   2.5852047e-02
   2.5843098e-02
   2.6549673e-02
   2.3728116e-02
   2.7190028e-02
   2.4657882e-02
   2.6525036e-02
   2.5642159e-02
   2.4677371e-02
   2.3924035e-02
   2.6603731e-02
   2.5563847e-02
   2.8251555e-02
   2.8382853e-02
   2.6788397e-02
   2.7632120e-02
   2.5709418e-02
   2.8224637e-02
   2.4747163e-02
   2.8605736e-02
   2.5470799e-02
   2.6328593e-02
   2.8672652e-02
   2.5301871e-02
   2.5234893e-02
   2.7593442e-02
   2.8598167e-02
   2.4733806e-02
   2.4979538e-02
   2.5518945e-02
   2.7738088e-02
   2.5559407e-02
   2.6559281e-02
   2.6122524e-02
   2.7722581e-02
   2.4834220e-02
   2.6296988e-02
   2.7501558e-02
   2.4563943e-02
   2.8237143e-02
   2.7017492e-02
   2.6755794e-02
   2.4346367e-02
   2.5801444e-02
   2.5028586e-02
   2.4938123e-02
   2.7127744e-02
   2.6814808e-02
   2.9334180e-02
   2.6742306e-02
   2.6867274e-02
   2.7804400e-02
   2.7052428e-02
   2.5674490e-02
   2.6021537e-02
   2.4431920e-02
   2.6478088e-02
   2.7607989e-02
   2.3226601e-02
   2.7449720e-02
   2.7560112e-02
   2.4890894e-02
   2.6673501e-02
   2.5022811e-02
   2.5343430e-02
   2.6174087e-02
   2.6972366e-02
   2.5925101e-02
   2.6408621e-02
   2.6265918e-02
   2.5977585e-02
   2.4851919e-02
   2.5432641e-02
   2.5995351e-02
   2.5194054e-02
   2.8203673e-02
   2.8856280e-02
   2.5325843e-02
   2.6997459e-02
   2.7637913e-02
   2.4377478e-02
   2.4572872e-02
   2.5128526e-02
   2.6523396e-02
   2.3187338e-02
   2.5416791e-02
   2.5977181e-02
   2.8164728e-02
   2.9411673e-02
   2.6607311e-02
   2.4258922e-02
   2.8473687e-02
   2.7360235e-02
   2.4706179e-02
   2.4291653e-02
   2.5041790e-02
   2.7666329e-02
   2.5615804e-02
   2.6983985e-02
   2.5868823e-02
   2.7896839e-02
   2.7034393e-02
   2.5000378e-02
   2.8380064e-02
   2.5279799e-02
   2.5881751e-02
   2.7404679e-02
   2.4108719e-02
   2.7586502e-02
   2.4301206e-02
   2.6678997e-02
   2.7043806e-02
   2.4669477e-02
   2.6450363e-02
   2.3465884e-02
   2.3531881e-02
   2.3901770e-02
   2.7702828e-02
   2.6944719e-02
   2.6667089e-02
   2.8408536e-02
   2.5715119e-02
   2.6967259e-02
   2.7011611e-02
   2.4476892e-02
   2.4997546e-02
   2.4728223e-02
   2.4339026e-02
   2.5189608e-02
   2.7995060e-02
   2.8319466e-02
   2.8173697e-02
   2.6738716e-02
   2.5478230e-02
   2.7851664e-02
