   2.1530218e-01
   2.1982550e-01
   2.1567191e-01
   2.2306139e-01
   2.1990143e-01
   2.1585758e-01
   2.2921420e-01
   2.1291376e-01
   2.1314915e-01
   2.2035728e-01
   2.1297052e-01
   2.2314458e-01
   2.1406996e-01
   2.1782841e-01
   2.1459411e-01
   2.1353488e-01
   2.1675450e-01
   2.2230201e-01
   2.1977725e-01
   2.2342787e-01
   2.1341426e-01
   2.1266797e-01
   2.2147874e-01
   2.1243747e-01
   2.2284659e-01
   2.2025850e-01
   2.1811428e-01
   2.1988684e-01
   2.2516001e-01
   2.2434429e-01
   2.1625074e-01
   2.1345708e-01
   2.1377267e-01
   2.1401792e-01
   2.2629806e-01
   2.1538897e-01
   2.1952740e-01
   2.1655151e-01
   2.2456763e-01
   2.1840890e-01
   2.2126164e-01
   2.2254876e-01
   2.1728997e-01
   2.1546826e-01
   2.1852144e-01
   2.2154337e-01
   2.1774939e-01
   2.1792690e-01
   2.1603801e-01
   2.1557260e-01
   2.1958431e-01
   2.2821121e-01
   2.1860163e-01
   2.2007830e-01
   2.1227851e-01
   2.1747978e-01
   2.1594897e-01
   2.1509253e-01
   2.1368338e-01
   2.2691065e-01
   2.2056431e-01
   2.2589046e-01
   2.1232137e-01
   2.2495457e-01
   2.1950702e-01
   2.2752863e-01
   2.2091344e-01
   2.1547812e-01
   2.1711357e-01
   2.2107181e-01
   2.2155970e-01
   2.2035707e-01
   2.2695266e-01
   2.2592212e-01
   2.2029478e-01
   2.2931757e-01
   2.1235260e-01
   2.2543896e-01
   2.1962881e-01
   2.1464228e-01
   2.3045782e-01
   2.1343315e-01
   2.1477208e-01
   2.1915094e-01
   2.1586212e-01
   2.1238883e-01
   2.2571718e-01
   2.1238208e-01
   2.1346144e-01
   2.1612642e-01
   2.1817831e-01
   2.1515549e-01
   2.2223446e-01
   2.2223474e-01
   2.1814174e-01
   2.2769264e-01
   2.1766990e-01
   2.1399004e-01
   2.1641647e-01
   2.1585860e-01
   2.1992486e-01
   2.2614797e-01
   2.1810819e-01
   2.2295278e-01
   2.1799603e-01
   2.2089196e-01
   2.1547716e-01
   2.1538748e-01
   2.1712648e-01
   2.1526642e-01
   2.1790089e-01
   2.1906158e-01
   2.1553313e-01
   2.1317017e-01
   2.1674383e-01
   2.2709078e-01
   2.2267937e-01
   2.1939509e-01
   2.1692311e-01
   2.1404189e-01
   2.1231406e-01
   2.1793107e-01
   2.1444738e-01
   2.1834968e-01
   2.1276374e-01
   2.2594848e-01
   2.1333060e-01
   2.1230451e-01
   2.2276671e-01
   2.1276687e-01
   2.1234257e-01
   2.2516617e-01
   2.1945758e-01
   2.1572362e-01
   2.1272396e-01
   2.2570341e-01
   2.1822913e-01
   2.2657869e-01
   2.1559376e-01
   2.1705234e-01
   2.1232209e-01
   2.1954173e-01
   2.2124183e-01
   2.1621912e-01
   2.2182487e-01
   2.1497729e-01
   2.2384153e-01
   2.2338922e-01
   2.1837140e-01
   2.1371253e-01
   2.2252574e-01
   2.1992009e-01
   2.1496439e-01
   2.2042705e-01
   2.1352252e-01
   2.2227661e-01
   2.1282597e-01
   2.1551670e-01
   2.1519863e-01
   2.1247646e-01
   2.2012195e-01
   2.1711150e-01
   2.1728839e-01
   2.1665063e-01
   2.2257870e-01
   2.2187870e-01
   2.1907191e-01
   2.1893095e-01
   2.2552734e-01
   2.1261546e-01
   2.1835783e-01
   2.2783211e-01
   2.1644559e-01
   2.1287090e-01
   2.2029149e-01
   2.1891167e-01
   2.2020071e-01
   2.1712282e-01
   2.1233524e-01
   2.2473710e-01
   2.2034709e-01
   2.3108648e-01
   2.1399065e-01
   2.1605515e-01
   2.1731651e-01
   2.1335326e-01
   2.2403176e-01
   2.1230367e-01
   2.1231227e-01
   2.1388198e-01
   2.1231826e-01
   2.1374163e-01
   2.1236937e-01
   2.2589286e-01
   2.1936973e-01
   2.1544171e-01
   2.1290543e-01
   2.1659668e-01
   2.1834404e-01
   2.2519290e-01
   2.2260576e-01
   2.2108096e-01
   2.1389668e-01
   2.1709337e-01
   2.1610001e-01
   2.2116506e-01
   2.1671950e-01
   2.1536827e-01
   2.1921073e-01
   2.2394659e-01
   2.2159831e-01
   2.1429359e-01
   2.1233713e-01
   2.1265434e-01
   2.2537800e-01
   2.1230447e-01
   2.1578990e-01
   2.1454228e-01
   2.1989125e-01
   2.3058369e-01
   2.2450987e-01
   2.1859289e-01
   2.1540454e-01
   2.1961349e-01
   2.1232141e-01
   2.2672978e-01
   2.1238416e-01
   2.1526624e-01
   2.1246997e-01
   2.2091957e-01
   2.2340321e-01
   2.1978981e-01
   2.1683245e-01
   2.1700681e-01
   2.1864012e-01
   2.1712628e-01
   2.1337060e-01
   2.1976031e-01
   2.1255864e-01
   2.1800737e-01
   2.1516655e-01
   2.1515242e-01
   2.1234849e-01
   2.2230582e-01
   2.2026150e-01
   2.2776631e-01
   2.2581719e-01
   2.1320779e-01
   2.1475584e-01
   2.1969481e-01
   2.1897760e-01
   2.1473520e-01
   2.1230684e-01
   2.1264838e-01
   2.1228759e-01
   2.2290951e-01
   2.1957547e-01
   2.1365095e-01
   2.1604890e-01
   2.1589085e-01
   2.2004852e-01
   2.1526547e-01
   2.2189476e-01
   2.2426432e-01
   2.1457537e-01
   2.2434246e-01
   2.1577149e-01
   2.2257615e-01
   2.1228546e-01
   2.2141261e-01
   2.1230970e-01
   2.2882847e-01
   2.1253718e-01
   2.1248031e-01
   2.1397382e-01
   2.2528466e-01
   2.1472317e-01
   2.1489932e-01
   2.2788957e-01
   2.2296559e-01
   2.1416306e-01
   2.1467509e-01
   2.1547394e-01
   2.1483390e-01
   2.1514998e-01
   2.1656069e-01
   2.1986004e-01
   2.1232057e-01
   2.1670417e-01
   2.1384670e-01
   2.1268497e-01
   2.1845980e-01
   2.2137297e-01
   2.1459576e-01
   2.3121579e-01
   2.1633221e-01
   2.1256869e-01
   2.1850677e-01
   2.1861466e-01
   2.2290819e-01
