   2.6494916e-02
   2.7196846e-02
   2.5764833e-02
   2.8118880e-02
   2.5157259e-02
   2.8778455e-02
   2.7645201e-02
   2.5329866e-02
   2.8060236e-02
   2.9176014e-02
   2.8789198e-02
   2.7489046e-02
   2.7295038e-02
   2.5679722e-02
   2.9894768e-02
   2.6608595e-02
   2.4716381e-02
   2.9141082e-02
   2.8491414e-02
   2.6715183e-02
   2.4699403e-02
   2.9625781e-02
   2.6618398e-02
   2.8155080e-02
   2.7231189e-02
   2.7462866e-02
   2.9299952e-02
   2.9462488e-02
   2.8403188e-02
   2.6640645e-02
   2.6202829e-02
   2.7742139e-02
   2.8508825e-02
   2.6606289e-02
   2.8930893e-02
   2.8084616e-02
   3.0234020e-02
   2.7640658e-02
   2.7978464e-02
   2.7251750e-02
   2.5629438e-02
   2.7132009e-02
   2.8927511e-02
   2.7591201e-02
   2.9934179e-02
   2.7842374e-02
   2.9503770e-02
   2.6892696e-02
   2.7600737e-02
   2.9282069e-02
   2.8068749e-02
   2.6237711e-02
   2.9571244e-02
   2.8538181e-02
   3.0031265e-02
   3.0034875e-02
   2.9519781e-02
   2.8305157e-02
   2.6556695e-02
   3.0530912e-02
   2.7574317e-02
   2.9300679e-02
   2.5160953e-02
   2.8564620e-02
   2.7717982e-02
   2.6263415e-02
   2.6028879e-02
   2.4309228e-02
   2.8827798e-02
   2.6140436e-02
   2.7506774e-02
   3.0908618e-02
   3.0181544e-02
   2.7144922e-02
   2.5937556e-02
   2.8538429e-02
   3.0455700e-02
   2.8455152e-02
   2.5159498e-02
   2.8433894e-02
   2.9285204e-02
   2.6555371e-02
   2.7477594e-02
   2.7842184e-02
   2.4952266e-02
   2.7433049e-02
   2.6794705e-02
   2.9532196e-02
   2.6009590e-02
   2.5427666e-02
   2.6427324e-02
   2.6692758e-02
   2.8411721e-02
   2.6873313e-02
   2.5184951e-02
   2.6323558e-02
   2.6760851e-02
   2.6864807e-02
   2.9485801e-02
   2.8500813e-02
   2.8972850e-02
   2.5722388e-02
   2.6201691e-02
   2.7095695e-02
   3.0571171e-02
   2.7568878e-02
   2.6254456e-02
   2.9384174e-02
   2.8224446e-02
   2.8315262e-02
   2.7884204e-02
   2.5069516e-02
   2.4761017e-02
   2.8432348e-02
   2.6361545e-02
   2.7579792e-02
   2.7151885e-02
   3.0716293e-02
   2.8102098e-02
   2.7956364e-02
   2.7859948e-02
   2.9627012e-02
   2.8238708e-02
   2.9181621e-02
   2.6725098e-02
   2.6527354e-02
   2.8574553e-02
   2.9852429e-02
   2.5780212e-02
   2.8468475e-02
   2.7083934e-02
   3.0576646e-02
   3.0225389e-02
   2.8325398e-02
   2.6927648e-02
   2.4787416e-02
   2.6319140e-02
   2.7244891e-02
   2.8545584e-02
   2.6453322e-02
   2.6845966e-02
   2.8452485e-02
   2.7236717e-02
   2.4559849e-02
   2.7486146e-02
   2.6241539e-02
   2.4613190e-02
   2.8228245e-02
   2.7016891e-02
   2.7679458e-02
   3.0134723e-02
   2.6393923e-02
   2.9164258e-02
   2.7855172e-02
   2.8380453e-02
   2.4421697e-02
   2.4787418e-02
   2.8839178e-02
   2.7722060e-02
   3.0932670e-02
   2.9779084e-02
   2.6920406e-02
   2.5484056e-02
   3.0777684e-02
   2.8470329e-02
   2.6743724e-02
   2.8478416e-02
   3.0298739e-02
   2.5685415e-02
   2.5119187e-02
   2.8053210e-02
   2.9763188e-02
   2.8493702e-02
   2.9071064e-02
   2.7447691e-02
   2.6850658e-02
   2.5652694e-02
   2.7737907e-02
   2.6519764e-02
   2.7986699e-02
   3.0026179e-02
   2.5359946e-02
   2.5050469e-02
   2.7415869e-02
   2.8089375e-02
   3.0036071e-02
   2.5377006e-02
   2.7257702e-02
   2.8968452e-02
   2.9529054e-02
   2.9898319e-02
   2.7209181e-02
   2.6400207e-02
   2.6480381e-02
   2.8560241e-02
   2.6860727e-02
   2.6936751e-02
   2.9206469e-02
   2.7175299e-02
   2.8860801e-02
   2.5474279e-02
   3.0165329e-02
   2.8105667e-02
   2.6890607e-02
   2.8380721e-02
   2.4211540e-02
   2.9079207e-02
   2.5777784e-02
   2.4808074e-02
   2.8742636e-02
   2.6314660e-02
   2.9379722e-02
   2.6322228e-02
   2.8574005e-02
   2.8229333e-02
   2.5811630e-02
   2.7986186e-02
   2.5765323e-02
   2.9916950e-02
   2.4690370e-02
   2.6851422e-02
   2.4609007e-02
   3.0307104e-02
   2.8392554e-02
   2.7540276e-02
   2.6881066e-02
   2.6695865e-02
   2.8235632e-02
   2.6792214e-02
   2.8187355e-02
   2.8630569e-02
   2.6627827e-02
   2.6599918e-02
   2.8018303e-02
   2.7456713e-02
   2.6207276e-02
   2.4274804e-02
   2.6120367e-02
   2.7181874e-02
   2.9671382e-02
   2.6371262e-02
   2.7802786e-02
   2.5968672e-02
   2.8186132e-02
   3.0394525e-02
   2.5380860e-02
   2.5916594e-02
   2.8224283e-02
   2.7132734e-02
   2.5769140e-02
   2.5473590e-02
   2.9892763e-02
   2.5463077e-02
   2.6775622e-02
   2.7085399e-02
   2.9078041e-02
   2.5355700e-02
   2.8968510e-02
   2.9240361e-02
   2.7423885e-02
   2.6900061e-02
   2.7167982e-02
   2.7435058e-02
   2.8099102e-02
   2.4755796e-02
   2.6650988e-02
   2.8761313e-02
   2.5073960e-02
   2.7143788e-02
   2.5566205e-02
   2.9287832e-02
   2.5807013e-02
   2.8008195e-02
   2.6559506e-02
   2.5653212e-02
   3.0041625e-02
   2.4354335e-02
   2.6155413e-02
   2.7483216e-02
   2.7509579e-02
   2.7507583e-02
   2.8944117e-02
   3.0266775e-02
   2.6993200e-02
   2.9131291e-02
   2.6834261e-02
   2.5791399e-02
   2.6042427e-02
   2.5444760e-02
   2.8176191e-02
   2.8418842e-02
   2.8727444e-02
   2.6689876e-02
   2.6616713e-02
   2.5256086e-02
   2.9390402e-02
   2.8860319e-02
   2.6188290e-02
   3.0044862e-02
   2.7381304e-02
