   4.0054741e-02
   3.7685266e-02
   4.1250386e-02
   4.1090864e-02
   3.7334377e-02
   3.7372172e-02
   3.9389044e-02
   3.8222073e-02
   3.8221023e-02
   3.7454823e-02
   3.8296416e-02
   4.0182522e-02
   3.7319434e-02
   4.0877409e-02
   3.8646121e-02
   3.7902007e-02
   3.8475070e-02
   3.8779917e-02
   3.8794771e-02
   3.9541148e-02
   3.7400245e-02
   3.9520203e-02
   4.0566483e-02
   4.0340916e-02
   3.8807914e-02
   3.9697114e-02
   3.7306475e-02
   3.9419092e-02
   4.0377324e-02
   3.8050013e-02
   3.8675910e-02
   3.7329621e-02
   4.1300318e-02
   4.0576663e-02
   3.7792471e-02
   4.0576093e-02
   3.8658113e-02
   3.8744493e-02
   3.7879622e-02
   3.8791194e-02
   4.0586527e-02
   3.7543226e-02
   3.7609731e-02
   4.1197885e-02
   3.8855919e-02
   4.0143409e-02
   3.8822450e-02
   3.7340087e-02
   3.8333522e-02
   3.7460199e-02
   4.0098272e-02
   3.9489123e-02
   4.0565759e-02
   3.8668685e-02
   3.7398198e-02
   3.8993520e-02
   3.7873374e-02
   4.0576134e-02
   3.9262891e-02
   4.0931159e-02
   3.9330745e-02
   3.9008615e-02
   3.9146839e-02
   3.8744816e-02
   4.0052144e-02
   3.7220446e-02
   3.7957720e-02
   4.0401538e-02
   4.0935870e-02
   4.0600422e-02
   3.8173513e-02
   3.8764524e-02
   4.0806949e-02
   3.9865402e-02
   3.9910342e-02
   4.0649467e-02
   3.8819364e-02
   3.9800634e-02
   3.8569123e-02
   3.7434225e-02
   4.0294729e-02
   3.8859071e-02
   3.8986736e-02
   3.8444976e-02
   4.1149684e-02
   3.8995474e-02
   3.9427951e-02
   3.7460083e-02
   3.8625028e-02
   3.9593589e-02
   3.7949555e-02
   3.7524221e-02
   3.8003605e-02
   3.9762911e-02
   3.8063329e-02
   3.9502946e-02
   4.1013683e-02
   4.0298644e-02
   4.1223236e-02
   3.9306953e-02
   4.0959737e-02
   3.7331555e-02
   3.7760231e-02
   3.9085881e-02
   4.0576387e-02
   4.0392998e-02
   3.8930446e-02
   3.7178468e-02
   3.7597638e-02
   3.8947108e-02
   4.0839849e-02
   3.9041780e-02
   3.7540183e-02
   4.0591306e-02
   3.7234150e-02
   3.8744769e-02
   3.7811896e-02
   4.0220292e-02
   4.0060933e-02
   3.8718797e-02
   3.8613155e-02
   3.9227573e-02
   4.0227573e-02
   3.8186767e-02
   4.0708376e-02
   4.0078930e-02
   4.0674034e-02
   4.0877245e-02
   3.8628285e-02
   4.0802197e-02
   3.9153208e-02
   3.9650308e-02
   3.8121394e-02
   3.7206423e-02
   3.7557458e-02
   3.7294546e-02
   4.0419277e-02
   3.9964065e-02
   4.0085385e-02
   4.0860818e-02
   3.8115172e-02
   3.7795943e-02
   4.0429930e-02
   4.0570645e-02
   4.1155434e-02
   3.9232998e-02
   4.0902726e-02
   3.9899540e-02
   3.7685195e-02
   3.9340378e-02
   3.9105137e-02
   3.7776642e-02
   4.0566763e-02
   3.7773579e-02
   3.8221408e-02
   4.0040891e-02
   4.0110374e-02
   4.0969423e-02
   3.8696335e-02
   3.9075136e-02
   4.1048494e-02
   3.7980385e-02
   4.0351977e-02
   3.7286062e-02
   4.0738429e-02
   4.1165821e-02
   4.1134249e-02
   3.7311443e-02
   4.1224066e-02
   3.8296000e-02
   4.0926378e-02
   4.0536120e-02
   3.9068187e-02
   3.8754304e-02
   3.7591225e-02
   3.8115297e-02
   3.9398274e-02
   4.0093642e-02
   3.9370899e-02
   3.9057230e-02
   4.0387958e-02
   3.7430465e-02
   4.1116146e-02
   3.7278717e-02
   3.9354803e-02
   3.8649334e-02
   4.0835370e-02
   3.9151277e-02
   3.8254503e-02
   4.1075843e-02
   3.9279615e-02
   3.9192512e-02
   3.8799493e-02
   3.7503885e-02
   4.1260354e-02
   3.8661847e-02
   3.8218959e-02
   4.0120088e-02
   3.7278588e-02
   3.9014701e-02
   4.0232048e-02
   4.1075744e-02
   4.0118736e-02
   3.8648909e-02
   3.8058978e-02
   3.7472683e-02
   3.8794201e-02
   3.9306338e-02
   3.9328646e-02
   3.7386958e-02
   4.0285828e-02
   4.0056875e-02
   3.7662353e-02
   3.7638931e-02
   3.7569293e-02
   4.0172233e-02
   3.7669225e-02
   3.7458848e-02
   3.7349300e-02
   3.9759305e-02
   3.8602653e-02
   4.0818378e-02
   3.8038836e-02
   3.9902939e-02
   3.9318032e-02
   4.0974930e-02
   3.9674041e-02
   3.8788021e-02
   3.7593731e-02
   3.9643592e-02
   3.8872748e-02
   4.0944556e-02
   3.9747478e-02
   4.0031621e-02
   3.7912867e-02
   4.1117389e-02
   3.8475260e-02
   3.7463600e-02
   3.7212086e-02
   3.8575229e-02
   3.9244144e-02
   4.1069953e-02
   4.0767166e-02
   3.8810333e-02
   3.7280152e-02
   3.7319194e-02
   4.0641474e-02
   4.0391574e-02
   4.0386668e-02
   3.7403722e-02
   3.9580009e-02
   3.9625708e-02
   3.7907692e-02
   3.7977935e-02
   4.0113912e-02
   3.9475205e-02
   3.9588460e-02
   4.1033722e-02
   3.7187998e-02
   3.7445490e-02
   4.0751879e-02
   3.9193123e-02
   3.7337113e-02
   3.7762564e-02
   3.9563251e-02
   3.7549012e-02
   3.9356328e-02
   4.0147534e-02
   3.8886297e-02
   3.8846320e-02
   3.9428602e-02
   3.8060025e-02
   3.8802796e-02
   3.8972108e-02
   4.0657048e-02
   3.9604489e-02
   3.7393880e-02
   4.1064978e-02
   4.0876835e-02
   3.8902831e-02
   3.7361050e-02
   3.7173509e-02
   3.8337276e-02
   4.1042972e-02
   3.7485085e-02
   3.7474279e-02
   3.8718879e-02
   4.0393312e-02
   3.7197259e-02
   3.9181012e-02
   3.9027633e-02
   4.0625278e-02
   3.7540014e-02
   4.0395977e-02
   3.7301177e-02
   3.9968747e-02
   4.0759755e-02
   4.0678350e-02
   4.0073050e-02
   3.7526892e-02
