   2.9831688e-02
   3.0298019e-02
   3.0204518e-02
   3.0281119e-02
   3.0025221e-02
   3.0104619e-02
   2.9804621e-02
   2.9819652e-02
   2.9557025e-02
   3.0920611e-02
   3.0296999e-02
   3.0322704e-02
   2.9724641e-02
   3.0484699e-02
   3.0166613e-02
   3.0265357e-02
   3.0142069e-02
   3.0300734e-02
   2.9522915e-02
   3.0366270e-02
   3.0205485e-02
   3.0138055e-02
   3.0196549e-02
   3.0314098e-02
   3.0353827e-02
   3.0340128e-02
   3.0183342e-02
   3.0933329e-02
   3.0110262e-02
   3.0550286e-02
   3.0875926e-02
   3.0232562e-02
   3.0815411e-02
   2.9671750e-02
   3.0638631e-02
   2.9414999e-02
   3.0329705e-02
   3.0280263e-02
   3.0205634e-02
   3.0289459e-02
   2.9914326e-02
   3.0396091e-02
   3.0514939e-02
   2.9643249e-02
   2.9579911e-02
   3.0100205e-02
   3.0490639e-02
   2.9903943e-02
   3.0340530e-02
   3.0156147e-02
   3.0571843e-02
   3.0099854e-02
   3.0334505e-02
   3.0867897e-02
   3.0841202e-02
   2.9945688e-02
   3.0621829e-02
   2.9953948e-02
   3.0186623e-02
   2.9597327e-02
   3.0567356e-02
   3.0263924e-02
   3.0699126e-02
   3.0732869e-02
   3.0168289e-02
   2.9826075e-02
   3.0293361e-02
   3.0227506e-02
   3.0653484e-02
   3.0309728e-02
   3.0181823e-02
   3.0032714e-02
   3.0347273e-02
   2.9577001e-02
   2.9549884e-02
   3.0368583e-02
   3.0211517e-02
   3.0707349e-02
   3.0214229e-02
   3.0972891e-02
   2.9413449e-02
   2.9650159e-02
   3.0970376e-02
   3.0316715e-02
   3.0184226e-02
   2.9625586e-02
   3.0428115e-02
   3.0209353e-02
   3.0160152e-02
   2.9945383e-02
   3.0312921e-02
   2.9799559e-02
   2.9573307e-02
   3.0216463e-02
   2.9727537e-02
   2.9702094e-02
   3.0533972e-02
   2.9520790e-02
   3.0813659e-02
   3.0780617e-02
   2.9653948e-02
   3.0056837e-02
   3.0189777e-02
   2.9794448e-02
   3.0170680e-02
   3.0852256e-02
   3.0328863e-02
   3.0481891e-02
   3.0194192e-02
   3.0266515e-02
   3.0742220e-02
   3.0230151e-02
   3.0249324e-02
   3.0221414e-02
   2.9659921e-02
   2.9490853e-02
   3.0478619e-02
   3.0844235e-02
   2.9600185e-02
   3.0620299e-02
   3.0650815e-02
   3.0575017e-02
   3.0229420e-02
   3.0106488e-02
   2.9593076e-02
   2.9555176e-02
   3.0097948e-02
   3.0231787e-02
   3.0363124e-02
   3.0294994e-02
   2.9325807e-02
   3.0361662e-02
   3.0023620e-02
   3.0190298e-02
   2.9605267e-02
   3.0220611e-02
   3.0135901e-02
   3.0381961e-02
   2.9750515e-02
   3.0847894e-02
   3.0817445e-02
   3.0817519e-02
   3.0323838e-02
   2.9595019e-02
   2.9671592e-02
   2.9809680e-02
   3.0103205e-02
   3.0819487e-02
   3.0320762e-02
   3.0310359e-02
   2.9782740e-02
   2.9322938e-02
   3.0269338e-02
   3.0086518e-02
   3.0261176e-02
   3.0147933e-02
   3.0956057e-02
   3.0445256e-02
   2.9696070e-02
   2.9545616e-02
   3.0942409e-02
   3.0225942e-02
   3.0264238e-02
   2.9251795e-02
   3.0244609e-02
   3.0836597e-02
   3.0358666e-02
   3.0052826e-02
   3.0239220e-02
   3.0547273e-02
   3.0373380e-02
   3.0435842e-02
   3.0139744e-02
   3.0484581e-02
   2.9343336e-02
   3.0892225e-02
   3.0248812e-02
   2.9843868e-02
   3.0251727e-02
   3.0135292e-02
   2.9608283e-02
   3.0927516e-02
   3.0890731e-02
   3.0385979e-02
   3.0326440e-02
   3.0210902e-02
   2.9726884e-02
   3.0244640e-02
   3.0445408e-02
   2.9788924e-02
   2.9513579e-02
   2.9718435e-02
   3.0260581e-02
   3.0248680e-02
   2.9723139e-02
   3.0901587e-02
   3.0878186e-02
   3.0863544e-02
   2.9982943e-02
   2.9700004e-02
   3.0219593e-02
   3.0409584e-02
   3.0326059e-02
   2.9317559e-02
   3.0159562e-02
   2.9983171e-02
   3.0352012e-02
   3.0164512e-02
   3.0969846e-02
   3.0217770e-02
   3.0846625e-02
   3.0164731e-02
   3.0549795e-02
   3.0063931e-02
   2.9183259e-02
   3.0351912e-02
   3.0345768e-02
   2.9626062e-02
   2.9742821e-02
   3.0404451e-02
   3.0294453e-02
   3.0331752e-02
   2.9660792e-02
   3.0159542e-02
   3.0866021e-02
   3.0105225e-02
   3.0679802e-02
   3.0559370e-02
   2.9588192e-02
   3.0052242e-02
   3.0173843e-02
   2.9829468e-02
   2.9649002e-02
   3.0871448e-02
   2.9729877e-02
   3.0401319e-02
   2.9531461e-02
   3.0935310e-02
   3.0314551e-02
   3.0320064e-02
   3.0396939e-02
   3.0269448e-02
   3.0195890e-02
   3.0155034e-02
   2.9592984e-02
   2.9568812e-02
   3.0180594e-02
   3.0160224e-02
   3.0038761e-02
   3.0219484e-02
   3.0459857e-02
   2.9420691e-02
   3.0243661e-02
   3.0313682e-02
   3.0317806e-02
   3.0817070e-02
   3.0816208e-02
   2.9607005e-02
   3.0201482e-02
   3.0112385e-02
   2.9226352e-02
   3.0382064e-02
   3.0467998e-02
   3.0740320e-02
   2.9988755e-02
   3.0937247e-02
   3.0223639e-02
   3.0921638e-02
   3.0078820e-02
   3.0546012e-02
   2.9902075e-02
   3.0278402e-02
   2.9647079e-02
   3.0645012e-02
   3.0360090e-02
   3.0706539e-02
   3.0214594e-02
   3.0289426e-02
   3.0219926e-02
   3.0264369e-02
   3.0028107e-02
   2.9661727e-02
   2.9747486e-02
   3.0192491e-02
   3.0803390e-02
   3.0159210e-02
   2.9517763e-02
   3.0222131e-02
   3.0629677e-02
   3.0477235e-02
   3.0911993e-02
   3.0256833e-02
   3.0398336e-02
   3.0214914e-02
   2.9661638e-02
   3.0405781e-02
   3.0020554e-02
   3.0296788e-02
   2.9712898e-02
   2.9641778e-02
