   1.9057665e-02
   1.8813156e-02
   1.8222252e-02
   2.3262156e-02
   2.1733177e-02
   2.4250545e-02
   2.0749445e-02
   2.5995896e-02
   2.1358048e-02
   1.9401190e-02
   1.9811984e-02
   2.0795258e-02
   2.0306308e-02
   2.3201085e-02
   2.5095759e-02
   2.4572452e-02
   2.1109546e-02
   2.4958393e-02
   2.1499716e-02
   2.0303565e-02
   2.4632054e-02
   2.1556086e-02
   2.7596068e-02
   2.3358987e-02
   2.2849162e-02
   2.6812243e-02
   2.4590116e-02
   2.0151462e-02
   1.9738063e-02
   2.2881387e-02
   2.4129624e-02
   2.2685385e-02
   2.4399759e-02
   2.2879135e-02
   2.2121163e-02
   2.7189891e-02
   2.2860062e-02
   2.4555333e-02
   2.7950181e-02
   2.0608875e-02
   1.8933955e-02
   2.1218552e-02
   2.4865969e-02
   2.4174983e-02
   2.0760343e-02
   2.0921903e-02
   2.2018907e-02
   1.9112024e-02
   1.9950794e-02
   2.2929857e-02
   2.1266242e-02
   1.9236144e-02
   1.8732518e-02
   2.0041499e-02
   2.0794111e-02
   2.2248539e-02
   2.1324881e-02
   2.6929540e-02
   2.2555801e-02
   2.1441123e-02
   2.1554930e-02
   2.3499949e-02
   2.1936673e-02
   2.6451411e-02
   2.4014260e-02
   2.6649869e-02
   2.5580169e-02
   2.1237451e-02
   2.1151743e-02
   2.6981520e-02
   1.8892225e-02
   2.2483182e-02
   2.1449326e-02
   2.0913459e-02
   2.0815546e-02
   2.3382551e-02
   2.4676171e-02
   2.3030270e-02
   2.4869335e-02
   2.3709160e-02
   1.9620813e-02
   2.5498558e-02
   2.2026424e-02
   2.0569407e-02
   2.3489860e-02
   2.2490166e-02
   1.8480803e-02
   2.5880026e-02
   2.3683548e-02
   2.0064297e-02
   2.0625624e-02
   2.3002162e-02
   1.9671514e-02
   2.3224003e-02
   2.1639772e-02
   2.1279193e-02
   2.0838542e-02
   2.3817080e-02
   2.0748183e-02
   2.1162667e-02
   2.3477044e-02
   2.0709739e-02
   2.6595680e-02
   2.0259638e-02
   2.2442053e-02
   2.3063963e-02
   2.1963504e-02
   1.9605936e-02
   2.0745464e-02
   2.4342953e-02
   2.0708133e-02
   2.6980710e-02
   2.2573004e-02
   1.9420909e-02
   2.0351253e-02
   2.2167991e-02
   2.2855384e-02
   1.9562214e-02
   2.2541036e-02
   2.5023029e-02
   2.6942576e-02
   2.4446621e-02
   2.5116509e-02
   1.9967090e-02
   2.0871818e-02
   2.1669262e-02
   2.2185147e-02
   2.3955814e-02
   2.2237866e-02
   2.4348214e-02
   2.5873213e-02
   2.2820590e-02
   2.3119566e-02
   2.1465975e-02
   2.4507400e-02
   2.4694013e-02
   2.2263239e-02
   2.3111614e-02
   2.6662763e-02
   2.1435902e-02
   2.2674434e-02
   2.3900371e-02
   2.4463100e-02
   2.4817932e-02
   2.0880643e-02
   2.2682465e-02
   2.2110051e-02
   2.1762593e-02
   2.3082930e-02
   2.0400819e-02
   2.3501935e-02
   2.2946764e-02
   2.2729910e-02
   2.5086826e-02
   1.9752053e-02
   2.1705761e-02
   2.6196869e-02
   2.3156056e-02
   2.3918021e-02
   2.1922968e-02
   2.4712184e-02
   2.1406919e-02
   2.5880639e-02
   2.1503229e-02
   2.1928198e-02
   2.1884553e-02
   2.0455394e-02
   2.1729285e-02
   2.1294776e-02
   2.4148527e-02
   2.0948590e-02
   1.8862216e-02
   2.0378643e-02
   2.6686225e-02
   1.9473811e-02
   2.5320962e-02
   2.3283364e-02
   2.2996872e-02
   2.7776335e-02
   2.0663070e-02
   2.2198085e-02
   2.2320360e-02
   1.9776069e-02
   1.9638739e-02
   2.4306774e-02
   2.7264103e-02
   2.2212666e-02
   2.4175428e-02
   2.4658915e-02
   2.1331616e-02
   2.1838706e-02
   2.4040454e-02
   2.7029224e-02
   2.3730665e-02
   2.2368773e-02
   1.9306359e-02
   2.3233204e-02
   2.1008017e-02
   2.5359409e-02
   2.1718987e-02
   2.4956180e-02
   2.0431182e-02
   2.2088532e-02
   1.9696643e-02
   2.3919281e-02
   2.0718742e-02
   2.6505004e-02
   2.1303788e-02
   1.9016385e-02
   2.3024791e-02
   2.5625890e-02
   2.3441158e-02
   2.4175604e-02
   2.2730276e-02
   2.2335993e-02
   2.4305497e-02
   2.6553141e-02
   2.2075405e-02
   2.1970244e-02
   2.0887886e-02
   2.2685072e-02
   2.0921840e-02
   2.0524027e-02
   2.1664124e-02
   2.0209589e-02
   1.9985106e-02
   2.3564086e-02
   2.7185097e-02
   2.3853008e-02
   2.1566200e-02
   2.5853094e-02
   1.8241461e-02
   2.4780675e-02
   1.9761059e-02
   2.3608229e-02
   1.9026426e-02
   2.1253288e-02
   1.9458240e-02
   2.5700049e-02
   2.0796177e-02
   2.1333594e-02
   2.1058417e-02
   2.1055600e-02
   2.0676194e-02
   2.6708225e-02
   2.0681705e-02
   2.2581378e-02
   2.4409477e-02
   2.0084539e-02
   2.7529037e-02
   2.1421748e-02
   2.6933454e-02
   1.9358131e-02
   2.3713532e-02
   2.3610881e-02
   1.9322702e-02
   2.3393291e-02
   2.1939059e-02
   2.0391142e-02
   2.3643333e-02
   2.2584084e-02
   2.2120435e-02
   2.1814112e-02
   2.7236280e-02
   2.3280229e-02
   2.3466699e-02
   2.0957363e-02
   2.2365405e-02
   2.3786788e-02
   2.1027485e-02
   2.2967906e-02
   2.4840164e-02
   2.6531236e-02
   2.5591260e-02
   1.9360882e-02
   2.1800644e-02
   2.4744800e-02
   2.2530516e-02
   2.3332827e-02
   2.3846898e-02
   2.0457722e-02
   2.1435828e-02
   2.0754349e-02
   2.4070614e-02
   2.0977130e-02
   2.0017756e-02
   2.3636514e-02
   2.0757156e-02
   2.1784467e-02
   1.8802545e-02
   2.1404053e-02
   2.1283624e-02
   2.3605752e-02
   2.2622360e-02
   2.3788815e-02
   2.4271537e-02
   2.2168720e-02
   2.2671895e-02
   2.1550842e-02
   2.4467270e-02
