   1.7178035e-01
   1.8451197e-01
   1.5619795e-01
   1.6492526e-01
   1.6253079e-01
   1.8092709e-01
   1.6346199e-01
   1.6034953e-01
   1.8268025e-01
   1.7947175e-01
   1.5910992e-01
   1.7619887e-01
   1.6140220e-01
   1.7839405e-01
   1.7032682e-01
   1.7583180e-01
   1.6390414e-01
   1.7953318e-01
   1.6566415e-01
   1.6126092e-01
   1.6423741e-01
   1.6189814e-01
   1.8963014e-01
   1.8921012e-01
   1.7129084e-01
   1.5925800e-01
   1.8889488e-01
   1.6405793e-01
   1.5840462e-01
   1.5948242e-01
   1.5607915e-01
   1.8286245e-01
   1.6595660e-01
   1.5668027e-01
   1.7288791e-01
   1.6034948e-01
   1.7505149e-01
   1.5733894e-01
   1.6328549e-01
   1.8157955e-01
   1.6427730e-01
   1.6032658e-01
   1.7262783e-01
   1.5870543e-01
   1.8142845e-01
   1.8249720e-01
   1.5644382e-01
   1.6514156e-01
   1.6758433e-01
   1.7993732e-01
   1.7892470e-01
   1.5689902e-01
   1.7135412e-01
   1.7184713e-01
   1.5786383e-01
   1.8479541e-01
   1.7671149e-01
   1.8655331e-01
   1.7149904e-01
   1.5986446e-01
   1.6554317e-01
   1.6097102e-01
   1.6465583e-01
   1.8768062e-01
   1.6104156e-01
   1.7874555e-01
   1.8154575e-01
   1.7337889e-01
   1.6019617e-01
   1.8872064e-01
   1.6003074e-01
   1.6000547e-01
   1.5646854e-01
   1.5653795e-01
   1.6899347e-01
   1.6169487e-01
   1.6265760e-01
   1.6235558e-01
   1.6427845e-01
   1.8431450e-01
   1.6049011e-01
   1.5588331e-01
   1.8095070e-01
   1.6135637e-01
   1.7984392e-01
   1.6765241e-01
   1.8613876e-01
   1.6298566e-01
   1.5918719e-01
   1.6203579e-01
   1.7860101e-01
   1.7793442e-01
   1.6659779e-01
   1.6121705e-01
   1.6024271e-01
   1.6312826e-01
   1.7797199e-01
   1.7106594e-01
   1.6777703e-01
   1.7399287e-01
   1.8943165e-01
   1.6544040e-01
   1.8927729e-01
   1.5702475e-01
   1.6671768e-01
   1.7789519e-01
   1.5841973e-01
   1.6101684e-01
   1.5975841e-01
   1.8416467e-01
   1.5647119e-01
   1.8796104e-01
   1.6315346e-01
   1.7319354e-01
   1.7071904e-01
   1.6407450e-01
   1.6196101e-01
   1.5905147e-01
   1.6084333e-01
   1.5628730e-01
   1.7257298e-01
   1.6944962e-01
   1.7511648e-01
   1.5634984e-01
   1.7007652e-01
   1.7731158e-01
   1.5995728e-01
   1.5694711e-01
   1.5650933e-01
   1.5949586e-01
   1.8809459e-01
   1.8051265e-01
   1.7880751e-01
   1.6226767e-01
   1.7759689e-01
   1.8693576e-01
   1.6137587e-01
   1.8483428e-01
   1.6796233e-01
   1.7460434e-01
   1.8293280e-01
   1.5680643e-01
   1.8113052e-01
   1.5954446e-01
   1.6015441e-01
   1.8212478e-01
   1.6346406e-01
   1.5663456e-01
   1.8956378e-01
   1.5967922e-01
   1.5904392e-01
   1.5851013e-01
   1.7090679e-01
   1.6320486e-01
   1.5894031e-01
   1.5987790e-01
   1.8058371e-01
   1.5686332e-01
   1.8978582e-01
   1.7366854e-01
   1.8329316e-01
   1.7591025e-01
   1.6220512e-01
   1.8148315e-01
   1.7555451e-01
   1.8938091e-01
   1.7939932e-01
   1.5581744e-01
   1.5843340e-01
   1.5661214e-01
   1.5891471e-01
   1.7773524e-01
   1.5594037e-01
   1.6927964e-01
   1.5584866e-01
   1.5914089e-01
   1.6329922e-01
   1.5829523e-01
   1.8236427e-01
   1.5778104e-01
   1.8363054e-01
   1.5585177e-01
   1.6855219e-01
   1.5680854e-01
   1.5782926e-01
   1.6164838e-01
   1.7282251e-01
   1.8680627e-01
   1.6236765e-01
   1.7904913e-01
   1.6570564e-01
   1.7804162e-01
   1.5800308e-01
   1.5843368e-01
   1.7978479e-01
   1.6255434e-01
   1.8909633e-01
   1.8968079e-01
   1.8889160e-01
   1.6666039e-01
   1.8901105e-01
   1.5609841e-01
   1.8913468e-01
   1.6522936e-01
   1.5878131e-01
   1.6746818e-01
   1.6086113e-01
   1.7473761e-01
   1.8948394e-01
   1.5773278e-01
   1.8293541e-01
   1.7738414e-01
   1.6276488e-01
   1.8355485e-01
   1.6126535e-01
   1.5719533e-01
   1.5652452e-01
   1.5827212e-01
   1.6333226e-01
   1.5605882e-01
   1.5674686e-01
   1.6130764e-01
   1.6335827e-01
   1.6012531e-01
   1.5769665e-01
   1.8944223e-01
   1.6108861e-01
   1.5697384e-01
   1.8935910e-01
   1.5953979e-01
   1.7725827e-01
   1.5939541e-01
   1.5634641e-01
   1.6222491e-01
   1.5834104e-01
   1.6106562e-01
   1.6212526e-01
   1.5964310e-01
   1.6776221e-01
   1.6248629e-01
   1.6418279e-01
   1.5601211e-01
   1.8661315e-01
   1.8947245e-01
   1.5925623e-01
   1.7698894e-01
   1.5660904e-01
   1.5644157e-01
   1.7900896e-01
   1.6116434e-01
   1.5616752e-01
   1.6646149e-01
   1.8939562e-01
   1.7752248e-01
   1.8068521e-01
   1.8572499e-01
   1.7945539e-01
   1.5747528e-01
   1.8834899e-01
   1.5656676e-01
   1.5974795e-01
   1.8039398e-01
   1.5868259e-01
   1.8390223e-01
   1.6458072e-01
   1.6271175e-01
   1.6262686e-01
   1.6236257e-01
   1.5974869e-01
   1.5697374e-01
   1.7227905e-01
   1.8932032e-01
   1.6404173e-01
   1.5824596e-01
   1.8939427e-01
   1.5756068e-01
   1.5677342e-01
   1.5594696e-01
   1.7250623e-01
   1.8172230e-01
   1.7764522e-01
   1.6159332e-01
   1.7501956e-01
   1.5583527e-01
   1.8741633e-01
   1.5759875e-01
   1.6849854e-01
   1.6113589e-01
   1.5625507e-01
   1.6149144e-01
   1.8947034e-01
   1.5873187e-01
   1.6796199e-01
   1.7098581e-01
   1.5766169e-01
   1.7193141e-01
   1.8869377e-01
   1.6261087e-01
   1.5984704e-01
   1.5800194e-01
