   2.7319343e-01
   2.7381952e-01
   2.7166009e-01
   2.6792297e-01
   2.7049488e-01
   2.7012029e-01
   2.6929321e-01
   2.7559287e-01
   2.7125969e-01
   2.7053565e-01
   2.7098248e-01
   2.6692365e-01
   2.6966038e-01
   2.6633768e-01
   2.6613585e-01
   2.6829905e-01
   2.6792697e-01
   2.6443918e-01
   2.6920562e-01
   2.6876878e-01
   2.6966663e-01
   2.7549755e-01
   2.7353279e-01
   2.7367443e-01
   2.7135274e-01
   2.7746102e-01
   2.7477966e-01
   2.6790784e-01
   2.7132377e-01
   2.7289829e-01
   2.6622083e-01
   2.8047191e-01
   2.7097483e-01
   2.7377440e-01
   2.7691936e-01
   2.6924135e-01
   2.6565308e-01
   2.6931717e-01
   2.7039516e-01
   2.7071467e-01
   2.6586028e-01
   2.7572941e-01
   2.6724802e-01
   2.6547048e-01
   2.6735503e-01
   2.7142528e-01
   2.7017982e-01
   2.7132979e-01
   2.7491258e-01
   2.7186343e-01
   2.6808557e-01
   2.6799306e-01
   2.7302330e-01
   2.6734813e-01
   2.7411026e-01
   2.7732880e-01
   2.7436295e-01
   2.6820539e-01
   2.7516517e-01
   2.6784090e-01
   2.7755484e-01
   2.7662881e-01
   2.6887704e-01
   2.7198929e-01
   2.7394083e-01
   2.7205992e-01
   2.7424070e-01
   2.6707852e-01
   2.6517593e-01
   2.6662183e-01
   2.7014480e-01
   2.6947703e-01
   2.7291097e-01
   2.7651524e-01
   2.6873773e-01
   2.6847894e-01
   2.7984275e-01
   2.6873966e-01
   2.7127979e-01
   2.7913506e-01
   2.7118111e-01
   2.6472495e-01
   2.6953776e-01
   2.7723643e-01
   2.6642864e-01
   2.7593566e-01
   2.6649908e-01
   2.7449277e-01
   2.6423848e-01
   2.7109606e-01
   2.7120332e-01
   2.6569483e-01
   2.6761485e-01
   2.7698036e-01
   2.7127498e-01
   2.6838785e-01
   2.7858814e-01
   2.7455370e-01
   2.6463949e-01
   2.7071809e-01
   2.7021747e-01
   2.7106309e-01
   2.7172191e-01
   2.6796380e-01
   2.7541273e-01
   2.7452618e-01
   2.7485850e-01
   2.7250179e-01
   2.6799427e-01
   2.6730463e-01
   2.6711947e-01
   2.7394338e-01
   2.7436541e-01
   2.6850688e-01
   2.7056464e-01
   2.7142528e-01
   2.6769254e-01
   2.7341424e-01
   2.7499804e-01
   2.7148078e-01
   2.6713307e-01
   2.7637460e-01
   2.7455832e-01
   2.7427290e-01
   2.6792173e-01
   2.7482220e-01
   2.6828189e-01
   2.6858993e-01
   2.6970896e-01
   2.6834764e-01
   2.7154363e-01
   2.7034158e-01
   2.7511527e-01
   2.7388288e-01
   2.7360129e-01
   2.6748201e-01
   2.7169634e-01
   2.7585564e-01
   2.7292734e-01
   2.6837569e-01
   2.7115205e-01
   2.7167024e-01
   2.6687641e-01
   2.6802813e-01
   2.6756644e-01
   2.7162027e-01
   2.6515212e-01
   2.7822136e-01
   2.7252812e-01
   2.7877480e-01
   2.7016160e-01
   2.6905775e-01
   2.7960844e-01
   2.7239530e-01
   2.7048231e-01
   2.6746738e-01
   2.7644631e-01
   2.7430193e-01
   2.7068867e-01
   2.7136200e-01
   2.7063799e-01
   2.6744209e-01
   2.6969047e-01
   2.7528719e-01
   2.7101352e-01
   2.7981563e-01
   2.6753776e-01
   2.6769380e-01
   2.7181265e-01
   2.7190837e-01
   2.6968111e-01
   2.7804867e-01
   2.6946873e-01
   2.7783586e-01
   2.6750121e-01
   2.7665171e-01
   2.6818281e-01
   2.7247604e-01
   2.7583692e-01
   2.7677559e-01
   2.6869322e-01
   2.7385991e-01
   2.7776081e-01
   2.7612933e-01
   2.7531721e-01
   2.7841324e-01
   2.6859917e-01
   2.7769783e-01
   2.7495421e-01
   2.6678363e-01
   2.7803991e-01
   2.6523487e-01
   2.7945602e-01
   2.7785140e-01
   2.7698494e-01
   2.7648608e-01
   2.6798805e-01
   2.6569721e-01
   2.7616514e-01
   2.7983539e-01
   2.7936370e-01
   2.7105072e-01
   2.7350147e-01
   2.7087474e-01
   2.7013488e-01
   2.7080137e-01
   2.6730283e-01
   2.7668769e-01
   2.7042449e-01
   2.6919359e-01
   2.7500950e-01
   2.7036004e-01
   2.7677481e-01
   2.6830007e-01
   2.6779177e-01
   2.6836375e-01
   2.7214916e-01
   2.6839120e-01
   2.6644650e-01
   2.7074602e-01
   2.6884988e-01
   2.7186108e-01
   2.7654910e-01
   2.6792466e-01
   2.7802470e-01
   2.6979595e-01
   2.7080241e-01
   2.6889832e-01
   2.7673039e-01
   2.6825161e-01
   2.6686783e-01
   2.7086996e-01
   2.6465569e-01
   2.7119814e-01
   2.7098114e-01
   2.7019223e-01
   2.7204948e-01
   2.7158767e-01
   2.6727668e-01
   2.7348890e-01
   2.7908054e-01
   2.6943483e-01
   2.6499533e-01
   2.7384640e-01
   2.7145710e-01
   2.6855053e-01
   2.7158150e-01
   2.7473002e-01
   2.6551655e-01
   2.6957699e-01
   2.7809837e-01
   2.6769372e-01
   2.6656434e-01
   2.6573041e-01
   2.6827073e-01
   2.6949714e-01
   2.8033853e-01
   2.6872299e-01
   2.6836882e-01
   2.7028399e-01
   2.7245047e-01
   2.6648429e-01
   2.7099363e-01
   2.7163903e-01
   2.6632367e-01
   2.7397199e-01
   2.6797787e-01
   2.6819480e-01
   2.7281945e-01
   2.6934301e-01
   2.6896928e-01
   2.6940097e-01
   2.7584764e-01
   2.7031671e-01
   2.7330483e-01
   2.7703101e-01
   2.7113354e-01
   2.7647864e-01
   2.7182800e-01
   2.6740114e-01
   2.7785022e-01
   2.7196022e-01
   2.6612168e-01
   2.7023869e-01
   2.6914720e-01
   2.6875830e-01
   2.6805917e-01
   2.7496084e-01
   2.7165444e-01
   2.7477980e-01
   2.6771425e-01
   2.6583099e-01
   2.6579231e-01
   2.7031476e-01
   2.7033105e-01
   2.6898087e-01
   2.7108174e-01
   2.7226108e-01
   2.7168667e-01
   2.6857151e-01
