   4.0374844e-02
   5.3246861e-02
   4.4783364e-02
   4.5708693e-02
   5.2717862e-02
   3.7328048e-02
   5.0710425e-02
   5.4873791e-02
   4.8661081e-02
   4.0225315e-02
   4.7033909e-02
   5.2987904e-02
   4.6755588e-02
   5.3980485e-02
   5.7470717e-02
   4.0807559e-02
   4.1609728e-02
   4.7350803e-02
   3.5109664e-02
   3.8140283e-02
   5.2727231e-02
   4.2896408e-02
   3.5336680e-02
   4.9049287e-02
   4.5634125e-02
   3.8416720e-02
   3.9444222e-02
   5.3686110e-02
   4.7377913e-02
   4.9246709e-02
   4.9486625e-02
   3.9670268e-02
   4.7335421e-02
   5.0973574e-02
   4.0538168e-02
   5.3082098e-02
   4.5644328e-02
   4.5174078e-02
   3.9000176e-02
   5.3415688e-02
   4.0114904e-02
   4.1052721e-02
   4.4617405e-02
   5.3856819e-02
   4.3513897e-02
   4.0066790e-02
   4.3107657e-02
   4.3584004e-02
   4.8412384e-02
   3.7617074e-02
   4.5715758e-02
   5.3028023e-02
   4.5883964e-02
   3.9285016e-02
   5.3572965e-02
   4.3506307e-02
   3.9241704e-02
   4.2225881e-02
   3.7723711e-02
   3.7338454e-02
   5.1910598e-02
   3.7028369e-02
   4.2061241e-02
   4.4836253e-02
   5.1928301e-02
   3.8207081e-02
   4.6468890e-02
   5.5373605e-02
   5.1771070e-02
   4.2056083e-02
   4.7352753e-02
   4.7331901e-02
   4.3413649e-02
   4.8696262e-02
   4.3017790e-02
   5.3079279e-02
   5.2314954e-02
   5.1527053e-02
   4.2965467e-02
   4.5395191e-02
   4.3873353e-02
   3.9188966e-02
   3.5228806e-02
   4.1974861e-02
   3.6450983e-02
   3.5777302e-02
   4.8914864e-02
   4.3344012e-02
   4.8819808e-02
   4.7554953e-02
   4.4483888e-02
   3.4924310e-02
   5.0640770e-02
   5.6589936e-02
   5.3805413e-02
   5.7495057e-02
   4.5358170e-02
   3.8552225e-02
   5.3681656e-02
   5.7245802e-02
   3.5596191e-02
   4.4647908e-02
   5.4253558e-02
   3.7261670e-02
   3.9411780e-02
   4.3856773e-02
   4.5955184e-02
   4.7810238e-02
   4.6633161e-02
   4.5063053e-02
   5.2275001e-02
   4.1656346e-02
   4.6885804e-02
   4.9508442e-02
   5.4543583e-02
   5.0137108e-02
   4.3838259e-02
   3.9379773e-02
   5.1952881e-02
   4.4747938e-02
   5.2515026e-02
   3.8535230e-02
   5.5481036e-02
   4.8473358e-02
   5.0369425e-02
   4.5823240e-02
   3.9624941e-02
   4.3751113e-02
   5.2809738e-02
   5.2299375e-02
   5.3116341e-02
   5.0202493e-02
   5.1160881e-02
   3.7322665e-02
   5.2462937e-02
   3.7821154e-02
   4.1653173e-02
   4.3010675e-02
   4.5335806e-02
   5.0560572e-02
   5.4835430e-02
   5.3696287e-02
   3.7953584e-02
   4.5794054e-02
   5.0425145e-02
   4.2992405e-02
   4.4323516e-02
   5.5361947e-02
   4.6785488e-02
   5.2718735e-02
   5.3294683e-02
   4.4030152e-02
   5.7079412e-02
   4.8694982e-02
   4.2042757e-02
   3.9354257e-02
   3.5414233e-02
   3.5251197e-02
   4.7155721e-02
   4.2536582e-02
   4.5644152e-02
   4.4651119e-02
   4.7284114e-02
   3.7168737e-02
   4.8272412e-02
   4.3775391e-02
   3.9933180e-02
   5.3370630e-02
   4.3291271e-02
   5.1599759e-02
   3.9524269e-02
   4.6156628e-02
   4.1922466e-02
   3.8381129e-02
   4.6108277e-02
   3.9656524e-02
   4.6375474e-02
   4.5404392e-02
   4.1961088e-02
   5.2352143e-02
   4.5391773e-02
   5.3393171e-02
   5.2740264e-02
   4.9165976e-02
   5.3926309e-02
   3.7073433e-02
   4.5322700e-02
   5.3743482e-02
   4.5723154e-02
   4.5078987e-02
   5.2262135e-02
   5.0299636e-02
   4.3585543e-02
   5.0427940e-02
   3.6970543e-02
   4.1743457e-02
   4.5320108e-02
   4.7804640e-02
   3.7408656e-02
   4.5907344e-02
   3.7174545e-02
   5.8287873e-02
   5.3274525e-02
   4.1027225e-02
   3.6936910e-02
   5.2310761e-02
   3.5985078e-02
   4.0719311e-02
   3.6509554e-02
   3.9027797e-02
   4.2962669e-02
   4.8027076e-02
   5.3902602e-02
   4.3579768e-02
   4.7246060e-02
   3.7320090e-02
   4.1502559e-02
   5.2068776e-02
   5.0972802e-02
   4.6303194e-02
   5.3238528e-02
   3.6007179e-02
   4.4523294e-02
   5.2086998e-02
   4.9831209e-02
   5.0776710e-02
   4.5923907e-02
   4.6918314e-02
   4.3312344e-02
   4.0838331e-02
   4.7477550e-02
   4.1369285e-02
   3.8984137e-02
   3.7865001e-02
   4.3719439e-02
   4.0788441e-02
   4.9460484e-02
   4.9429321e-02
   5.1969185e-02
   3.6937606e-02
   3.4839950e-02
   4.7155726e-02
   3.8803383e-02
   4.1110578e-02
   5.4130484e-02
   4.2609814e-02
   5.2903227e-02
   4.6570110e-02
   4.4597755e-02
   3.3941513e-02
   5.5885465e-02
   4.0925889e-02
   4.1122627e-02
   5.1000907e-02
   5.0042618e-02
   4.1963142e-02
   4.0199433e-02
   4.4944114e-02
   5.5083654e-02
   4.4104450e-02
   4.5949963e-02
   5.1460572e-02
   3.8880410e-02
   4.9689110e-02
   4.2065719e-02
   4.3892381e-02
   5.4913956e-02
   5.4284890e-02
   4.7039491e-02
   4.9968403e-02
   5.2811498e-02
   4.1997848e-02
   4.6691333e-02
   5.2190807e-02
   4.3162790e-02
   3.7045047e-02
   3.5697236e-02
   3.7448857e-02
   5.4082756e-02
   3.9031215e-02
   3.7289571e-02
   3.7244222e-02
   4.6123772e-02
   4.3047294e-02
   5.1023845e-02
   3.7714780e-02
   5.5685014e-02
   4.9504176e-02
   4.9943640e-02
   4.4764132e-02
   4.9349343e-02
   5.3498371e-02
   3.8737582e-02
   4.0902035e-02
   3.5563147e-02
   4.3594362e-02
   5.3861021e-02
   4.4220254e-02
   3.6916101e-02
   5.5831265e-02
