   4.3221527e-02
   4.0746236e-02
   4.3674402e-02
   3.9871266e-02
   3.8262544e-02
   4.4155012e-02
   4.1065977e-02
   4.3472447e-02
   3.6920295e-02
   4.0897091e-02
   4.1903963e-02
   3.7671606e-02
   3.6130583e-02
   3.8715028e-02
   3.7503286e-02
   4.1043154e-02
   3.6209800e-02
   4.0067795e-02
   3.7755566e-02
   3.5622586e-02
   3.8049720e-02
   3.9610330e-02
   3.8192799e-02
   4.2727790e-02
   3.6061601e-02
   3.7620895e-02
   4.2336551e-02
   3.6789841e-02
   4.1392470e-02
   3.9663368e-02
   4.3020078e-02
   3.9957255e-02
   4.3320849e-02
   3.5977820e-02
   4.0218415e-02
   4.4345581e-02
   4.1193223e-02
   3.8634706e-02
   3.9555951e-02
   4.2058179e-02
   3.7347095e-02
   3.9903105e-02
   4.1266712e-02
   3.8127815e-02
   3.6576114e-02
   3.6251298e-02
   3.9965215e-02
   4.2132250e-02
   3.7022151e-02
   4.0052992e-02
   4.4403952e-02
   4.2729098e-02
   4.2042332e-02
   3.8873586e-02
   3.5807159e-02
   4.2405191e-02
   4.3953136e-02
   4.2463986e-02
   3.7215837e-02
   4.3409337e-02
   4.0652387e-02
   4.1050108e-02
   3.6458542e-02
   3.9219279e-02
   3.7141387e-02
   4.3090193e-02
   4.3647888e-02
   3.7710457e-02
   3.9397646e-02
   4.1116133e-02
   4.1527505e-02
   3.9532569e-02
   4.0596083e-02
   3.5593344e-02
   4.5046300e-02
   3.9851989e-02
   3.8080959e-02
   4.0432101e-02
   3.7962146e-02
   3.7264479e-02
   4.2932250e-02
   4.3371635e-02
   4.2577963e-02
   4.3487435e-02
   4.1891064e-02
   3.7339470e-02
   4.3615563e-02
   3.6769270e-02
   4.0147263e-02
   4.1869507e-02
   3.7314791e-02
   3.7614101e-02
   4.0912476e-02
   4.4189583e-02
   3.8241446e-02
   4.3835576e-02
   3.8863157e-02
   4.3060329e-02
   3.9846610e-02
   3.6915882e-02
   4.1916531e-02
   3.9324174e-02
   4.0493033e-02
   4.3430843e-02
   4.1694113e-02
   4.4026362e-02
   3.8267200e-02
   3.7118413e-02
   3.8350036e-02
   3.9878644e-02
   4.1156794e-02
   4.2587769e-02
   3.6215233e-02
   3.7216716e-02
   3.5835204e-02
   4.4311070e-02
   3.9742066e-02
   4.1781131e-02
   4.3465488e-02
   3.8578063e-02
   3.6109298e-02
   4.1717361e-02
   4.2049049e-02
   3.5910519e-02
   3.8316312e-02
   4.1749805e-02
   3.7038789e-02
   4.1221956e-02
   4.2720601e-02
   3.9027884e-02
   3.7277899e-02
   4.1484481e-02
   4.2445399e-02
   3.8703200e-02
   4.0130064e-02
   3.8743512e-02
   3.8455251e-02
   3.9574927e-02
   3.5704411e-02
   3.5682985e-02
   4.0680286e-02
   3.7273408e-02
   4.2676296e-02
   4.1927253e-02
   4.4128208e-02
   3.7326235e-02
   4.1040882e-02
   4.0661587e-02
   3.8091559e-02
   3.9759510e-02
   4.1674973e-02
   3.8510140e-02
   3.7063215e-02
   4.3235864e-02
   3.9676384e-02
   3.9299558e-02
   4.3867457e-02
   3.8647820e-02
   3.9803651e-02
   3.6525189e-02
   4.2665678e-02
   4.3630388e-02
   3.7088019e-02
   4.1661897e-02
   4.3679725e-02
   4.5262937e-02
   4.2581424e-02
   4.2971101e-02
   3.6449517e-02
   3.6679577e-02
   4.3767962e-02
   3.6586848e-02
   3.8537294e-02
   3.5860356e-02
   4.5282747e-02
   3.7207681e-02
   3.8670226e-02
   3.7430335e-02
   3.9863409e-02
   3.5476089e-02
   3.8866814e-02
   4.3342939e-02
   3.7255545e-02
   4.0065536e-02
   3.6487588e-02
   3.9020400e-02
   3.9560703e-02
   3.8899570e-02
   3.6686721e-02
   4.3883944e-02
   4.1789160e-02
   4.1185936e-02
   4.2798355e-02
   4.2016903e-02
   4.2144850e-02
   3.7970303e-02
   4.2511162e-02
   4.4185591e-02
   3.6475552e-02
   4.1773164e-02
   3.6058330e-02
   3.8592865e-02
   4.1292896e-02
   3.6515293e-02
   4.1596840e-02
   4.2295254e-02
   4.0587522e-02
   4.1083939e-02
   4.3621357e-02
   3.6852599e-02
   3.8046373e-02
   4.2518018e-02
   4.2032063e-02
   4.1182225e-02
   3.9990150e-02
   3.9132411e-02
   4.2910620e-02
   3.6126723e-02
   3.7714905e-02
   3.6943246e-02
   3.6918226e-02
   4.2385406e-02
   4.4422032e-02
   3.9826675e-02
   4.0135940e-02
   3.9824688e-02
   4.4295910e-02
   4.0204807e-02
   3.9068715e-02
   3.9915315e-02
   3.7268629e-02
   4.2932584e-02
   3.8921393e-02
   3.8971848e-02
   4.0074367e-02
   4.0030075e-02
   4.3630050e-02
   3.7577951e-02
   3.6041452e-02
   4.4953049e-02
   4.1674227e-02
   4.0582053e-02
   3.7019757e-02
   4.0956752e-02
   4.0641046e-02
   3.5612647e-02
   3.8748603e-02
   4.2996792e-02
   3.9797915e-02
   3.9750685e-02
   4.1843952e-02
   3.5441000e-02
   4.1310747e-02
   4.2199203e-02
   4.2753555e-02
   4.4832340e-02
   4.3032502e-02
   3.8865460e-02
   3.7534143e-02
   3.9935497e-02
   3.9634179e-02
   4.0125352e-02
   3.7578331e-02
   3.8589289e-02
   3.9447693e-02
   4.0747214e-02
   4.1694524e-02
   4.1825168e-02
   3.9619635e-02
   3.9169192e-02
   3.8538855e-02
   4.3977715e-02
   3.7207407e-02
   3.7808378e-02
   3.9807176e-02
   3.9352704e-02
   3.5485810e-02
   4.1326408e-02
   3.8622233e-02
   4.3037201e-02
   4.3889992e-02
   3.9483269e-02
   4.2218156e-02
   4.0018599e-02
   4.2869151e-02
   4.2333665e-02
   3.9074587e-02
   4.1531527e-02
   3.9709087e-02
   4.1469398e-02
   4.2493512e-02
   4.2764297e-02
   4.0428096e-02
   4.3510512e-02
   4.2714228e-02
   4.5290886e-02
   3.6917997e-02
   3.9072548e-02
   4.2627945e-02
   3.5998024e-02
