   3.3601900e-02
   3.8198372e-02
   4.1305432e-02
   4.0213661e-02
   4.1322003e-02
   4.0576610e-02
   3.3532085e-02
   3.7712203e-02
   3.8918104e-02
   3.6999941e-02
   3.8094068e-02
   3.8194018e-02
   3.4850023e-02
   4.0950779e-02
   3.8812234e-02
   3.7297787e-02
   3.6920284e-02
   3.7808391e-02
   3.5765016e-02
   3.9480722e-02
   3.6421837e-02
   3.5580125e-02
   3.8900678e-02
   3.4253235e-02
   3.4301545e-02
   3.7719266e-02
   3.3169839e-02
   3.7412533e-02
   3.5889240e-02
   3.4034396e-02
   3.7967398e-02
   3.5420362e-02
   3.4623132e-02
   3.8377818e-02
   3.6036893e-02
   4.0336059e-02
   3.2523163e-02
   3.4690041e-02
   3.2469196e-02
   3.7658434e-02
   3.3516514e-02
   3.5841121e-02
   3.7614833e-02
   4.1015347e-02
   3.8837907e-02
   3.5818058e-02
   3.7334324e-02
   3.7269747e-02
   3.3789785e-02
   4.1942463e-02
   4.0441724e-02
   3.3282104e-02
   4.1455778e-02
   3.6515186e-02
   3.5266280e-02
   3.2441544e-02
   3.8226846e-02
   4.0592740e-02
   3.9362895e-02
   3.6471794e-02
   3.3904751e-02
   3.7844206e-02
   3.6833610e-02
   3.7498424e-02
   3.7346966e-02
   3.8463767e-02
   3.7631748e-02
   3.6619594e-02
   3.6610759e-02
   3.7877555e-02
   3.2593085e-02
   3.4287778e-02
   3.7502699e-02
   3.9984750e-02
   3.4220709e-02
   3.6536073e-02
   3.5308420e-02
   3.8688085e-02
   3.3813097e-02
   3.3056335e-02
   3.3813374e-02
   4.1345861e-02
   4.0554609e-02
   3.9896063e-02
   3.8125677e-02
   3.4620191e-02
   4.0418794e-02
   3.6772061e-02
   3.9875588e-02
   3.4138829e-02
   3.5503510e-02
   3.4917162e-02
   3.4895258e-02
   3.8483956e-02
   3.6009677e-02
   3.4606480e-02
   3.6205684e-02
   3.7844167e-02
   3.6977404e-02
   3.8769702e-02
   3.6914816e-02
   3.3166824e-02
   4.0548265e-02
   3.9817708e-02
   3.9785444e-02
   4.0371803e-02
   3.8295389e-02
   3.8657144e-02
   3.4204043e-02
   3.9485899e-02
   3.9567701e-02
   3.7998574e-02
   4.0635558e-02
   3.3659920e-02
   3.8108989e-02
   3.5480451e-02
   3.7327753e-02
   4.0650405e-02
   3.3708128e-02
   4.0396184e-02
   3.3811752e-02
   3.7139378e-02
   3.6473253e-02
   3.5254841e-02
   4.0543963e-02
   3.8702765e-02
   3.5376922e-02
   3.2901509e-02
   3.8293978e-02
   3.5064780e-02
   4.0386765e-02
   3.4520369e-02
   3.7240556e-02
   3.7255140e-02
   3.9576305e-02
   3.7279234e-02
   3.5990445e-02
   3.4684250e-02
   3.5928509e-02
   3.5562280e-02
   3.5784644e-02
   3.5325253e-02
   3.7511408e-02
   3.8472354e-02
   3.5991811e-02
   3.4518307e-02
   3.8255540e-02
   4.0052445e-02
   3.9398673e-02
   3.8567723e-02
   3.9438953e-02
   3.7940739e-02
   3.2437442e-02
   3.5430894e-02
   3.8925216e-02
   3.3103943e-02
   3.3240253e-02
   3.4522265e-02
   3.8943596e-02
   3.6177827e-02
   3.5032975e-02
   3.6954413e-02
   3.7501990e-02
   4.0051641e-02
   3.8470392e-02
   4.0796973e-02
   4.0869290e-02
   3.5888135e-02
   3.3800050e-02
   3.8581068e-02
   4.0775589e-02
   3.7059622e-02
   3.5719465e-02
   3.7028842e-02
   3.5970444e-02
   3.4081442e-02
   4.0992141e-02
   4.2297977e-02
   3.9024212e-02
   3.8099573e-02
   3.9384445e-02
   3.9206755e-02
   3.5137974e-02
   3.9649527e-02
   3.5744522e-02
   4.2403855e-02
   3.7829594e-02
   3.7094419e-02
   3.7263427e-02
   3.3476029e-02
   3.3696399e-02
   3.4372064e-02
   3.2700959e-02
   3.7335996e-02
   3.6742007e-02
   3.6762129e-02
   3.2632473e-02
   3.3461747e-02
   3.9557469e-02
   3.3347468e-02
   3.7382383e-02
   3.3684695e-02
   3.9029872e-02
   3.7711187e-02
   4.0367573e-02
   4.0716632e-02
   3.7353673e-02
   3.7317741e-02
   4.1897833e-02
   3.8753567e-02
   3.8009638e-02
   3.9520119e-02
   4.0551212e-02
   3.5073114e-02
   3.3072315e-02
   4.2288980e-02
   3.9661606e-02
   3.7973846e-02
   3.3658967e-02
   3.3708757e-02
   3.2944095e-02
   3.9036380e-02
   3.6106092e-02
   3.9550389e-02
   3.9784676e-02
   3.7304784e-02
   3.6630197e-02
   3.8491021e-02
   3.6429429e-02
   3.3698105e-02
   3.2221018e-02
   4.0851542e-02
   3.8427217e-02
   3.6950016e-02
   3.6932849e-02
   3.3969356e-02
   3.4035364e-02
   3.3628078e-02
   4.0969983e-02
   3.7976543e-02
   3.6272560e-02
   3.5787184e-02
   3.4325029e-02
   3.8773583e-02
   4.0058592e-02
   3.3169476e-02
   3.8335519e-02
   3.5286823e-02
   3.7975103e-02
   4.0242260e-02
   3.4576350e-02
   3.6184048e-02
   3.2755038e-02
   3.3560595e-02
   3.8053496e-02
   3.7569343e-02
   3.7744673e-02
   3.5925264e-02
   3.4801068e-02
   3.9681917e-02
   3.3993051e-02
   3.4623615e-02
   3.3478684e-02
   3.9384682e-02
   3.9564523e-02
   3.3856760e-02
   3.6564638e-02
   3.9622407e-02
   3.5924106e-02
   3.4035707e-02
   3.5143618e-02
   4.0357972e-02
   3.7377920e-02
   3.8171135e-02
   3.6282224e-02
   3.8933046e-02
   4.0392055e-02
   3.8230159e-02
   3.7246628e-02
   3.6066591e-02
   3.3339492e-02
   4.1064443e-02
   3.6725480e-02
   3.7650218e-02
   3.6073914e-02
   4.0556785e-02
   3.7634941e-02
   3.8351244e-02
   3.6941166e-02
   3.4257658e-02
   3.9692620e-02
   3.7006721e-02
   3.8717017e-02
   3.6126055e-02
   3.7142737e-02
   4.0033426e-02
   4.0455186e-02
   4.0167192e-02
   4.1314453e-02
   4.0327856e-02
