   6.0107774e-02
   6.4094027e-02
   6.4603180e-02
   5.5121091e-02
   5.8563877e-02
   5.5065941e-02
   6.1670222e-02
   6.4923216e-02
   5.8318055e-02
   5.7733246e-02
   5.9615338e-02
   6.1869029e-02
   5.5731517e-02
   5.5995901e-02
   5.7492063e-02
   5.5641539e-02
   5.7710897e-02
   6.0484410e-02
   5.7579942e-02
   6.0144128e-02
   5.5085400e-02
   6.3793944e-02
   6.5921688e-02
   5.8069943e-02
   6.1325528e-02
   6.5574020e-02
   5.8747656e-02
   5.6977138e-02
   6.4698339e-02
   5.5093577e-02
   5.5750635e-02
   6.0520930e-02
   5.8727787e-02
   5.5112483e-02
   6.1299080e-02
   5.8345399e-02
   5.8407852e-02
   6.3909873e-02
   5.9545148e-02
   5.5154513e-02
   6.5903806e-02
   6.0763119e-02
   5.6249887e-02
   6.3567745e-02
   6.3772007e-02
   6.2188164e-02
   6.2735656e-02
   6.4410391e-02
   6.2875322e-02
   5.8183241e-02
   6.1815143e-02
   5.5135968e-02
   5.7413361e-02
   6.3038995e-02
   6.1872355e-02
   6.5350370e-02
   5.5066725e-02
   6.5580200e-02
   6.5795532e-02
   5.9258795e-02
   5.9643701e-02
   6.3524630e-02
   6.3617817e-02
   6.2571113e-02
   6.0507796e-02
   5.7668864e-02
   5.8583448e-02
   5.5061227e-02
   6.1813708e-02
   6.2423329e-02
   5.8689289e-02
   5.5120761e-02
   6.2137048e-02
   6.1449778e-02
   6.5954398e-02
   6.3335879e-02
   6.4098341e-02
   6.3075889e-02
   6.1470649e-02
   6.1484084e-02
   5.7712184e-02
   5.8254799e-02
   5.8861431e-02
   6.5065442e-02
   6.5170350e-02
   6.0047987e-02
   5.6298670e-02
   5.5179556e-02
   6.3104123e-02
   5.7565230e-02
   5.5105077e-02
   5.6876716e-02
   6.4166726e-02
   6.1410463e-02
   5.7975549e-02
   6.0486382e-02
   6.1237367e-02
   5.6202867e-02
   5.5819721e-02
   6.0513062e-02
   5.6526175e-02
   5.6840375e-02
   6.3636229e-02
   5.5157689e-02
   5.9058336e-02
   6.2663010e-02
   6.4445017e-02
   5.7955146e-02
   6.2538358e-02
   5.9589353e-02
   6.3204417e-02
   5.8609193e-02
   6.2564756e-02
   6.3876736e-02
   5.9699349e-02
   6.0594223e-02
   5.5244107e-02
   5.7869644e-02
   6.5947596e-02
   6.2639919e-02
   6.0554095e-02
   6.3393314e-02
   5.7501369e-02
   5.5391247e-02
   6.6033373e-02
   5.6575666e-02
   5.9804088e-02
   5.6713628e-02
   5.6781901e-02
   5.5097005e-02
   6.1087846e-02
   5.5121249e-02
   5.5771854e-02
   5.6610842e-02
   6.1635475e-02
   5.6773693e-02
   6.1158578e-02
   6.1905402e-02
   5.7129868e-02
   5.7055629e-02
   5.6872247e-02
   5.7360715e-02
   5.6173573e-02
   6.1344973e-02
   6.3086276e-02
   5.9897586e-02
   6.5893355e-02
   5.5149148e-02
   5.6257328e-02
   6.0402723e-02
   5.5582726e-02
   6.0401058e-02
   5.5552968e-02
   5.5649493e-02
   5.8897113e-02
   6.1821283e-02
   5.9103504e-02
   5.6326083e-02
   6.5354103e-02
   5.6861351e-02
   5.7492855e-02
   6.3085207e-02
   6.5939084e-02
   5.8018799e-02
   5.7654024e-02
   6.1229596e-02
   6.0165029e-02
   6.2627071e-02
   5.8618503e-02
   6.1362903e-02
   6.1310818e-02
   5.6381479e-02
   5.7284766e-02
   6.1752056e-02
   5.6620386e-02
   5.7322046e-02
   5.5128712e-02
   6.4969231e-02
   6.4684453e-02
   6.5964815e-02
   6.1723096e-02
   6.5689938e-02
   5.6618822e-02
   5.5061518e-02
   5.7697038e-02
   5.6147646e-02
   6.3464781e-02
   6.5395271e-02
   6.3357585e-02
   6.1055431e-02
   6.2379341e-02
   5.8807515e-02
   5.9174092e-02
   6.4835467e-02
   5.6096343e-02
   5.5132664e-02
   5.8129297e-02
   6.0460915e-02
   5.7973838e-02
   6.3566614e-02
   5.9396163e-02
   5.6409222e-02
   6.2507330e-02
   5.8933775e-02
   6.1344160e-02
   6.3738250e-02
   6.5955311e-02
   6.5253773e-02
   6.3436195e-02
   6.4815400e-02
   5.9101568e-02
   6.5374241e-02
   6.1026884e-02
   5.7848255e-02
   5.7874042e-02
   6.5898268e-02
   5.5143768e-02
   5.6300704e-02
   5.6658793e-02
   5.6888696e-02
   6.2147468e-02
   6.3455554e-02
   6.0144501e-02
   5.8657046e-02
   6.6043830e-02
   6.0573138e-02
   5.5479296e-02
   6.5476263e-02
   5.6157728e-02
   6.5996375e-02
   5.9737979e-02
   6.5918169e-02
   6.3188335e-02
   6.2904334e-02
   6.0694078e-02
   5.7218372e-02
   5.5143321e-02
   6.1541749e-02
   5.8555804e-02
   5.8147035e-02
   5.6689549e-02
   6.1027796e-02
   5.8145722e-02
   5.5727854e-02
   5.6668516e-02
   6.1246752e-02
   5.8439801e-02
   5.8680616e-02
   5.6382208e-02
   6.3219525e-02
   5.5096726e-02
   5.8207194e-02
   6.5475706e-02
   6.0681989e-02
   6.5838233e-02
   5.8003265e-02
   6.1160661e-02
   5.9900483e-02
   5.5470060e-02
   5.5212260e-02
   5.7167895e-02
   5.6263367e-02
   6.3440410e-02
   6.3446669e-02
   6.3949363e-02
   5.6370616e-02
   5.9542524e-02
   6.3411240e-02
   6.5332980e-02
   5.5480788e-02
   5.5063522e-02
   5.5154253e-02
   6.5597594e-02
   6.1594671e-02
   6.2837591e-02
   6.2461315e-02
   5.7754949e-02
   5.5984936e-02
   6.0733327e-02
   6.5904442e-02
   5.6062905e-02
   5.5107084e-02
   6.4929390e-02
   5.8688831e-02
   6.5432442e-02
   5.9198424e-02
   5.7371116e-02
   5.9043294e-02
   5.6489687e-02
   6.1831297e-02
   5.9587160e-02
   5.5983522e-02
   6.4062118e-02
   5.5485041e-02
   5.7933137e-02
   6.2346843e-02
   5.8355537e-02
   5.6667112e-02
   6.1576747e-02
   5.7696760e-02
