   7.6930456e-02
   6.5970679e-02
   7.4876795e-02
   6.8356523e-02
   7.9696653e-02
   7.7949079e-02
   7.5584108e-02
   6.9189551e-02
   6.8218500e-02
   7.1700319e-02
   7.9759150e-02
   7.3106624e-02
   7.4557485e-02
   7.0090198e-02
   6.8388521e-02
   8.0627315e-02
   8.0544570e-02
   7.9914050e-02
   7.0254290e-02
   7.7235997e-02
   7.9130447e-02
   6.6195574e-02
   6.6977187e-02
   6.8146258e-02
   6.6777487e-02
   6.8196604e-02
   6.7112257e-02
   7.3949903e-02
   6.6393600e-02
   7.7239331e-02
   6.7202195e-02
   7.5198838e-02
   7.6404083e-02
   8.0297044e-02
   7.1954224e-02
   7.4511090e-02
   6.7219192e-02
   7.8325795e-02
   7.9456107e-02
   6.9086238e-02
   6.7610280e-02
   7.3560211e-02
   7.1284181e-02
   7.6780726e-02
   7.5591396e-02
   7.7003989e-02
   7.2939027e-02
   6.9447945e-02
   7.1421306e-02
   6.6994495e-02
   6.8575150e-02
   7.5953552e-02
   7.3006904e-02
   6.6163817e-02
   7.4835246e-02
   6.7656910e-02
   7.0067297e-02
   7.4752427e-02
   6.8849570e-02
   7.7407928e-02
   6.8793808e-02
   7.5190161e-02
   6.6636588e-02
   7.9613621e-02
   7.9780811e-02
   6.8196051e-02
   7.4252177e-02
   7.5612277e-02
   6.6935582e-02
   7.2842421e-02
   7.9182557e-02
   6.9113771e-02
   7.0885285e-02
   6.7498504e-02
   6.8606490e-02
   7.4070515e-02
   7.9865520e-02
   6.8996252e-02
   7.8717562e-02
   6.7991490e-02
   7.6645492e-02
   6.8461526e-02
   7.8791781e-02
   7.3108210e-02
   7.2590190e-02
   7.8907525e-02
   7.6244290e-02
   6.7574919e-02
   6.6275593e-02
   6.8558760e-02
   6.8279708e-02
   7.5291186e-02
   6.9024839e-02
   6.9549776e-02
   7.9525482e-02
   7.2524365e-02
   7.0326481e-02
   6.7159814e-02
   7.7238063e-02
   6.7043529e-02
   6.8776195e-02
   6.7318272e-02
   6.7332954e-02
   7.9977784e-02
   7.9701839e-02
   6.7639805e-02
   7.8331172e-02
   7.6105700e-02
   7.4872721e-02
   7.0359830e-02
   7.6209011e-02
   7.1992666e-02
   7.9340141e-02
   7.4658972e-02
   7.3933884e-02
   7.1624507e-02
   6.6195385e-02
   6.7924736e-02
   7.9360344e-02
   7.4636479e-02
   6.8736019e-02
   6.6294971e-02
   7.3585078e-02
   7.7691205e-02
   6.8855601e-02
   7.7029820e-02
   6.8994957e-02
   8.0651043e-02
   7.9164474e-02
   7.1950796e-02
   7.6137474e-02
   7.8030053e-02
   6.9548840e-02
   7.1652200e-02
   7.0708630e-02
   7.3239998e-02
   6.7181369e-02
   7.1788229e-02
   6.5916146e-02
   7.7050728e-02
   6.6426617e-02
   6.9516782e-02
   7.6138557e-02
   7.8830320e-02
   6.7359555e-02
   7.3460558e-02
   7.9648268e-02
   6.7927586e-02
   6.9539498e-02
   7.8866708e-02
   7.3563697e-02
   6.9989653e-02
   6.9133501e-02
   7.7691899e-02
   7.6111542e-02
   7.8133267e-02
   6.9285510e-02
   6.9765533e-02
   7.1274199e-02
   6.6359536e-02
   7.3313552e-02
   7.5639320e-02
   7.9514825e-02
   7.3357447e-02
   6.6096568e-02
   6.9450394e-02
   7.5935954e-02
   7.3533393e-02
   7.6776275e-02
   7.4994344e-02
   7.4636410e-02
   7.7244912e-02
   7.2999379e-02
   7.8699479e-02
   7.5234575e-02
   7.9057424e-02
   6.9861557e-02
   6.6754425e-02
   6.7511438e-02
   7.7733458e-02
   7.2753452e-02
   7.5989609e-02
   6.9650079e-02
   6.8639494e-02
   6.5719141e-02
   7.7781293e-02
   7.5727797e-02
   7.3432968e-02
   6.8315260e-02
   6.9517411e-02
   6.9516624e-02
   7.6675567e-02
   7.1618579e-02
   7.9687790e-02
   6.8208199e-02
   7.2267273e-02
   6.8452130e-02
   7.6951938e-02
   6.8412879e-02
   7.1691094e-02
   8.0143460e-02
   7.0794193e-02
   7.0226648e-02
   7.1915235e-02
   7.6495591e-02
   7.8782069e-02
   7.4382936e-02
   7.7592814e-02
   6.9575002e-02
   7.2730512e-02
   7.8778833e-02
   7.1598393e-02
   7.5223508e-02
   7.2603287e-02
   6.8195271e-02
   6.7082432e-02
   7.4229322e-02
   6.7649087e-02
   6.9405143e-02
   7.5635684e-02
   6.7972656e-02
   6.7935148e-02
   8.0533658e-02
   6.8596889e-02
   7.5623745e-02
   7.5310346e-02
   7.3967765e-02
   7.6681814e-02
   7.0067640e-02
   7.4978499e-02
   7.4083373e-02
   7.1205816e-02
   7.3791193e-02
   7.6650800e-02
   7.7948273e-02
   7.1254035e-02
   7.5720147e-02
   7.8279749e-02
   6.8564950e-02
   7.2910501e-02
   7.6228079e-02
   7.6680172e-02
   7.9362177e-02
   7.8413651e-02
   7.0065709e-02
   7.4360643e-02
   7.3794122e-02
   6.6546145e-02
   7.5508817e-02
   6.6192720e-02
   7.4680278e-02
   6.6535718e-02
   7.0176571e-02
   7.2170133e-02
   7.6891742e-02
   7.1316640e-02
   7.4185663e-02
   7.3387283e-02
   6.6911280e-02
   7.0070253e-02
   7.6546145e-02
   7.2546316e-02
   6.7055254e-02
   6.8080434e-02
   7.9875293e-02
   7.8485939e-02
   8.0415674e-02
   6.7886000e-02
   7.1049812e-02
   7.7766163e-02
   6.7465279e-02
   6.7734772e-02
   6.5881226e-02
   6.9229385e-02
   7.0393993e-02
   6.6409643e-02
   8.0577040e-02
   6.8095663e-02
   7.7661233e-02
   6.6618217e-02
   6.9028365e-02
   7.3401426e-02
   7.2450102e-02
   7.2893266e-02
   7.6450896e-02
   7.6569639e-02
   7.6889457e-02
   7.1292467e-02
   7.1908751e-02
   7.3601879e-02
   7.2502987e-02
   6.9601366e-02
   7.3439036e-02
   7.0156754e-02
   7.2741115e-02
   7.9382183e-02
   6.8541656e-02
   6.9849296e-02
   6.8414635e-02
   6.6177342e-02
