   2.4922249e-01
   2.3730060e-01
   2.2761293e-01
   2.3634060e-01
   2.5025228e-01
   2.2607271e-01
   2.4573073e-01
   2.3805918e-01
   2.3125855e-01
   2.2915558e-01
   2.2979849e-01
   2.4717450e-01
   2.1659441e-01
   2.3372995e-01
   2.4503973e-01
   2.4480505e-01
   2.2764123e-01
   2.3429864e-01
   2.4607357e-01
   2.1830461e-01
   2.4484564e-01
   2.4942364e-01
   2.2442493e-01
   2.2610176e-01
   2.3041716e-01
   2.2531501e-01
   2.3404875e-01
   2.4703891e-01
   2.1822303e-01
   2.2155318e-01
   2.3946261e-01
   2.4970264e-01
   2.2463581e-01
   2.2305678e-01
   2.4227134e-01
   2.1660786e-01
   2.2427227e-01
   2.2277714e-01
   2.4081728e-01
   2.4444768e-01
   2.3404242e-01
   2.1793053e-01
   2.1795587e-01
   2.4075186e-01
   2.2080303e-01
   2.2632108e-01
   2.1668984e-01
   2.4976642e-01
   2.4081700e-01
   2.4144267e-01
   2.3041056e-01
   2.1906303e-01
   2.4969472e-01
   2.1801007e-01
   2.4052064e-01
   2.3836639e-01
   2.2992315e-01
   2.2836457e-01
   2.1661389e-01
   2.1904428e-01
   2.2452894e-01
   2.4618053e-01
   2.4338856e-01
   2.4497420e-01
   2.2302583e-01
   2.2977260e-01
   2.3006866e-01
   2.4468477e-01
   2.4491163e-01
   2.2276816e-01
   2.4441563e-01
   2.2456734e-01
   2.1865541e-01
   2.1885746e-01
   2.3094185e-01
   2.2763981e-01
   2.4759725e-01
   2.1952361e-01
   2.1657704e-01
   2.4994842e-01
   2.5013045e-01
   2.2101522e-01
   2.3667812e-01
   2.2524933e-01
   2.1783564e-01
   2.4376739e-01
   2.2172117e-01
   2.1634187e-01
   2.2915968e-01
   2.1690006e-01
   2.1762768e-01
   2.1770231e-01
   2.2031332e-01
   2.3903870e-01
   2.4548935e-01
   2.4394226e-01
   2.2197381e-01
   2.2965972e-01
   2.5010287e-01
   2.3834580e-01
   2.1960010e-01
   2.1959705e-01
   2.1803729e-01
   2.4049806e-01
   2.4682754e-01
   2.4167299e-01
   2.3881303e-01
   2.4880308e-01
   2.4775878e-01
   2.2396111e-01
   2.2494494e-01
   2.1839835e-01
   2.2511788e-01
   2.3713830e-01
   2.2409502e-01
   2.2672941e-01
   2.3198252e-01
   2.2764524e-01
   2.2636999e-01
   2.4876011e-01
   2.4776420e-01
   2.4650391e-01
   2.4967287e-01
   2.3640318e-01
   2.4812775e-01
   2.1789244e-01
   2.4916116e-01
   2.1659406e-01
   2.3114193e-01
   2.2760571e-01
   2.3754239e-01
   2.1985715e-01
   2.3758288e-01
   2.4905329e-01
   2.1711800e-01
   2.4632043e-01
   2.4593274e-01
   2.4407618e-01
   2.1698796e-01
   2.2149544e-01
   2.3704036e-01
   2.5002102e-01
   2.2027196e-01
   2.3229218e-01
   2.2453554e-01
   2.1712252e-01
   2.2165664e-01
   2.3576297e-01
   2.2400071e-01
   2.2416271e-01
   2.2210380e-01
   2.4352140e-01
   2.2850389e-01
   2.2558267e-01
   2.2133337e-01
   2.2322701e-01
   2.1647929e-01
   2.2850429e-01
   2.3989499e-01
   2.2313440e-01
   2.2546227e-01
   2.2897198e-01
   2.3125090e-01
   2.3504614e-01
   2.4274581e-01
   2.2518015e-01
   2.4941860e-01
   2.2104252e-01
   2.3566026e-01
   2.1804219e-01
   2.3337367e-01
   2.2142297e-01
   2.1994995e-01
   2.1651670e-01
   2.4780147e-01
   2.2657501e-01
   2.3354480e-01
   2.2517839e-01
   2.2522848e-01
   2.1687500e-01
   2.4878853e-01
   2.2505895e-01
   2.4963303e-01
   2.2338066e-01
   2.2050149e-01
   2.5013198e-01
   2.4789100e-01
   2.3415405e-01
   2.3651270e-01
   2.2425705e-01
   2.1750015e-01
   2.1825751e-01
   2.3692999e-01
   2.1817974e-01
   2.3322172e-01
   2.2443075e-01
   2.3568352e-01
   2.1854017e-01
   2.1660478e-01
   2.4973154e-01
   2.4910613e-01
   2.1757072e-01
   2.3837251e-01
   2.1675930e-01
   2.2111773e-01
   2.3099422e-01
   2.2456629e-01
   2.1659215e-01
   2.2360599e-01
   2.2531541e-01
   2.2014295e-01
   2.5009924e-01
   2.3206201e-01
   2.2332246e-01
   2.3511486e-01
   2.1853643e-01
   2.1659739e-01
   2.2851021e-01
   2.2172063e-01
   2.2425693e-01
   2.3316362e-01
   2.1782116e-01
   2.4998785e-01
   2.2632060e-01
   2.3946520e-01
   2.4916109e-01
   2.1659858e-01
   2.1687599e-01
   2.4707007e-01
   2.1770700e-01
   2.2863882e-01
   2.3830165e-01
   2.1827589e-01
   2.4460278e-01
   2.3989807e-01
   2.4009023e-01
   2.2520836e-01
   2.4362917e-01
   2.3216439e-01
   2.2610627e-01
   2.4892750e-01
   2.3368349e-01
   2.1645343e-01
   2.1661605e-01
   2.4932150e-01
   2.2168678e-01
   2.2430079e-01
   2.3713983e-01
   2.5007079e-01
   2.4982479e-01
   2.2206777e-01
   2.2439709e-01
   2.1822108e-01
   2.4555072e-01
   2.2405907e-01
   2.1798776e-01
   2.2273788e-01
   2.2477933e-01
   2.4124808e-01
   2.3343299e-01
   2.4944675e-01
   2.3870153e-01
   2.2815729e-01
   2.3990593e-01
   2.4891435e-01
   2.2047079e-01
   2.2812261e-01
   2.2416014e-01
   2.2123271e-01
   2.5015974e-01
   2.3271437e-01
   2.5007871e-01
   2.3198000e-01
   2.2292517e-01
   2.1828426e-01
   2.1775162e-01
   2.1709685e-01
   2.1660104e-01
   2.2283875e-01
   2.3228966e-01
   2.4878769e-01
   2.4949302e-01
   2.3994817e-01
   2.5006815e-01
   2.2660030e-01
   2.2836391e-01
   2.4736876e-01
   2.4488381e-01
   2.3517667e-01
   2.3199870e-01
   2.1938547e-01
   2.3198821e-01
   2.1778853e-01
   2.3400090e-01
   2.2668397e-01
   2.2082192e-01
   2.4255520e-01
   2.4940415e-01
   2.2660922e-01
   2.1853545e-01
