   2.0843758e-01
   2.1247954e-01
   2.1212374e-01
   2.1433956e-01
   2.1802059e-01
   2.1777397e-01
   2.0821534e-01
   2.1788567e-01
   2.0992840e-01
   2.1879954e-01
   2.0930220e-01
   2.1669834e-01
   2.1465581e-01
   2.1849469e-01
   2.1470099e-01
   2.1752916e-01
   2.0931816e-01
   2.0941172e-01
   2.1835277e-01
   2.1887103e-01
   2.1021875e-01
   2.0677531e-01
   2.0822975e-01
   2.1898462e-01
   2.1194906e-01
   2.1857350e-01
   2.0698770e-01
   2.0873682e-01
   2.0604976e-01
   2.1908949e-01
   2.1619450e-01
   2.0980963e-01
   2.1767126e-01
   2.1922383e-01
   2.1912410e-01
   2.0600989e-01
   2.0908474e-01
   2.0758361e-01
   2.1904532e-01
   2.0604841e-01
   2.1503515e-01
   2.0630984e-01
   2.0864531e-01
   2.0842895e-01
   2.0842095e-01
   2.0907835e-01
   2.0878147e-01
   2.1465641e-01
   2.0730042e-01
   2.0627334e-01
   2.0840006e-01
   2.1408362e-01
   2.1902683e-01
   2.1700805e-01
   2.1906791e-01
   2.0882080e-01
   2.1685351e-01
   2.0651835e-01
   2.0669107e-01
   2.0845185e-01
   2.1905179e-01
   2.0849670e-01
   2.0846250e-01
   2.0886422e-01
   2.1436544e-01
   2.1924614e-01
   2.0861262e-01
   2.1716317e-01
   2.0607313e-01
   2.0844476e-01
   2.0965951e-01
   2.1914626e-01
   2.1471758e-01
   2.0914501e-01
   2.1868343e-01
   2.0858588e-01
   2.0913473e-01
   2.1837910e-01
   2.0748136e-01
   2.1130963e-01
   2.0637691e-01
   2.1518281e-01
   2.0638629e-01
   2.0922542e-01
   2.1292074e-01
   2.1285135e-01
   2.0604375e-01
   2.0649830e-01
   2.0928907e-01
   2.1755153e-01
   2.1884268e-01
   2.0943868e-01
   2.1914063e-01
   2.0848162e-01
   2.0865219e-01
   2.0840399e-01
   2.0600070e-01
   2.0605524e-01
   2.0858635e-01
   2.1918218e-01
   2.0608338e-01
   2.1245689e-01
   2.0906631e-01
   2.0938975e-01
   2.0925377e-01
   2.0969212e-01
   2.1853116e-01
   2.0937960e-01
   2.1763595e-01
   2.0819850e-01
   2.0870645e-01
   2.0869994e-01
   2.0725199e-01
   2.0906830e-01
   2.0946500e-01
   2.0824854e-01
   2.1198548e-01
   2.0911791e-01
   2.0602523e-01
   2.0853810e-01
   2.0864805e-01
   2.1682534e-01
   2.1652887e-01
   2.1885765e-01
   2.0770098e-01
   2.0840444e-01
   2.1849542e-01
   2.1864404e-01
   2.0917978e-01
   2.1799741e-01
   2.1204884e-01
   2.0865523e-01
   2.0853863e-01
   2.0733424e-01
   2.0608535e-01
   2.0603017e-01
   2.1638889e-01
   2.0884381e-01
   2.0893070e-01
   2.0603052e-01
   2.0603876e-01
   2.1241501e-01
   2.1391166e-01
   2.0792891e-01
   2.0843357e-01
   2.1155475e-01
   2.1285603e-01
   2.1069309e-01
   2.1915847e-01
   2.0656148e-01
   2.0837741e-01
   2.0905346e-01
   2.1915691e-01
   2.1818848e-01
   2.1741877e-01
   2.1818977e-01
   2.0916026e-01
   2.0881213e-01
   2.0961438e-01
   2.1084329e-01
   2.1018258e-01
   2.1838608e-01
   2.1842110e-01
   2.1457740e-01
   2.1898487e-01
   2.0602782e-01
   2.0599252e-01
   2.0648304e-01
   2.0875747e-01
   2.1819013e-01
   2.0839502e-01
   2.1611300e-01
   2.1346554e-01
   2.0648558e-01
   2.0775747e-01
   2.0773191e-01
   2.1206551e-01
   2.1747228e-01
   2.0951351e-01
   2.1760205e-01
   2.1446138e-01
   2.0931095e-01
   2.1899707e-01
   2.0608975e-01
   2.1616685e-01
   2.1202639e-01
   2.1865573e-01
   2.0840365e-01
   2.1908284e-01
   2.0923526e-01
   2.0840375e-01
   2.1761120e-01
   2.0762718e-01
   2.1784547e-01
   2.1661342e-01
   2.0602268e-01
   2.1923218e-01
   2.1725047e-01
   2.0846072e-01
   2.0884399e-01
   2.0818317e-01
   2.1879890e-01
   2.0940601e-01
   2.1906830e-01
   2.1150097e-01
   2.0942747e-01
   2.0867062e-01
   2.0602436e-01
   2.0918479e-01
   2.0930260e-01
   2.0682309e-01
   2.1430979e-01
   2.1891370e-01
   2.1784271e-01
   2.1842681e-01
   2.1245540e-01
   2.1049823e-01
   2.0945133e-01
   2.0890387e-01
   2.0893933e-01
   2.0659423e-01
   2.0984794e-01
   2.0839466e-01
   2.0934573e-01
   2.0950873e-01
   2.1901027e-01
   2.1476928e-01
   2.1905925e-01
   2.1483336e-01
   2.0637601e-01
   2.0780037e-01
   2.0604499e-01
   2.0874978e-01
   2.0899225e-01
   2.1067397e-01
   2.0602724e-01
   2.0899006e-01
   2.1616479e-01
   2.0749847e-01
   2.1821235e-01
   2.0856247e-01
   2.1429402e-01
   2.1744030e-01
   2.1382190e-01
   2.1680207e-01
   2.0841469e-01
   2.1848651e-01
   2.1801982e-01
   2.0847258e-01
   2.0853590e-01
   2.1697866e-01
   2.1904382e-01
   2.0888089e-01
   2.1054981e-01
   2.0889784e-01
   2.1748932e-01
   2.0853971e-01
   2.1747991e-01
   2.0608422e-01
   2.0720815e-01
   2.0900249e-01
   2.1823689e-01
   2.0840091e-01
   2.0869713e-01
   2.1891268e-01
   2.0911479e-01
   2.1912267e-01
   2.1167405e-01
   2.1303980e-01
   2.0667504e-01
   2.0677494e-01
   2.0922238e-01
   2.1733554e-01
   2.0866887e-01
   2.0925518e-01
   2.0813861e-01
   2.0873583e-01
   2.0899221e-01
   2.1811501e-01
   2.0885466e-01
   2.1806131e-01
   2.1879818e-01
   2.0682078e-01
   2.0632153e-01
   2.1336405e-01
   2.0725856e-01
   2.0839597e-01
   2.1004925e-01
   2.0788809e-01
   2.0938809e-01
   2.0888370e-01
   2.0985211e-01
   2.0875118e-01
   2.0908430e-01
   2.1707835e-01
   2.0944494e-01
   2.1506092e-01
   2.1097457e-01
   2.1740865e-01
   2.1088878e-01
