   3.0823683e-02
   2.9844735e-02
   3.2626533e-02
   3.2053635e-02
   3.1671559e-02
   3.0488076e-02
   3.0702579e-02
   2.9779241e-02
   3.1002519e-02
   3.2206455e-02
   3.1883884e-02
   3.0615070e-02
   3.2306072e-02
   3.2259143e-02
   3.2557952e-02
   3.2533286e-02
   3.0023854e-02
   3.0791049e-02
   3.1426564e-02
   3.2264685e-02
   3.1891862e-02
   2.9980574e-02
   3.1668261e-02
   3.1767429e-02
   3.0175851e-02
   3.1689635e-02
   3.2088273e-02
   3.2067498e-02
   3.2344824e-02
   2.9625137e-02
   3.0380392e-02
   3.1769997e-02
   3.1470497e-02
   2.9869980e-02
   3.1867301e-02
   3.1761138e-02
   3.2339171e-02
   3.1383604e-02
   3.1899264e-02
   3.1990458e-02
   3.2217543e-02
   3.1921691e-02
   3.2350592e-02
   3.1651603e-02
   3.2114888e-02
   3.2620469e-02
   3.1757186e-02
   3.1427186e-02
   3.1844448e-02
   2.9918953e-02
   2.9862177e-02
   3.2008186e-02
   3.1720720e-02
   3.2263133e-02
   3.0214023e-02
   3.1572643e-02
   3.0942340e-02
   2.9868655e-02
   3.2287504e-02
   3.2746355e-02
   3.1890065e-02
   3.2297455e-02
   3.1966056e-02
   3.2498517e-02
   3.2269076e-02
   2.9741504e-02
   3.1741807e-02
   3.1779365e-02
   3.2047405e-02
   3.2285323e-02
   3.2051847e-02
   3.1406053e-02
   2.9932581e-02
   2.9683589e-02
   3.2753768e-02
   3.2030740e-02
   3.2442273e-02
   3.0247643e-02
   3.2327942e-02
   3.1994105e-02
   3.1314803e-02
   3.1645198e-02
   3.1399054e-02
   3.1666987e-02
   3.2344485e-02
   3.1755149e-02
   3.1852766e-02
   3.1749820e-02
   3.2263487e-02
   3.0134227e-02
   3.2329780e-02
   3.2447176e-02
   3.2279087e-02
   3.0789193e-02
   3.2029792e-02
   3.2803638e-02
   3.1583091e-02
   3.1569415e-02
   3.0696798e-02
   3.1521918e-02
   3.2071134e-02
   3.2078688e-02
   3.1733786e-02
   3.2810572e-02
   3.1867382e-02
   3.1087777e-02
   3.0188665e-02
   3.0355361e-02
   3.1360166e-02
   3.2285916e-02
   3.2309845e-02
   3.2087516e-02
   3.2613540e-02
   3.1922895e-02
   3.2178826e-02
   3.0136615e-02
   3.1936257e-02
   3.1234814e-02
   3.1666638e-02
   3.2258354e-02
   3.2041039e-02
   3.1970141e-02
   3.2783753e-02
   3.1996097e-02
   3.1910700e-02
   3.2084980e-02
   3.2316579e-02
   3.2909562e-02
   3.0246701e-02
   3.0052734e-02
   3.1979076e-02
   3.1602606e-02
   3.2242556e-02
   3.1664932e-02
   3.2257891e-02
   3.0952444e-02
   3.2269287e-02
   3.0792858e-02
   3.2336794e-02
   3.1986461e-02
   3.2186947e-02
   3.2134907e-02
   3.1857425e-02
   3.2168615e-02
   3.2089398e-02
   3.1814104e-02
   3.1992623e-02
   3.2084656e-02
   3.1402016e-02
   3.2176337e-02
   3.2063543e-02
   2.9816427e-02
   3.2068789e-02
   3.0254047e-02
   3.0348928e-02
   3.2278202e-02
   3.2369558e-02
   3.0946620e-02
   3.0537725e-02
   3.0012456e-02
   3.0613434e-02
   3.1687115e-02
   2.9635816e-02
   3.2321814e-02
   3.1034158e-02
   3.1505600e-02
   3.1161805e-02
   3.2675822e-02
   3.2030938e-02
   3.1967750e-02
   3.2491940e-02
   3.0514023e-02
   3.2270540e-02
   2.9926992e-02
   3.2535944e-02
   3.1860114e-02
   3.0659774e-02
   2.9997216e-02
   3.1776852e-02
   2.9928468e-02
   3.1912021e-02
   3.0716836e-02
   3.1916966e-02
   3.0310357e-02
   3.2279004e-02
   3.1800227e-02
   3.2441649e-02
   3.0872417e-02
   3.1805114e-02
   3.0736073e-02
   3.0889555e-02
   3.1984963e-02
   3.2971424e-02
   3.2280096e-02
   3.2036969e-02
   3.2845911e-02
   3.2057096e-02
   3.1664741e-02
   3.1347061e-02
   3.2261853e-02
   3.1542760e-02
   3.2142704e-02
   3.2090941e-02
   3.2279858e-02
   3.0203242e-02
   3.0606339e-02
   3.0812677e-02
   3.2242397e-02
   3.1376611e-02
   3.0044700e-02
   3.2752331e-02
   3.0149849e-02
   3.2684655e-02
   3.1859675e-02
   3.2098805e-02
   3.0119275e-02
   3.0377395e-02
   3.2138639e-02
   3.2099127e-02
   3.0116258e-02
   3.1786053e-02
   3.0221477e-02
   3.3001144e-02
   3.2048049e-02
   3.1745527e-02
   3.2045245e-02
   3.0143426e-02
   3.2233302e-02
   3.1760301e-02
   3.0315046e-02
   3.2079061e-02
   3.1412008e-02
   3.1507555e-02
   3.1786757e-02
   3.1670783e-02
   3.1768668e-02
   3.0341549e-02
   3.1901644e-02
   3.2166623e-02
   3.1676985e-02
   3.1676630e-02
   3.2389759e-02
   3.2427492e-02
   3.2697252e-02
   3.0050481e-02
   3.1056848e-02
   3.2338417e-02
   3.1923701e-02
   3.1730718e-02
   3.0767771e-02
   3.1024239e-02
   3.0182696e-02
   3.2643595e-02
   3.1449269e-02
   3.1977795e-02
   3.3191000e-02
   3.2170701e-02
   3.1725941e-02
   3.2216138e-02
   3.0817517e-02
   3.1712202e-02
   3.1570884e-02
   3.2221495e-02
   3.2871683e-02
   3.2392509e-02
   3.1664885e-02
   3.1690052e-02
   3.2549993e-02
   3.0380460e-02
   3.1679012e-02
   3.1856618e-02
   3.2297565e-02
   3.1554148e-02
   3.1329300e-02
   3.0794170e-02
   3.0454467e-02
   3.0575664e-02
   3.0938471e-02
   3.1577041e-02
   3.2321764e-02
   3.1624554e-02
   3.2959108e-02
   3.1639693e-02
   3.1578734e-02
   3.0951014e-02
   3.2517922e-02
   3.0001865e-02
   3.1537707e-02
   3.0503799e-02
   3.2438491e-02
   3.2384100e-02
   3.2191685e-02
   3.2385127e-02
   3.1692598e-02
   3.2877087e-02
   3.1989680e-02
   3.0271279e-02
   3.2611908e-02
   3.0522512e-02
   3.2113547e-02
