   4.1916096e-02
   3.8407143e-02
   3.7979887e-02
   4.1078475e-02
   4.1357914e-02
   3.9136938e-02
   3.9239524e-02
   3.8170984e-02
   3.8698155e-02
   3.5650231e-02
   3.6190626e-02
   3.6982619e-02
   4.1482362e-02
   3.9662900e-02
   3.9477332e-02
   3.6933067e-02
   3.7610944e-02
   4.1156913e-02
   4.0214225e-02
   4.1819682e-02
   4.1535313e-02
   3.8421345e-02
   4.1642865e-02
   3.6386676e-02
   3.9345715e-02
   3.6924604e-02
   3.8498089e-02
   3.8774650e-02
   3.9426824e-02
   3.7844511e-02
   4.0052083e-02
   3.7185789e-02
   3.8575708e-02
   4.0664038e-02
   3.5639661e-02
   3.6688632e-02
   3.6724921e-02
   3.8683786e-02
   3.9816745e-02
   4.1453486e-02
   3.5938155e-02
   3.8044628e-02
   3.9288020e-02
   3.8454734e-02
   4.0498772e-02
   3.9646861e-02
   3.8758337e-02
   3.8793393e-02
   3.9600306e-02
   3.8613557e-02
   3.7977170e-02
   3.9823072e-02
   3.8513479e-02
   3.8548364e-02
   3.9198500e-02
   3.8876757e-02
   3.7178173e-02
   4.1488709e-02
   3.9249091e-02
   3.7811342e-02
   3.9817626e-02
   3.8212793e-02
   3.8180095e-02
   3.7819817e-02
   3.9859887e-02
   3.8712808e-02
   3.9065777e-02
   3.9243693e-02
   3.7613088e-02
   3.8355137e-02
   3.9075597e-02
   3.7157683e-02
   3.7241678e-02
   3.7376666e-02
   3.9355131e-02
   3.8810116e-02
   3.9023072e-02
   3.9820362e-02
   3.8796584e-02
   3.9475896e-02
   4.0461747e-02
   3.6779455e-02
   3.9609560e-02
   3.7027336e-02
   3.6534377e-02
   3.6393931e-02
   3.9736320e-02
   3.8939407e-02
   4.1394223e-02
   3.6556565e-02
   3.7867800e-02
   3.8535561e-02
   3.9417412e-02
   3.9640031e-02
   4.0689942e-02
   3.7482525e-02
   3.9951744e-02
   4.1286248e-02
   4.1846786e-02
   3.8826874e-02
   3.7873410e-02
   3.6166393e-02
   3.9320631e-02
   3.8964106e-02
   3.8721178e-02
   3.8671023e-02
   4.2073824e-02
   3.7364234e-02
   3.8718877e-02
   3.7875515e-02
   3.9441803e-02
   4.1492057e-02
   3.7331452e-02
   4.0591344e-02
   3.8827685e-02
   3.7973127e-02
   3.9215555e-02
   4.0318000e-02
   3.8465049e-02
   4.0823028e-02
   3.7757133e-02
   3.9360172e-02
   3.8564999e-02
   3.8932534e-02
   3.7745464e-02
   3.8375526e-02
   4.0400398e-02
   4.0235477e-02
   3.9823547e-02
   3.9322730e-02
   3.9907788e-02
   3.9502834e-02
   3.9647234e-02
   4.0613214e-02
   4.0523763e-02
   3.9285572e-02
   4.0534470e-02
   3.5653797e-02
   3.7661707e-02
   3.8821269e-02
   3.9185321e-02
   3.9908094e-02
   3.6654752e-02
   3.7383314e-02
   4.0309997e-02
   4.1563011e-02
   3.7178980e-02
   3.7779855e-02
   4.1194277e-02
   4.0773425e-02
   3.9359979e-02
   3.6373924e-02
   3.9453088e-02
   3.8538842e-02
   3.6630981e-02
   4.0038927e-02
   4.1465445e-02
   3.7220059e-02
   3.7157253e-02
   3.7202619e-02
   4.0257797e-02
   3.5779306e-02
   3.8481552e-02
   3.7269301e-02
   4.1154502e-02
   4.0184312e-02
   3.8548218e-02
   3.7676817e-02
   3.9071330e-02
   3.8553660e-02
   3.7431478e-02
   3.8296675e-02
   4.0850178e-02
   3.9836059e-02
   3.8349525e-02
   3.6952030e-02
   3.6946661e-02
   3.7253322e-02
   4.1200845e-02
   3.7246972e-02
   4.1283418e-02
   3.7285719e-02
   3.7203952e-02
   3.7497089e-02
   4.1904001e-02
   3.9677006e-02
   3.7678054e-02
   3.8203379e-02
   4.0020999e-02
   3.7332922e-02
   3.7269918e-02
   3.7512368e-02
   3.9521146e-02
   3.9718852e-02
   3.6635021e-02
   3.7030857e-02
   3.8025024e-02
   3.9313658e-02
   3.7636079e-02
   3.8055310e-02
   3.9476794e-02
   3.6702904e-02
   3.8903986e-02
   4.1542885e-02
   3.8357177e-02
   3.9669695e-02
   3.8108979e-02
   3.8429694e-02
   3.8554311e-02
   3.6344059e-02
   3.7477784e-02
   3.9584304e-02
   3.7666278e-02
   3.8908683e-02
   3.8849061e-02
   4.0815127e-02
   3.9169121e-02
   4.0033091e-02
   4.0123421e-02
   3.9426741e-02
   4.0395776e-02
   3.8971527e-02
   3.7051492e-02
   3.8912837e-02
   3.9669771e-02
   3.9889334e-02
   4.1599005e-02
   3.8720409e-02
   3.7611469e-02
   4.0204353e-02
   3.9603893e-02
   4.0495045e-02
   3.7627189e-02
   3.6200166e-02
   3.7351828e-02
   3.8112302e-02
   3.7974274e-02
   3.6717523e-02
   3.7718711e-02
   4.0148717e-02
   3.6657554e-02
   3.9631848e-02
   3.6460766e-02
   3.8557427e-02
   3.8271250e-02
   3.8059115e-02
   3.9521115e-02
   3.7615755e-02
   4.0829553e-02
   4.0175933e-02
   4.0355842e-02
   3.8274336e-02
   3.8950361e-02
   3.8654398e-02
   3.8022895e-02
   3.9599150e-02
   3.8902821e-02
   3.7927692e-02
   4.1071570e-02
   3.8851939e-02
   3.7106791e-02
   3.8940810e-02
   4.1118067e-02
   3.8054156e-02
   4.1854430e-02
   3.7880273e-02
   4.0031688e-02
   3.7447784e-02
   3.7637275e-02
   4.0730264e-02
   3.9939228e-02
   3.6365662e-02
   3.7739255e-02
   3.6524435e-02
   3.8437426e-02
   3.9910649e-02
   4.0158876e-02
   4.0574077e-02
   3.6990496e-02
   3.6003504e-02
   3.6191058e-02
   4.1627750e-02
   3.8698862e-02
   3.9060744e-02
   3.8872849e-02
   3.7041954e-02
   3.6669952e-02
   3.9978520e-02
   3.7602866e-02
   3.8332883e-02
   3.9411257e-02
   3.9823377e-02
   3.6818668e-02
   3.8343592e-02
   3.9431391e-02
   4.1336217e-02
   3.6913766e-02
   3.8983327e-02
   3.9343545e-02
   4.1112336e-02
