   9.9989139e-02
   1.0461679e-01
   1.0402098e-01
   1.0207643e-01
   9.5331833e-02
   9.7375454e-02
   9.9766757e-02
   9.8133404e-02
   1.0582130e-01
   1.0344429e-01
   9.8680159e-02
   1.0108906e-01
   9.8791579e-02
   1.0042544e-01
   1.0458409e-01
   9.9919290e-02
   9.9695974e-02
   1.0313013e-01
   1.0341768e-01
   1.0322883e-01
   9.9326623e-02
   1.0076369e-01
   1.0102268e-01
   9.8924472e-02
   9.6708965e-02
   9.8932114e-02
   1.0033357e-01
   9.9801913e-02
   9.6997785e-02
   1.0236282e-01
   9.8306713e-02
   1.0151153e-01
   9.8245637e-02
   1.0287874e-01
   1.0499485e-01
   9.9285850e-02
   1.0502147e-01
   9.6044823e-02
   9.8580578e-02
   1.0349574e-01
   1.0426632e-01
   1.0227002e-01
   1.0490342e-01
   1.0014081e-01
   1.0278954e-01
   1.0123477e-01
   1.0265820e-01
   9.6962257e-02
   1.0527116e-01
   9.8647365e-02
   1.0350530e-01
   1.0272366e-01
   1.0283449e-01
   1.0355746e-01
   1.0084651e-01
   1.0240644e-01
   9.8152985e-02
   1.0366499e-01
   1.0408115e-01
   9.9421731e-02
   1.0557744e-01
   1.0373978e-01
   9.6868709e-02
   1.0234748e-01
   9.7989495e-02
   9.6333251e-02
   1.0482935e-01
   1.0424472e-01
   9.9096604e-02
   1.0613799e-01
   1.0181281e-01
   9.9678022e-02
   9.7961159e-02
   9.6298725e-02
   9.5075646e-02
   9.7204330e-02
   1.0215405e-01
   1.0096961e-01
   9.8186856e-02
   1.0457470e-01
   1.0431990e-01
   9.8869863e-02
   9.8738233e-02
   1.0390814e-01
   1.0312162e-01
   1.0131567e-01
   9.7154375e-02
   1.0476197e-01
   1.0018154e-01
   1.0120712e-01
   9.8360522e-02
   1.0439889e-01
   1.0584017e-01
   9.9807029e-02
   1.0129883e-01
   1.0189046e-01
   1.0247467e-01
   9.9949868e-02
   1.0022466e-01
   9.9668682e-02
   9.9381451e-02
   1.0460513e-01
   1.0691946e-01
   9.7796956e-02
   9.5460963e-02
   9.9277551e-02
   1.0251908e-01
   1.0840274e-01
   9.9747420e-02
   9.4224253e-02
   1.0026384e-01
   1.0538713e-01
   9.8289038e-02
   1.0231116e-01
   1.0514735e-01
   1.0270308e-01
   9.8464913e-02
   1.0179334e-01
   9.4437918e-02
   9.8910570e-02
   1.0044217e-01
   1.0164833e-01
   1.0526335e-01
   9.7777839e-02
   1.0435584e-01
   1.0041349e-01
   9.9547836e-02
   1.0482762e-01
   9.9516174e-02
   9.8811219e-02
   1.0393257e-01
   1.0246279e-01
   1.0393493e-01
   1.0112625e-01
   1.0160182e-01
   1.0054961e-01
   1.0190348e-01
   9.5318113e-02
   9.9136912e-02
   1.0305915e-01
   9.8794417e-02
   1.0034902e-01
   1.0138656e-01
   9.6804845e-02
   1.0258710e-01
   1.0215457e-01
   9.8505423e-02
   9.9547072e-02
   9.9295821e-02
   9.8511313e-02
   9.9003203e-02
   9.6987648e-02
   9.5063967e-02
   1.0089023e-01
   9.9624841e-02
   1.0444774e-01
   1.0552595e-01
   9.9892449e-02
   1.0022640e-01
   1.0049662e-01
   1.0321792e-01
   1.0491344e-01
   1.0085998e-01
   9.8473837e-02
   1.0321231e-01
   9.7808153e-02
   9.5542815e-02
   1.0187379e-01
   1.0081926e-01
   1.0623429e-01
   1.0027958e-01
   9.8484954e-02
   1.0388799e-01
   1.0515321e-01
   1.0057729e-01
   1.0129825e-01
   1.0322497e-01
   1.0178633e-01
   9.9920390e-02
   1.0375020e-01
   1.0241929e-01
   9.9698820e-02
   9.4084867e-02
   1.0245207e-01
   9.6800386e-02
   9.9686932e-02
   1.0165638e-01
   1.0453200e-01
   1.0211456e-01
   1.0177065e-01
   1.0040367e-01
   9.7646701e-02
   1.0089421e-01
   1.0256115e-01
   1.0222617e-01
   1.0226079e-01
   1.0736391e-01
   9.8918612e-02
   9.7241182e-02
   1.0397836e-01
   1.0052418e-01
   1.0134122e-01
   1.0031856e-01
   9.7443195e-02
   9.8988795e-02
   9.9581604e-02
   9.7390644e-02
   1.0170380e-01
   9.6095243e-02
   1.0114925e-01
   9.8934095e-02
   1.0154482e-01
   9.9624113e-02
   1.0258931e-01
   9.8804400e-02
   1.0269515e-01
   1.0192308e-01
   9.7899956e-02
   1.0234275e-01
   1.0410587e-01
   1.0150442e-01
   9.7249840e-02
   1.0162066e-01
   1.0210215e-01
   1.0198865e-01
   1.0039355e-01
   1.0275065e-01
   9.4269113e-02
   9.6284482e-02
   1.0429325e-01
   1.0192599e-01
   9.8958945e-02
   9.4318977e-02
   1.0543361e-01
   1.0352413e-01
   9.9807372e-02
   1.0692195e-01
   9.7176478e-02
   9.9776116e-02
   9.6293578e-02
   9.8376533e-02
   9.7175266e-02
   1.0155183e-01
   1.0120502e-01
   9.6816781e-02
   9.6636785e-02
   1.0483844e-01
   1.0764098e-01
   1.0412562e-01
   1.0494148e-01
   9.9881233e-02
   1.0130328e-01
   9.7035558e-02
   9.4818031e-02
   1.0123378e-01
   9.5233409e-02
   1.0295913e-01
   1.0121087e-01
   9.8435444e-02
   1.0472415e-01
   9.8129192e-02
   9.7746647e-02
   1.0272122e-01
   1.0308723e-01
   1.0197033e-01
   9.5550330e-02
   1.0135497e-01
   9.6963337e-02
   1.0108014e-01
   1.0000261e-01
   1.0225097e-01
   9.5056665e-02
   1.0269698e-01
   1.0168095e-01
   9.9913226e-02
   1.0219612e-01
   1.0632452e-01
   9.4603063e-02
   9.8707965e-02
   9.8237199e-02
   1.0674636e-01
   9.8918432e-02
   1.0374951e-01
   9.6227374e-02
   9.6832252e-02
   9.5843856e-02
   9.6867773e-02
   9.6981927e-02
   1.0157903e-01
   1.0035721e-01
   9.5175742e-02
   9.9930368e-02
   9.9216822e-02
   1.0418467e-01
   1.0242163e-01
   1.0151436e-01
   9.9167826e-02
   1.0170803e-01
   1.0228247e-01
   1.0236662e-01
