   2.7358895e-01
   2.7621302e-01
   2.6769331e-01
   2.7222085e-01
   2.7827224e-01
   2.7921610e-01
   2.6918959e-01
   2.7268916e-01
   2.7499236e-01
   2.7639729e-01
   2.6773270e-01
   2.6734754e-01
   2.7539066e-01
   2.7727111e-01
   2.7636693e-01
   2.7632641e-01
   2.7102502e-01
   2.7168381e-01
   2.6774119e-01
   2.7624779e-01
   2.7590242e-01
   2.7774461e-01
   2.6763724e-01
   2.7649933e-01
   2.7260202e-01
   2.6747825e-01
   2.7779142e-01
   2.7803018e-01
   2.6949844e-01
   2.7165413e-01
   2.7581021e-01
   2.6739713e-01
   2.7900329e-01
   2.7312736e-01
   2.6769319e-01
   2.7629854e-01
   2.7477433e-01
   2.6781485e-01
   2.7932504e-01
   2.7331018e-01
   2.7205018e-01
   2.7057463e-01
   2.7548249e-01
   2.7566951e-01
   2.7465659e-01
   2.7612649e-01
   2.7569044e-01
   2.7745551e-01
   2.6889883e-01
   2.7659958e-01
   2.7727533e-01
   2.7049502e-01
   2.7665751e-01
   2.7150772e-01
   2.7603021e-01
   2.6748023e-01
   2.6745318e-01
   2.7527390e-01
   2.7237444e-01
   2.7702004e-01
   2.6752140e-01
   2.6869430e-01
   2.6854929e-01
   2.7154535e-01
   2.6854201e-01
   2.7462091e-01
   2.7163699e-01
   2.7855763e-01
   2.7526821e-01
   2.7548859e-01
   2.7834038e-01
   2.7393532e-01
   2.7660180e-01
   2.6947471e-01
   2.7197831e-01
   2.6783240e-01
   2.6856902e-01
   2.7680674e-01
   2.7136683e-01
   2.7834785e-01
   2.7312136e-01
   2.6811008e-01
   2.7667094e-01
   2.6764282e-01
   2.6753706e-01
   2.7200351e-01
   2.7319007e-01
   2.6771883e-01
   2.7303039e-01
   2.6874607e-01
   2.7778510e-01
   2.7696446e-01
   2.6769451e-01
   2.6769093e-01
   2.6782552e-01
   2.7621654e-01
   2.7832904e-01
   2.7830892e-01
   2.6798160e-01
   2.6873469e-01
   2.6866084e-01
   2.7838269e-01
   2.7702685e-01
   2.7153645e-01
   2.7359139e-01
   2.6890519e-01
   2.7679957e-01
   2.7071928e-01
   2.6753096e-01
   2.7153573e-01
   2.7471738e-01
   2.7395816e-01
   2.7896925e-01
   2.6748316e-01
   2.7713064e-01
   2.6745013e-01
   2.7470473e-01
   2.7702268e-01
   2.7566287e-01
   2.7339523e-01
   2.7936631e-01
   2.7377417e-01
   2.7893754e-01
   2.7547512e-01
   2.7852204e-01
   2.6879740e-01
   2.7579291e-01
   2.7890020e-01
   2.6762315e-01
   2.7893326e-01
   2.7038780e-01
   2.7157647e-01
   2.7183532e-01
   2.6935354e-01
   2.7823919e-01
   2.6745900e-01
   2.7690406e-01
   2.7560881e-01
   2.7114976e-01
   2.7734981e-01
   2.7566154e-01
   2.6771103e-01
   2.7260869e-01
   2.7671075e-01
   2.7206392e-01
   2.6770917e-01
   2.7650969e-01
   2.7703764e-01
   2.7706313e-01
   2.6865519e-01
   2.6897198e-01
   2.7560137e-01
   2.7601846e-01
   2.7833978e-01
   2.6822636e-01
   2.7559813e-01
   2.6831718e-01
   2.7839044e-01
   2.7205484e-01
   2.7646359e-01
   2.7665753e-01
   2.7757683e-01
   2.7833906e-01
   2.7467524e-01
   2.7307720e-01
   2.7909223e-01
   2.7815064e-01
   2.7062979e-01
   2.7649742e-01
   2.7093175e-01
   2.7213686e-01
   2.7270755e-01
   2.6922379e-01
   2.7273085e-01
   2.7537787e-01
   2.7757674e-01
   2.6929066e-01
   2.7786332e-01
   2.7384322e-01
   2.7467811e-01
   2.7575795e-01
   2.7315847e-01
   2.7006073e-01
   2.7649824e-01
   2.7787779e-01
   2.6809709e-01
   2.7388992e-01
   2.7353332e-01
   2.7057590e-01
   2.7837236e-01
   2.7668607e-01
   2.7449555e-01
   2.6804613e-01
   2.6756353e-01
   2.7609159e-01
   2.7430977e-01
   2.7249702e-01
   2.6746723e-01
   2.7338458e-01
   2.6833056e-01
   2.7673644e-01
   2.6885372e-01
   2.6802698e-01
   2.6866215e-01
   2.7229189e-01
   2.7170229e-01
   2.7765039e-01
   2.7191327e-01
   2.6732613e-01
   2.6815357e-01
   2.7606691e-01
   2.7731986e-01
   2.7834064e-01
   2.7518403e-01
   2.7731723e-01
   2.7204402e-01
   2.7648201e-01
   2.7731664e-01
   2.7604181e-01
   2.6828126e-01
   2.7534655e-01
   2.7416757e-01
   2.7579927e-01
   2.7381710e-01
   2.7405470e-01
   2.6785207e-01
   2.7548162e-01
   2.7642298e-01
   2.6979354e-01
   2.7462164e-01
   2.7614613e-01
   2.7429119e-01
   2.6850798e-01
   2.7546764e-01
   2.7836993e-01
   2.7842656e-01
   2.6999469e-01
   2.6774191e-01
   2.7274540e-01
   2.7652359e-01
   2.7497096e-01
   2.6781280e-01
   2.6848351e-01
   2.7671346e-01
   2.7895715e-01
   2.7816956e-01
   2.7535534e-01
   2.7687725e-01
   2.7178975e-01
   2.7710955e-01
   2.7930030e-01
   2.7033927e-01
   2.6747824e-01
   2.7226323e-01
   2.7495609e-01
   2.7696432e-01
   2.7772147e-01
   2.7671138e-01
   2.6748544e-01
   2.6911794e-01
   2.7685912e-01
   2.6957065e-01
   2.7075881e-01
   2.7225187e-01
   2.7574483e-01
   2.7786312e-01
   2.7755758e-01
   2.7759703e-01
   2.7833580e-01
   2.6961299e-01
   2.6781124e-01
   2.6746116e-01
   2.7811890e-01
   2.6911717e-01
   2.7565552e-01
   2.7534739e-01
   2.7649670e-01
   2.6746825e-01
   2.7417091e-01
   2.6754720e-01
   2.7013177e-01
   2.7811036e-01
   2.7596683e-01
   2.7689101e-01
   2.7232973e-01
   2.7339003e-01
   2.6807124e-01
   2.6746178e-01
   2.7204885e-01
   2.7395668e-01
   2.7538017e-01
   2.6744977e-01
   2.6775369e-01
   2.7622004e-01
   2.7892936e-01
   2.6839999e-01
   2.6965589e-01
   2.7331300e-01
   2.7522442e-01
   2.6780453e-01
