   2.1015938e-01
   2.2994172e-01
   2.1998136e-01
   2.2584961e-01
   2.2708141e-01
   2.3626787e-01
   2.3333718e-01
   2.2585954e-01
   2.2885603e-01
   2.3681540e-01
   2.2199394e-01
   2.2016051e-01
   2.2678895e-01
   2.3902942e-01
   2.2953771e-01
   2.3895524e-01
   2.2854915e-01
   2.2301971e-01
   2.3081009e-01
   2.2091798e-01
   2.2615463e-01
   2.3483247e-01
   2.1748815e-01
   2.3755149e-01
   2.3402967e-01
   2.3981831e-01
   2.3777299e-01
   2.3208453e-01
   2.3680450e-01
   2.2472019e-01
   2.3281718e-01
   2.2237667e-01
   2.3334286e-01
   2.2798519e-01
   2.2355668e-01
   2.3014201e-01
   2.2572752e-01
   2.3539618e-01
   2.2531069e-01
   2.1587363e-01
   2.1572820e-01
   2.2190182e-01
   2.2267133e-01
   2.2730979e-01
   2.2239983e-01
   2.2847999e-01
   2.3975981e-01
   2.2565347e-01
   2.2136499e-01
   2.2730477e-01
   2.2965534e-01
   2.0988746e-01
   2.1648192e-01
   2.2108049e-01
   2.4056491e-01
   2.3441683e-01
   2.3306439e-01
   2.2175135e-01
   2.0853610e-01
   2.1321316e-01
   2.4128485e-01
   2.2157685e-01
   2.2469600e-01
   2.3386345e-01
   2.2105482e-01
   2.2283929e-01
   2.2493124e-01
   2.3817788e-01
   2.2000955e-01
   2.3175403e-01
   2.2285182e-01
   2.4204144e-01
   2.2376308e-01
   2.3429136e-01
   2.3004675e-01
   2.3629969e-01
   2.1658012e-01
   2.2827323e-01
   2.2933562e-01
   2.2496960e-01
   2.2416677e-01
   2.2734186e-01
   2.2109061e-01
   2.3596522e-01
   2.2983659e-01
   2.3699277e-01
   2.3360273e-01
   2.1171033e-01
   2.2664487e-01
   2.2169720e-01
   2.3267189e-01
   2.0903133e-01
   2.2843195e-01
   2.0904189e-01
   2.3296817e-01
   2.2853948e-01
   2.2165602e-01
   2.3617945e-01
   2.1597640e-01
   2.2207554e-01
   2.1890309e-01
   2.2405262e-01
   2.2280864e-01
   2.2688325e-01
   2.1001012e-01
   2.2342266e-01
   2.4035009e-01
   2.1390415e-01
   2.2357195e-01
   2.1825472e-01
   2.2996964e-01
   2.2814685e-01
   2.1725285e-01
   2.1721298e-01
   2.1893275e-01
   2.2262105e-01
   2.3739919e-01
   2.2940535e-01
   2.2863413e-01
   2.2245468e-01
   2.2028118e-01
   2.3368318e-01
   2.1629161e-01
   2.2319346e-01
   2.2442628e-01
   2.2383262e-01
   2.4110525e-01
   2.4048320e-01
   2.3802729e-01
   2.2984419e-01
   2.2681706e-01
   2.3358100e-01
   2.2909300e-01
   2.3347676e-01
   2.2586457e-01
   2.3380151e-01
   2.2382836e-01
   2.2539569e-01
   2.2136208e-01
   2.0905478e-01
   2.2865897e-01
   2.4148839e-01
   2.2955546e-01
   2.2157753e-01
   2.2608420e-01
   2.2560238e-01
   2.3080462e-01
   2.1622775e-01
   2.2846370e-01
   2.3181324e-01
   2.1914189e-01
   2.2184482e-01
   2.2854377e-01
   2.2853450e-01
   2.3571718e-01
   2.1073342e-01
   2.2081232e-01
   2.3055380e-01
   2.3033083e-01
   2.2355721e-01
   2.2726696e-01
   2.1249336e-01
   2.2337490e-01
   2.2306212e-01
   2.3588100e-01
   2.1976309e-01
   2.2550651e-01
   2.2661742e-01
   2.3136852e-01
   2.2171377e-01
   2.2531696e-01
   2.3019303e-01
   2.3138872e-01
   2.2282688e-01
   2.2222575e-01
   2.2054351e-01
   2.2742239e-01
   2.2092933e-01
   2.1708332e-01
   2.1896291e-01
   2.1755805e-01
   2.3058781e-01
   2.4327854e-01
   2.1405188e-01
   2.4215674e-01
   2.2107352e-01
   2.4485823e-01
   2.2926838e-01
   2.2629694e-01
   2.2546039e-01
   2.3967934e-01
   2.3051480e-01
   2.2511146e-01
   2.2838968e-01
   2.1183613e-01
   2.2469726e-01
   2.2806548e-01
   2.2265737e-01
   2.3268335e-01
   2.1340397e-01
   2.3457392e-01
   2.2936358e-01
   2.2827055e-01
   2.3384706e-01
   2.2407568e-01
   2.2963359e-01
   2.2481967e-01
   2.1184535e-01
   2.3055397e-01
   2.2258786e-01
   2.3597311e-01
   2.3315171e-01
   2.3533452e-01
   2.3642047e-01
   2.1691913e-01
   2.3822024e-01
   2.2718431e-01
   2.2642278e-01
   2.1539207e-01
   2.2772542e-01
   2.3060952e-01
   2.2153073e-01
   2.4576869e-01
   2.1901516e-01
   2.3725513e-01
   2.2803319e-01
   2.2934579e-01
   2.2116491e-01
   2.2316033e-01
   2.2959121e-01
   2.1819898e-01
   2.2665117e-01
   2.2015395e-01
   2.3352523e-01
   2.2979409e-01
   2.2750554e-01
   2.2867996e-01
   2.1097770e-01
   2.2919320e-01
   2.1470893e-01
   2.2245323e-01
   2.3047689e-01
   2.3169180e-01
   2.2141795e-01
   2.1832330e-01
   2.2912855e-01
   2.2947206e-01
   2.2949585e-01
   2.3533966e-01
   2.3960010e-01
   2.4343113e-01
   2.3434543e-01
   2.2749937e-01
   2.4007842e-01
   2.2463470e-01
   2.3169570e-01
   2.2188211e-01
   2.2006331e-01
   2.1198623e-01
   2.2070139e-01
   2.3594947e-01
   2.1128911e-01
   2.2911892e-01
   2.2902810e-01
   2.3313340e-01
   2.1561635e-01
   2.3636025e-01
   2.3925011e-01
   2.2388582e-01
   2.2299068e-01
   2.3294940e-01
   2.3101024e-01
   2.2071193e-01
   2.1779930e-01
   2.4279904e-01
   2.3845635e-01
   2.3233108e-01
   2.4067655e-01
   2.2055835e-01
   2.3575034e-01
   2.2770866e-01
   2.2684700e-01
   2.2512730e-01
   2.2858377e-01
   2.2956646e-01
   2.1387529e-01
   2.3474102e-01
   2.1000188e-01
   2.4043359e-01
   2.2951739e-01
   2.0831789e-01
   2.2623329e-01
   2.3072682e-01
   2.2806832e-01
   2.2702262e-01
   2.2509568e-01
   2.2049326e-01
   2.2256944e-01
   2.3006399e-01
   2.2795316e-01
