   2.8950841e-02
   3.1448586e-02
   3.4393262e-02
   3.4804749e-02
   2.8126289e-02
   3.1859812e-02
   3.1928485e-02
   3.1436093e-02
   2.9777767e-02
   3.1353186e-02
   2.9798879e-02
   3.0191950e-02
   2.9299490e-02
   2.8430154e-02
   3.3768473e-02
   3.2531133e-02
   3.3411911e-02
   2.9970971e-02
   2.9710067e-02
   3.1969858e-02
   3.3235327e-02
   3.1696715e-02
   2.8662659e-02
   3.2233697e-02
   2.8182209e-02
   3.1504847e-02
   3.4893015e-02
   3.1739829e-02
   2.9769388e-02
   3.0221367e-02
   3.0684494e-02
   2.8196534e-02
   3.2051667e-02
   3.0612907e-02
   3.1817679e-02
   3.1407111e-02
   3.1568636e-02
   2.8461224e-02
   2.8086659e-02
   3.3753582e-02
   2.9618894e-02
   2.9729992e-02
   2.9861836e-02
   3.2619356e-02
   3.1287160e-02
   3.3357954e-02
   3.0996032e-02
   3.2177050e-02
   2.8677614e-02
   3.0070641e-02
   2.9774133e-02
   3.4891045e-02
   3.1412452e-02
   3.1212360e-02
   3.3627429e-02
   3.1126285e-02
   3.1895753e-02
   3.1984515e-02
   2.8390262e-02
   3.0148895e-02
   3.5900165e-02
   2.8233544e-02
   3.1230121e-02
   3.3129575e-02
   3.0603611e-02
   3.0195476e-02
   3.5100327e-02
   3.0431940e-02
   3.1443095e-02
   2.9729381e-02
   2.9505621e-02
   2.9061026e-02
   3.5194283e-02
   2.9441684e-02
   3.0120483e-02
   3.4091823e-02
   3.4843261e-02
   3.1912802e-02
   3.0477326e-02
   3.1019272e-02
   3.1366991e-02
   3.2229981e-02
   3.1175966e-02
   3.1160282e-02
   2.9468821e-02
   3.0621357e-02
   3.1197543e-02
   3.2169135e-02
   3.0178118e-02
   3.0567547e-02
   3.3237845e-02
   3.2983476e-02
   3.0029619e-02
   3.0036746e-02
   3.4187911e-02
   2.9280894e-02
   3.0464428e-02
   3.5094978e-02
   3.0527140e-02
   3.3139052e-02
   2.9491508e-02
   3.0417976e-02
   3.1064447e-02
   2.8445154e-02
   3.3125600e-02
   3.0994130e-02
   3.2192608e-02
   2.9652707e-02
   3.1569590e-02
   3.1223349e-02
   3.1997077e-02
   2.9243476e-02
   2.8883367e-02
   3.1365216e-02
   3.1164728e-02
   2.7654608e-02
   3.5805139e-02
   3.2026094e-02
   2.9143748e-02
   3.2539888e-02
   2.8944350e-02
   3.2699070e-02
   3.0732660e-02
   3.0646498e-02
   3.0325801e-02
   2.7457861e-02
   3.3411878e-02
   3.1869572e-02
   3.3482674e-02
   3.4963378e-02
   3.0096061e-02
   3.0795553e-02
   2.8492351e-02
   3.0389704e-02
   2.8296870e-02
   3.1821555e-02
   3.3648111e-02
   3.4035308e-02
   3.0259966e-02
   3.2555571e-02
   2.9369420e-02
   3.0290541e-02
   2.7170588e-02
   3.4417857e-02
   3.1474850e-02
   3.4058195e-02
   3.1580138e-02
   2.8636172e-02
   3.0484369e-02
   3.0005422e-02
   3.1383127e-02
   3.4610083e-02
   3.1508784e-02
   3.5075598e-02
   3.0425341e-02
   3.0691367e-02
   3.2229027e-02
   3.1269375e-02
   3.1935335e-02
   3.2598283e-02
   3.1486845e-02
   2.8472697e-02
   3.1168577e-02
   2.8360402e-02
   2.8395260e-02
   2.7708657e-02
   3.0163130e-02
   3.0629213e-02
   2.9653744e-02
   3.1938637e-02
   3.3848446e-02
   3.4964217e-02
   3.1161360e-02
   3.3045750e-02
   2.9704486e-02
   3.1989381e-02
   3.4108601e-02
   3.0503493e-02
   2.7907955e-02
   3.3558662e-02
   2.8157014e-02
   2.8181281e-02
   3.0151349e-02
   3.4921203e-02
   3.0040999e-02
   3.0830781e-02
   2.8041636e-02
   3.0849807e-02
   2.7161222e-02
   2.9456491e-02
   2.7856404e-02
   3.0357739e-02
   2.7905285e-02
   3.1693584e-02
   2.8230556e-02
   2.9070030e-02
   2.9766298e-02
   3.4265860e-02
   3.1574376e-02
   3.2489328e-02
   3.2411679e-02
   3.4212240e-02
   2.9492627e-02
   3.2749455e-02
   3.2251812e-02
   3.2183371e-02
   3.1219068e-02
   2.8151564e-02
   2.9395512e-02
   3.0060806e-02
   3.0272608e-02
   3.1531777e-02
   3.1899144e-02
   3.2766382e-02
   3.3389799e-02
   2.9579033e-02
   2.7028405e-02
   2.9460949e-02
   2.8200938e-02
   2.9888543e-02
   3.1120644e-02
   3.0091506e-02
   2.8231601e-02
   3.1508926e-02
   3.0247089e-02
   3.2218040e-02
   3.1958922e-02
   3.1090357e-02
   2.6839004e-02
   3.2051435e-02
   3.2878737e-02
   2.7178153e-02
   2.7784810e-02
   2.8066731e-02
   2.9368262e-02
   3.3520697e-02
   2.9570411e-02
   3.2579520e-02
   3.4596800e-02
   3.2892782e-02
   3.2755378e-02
   3.1729473e-02
   3.2367638e-02
   2.7660249e-02
   2.9581336e-02
   3.0295308e-02
   2.8051029e-02
   3.2019754e-02
   3.2201761e-02
   3.0048153e-02
   3.0138005e-02
   3.1528858e-02
   2.7997565e-02
   3.2142045e-02
   3.5595986e-02
   3.3333694e-02
   3.3635063e-02
   3.1399393e-02
   3.0114237e-02
   2.7386889e-02
   3.0053316e-02
   3.0253171e-02
   2.7462576e-02
   3.4116466e-02
   3.3721205e-02
   3.6426743e-02
   2.9525816e-02
   3.3232595e-02
   3.1199655e-02
   3.3436533e-02
   3.2211316e-02
   3.1366718e-02
   3.1458795e-02
   3.1570891e-02
   2.7753927e-02
   2.9758888e-02
   3.1009914e-02
   3.4058691e-02
   3.3275289e-02
   3.1599641e-02
   2.9547638e-02
   2.6886044e-02
   3.0603636e-02
   3.2659422e-02
   3.3547792e-02
   3.2527577e-02
   3.5143628e-02
   2.8100717e-02
   3.0063960e-02
   3.1420177e-02
   3.3733619e-02
   2.9802341e-02
   2.8433341e-02
   3.0096013e-02
   2.6866651e-02
   3.0542719e-02
   3.2556312e-02
   2.8458984e-02
   2.8208286e-02
   2.8460349e-02
