   4.4374195e-02
   4.0070315e-02
   4.0361338e-02
   3.9479418e-02
   4.4324835e-02
   4.4011038e-02
   2.7606023e-02
   2.9057569e-02
   3.2759119e-02
   3.0114251e-02
   3.5621616e-02
   3.3138882e-02
   3.7850825e-02
   3.3707274e-02
   3.2988329e-02
   4.4487697e-02
   4.5204127e-02
   3.3634134e-02
   3.9713659e-02
   3.3356642e-02
   4.0711402e-02
   3.6056659e-02
   4.4179018e-02
   3.1914760e-02
   4.0247751e-02
   4.3764409e-02
   3.1309865e-02
   4.0946394e-02
   4.0303961e-02
   4.0848276e-02
   3.5059018e-02
   4.4329899e-02
   3.1686162e-02
   2.8317754e-02
   3.2845746e-02
   3.0369573e-02
   2.7161825e-02
   3.6204002e-02
   3.4442345e-02
   4.0226353e-02
   3.8079832e-02
   4.2036571e-02
   4.2465190e-02
   3.2297053e-02
   2.9650603e-02
   3.3536533e-02
   2.8268743e-02
   3.6598172e-02
   3.6745112e-02
   3.5348918e-02
   3.4992502e-02
   4.2147489e-02
   3.4320377e-02
   3.2881127e-02
   4.7137550e-02
   4.0979391e-02
   4.0269731e-02
   4.2365814e-02
   3.0737553e-02
   3.5862910e-02
   4.6809538e-02
   3.7061340e-02
   3.5685467e-02
   3.2175666e-02
   3.8990478e-02
   3.6717128e-02
   4.5728058e-02
   3.1876469e-02
   3.3052668e-02
   3.2672045e-02
   4.0105891e-02
   3.7318980e-02
   3.7263198e-02
   3.0998038e-02
   3.1181609e-02
   3.9100947e-02
   3.2419439e-02
   3.3461488e-02
   4.3275234e-02
   3.8372976e-02
   4.1537321e-02
   3.3797962e-02
   3.0675368e-02
   2.9695576e-02
   4.4139667e-02
   3.6078898e-02
   3.5354281e-02
   3.5943756e-02
   4.5209022e-02
   3.3072912e-02
   3.4196458e-02
   2.7298439e-02
   4.6960078e-02
   3.3079655e-02
   4.0798048e-02
   2.8754179e-02
   4.8410891e-02
   4.5376767e-02
   3.3235540e-02
   4.1461852e-02
   2.8733384e-02
   3.4117965e-02
   3.1688732e-02
   2.9413720e-02
   3.2952511e-02
   4.2412870e-02
   3.1512230e-02
   3.2694381e-02
   3.8495327e-02
   3.2353114e-02
   3.8642425e-02
   3.6777788e-02
   3.4292357e-02
   3.6587035e-02
   3.3600580e-02
   2.9659057e-02
   3.6527601e-02
   3.0688089e-02
   4.5711825e-02
   4.4919804e-02
   3.8705291e-02
   3.6799026e-02
   4.0458172e-02
   4.6445075e-02
   3.0806679e-02
   3.8458193e-02
   2.8064282e-02
   4.3338213e-02
   3.4809786e-02
   3.5029653e-02
   3.2251615e-02
   3.7272530e-02
   4.5861858e-02
   4.0157935e-02
   3.9538747e-02
   3.3950898e-02
   3.8858212e-02
   3.2814211e-02
   3.2410242e-02
   3.6259930e-02
   4.6031453e-02
   3.2525267e-02
   3.7666274e-02
   3.3203002e-02
   4.8555603e-02
   3.3672048e-02
   3.4095597e-02
   4.4554996e-02
   4.5511182e-02
   3.5888473e-02
   3.8068710e-02
   3.8118387e-02
   4.0622105e-02
   3.6796644e-02
   3.2910251e-02
   4.0155193e-02
   3.8702486e-02
   4.4506785e-02
   4.5752893e-02
   3.7155469e-02
   4.3774375e-02
   4.3093984e-02
   4.4400369e-02
   4.3594185e-02
   3.2640754e-02
   3.0906915e-02
   4.0757675e-02
   3.9063158e-02
   3.8578198e-02
   3.4154334e-02
   4.1241130e-02
   3.3582689e-02
   3.7868397e-02
   3.4909393e-02
   4.0101808e-02
   4.1150540e-02
   3.5315813e-02
   3.2025266e-02
   4.2836271e-02
   4.5018883e-02
   3.8909545e-02
   3.3690388e-02
   2.6936211e-02
   3.8151750e-02
   4.3098303e-02
   3.4125794e-02
   4.7418588e-02
   4.2421241e-02
   4.1186231e-02
   3.5704137e-02
   4.4913462e-02
   3.3172458e-02
   3.7983054e-02
   3.7447317e-02
   4.0703003e-02
   3.1575648e-02
   3.0314390e-02
   3.9631413e-02
   3.4513505e-02
   3.4896779e-02
   4.4749537e-02
   4.1252934e-02
   3.0344958e-02
   4.7551700e-02
   3.8576082e-02
   3.7764002e-02
   3.1395783e-02
   4.0438730e-02
   3.4671902e-02
   3.7848163e-02
   3.8436293e-02
   4.0245275e-02
   4.4245096e-02
   3.0278648e-02
   4.1243627e-02
   3.9779422e-02
   3.4499276e-02
   4.1495116e-02
   4.4228762e-02
   3.5803145e-02
   3.8481484e-02
   3.2063271e-02
   4.6744827e-02
   3.6783171e-02
   3.3874324e-02
   3.8261659e-02
   4.5039709e-02
   3.5110752e-02
   3.4529279e-02
   3.5604806e-02
   3.8020851e-02
   3.1594664e-02
   4.0450076e-02
   4.1003247e-02
   3.7673051e-02
   3.5236285e-02
   3.5566954e-02
   3.7525679e-02
   4.4985695e-02
   3.3187242e-02
   3.2775968e-02
   3.1070310e-02
   3.2755954e-02
   3.7025177e-02
   4.3337731e-02
   3.9865318e-02
   3.4501122e-02
   4.4570228e-02
   3.9905072e-02
   3.5064294e-02
   4.6780264e-02
   4.2773206e-02
   3.5134557e-02
   4.8771227e-02
   3.8293134e-02
   4.4724675e-02
   3.6498052e-02
   3.8534289e-02
   2.9273357e-02
   2.7292929e-02
   2.9448771e-02
   3.7222093e-02
   3.1947144e-02
   3.9908552e-02
   4.2756194e-02
   4.1221026e-02
   3.4236141e-02
   4.1029099e-02
   3.4976499e-02
   4.5234095e-02
   3.3898236e-02
   3.7545311e-02
   4.1717552e-02
   3.6249208e-02
   3.6073110e-02
   3.7534626e-02
   3.9168986e-02
   3.7349621e-02
   2.8726948e-02
   4.0949859e-02
   3.4945189e-02
   3.7075777e-02
   4.2954242e-02
   2.9512226e-02
   4.1244568e-02
   3.7022124e-02
   4.3585170e-02
   3.0093972e-02
   4.4270087e-02
   4.4045559e-02
   3.3657014e-02
   4.7902510e-02
   4.1649117e-02
   4.1383888e-02
   4.0456060e-02
   2.8009128e-02
   3.9062778e-02
   4.3338288e-02
   4.0406950e-02
   3.4334191e-02
