   4.2263661e-02
   4.2049847e-02
   4.2070001e-02
   4.2079330e-02
   4.1895413e-02
   4.1887363e-02
   4.2184706e-02
   4.2178641e-02
   4.1882392e-02
   4.1880443e-02
   4.2052538e-02
   4.1879596e-02
   4.2298296e-02
   4.1888703e-02
   4.2038351e-02
   4.1847717e-02
   4.2078934e-02
   4.1860446e-02
   4.2165964e-02
   4.2662154e-02
   4.1908860e-02
   4.1886653e-02
   4.1851360e-02
   4.1874622e-02
   4.2434887e-02
   4.1892424e-02
   4.2032902e-02
   4.1944518e-02
   4.2202248e-02
   4.2533484e-02
   4.2080946e-02
   4.2628631e-02
   4.1921355e-02
   4.1889514e-02
   4.1893070e-02
   4.1887494e-02
   4.1887502e-02
   4.2592813e-02
   4.1861681e-02
   4.2524396e-02
   4.2046934e-02
   4.1852198e-02
   4.1881477e-02
   4.1979560e-02
   4.1973414e-02
   4.2005686e-02
   4.2150444e-02
   4.2195241e-02
   4.2004421e-02
   4.2536933e-02
   4.1887167e-02
   4.2201086e-02
   4.1874840e-02
   4.1950094e-02
   4.1888218e-02
   4.1841203e-02
   4.2506651e-02
   4.2318973e-02
   4.1927308e-02
   4.2001448e-02
   4.1888742e-02
   4.2342866e-02
   4.1866695e-02
   4.2610015e-02
   4.2482007e-02
   4.2059184e-02
   4.1978650e-02
   4.1928455e-02
   4.2161362e-02
   4.1892490e-02
   4.2213366e-02
   4.1986930e-02
   4.1840216e-02
   4.1982309e-02
   4.2211262e-02
   4.1925577e-02
   4.1881584e-02
   4.1891363e-02
   4.1887433e-02
   4.2725128e-02
   4.1976335e-02
   4.1886337e-02
   4.2035088e-02
   4.1839458e-02
   4.2096824e-02
   4.1894762e-02
   4.2279106e-02
   4.1945997e-02
   4.1884850e-02
   4.2236231e-02
   4.1887935e-02
   4.1949086e-02
   4.2553041e-02
   4.2297788e-02
   4.1883824e-02
   4.1921976e-02
   4.1907634e-02
   4.2193442e-02
   4.1899069e-02
   4.1886557e-02
   4.1867437e-02
   4.2223714e-02
   4.2126455e-02
   4.2375159e-02
   4.1886097e-02
   4.1892099e-02
   4.2271654e-02
   4.2221670e-02
   4.2069664e-02
   4.1884205e-02
   4.2264307e-02
   4.2638511e-02
   4.2577753e-02
   4.2301599e-02
   4.1891270e-02
   4.1870608e-02
   4.1883152e-02
   4.1931995e-02
   4.2468264e-02
   4.2350231e-02
   4.1861341e-02
   4.2625148e-02
   4.2498262e-02
   4.1886061e-02
   4.1911182e-02
   4.1878875e-02
   4.2021018e-02
   4.2175654e-02
   4.1852051e-02
   4.2226016e-02
   4.1950589e-02
   4.2308830e-02
   4.2391228e-02
   4.1879627e-02
   4.1907638e-02
   4.1995558e-02
   4.2123675e-02
   4.2557368e-02
   4.1858121e-02
   4.2242864e-02
   4.1852583e-02
   4.1856484e-02
   4.2175502e-02
   4.2333499e-02
   4.2073656e-02
   4.1887989e-02
   4.1836175e-02
   4.1879620e-02
   4.1847672e-02
   4.1941816e-02
   4.2255030e-02
   4.2145629e-02
   4.1836165e-02
   4.1963519e-02
   4.2684618e-02
   4.2297068e-02
   4.1887864e-02
   4.2310980e-02
   4.2060223e-02
   4.1860449e-02
   4.2632485e-02
   4.1886282e-02
   4.2130473e-02
   4.1904333e-02
   4.1884834e-02
   4.2064448e-02
   4.2071658e-02
   4.1900188e-02
   4.1885709e-02
   4.1884758e-02
   4.1887358e-02
   4.1852620e-02
   4.2153735e-02
   4.2305627e-02
   4.2259827e-02
   4.2155074e-02
   4.2408262e-02
   4.2666291e-02
   4.2190316e-02
   4.1887317e-02
   4.1883389e-02
   4.1886278e-02
   4.1887029e-02
   4.2528349e-02
   4.2071958e-02
   4.2002426e-02
   4.2155919e-02
   4.2333654e-02
   4.1918669e-02
   4.1911190e-02
   4.2099321e-02
   4.1840733e-02
   4.2175274e-02
   4.1840036e-02
   4.1939114e-02
   4.2545359e-02
   4.1917296e-02
   4.1920461e-02
   4.2282169e-02
   4.2030852e-02
   4.1871118e-02
   4.1986002e-02
   4.2232095e-02
   4.2026793e-02
   4.2327905e-02
   4.2261364e-02
   4.2277168e-02
   4.1847223e-02
   4.2657154e-02
   4.1901430e-02
   4.2126444e-02
   4.2374849e-02
   4.1906624e-02
   4.2063263e-02
   4.1945772e-02
   4.2177943e-02
   4.1934158e-02
   4.1854486e-02
   4.2320026e-02
   4.2512200e-02
   4.1919614e-02
   4.2584423e-02
   4.1919763e-02
   4.1837048e-02
   4.2174476e-02
   4.2247494e-02
   4.2442878e-02
   4.2663480e-02
   4.1888286e-02
   4.2830375e-02
   4.1867448e-02
   4.1905444e-02
   4.1974686e-02
   4.1939348e-02
   4.1886733e-02
   4.2249211e-02
   4.2279111e-02
   4.1968251e-02
   4.2566700e-02
   4.1892103e-02
   4.1876574e-02
   4.1902594e-02
   4.2073086e-02
   4.1858079e-02
   4.1860222e-02
   4.1860074e-02
   4.2063134e-02
   4.2263457e-02
   4.2161134e-02
   4.2216095e-02
   4.2128321e-02
   4.1905620e-02
   4.2496352e-02
   4.2532035e-02
   4.2098952e-02
   4.1914378e-02
   4.2149847e-02
   4.1929264e-02
   4.2293588e-02
   4.1888202e-02
   4.1955211e-02
   4.2563534e-02
   4.1876769e-02
   4.1854677e-02
   4.2161852e-02
   4.2126371e-02
   4.2653008e-02
   4.1847324e-02
   4.1887904e-02
   4.1884212e-02
   4.1887320e-02
   4.2807548e-02
   4.2204432e-02
   4.1851435e-02
   4.1885866e-02
   4.2349714e-02
   4.2035491e-02
   4.1835111e-02
   4.2777187e-02
   4.2347087e-02
   4.1850249e-02
   4.1952333e-02
   4.1887325e-02
   4.1974036e-02
   4.2426926e-02
   4.2145856e-02
   4.1893997e-02
   4.2086933e-02
   4.2229096e-02
   4.2051281e-02
   4.1901982e-02
   4.2288646e-02
   4.1883451e-02
   4.2807946e-02
   4.1859380e-02
   4.1848118e-02
   4.2166656e-02
   4.2557043e-02
   4.2790200e-02
   4.2267117e-02
