   3.6097943e-02
   3.7285737e-02
   3.5952336e-02
   3.3073255e-02
   3.4313064e-02
   3.2045944e-02
   3.6372763e-02
   3.4519940e-02
   3.5916883e-02
   3.6149535e-02
   3.9481236e-02
   3.2609957e-02
   3.8625590e-02
   3.3168651e-02
   3.4736612e-02
   3.6438206e-02
   3.3112465e-02
   3.7547136e-02
   3.4602821e-02
   3.7543920e-02
   3.8619605e-02
   3.4900269e-02
   4.0936118e-02
   3.6979054e-02
   3.6073621e-02
   3.5209053e-02
   3.5773668e-02
   3.8050632e-02
   3.3207258e-02
   3.7922030e-02
   3.6361022e-02
   3.6985510e-02
   3.3034090e-02
   3.3211028e-02
   3.4720083e-02
   3.5524048e-02
   3.4934570e-02
   3.6513435e-02
   3.7682961e-02
   3.7537090e-02
   3.2241109e-02
   3.5911368e-02
   3.8999498e-02
   3.5840645e-02
   3.1790028e-02
   3.8449538e-02
   3.9487796e-02
   3.7422913e-02
   3.5081053e-02
   3.2213621e-02
   3.9212784e-02
   3.6200037e-02
   3.5603109e-02
   3.4457481e-02
   4.1061033e-02
   3.3268654e-02
   3.6241018e-02
   3.5703447e-02
   3.1949575e-02
   3.6211059e-02
   3.5538494e-02
   3.7670613e-02
   3.6875494e-02
   3.1843577e-02
   3.2910565e-02
   3.9521053e-02
   3.7119193e-02
   3.7846527e-02
   3.5699836e-02
   3.5773706e-02
   3.6195400e-02
   3.5124608e-02
   3.9041228e-02
   3.3752925e-02
   3.6787469e-02
   3.3303685e-02
   3.7942073e-02
   3.3734502e-02
   3.7795782e-02
   3.3391321e-02
   3.2968168e-02
   3.3958709e-02
   3.5815906e-02
   3.6216195e-02
   3.7959489e-02
   3.2852794e-02
   3.4687795e-02
   3.2593618e-02
   3.2461614e-02
   3.2017220e-02
   3.5858808e-02
   3.7090724e-02
   3.9493082e-02
   3.3555584e-02
   3.8507443e-02
   3.7447901e-02
   3.7223765e-02
   3.7446662e-02
   3.5404053e-02
   3.6807769e-02
   3.2730689e-02
   3.6451403e-02
   3.7903891e-02
   3.4764212e-02
   3.5447844e-02
   4.0587409e-02
   3.7831577e-02
   3.6470438e-02
   3.6754277e-02
   3.8169165e-02
   3.2821064e-02
   3.5988756e-02
   3.6753503e-02
   3.4473667e-02
   3.1545019e-02
   3.1565251e-02
   3.8128473e-02
   3.4816386e-02
   3.5578845e-02
   3.6560364e-02
   3.3840878e-02
   3.7899966e-02
   3.2641009e-02
   3.6037844e-02
   3.8192088e-02
   3.5576801e-02
   3.7632894e-02
   3.5960562e-02
   3.4817213e-02
   3.6059140e-02
   3.3202781e-02
   3.3480520e-02
   3.6554714e-02
   3.7772346e-02
   3.2449305e-02
   3.8671719e-02
   3.5731567e-02
   3.4648754e-02
   3.3566067e-02
   3.6148931e-02
   3.2735201e-02
   3.7049051e-02
   3.2778962e-02
   3.9291892e-02
   3.2599200e-02
   3.2431615e-02
   4.0632316e-02
   3.5595604e-02
   3.1863582e-02
   3.6174507e-02
   3.4886711e-02
   3.4731059e-02
   3.4004897e-02
   3.2873931e-02
   3.3169740e-02
   3.3899103e-02
   3.9587305e-02
   3.7111430e-02
   3.7057568e-02
   3.6946463e-02
   3.3427278e-02
   3.5955817e-02
   3.7932560e-02
   3.6491507e-02
   3.7053798e-02
   3.6595266e-02
   3.8658734e-02
   3.2692173e-02
   3.4074873e-02
   3.9518795e-02
   3.6338970e-02
   3.7125070e-02
   3.7367346e-02
   3.6596286e-02
   3.2214254e-02
   3.2403078e-02
   3.9792665e-02
   3.8083221e-02
   3.6339573e-02
   3.5137254e-02
   3.8117904e-02
   3.8061696e-02
   3.6948306e-02
   3.4730602e-02
   3.8988407e-02
   3.3026090e-02
   3.6637332e-02
   3.7753498e-02
   3.7704384e-02
   3.2668475e-02
   3.4845315e-02
   3.5475090e-02
   3.7321768e-02
   3.6311157e-02
   3.5995556e-02
   3.5924152e-02
   3.6396437e-02
   3.9148865e-02
   3.8054975e-02
   3.4906601e-02
   3.1952069e-02
   3.8782640e-02
   3.7678777e-02
   3.6807961e-02
   3.6025188e-02
   3.2062601e-02
   3.8460308e-02
   3.5978319e-02
   4.1157520e-02
   3.2204613e-02
   3.5863260e-02
   3.8145283e-02
   3.6194927e-02
   3.6150671e-02
   3.7505827e-02
   3.2693487e-02
   3.8551840e-02
   3.7808144e-02
   3.2464672e-02
   3.8614736e-02
   3.2866262e-02
   3.6210994e-02
   3.6628170e-02
   3.2097161e-02
   3.7139236e-02
   3.3761252e-02
   3.8067385e-02
   3.7660030e-02
   3.5598724e-02
   3.4069562e-02
   3.4751699e-02
   3.5171313e-02
   3.5232145e-02
   3.4289033e-02
   3.2430485e-02
   3.3684694e-02
   3.3573203e-02
   3.2834165e-02
   3.8497040e-02
   3.4855325e-02
   4.0313337e-02
   3.3014510e-02
   3.5297840e-02
   3.6906846e-02
   3.9280420e-02
   3.5323727e-02
   4.0008942e-02
   3.1512247e-02
   3.9730047e-02
   4.0644361e-02
   3.7431084e-02
   3.5884554e-02
   3.5638484e-02
   3.6540268e-02
   3.7732132e-02
   3.8675922e-02
   3.7607219e-02
   3.8106654e-02
   3.4444674e-02
   3.7539623e-02
   3.3199702e-02
   3.8363861e-02
   3.4889036e-02
   3.6144483e-02
   3.9257405e-02
   3.6776382e-02
   3.3173513e-02
   3.6477867e-02
   3.2838401e-02
   3.5749463e-02
   3.5312133e-02
   3.7563622e-02
   3.4333775e-02
   3.7916180e-02
   3.6772890e-02
   3.3314979e-02
   3.5159072e-02
   3.2673221e-02
   3.4610706e-02
   3.7825097e-02
   3.8836240e-02
   3.7169612e-02
   3.1644226e-02
   3.4603402e-02
   3.6594187e-02
   3.5673222e-02
   3.3555518e-02
   3.8747730e-02
   3.4199371e-02
   3.7081750e-02
   3.8042836e-02
   3.8818006e-02
   3.8728055e-02
   3.8019172e-02
   3.3919968e-02
   3.2104407e-02
   3.7195228e-02
   3.4535884e-02
   3.6404652e-02
   3.2672720e-02
