   3.9345391e-02
   4.3745482e-02
   4.0095951e-02
   3.9693563e-02
   4.1973564e-02
   3.9091534e-02
   4.3237264e-02
   3.9407229e-02
   3.9216290e-02
   4.0601785e-02
   3.9680064e-02
   3.9922068e-02
   3.9491760e-02
   3.9148689e-02
   4.1503744e-02
   4.1824233e-02
   4.2115787e-02
   3.9577802e-02
   4.0072913e-02
   4.0274186e-02
   3.9895476e-02
   4.0956999e-02
   4.1527885e-02
   4.1259652e-02
   4.4443819e-02
   4.2209345e-02
   4.1210422e-02
   4.0919550e-02
   4.4404945e-02
   4.3854751e-02
   3.9212983e-02
   4.0113843e-02
   4.1980315e-02
   3.9734298e-02
   4.1740642e-02
   4.3426230e-02
   3.9562428e-02
   4.2675270e-02
   3.9173858e-02
   4.3546348e-02
   4.1680349e-02
   4.0979661e-02
   4.0347586e-02
   3.9749771e-02
   4.2161622e-02
   3.9408348e-02
   3.9105827e-02
   4.0374570e-02
   4.5712289e-02
   4.0853601e-02
   4.0421572e-02
   4.1721143e-02
   3.9718996e-02
   3.9957763e-02
   4.1160557e-02
   3.9926022e-02
   4.3315707e-02
   4.0313505e-02
   3.9184982e-02
   4.1415855e-02
   3.9594473e-02
   3.9132065e-02
   4.4215942e-02
   3.9229690e-02
   4.3838864e-02
   4.3903659e-02
   4.0090419e-02
   4.1218395e-02
   4.0251212e-02
   3.9369794e-02
   4.1440162e-02
   3.9533331e-02
   4.4327618e-02
   3.9749213e-02
   4.1234553e-02
   4.1198369e-02
   4.5498945e-02
   3.9104592e-02
   4.0364810e-02
   4.1178397e-02
   4.4337541e-02
   4.0980902e-02
   3.9402342e-02
   4.1856682e-02
   4.3965409e-02
   3.9402420e-02
   4.0230449e-02
   4.2346486e-02
   4.0755478e-02
   4.0865671e-02
   3.9507515e-02
   4.0200197e-02
   4.0318900e-02
   3.9738695e-02
   4.4021334e-02
   4.1459913e-02
   4.1573850e-02
   4.4499662e-02
   3.9387368e-02
   4.5657214e-02
   4.0204887e-02
   4.4180997e-02
   3.9099993e-02
   4.3134708e-02
   4.5921107e-02
   4.0739130e-02
   4.5821017e-02
   3.9707395e-02
   4.0106517e-02
   3.9853368e-02
   3.9900453e-02
   3.9780926e-02
   4.1005379e-02
   4.0996408e-02
   4.1974115e-02
   4.4249483e-02
   3.9399890e-02
   4.0392071e-02
   4.1553774e-02
   4.0345212e-02
   4.1657162e-02
   4.0866506e-02
   4.0430423e-02
   3.9100758e-02
   4.2107000e-02
   3.9174742e-02
   4.0275984e-02
   4.0693463e-02
   4.1360388e-02
   4.1534965e-02
   3.9669782e-02
   4.3434554e-02
   3.9275654e-02
   3.9118520e-02
   4.1872418e-02
   4.2116110e-02
   4.1116484e-02
   4.0739074e-02
   4.1301435e-02
   4.0949485e-02
   3.9599588e-02
   4.2241219e-02
   4.0006729e-02
   4.3182362e-02
   4.5517738e-02
   3.9556502e-02
   3.9533097e-02
   4.1643822e-02
   4.1015266e-02
   3.9850453e-02
   4.1582701e-02
   4.4384396e-02
   4.0622113e-02
   4.2448408e-02
   4.3318738e-02
   3.9988657e-02
   3.9543108e-02
   3.9520943e-02
   3.9880719e-02
   4.0730417e-02
   3.9184821e-02
   4.0062816e-02
   4.0986864e-02
   4.1369658e-02
   4.3262446e-02
   4.0089079e-02
   4.0236228e-02
   4.0802958e-02
   4.1632202e-02
   3.9122200e-02
   4.0755791e-02
   4.0142541e-02
   3.9398368e-02
   4.2161537e-02
   3.9687677e-02
   3.9231567e-02
   4.1428462e-02
   4.4021716e-02
   4.3094459e-02
   3.9850172e-02
   3.9774001e-02
   4.5613144e-02
   3.9296744e-02
   4.3164933e-02
   4.2883297e-02
   3.9664376e-02
   3.9500411e-02
   3.9450697e-02
   4.0893344e-02
   4.0088778e-02
   3.9314266e-02
   4.4087119e-02
   3.9694362e-02
   4.3279324e-02
   4.0776190e-02
   4.0921489e-02
   3.9415210e-02
   4.0998193e-02
   4.4954677e-02
   3.9367121e-02
   3.9411332e-02
   4.0234399e-02
   3.9177792e-02
   4.0675016e-02
   3.9183375e-02
   3.9786254e-02
   3.9742266e-02
   4.1746200e-02
   3.9925764e-02
   3.9211845e-02
   4.4495103e-02
   4.4927635e-02
   3.9758657e-02
   4.0104595e-02
   4.1528685e-02
   4.3999911e-02
   4.2265305e-02
   3.9772654e-02
   3.9363743e-02
   4.1535880e-02
   3.9282607e-02
   3.9313907e-02
   3.9960599e-02
   3.9470527e-02
   3.9386718e-02
   4.0255868e-02
   3.9158548e-02
   3.9953527e-02
   4.4925906e-02
   3.9594132e-02
   3.9274647e-02
   4.0109923e-02
   4.0919534e-02
   4.2859232e-02
   4.0485807e-02
   4.0993915e-02
   4.0252278e-02
   3.9091289e-02
   4.1510194e-02
   4.0236240e-02
   3.9878127e-02
   4.0955426e-02
   4.2400383e-02
   3.9490898e-02
   4.0466902e-02
   4.0544275e-02
   3.9751835e-02
   4.1652326e-02
   4.3645642e-02
   3.9307780e-02
   4.1421974e-02
   4.0112542e-02
   3.9651368e-02
   4.1157288e-02
   4.1363526e-02
   4.0833492e-02
   3.9238909e-02
   3.9851832e-02
   4.4301539e-02
   3.9730720e-02
   4.2225417e-02
   3.9461912e-02
   3.9326297e-02
   4.2657008e-02
   4.4334626e-02
   4.3725264e-02
   4.1021552e-02
   4.4742710e-02
   3.9242250e-02
   4.1608497e-02
   4.2092006e-02
   4.0571470e-02
   3.9197838e-02
   3.9231833e-02
   4.1149772e-02
   4.2168917e-02
   4.1122875e-02
   4.4955377e-02
   4.0327557e-02
   4.0062291e-02
   4.4400804e-02
   3.9252501e-02
   4.0129867e-02
   3.9163759e-02
   4.2153997e-02
   4.1574791e-02
   4.4723260e-02
   4.5214292e-02
   3.9335989e-02
   4.0675755e-02
   4.4596547e-02
   4.0380522e-02
   3.9424268e-02
   4.2447893e-02
   4.3275377e-02
   4.0921158e-02
   4.0015281e-02
   4.1195585e-02
   3.9198169e-02
   4.0072877e-02
