   1.8728859e-01
   1.8848627e-01
   1.7817603e-01
   1.9005306e-01
   1.9020248e-01
   1.8342384e-01
   1.7895158e-01
   1.9144964e-01
   1.8268090e-01
   1.8198382e-01
   1.7741974e-01
   1.8676707e-01
   1.8109775e-01
   1.8112449e-01
   1.9110665e-01
   1.8944950e-01
   1.8358699e-01
   1.7431632e-01
   1.7687281e-01
   1.7449658e-01
   1.8848607e-01
   1.8534088e-01
   1.8890305e-01
   1.9067170e-01
   1.7806741e-01
   1.7787954e-01
   1.9032401e-01
   1.8807695e-01
   1.9094391e-01
   1.7642482e-01
   1.7479868e-01
   1.8213297e-01
   1.8813011e-01
   1.8780573e-01
   1.8811621e-01
   1.7378194e-01
   1.8299486e-01
   1.7894468e-01
   1.8129252e-01
   1.7911965e-01
   1.8985936e-01
   1.8346958e-01
   1.9121365e-01
   1.9115496e-01
   1.7824976e-01
   1.9127267e-01
   1.8588683e-01
   1.8927570e-01
   1.8808156e-01
   1.8838726e-01
   1.8833363e-01
   1.8951190e-01
   1.8742711e-01
   1.8787738e-01
   1.8177080e-01
   1.8654306e-01
   1.7543742e-01
   1.7999356e-01
   1.8060677e-01
   1.9123095e-01
   1.8882760e-01
   1.9161549e-01
   1.7474729e-01
   1.8260358e-01
   1.7626283e-01
   1.7583093e-01
   1.8056089e-01
   1.8911335e-01
   1.8730943e-01
   1.8917823e-01
   1.8596858e-01
   1.8804653e-01
   1.9123814e-01
   1.8983760e-01
   1.7195977e-01
   1.8883763e-01
   1.8353612e-01
   1.8870516e-01
   1.7558935e-01
   1.7243729e-01
   1.7765687e-01
   1.7294486e-01
   1.9116822e-01
   1.9021406e-01
   1.8840183e-01
   1.7459219e-01
   1.8887174e-01
   1.8245266e-01
   1.8654887e-01
   1.9158406e-01
   1.8273918e-01
   1.8764178e-01
   1.9135378e-01
   1.7697654e-01
   1.7956203e-01
   1.7600866e-01
   1.7714008e-01
   1.7531361e-01
   1.9142337e-01
   1.9144803e-01
   1.7707223e-01
   1.7287093e-01
   1.9010820e-01
   1.9146073e-01
   1.8644515e-01
   1.9161820e-01
   1.7311421e-01
   1.6933043e-01
   1.8831404e-01
   1.7982312e-01
   1.7538944e-01
   1.8615496e-01
   1.8437443e-01
   1.9120998e-01
   1.9158275e-01
   1.8820607e-01
   1.8999126e-01
   1.8327914e-01
   1.9059401e-01
   1.8662262e-01
   1.8842993e-01
   1.7413448e-01
   1.8805377e-01
   1.8678978e-01
   1.7774715e-01
   1.8422662e-01
   1.7989114e-01
   1.7518660e-01
   1.9135057e-01
   1.8850150e-01
   1.7271349e-01
   1.8869793e-01
   1.8431332e-01
   1.8750251e-01
   1.8099233e-01
   1.8582232e-01
   1.9119344e-01
   1.9100611e-01
   1.7199221e-01
   1.9122285e-01
   1.8775593e-01
   1.8571424e-01
   1.9176210e-01
   1.8094150e-01
   1.8701370e-01
   1.7262096e-01
   1.8000112e-01
   1.8806739e-01
   1.8020625e-01
   1.8936580e-01
   1.8237148e-01
   1.8393080e-01
   1.8547294e-01
   1.8207511e-01
   1.7320318e-01
   1.8942454e-01
   1.9158725e-01
   1.9164169e-01
   1.8812003e-01
   1.8559501e-01
   1.8422755e-01
   1.8818506e-01
   1.8742934e-01
   1.9159569e-01
   1.7898627e-01
   1.9105495e-01
   1.9102122e-01
   1.8408302e-01
   1.8854722e-01
   1.9136141e-01
   1.7593666e-01
   1.7848079e-01
   1.7509248e-01
   1.7508362e-01
   1.8195892e-01
   1.9007830e-01
   1.8202690e-01
   1.7211910e-01
   1.8201454e-01
   1.8906116e-01
   1.7763821e-01
   1.7721637e-01
   1.8898868e-01
   1.8797470e-01
   1.8786475e-01
   1.7901284e-01
   1.9148003e-01
   1.8987898e-01
   1.6931833e-01
   1.8120168e-01
   1.8603903e-01
   1.8408140e-01
   1.7489123e-01
   1.8231150e-01
   1.9163941e-01
   1.8863131e-01
   1.8880859e-01
   1.9016689e-01
   1.7664318e-01
   1.7379240e-01
   1.8496468e-01
   1.8194805e-01
   1.8600250e-01
   1.8835905e-01
   1.9052448e-01
   1.9051379e-01
   1.8289398e-01
   1.8017398e-01
   1.7994998e-01
   1.7293035e-01
   1.8897489e-01
   1.8537344e-01
   1.8773170e-01
   1.9080128e-01
   1.8580628e-01
   1.8512820e-01
   1.8376692e-01
   1.7406074e-01
   1.9148712e-01
   1.8052162e-01
   1.9165430e-01
   1.9146731e-01
   1.7293820e-01
   1.8845888e-01
   1.8110192e-01
   1.7807636e-01
   1.7307439e-01
   1.9173882e-01
   1.8046167e-01
   1.7928626e-01
   1.8349997e-01
   1.7860960e-01
   1.8987895e-01
   1.8831680e-01
   1.7405323e-01
   1.7557909e-01
   1.9124061e-01
   1.8793277e-01
   1.8456424e-01
   1.8052525e-01
   1.8548337e-01
   1.8962983e-01
   1.8941086e-01
   1.8253186e-01
   1.9155489e-01
   1.8946044e-01
   1.8711325e-01
   1.8885430e-01
   1.7628131e-01
   1.8879673e-01
   1.8883621e-01
   1.9112204e-01
   1.7976111e-01
   1.8735052e-01
   1.8651498e-01
   1.8371881e-01
   1.7348218e-01
   1.8994140e-01
   1.7942817e-01
   1.8883305e-01
   1.9142593e-01
   1.7536620e-01
   1.8787919e-01
   1.8408508e-01
   1.9122103e-01
   1.9062523e-01
   1.8398700e-01
   1.8871968e-01
   1.9046414e-01
   1.8270001e-01
   1.7853480e-01
   1.7436581e-01
   1.9080713e-01
   1.9158325e-01
   1.8678958e-01
   1.8078929e-01
   1.8755072e-01
   1.7871132e-01
   1.7933748e-01
   1.7733845e-01
   1.8491809e-01
   1.8320056e-01
   1.9099293e-01
   1.8283366e-01
   1.8836251e-01
   1.8665847e-01
   1.8887368e-01
   1.7279650e-01
   1.8541277e-01
   1.7281898e-01
   1.8217119e-01
   1.8200216e-01
   1.8377244e-01
   1.8778143e-01
   1.7344281e-01
   1.8823118e-01
   1.8703424e-01
   1.8779834e-01
   1.7633904e-01
   1.7238860e-01
