   4.5378408e-02
   4.5914678e-02
   5.8550557e-02
   7.4197980e-02
   7.4259086e-02
   6.7880111e-02
   4.9731601e-02
   4.8741442e-02
   5.8977729e-02
   4.3159068e-02
   6.4349443e-02
   5.2782142e-02
   5.4872080e-02
   3.8336098e-02
   8.0504247e-02
   4.3138958e-02
   7.5686767e-02
   6.6658280e-02
   3.9630221e-02
   4.5972511e-02
   4.1785660e-02
   6.7287872e-02
   6.6471236e-02
   5.4285848e-02
   3.8660248e-02
   5.1656935e-02
   4.3154949e-02
   4.7203799e-02
   6.8348694e-02
   4.8431229e-02
   3.9942271e-02
   4.1024447e-02
   4.0609684e-02
   4.9936107e-02
   5.6199689e-02
   6.2531953e-02
   4.8492130e-02
   4.0660875e-02
   6.6703894e-02
   4.1952825e-02
   3.7948256e-02
   7.3092079e-02
   7.1883869e-02
   6.7110861e-02
   3.9972917e-02
   7.2708322e-02
   4.3527467e-02
   6.5882371e-02
   4.6352402e-02
   5.0258337e-02
   6.7015795e-02
   8.6757634e-02
   5.2592552e-02
   3.8637923e-02
   4.3043847e-02
   6.3085502e-02
   7.2254041e-02
   7.2041096e-02
   3.6845007e-02
   4.8846939e-02
   8.2975159e-02
   5.9749090e-02
   7.2625690e-02
   4.1548029e-02
   4.1745180e-02
   4.2765052e-02
   4.6485925e-02
   5.5087606e-02
   6.5169629e-02
   4.2067406e-02
   4.3927819e-02
   4.4998758e-02
   3.8796011e-02
   4.4746436e-02
   6.1123481e-02
   7.5106013e-02
   4.1386022e-02
   4.7249010e-02
   6.9363067e-02
   4.6529082e-02
   4.6975378e-02
   4.4670884e-02
   5.1677804e-02
   5.2154546e-02
   4.7591172e-02
   4.5926545e-02
   7.0838163e-02
   4.5015443e-02
   5.7708311e-02
   4.4131591e-02
   4.5225451e-02
   4.0033151e-02
   6.8102169e-02
   6.2250585e-02
   3.9772747e-02
   5.1874828e-02
   7.5632729e-02
   4.7655880e-02
   7.0068271e-02
   6.6073026e-02
   6.5161030e-02
   4.2378972e-02
   7.8009590e-02
   4.7826389e-02
   8.5520126e-02
   7.1056110e-02
   4.1864582e-02
   5.0183050e-02
   4.3435749e-02
   5.2287000e-02
   5.6277253e-02
   7.2383815e-02
   4.1247827e-02
   6.7842519e-02
   7.0178142e-02
   6.3958626e-02
   3.9187957e-02
   7.2652100e-02
   7.8595640e-02
   5.9648647e-02
   7.3914782e-02
   5.1020622e-02
   7.7934927e-02
   7.8101733e-02
   4.2194512e-02
   6.7738432e-02
   4.2426306e-02
   4.2836533e-02
   5.5658965e-02
   3.9566776e-02
   5.9121345e-02
   4.1607973e-02
   5.9467211e-02
   3.9343246e-02
   5.7401974e-02
   4.1912887e-02
   4.9087423e-02
   6.0923817e-02
   5.3709325e-02
   6.6022462e-02
   7.0530313e-02
   3.8286670e-02
   3.9817068e-02
   4.4692627e-02
   8.4960247e-02
   4.0059414e-02
   6.4080512e-02
   4.3957868e-02
   7.7903384e-02
   8.4108368e-02
   7.7162929e-02
   4.4376946e-02
   4.8650826e-02
   4.6671364e-02
   3.7845280e-02
   7.3818367e-02
   7.8702356e-02
   5.9229365e-02
   5.2956835e-02
   5.8754770e-02
   7.4544711e-02
   3.8612013e-02
   8.1662183e-02
   4.3382583e-02
   7.3996855e-02
   4.0715865e-02
   6.8223196e-02
   7.6148884e-02
   5.4438284e-02
   4.3802441e-02
   4.6751669e-02
   5.3336934e-02
   4.5644658e-02
   6.3621133e-02
   4.1149316e-02
   4.3332902e-02
   7.7223303e-02
   4.9841592e-02
   4.1149577e-02
   4.2542635e-02
   5.8243004e-02
   4.1778673e-02
   4.5429933e-02
   5.3463005e-02
   4.3568175e-02
   4.3965732e-02
   4.1660767e-02
   5.6137399e-02
   7.3679650e-02
   6.1581818e-02
   8.7055318e-02
   6.6945028e-02
   7.0762670e-02
   6.6941368e-02
   8.0287991e-02
   5.0167708e-02
   4.1563104e-02
   4.4334325e-02
   4.3269077e-02
   7.3330597e-02
   4.6086521e-02
   4.2015023e-02
   8.5305067e-02
   4.5442045e-02
   6.0400985e-02
   4.3254727e-02
   7.5664771e-02
   4.1415952e-02
   4.8108777e-02
   7.5265251e-02
   7.6236183e-02
   4.7768224e-02
   4.7043731e-02
   4.2142977e-02
   7.6415172e-02
   5.2048725e-02
   4.2740407e-02
   6.1114394e-02
   3.8332262e-02
   8.3394505e-02
   8.4013924e-02
   8.8596958e-02
   5.6490606e-02
   4.3287786e-02
   5.7519933e-02
   4.5408934e-02
   5.7413752e-02
   8.4768202e-02
   7.7756492e-02
   4.8886976e-02
   5.2766458e-02
   6.6265112e-02
   4.1709147e-02
   5.6674435e-02
   4.7106043e-02
   5.3220048e-02
   5.2458419e-02
   4.2530567e-02
   3.8172085e-02
   3.8842730e-02
   4.9230213e-02
   6.7743595e-02
   6.7625906e-02
   8.7971441e-02
   6.6495274e-02
   8.0442564e-02
   6.8010452e-02
   5.7627007e-02
   5.1461993e-02
   5.0065783e-02
   4.3417338e-02
   4.6131573e-02
   5.1642598e-02
   4.4601558e-02
   7.5934579e-02
   4.3443784e-02
   7.1823202e-02
   4.6503214e-02
   5.8398774e-02
   5.1016902e-02
   4.5188033e-02
   4.5936147e-02
   6.6947921e-02
   4.6276036e-02
   4.0642920e-02
   5.8243815e-02
   4.9489538e-02
   5.9236262e-02
   5.5311184e-02
   7.5158752e-02
   6.1234037e-02
   5.5592882e-02
   5.8934078e-02
   5.0585412e-02
   4.8953493e-02
   8.8589579e-02
   4.0462529e-02
   4.0880719e-02
   7.2826758e-02
   6.2275692e-02
   6.3301913e-02
   3.8326534e-02
   3.7774069e-02
   8.3016789e-02
   7.5514015e-02
   4.4648504e-02
   8.0207585e-02
   4.4894160e-02
   8.3422374e-02
   6.2825909e-02
   6.0917525e-02
   4.3899244e-02
   3.8504003e-02
   7.4390748e-02
   4.7771202e-02
   9.2231282e-02
   5.2738080e-02
   8.4925142e-02
   5.8702463e-02
   7.0225974e-02
