   3.2837758e-02
   3.3042910e-02
   3.2873068e-02
   3.3085603e-02
   3.2623776e-02
   3.2491968e-02
   3.2678893e-02
   3.2698735e-02
   3.3274878e-02
   3.2642574e-02
   3.2601415e-02
   3.2960177e-02
   3.2782681e-02
   3.3217997e-02
   3.2789772e-02
   3.3293031e-02
   3.2998452e-02
   3.2654898e-02
   3.2881810e-02
   3.3033657e-02
   3.2656863e-02
   3.3176928e-02
   3.3046721e-02
   3.3244037e-02
   3.3172981e-02
   3.2704135e-02
   3.3182002e-02
   3.3387346e-02
   3.2694695e-02
   3.2730938e-02
   3.2998854e-02
   3.2737940e-02
   3.2753144e-02
   3.2840631e-02
   3.2787844e-02
   3.2949217e-02
   3.3047231e-02
   3.2951160e-02
   3.2735909e-02
   3.3019653e-02
   3.3130816e-02
   3.3282577e-02
   3.2692583e-02
   3.2812216e-02
   3.2783959e-02
   3.3004400e-02
   3.2954158e-02
   3.3032727e-02
   3.2764492e-02
   3.2573295e-02
   3.2703062e-02
   3.2814307e-02
   3.2906651e-02
   3.2938023e-02
   3.3186485e-02
   3.3075042e-02
   3.3346880e-02
   3.2757141e-02
   3.2348344e-02
   3.3340080e-02
   3.3176202e-02
   3.2744404e-02
   3.2798770e-02
   3.3151203e-02
   3.2703492e-02
   3.3042620e-02
   3.3358404e-02
   3.2725394e-02
   3.3152638e-02
   3.3139933e-02
   3.3079040e-02
   3.2814022e-02
   3.2851737e-02
   3.3227593e-02
   3.3022921e-02
   3.2984766e-02
   3.3287135e-02
   3.2884168e-02
   3.2408507e-02
   3.2578920e-02
   3.2796012e-02
   3.2983877e-02
   3.3116322e-02
   3.3132499e-02
   3.2725820e-02
   3.2869170e-02
   3.2879961e-02
   3.2559628e-02
   3.2849915e-02
   3.2810738e-02
   3.3270683e-02
   3.2832055e-02
   3.3208719e-02
   3.3022959e-02
   3.3309216e-02
   3.3202468e-02
   3.3225577e-02
   3.2667730e-02
   3.2402506e-02
   3.2998031e-02
   3.2391525e-02
   3.2999031e-02
   3.2738539e-02
   3.3137136e-02
   3.2868420e-02
   3.2306671e-02
   3.2691413e-02
   3.2770964e-02
   3.2551495e-02
   3.3432300e-02
   3.3064931e-02
   3.2695065e-02
   3.2405761e-02
   3.3236531e-02
   3.2552412e-02
   3.3066031e-02
   3.3216662e-02
   3.3104903e-02
   3.2857001e-02
   3.3377859e-02
   3.2369025e-02
   3.3343600e-02
   3.3248915e-02
   3.3119115e-02
   3.3311399e-02
   3.3015794e-02
   3.2687171e-02
   3.2572973e-02
   3.2881224e-02
   3.2779709e-02
   3.3038916e-02
   3.2748936e-02
   3.2745304e-02
   3.3289307e-02
   3.3055050e-02
   3.2930663e-02
   3.2644908e-02
   3.2647969e-02
   3.2896580e-02
   3.2823856e-02
   3.3067066e-02
   3.3112330e-02
   3.2711061e-02
   3.3012637e-02
   3.2778311e-02
   3.2587549e-02
   3.2738382e-02
   3.2767573e-02
   3.2703355e-02
   3.3088383e-02
   3.2641020e-02
   3.3044330e-02
   3.2656927e-02
   3.2780809e-02
   3.3008763e-02
   3.2661000e-02
   3.2595887e-02
   3.2743230e-02
   3.2779230e-02
   3.3025519e-02
   3.2829182e-02
   3.2637995e-02
   3.2652251e-02
   3.2884403e-02
   3.3098683e-02
   3.2662571e-02
   3.3087463e-02
   3.2728037e-02
   3.2701469e-02
   3.3018296e-02
   3.2996543e-02
   3.2614733e-02
   3.3251110e-02
   3.2314034e-02
   3.2828698e-02
   3.2947798e-02
   3.2757650e-02
   3.3066693e-02
   3.2784356e-02
   3.3286917e-02
   3.3288410e-02
   3.2477265e-02
   3.3118837e-02
   3.3010971e-02
   3.2645900e-02
   3.2810692e-02
   3.3161656e-02
   3.3023465e-02
   3.2673966e-02
   3.2948180e-02
   3.2389990e-02
   3.2970710e-02
   3.3114526e-02
   3.2773112e-02
   3.2989448e-02
   3.2583092e-02
   3.2846590e-02
   3.2611855e-02
   3.3328072e-02
   3.2839091e-02
   3.2941106e-02
   3.2762724e-02
   3.2973905e-02
   3.2916766e-02
   3.2974539e-02
   3.3126362e-02
   3.2994022e-02
   3.3136210e-02
   3.2910331e-02
   3.3182504e-02
   3.2880327e-02
   3.3085468e-02
   3.3079418e-02
   3.2326556e-02
   3.2844307e-02
   3.2760788e-02
   3.3221008e-02
   3.2723985e-02
   3.3350862e-02
   3.2687909e-02
   3.2779157e-02
   3.2782719e-02
   3.2763733e-02
   3.2759903e-02
   3.2585151e-02
   3.2839630e-02
   3.2786514e-02
   3.2717576e-02
   3.3302312e-02
   3.3026973e-02
   3.3063216e-02
   3.2363603e-02
   3.3186276e-02
   3.2730237e-02
   3.2755995e-02
   3.3175387e-02
   3.2859978e-02
   3.2796604e-02
   3.3293068e-02
   3.2891621e-02
   3.2627098e-02
   3.2565412e-02
   3.2945988e-02
   3.3104875e-02
   3.3138288e-02
   3.2922131e-02
   3.2763132e-02
   3.2623936e-02
   3.2524656e-02
   3.3044016e-02
   3.3001547e-02
   3.3198642e-02
   3.2957620e-02
   3.2815330e-02
   3.2693822e-02
   3.2550822e-02
   3.3078355e-02
   3.3194675e-02
   3.3036904e-02
   3.2527741e-02
   3.2673683e-02
   3.2780878e-02
   3.2530322e-02
   3.2963670e-02
   3.2798857e-02
   3.3144316e-02
   3.3192864e-02
   3.3028158e-02
   3.2578778e-02
   3.3028010e-02
   3.3305619e-02
   3.3150454e-02
   3.3151265e-02
   3.3021022e-02
   3.2367275e-02
   3.2870901e-02
   3.2423419e-02
   3.3073731e-02
   3.3382021e-02
   3.3092382e-02
   3.2870383e-02
   3.2541866e-02
   3.2710290e-02
   3.2757770e-02
   3.2676808e-02
   3.2724572e-02
   3.2805237e-02
   3.3111078e-02
   3.2879892e-02
   3.2737551e-02
   3.2854416e-02
   3.2762625e-02
   3.2985857e-02
   3.2646786e-02
   3.2732552e-02
   3.3095775e-02
   3.3228389e-02
   3.2775692e-02
   3.2508943e-02
   3.3091895e-02
