   2.1989670e-01
   2.2316799e-01
   2.1110927e-01
   2.0644361e-01
   2.2226522e-01
   2.2574415e-01
   2.2050682e-01
   2.0752961e-01
   2.0987615e-01
   1.9939672e-01
   2.0617235e-01
   2.0700882e-01
   2.0810665e-01
   2.0005704e-01
   2.0683488e-01
   2.1564397e-01
   2.2321219e-01
   2.1016025e-01
   2.0660299e-01
   2.0687316e-01
   2.0997905e-01
   2.0699043e-01
   2.0622586e-01
   2.0760643e-01
   2.0382740e-01
   1.9951458e-01
   2.0732619e-01
   2.2084113e-01
   2.0940859e-01
   2.0432491e-01
   2.0902715e-01
   2.0675033e-01
   2.0345073e-01
   2.0311297e-01
   2.0538534e-01
   1.9855851e-01
   2.1374604e-01
   2.0818053e-01
   2.1140792e-01
   2.0970410e-01
   2.0207590e-01
   2.0192402e-01
   2.2119300e-01
   2.0611059e-01
   2.0102423e-01
   2.1907310e-01
   2.1601189e-01
   2.2160292e-01
   2.0438805e-01
   2.0628920e-01
   1.9991277e-01
   2.2056165e-01
   2.1472049e-01
   2.0617875e-01
   2.0517350e-01
   2.0723857e-01
   2.2415130e-01
   2.1401890e-01
   2.0981721e-01
   2.1136485e-01
   2.0000913e-01
   2.0588511e-01
   2.0688033e-01
   2.0329623e-01
   2.0676756e-01
   1.9534620e-01
   2.0314096e-01
   2.1615335e-01
   2.0703788e-01
   2.0535197e-01
   2.1048494e-01
   2.0847545e-01
   1.9964746e-01
   2.0406299e-01
   2.0008376e-01
   1.9899244e-01
   2.0715014e-01
   2.0502947e-01
   2.0637650e-01
   2.2384178e-01
   2.0028657e-01
   2.0226475e-01
   2.0579773e-01
   2.0476303e-01
   2.0922218e-01
   2.1034607e-01
   2.0741819e-01
   2.0769538e-01
   2.0958536e-01
   2.0080950e-01
   2.0930317e-01
   2.0609988e-01
   2.1532849e-01
   2.0987056e-01
   2.1477125e-01
   2.0261261e-01
   2.2536693e-01
   2.0699508e-01
   2.0725011e-01
   2.0039493e-01
   2.0571392e-01
   2.0820341e-01
   2.2116487e-01
   2.2089628e-01
   2.0641622e-01
   2.2260837e-01
   2.1396064e-01
   2.0714646e-01
   2.1521062e-01
   2.1658645e-01
   2.1613070e-01
   2.0998050e-01
   2.0816734e-01
   1.9919488e-01
   2.1002779e-01
   2.0848801e-01
   2.0578350e-01
   1.9907921e-01
   2.2066297e-01
   2.2210967e-01
   2.0766565e-01
   2.0911932e-01
   2.0590819e-01
   2.1020536e-01
   2.2008957e-01
   2.2236708e-01
   2.2134772e-01
   2.0054297e-01
   2.0642268e-01
   2.2152433e-01
   2.0968236e-01
   2.1603718e-01
   2.1834776e-01
   2.1026286e-01
   2.0474774e-01
   2.0355545e-01
   2.0611796e-01
   2.2353733e-01
   2.0630365e-01
   2.0525853e-01
   2.0370892e-01
   2.0730558e-01
   2.0562790e-01
   1.9961058e-01
   2.1921797e-01
   2.0759680e-01
   2.2465683e-01
   2.0852651e-01
   2.2298895e-01
   2.0912408e-01
   2.1988006e-01
   2.1592528e-01
   2.0980869e-01
   2.0919154e-01
   2.0849527e-01
   2.1356885e-01
   2.1625977e-01
   2.0345754e-01
   2.0615911e-01
   2.2071174e-01
   2.0581230e-01
   2.0082160e-01
   2.0650005e-01
   2.0564018e-01
   2.1415093e-01
   1.9536256e-01
   2.1595521e-01
   2.0563187e-01
   2.1612180e-01
   2.1055385e-01
   2.0105508e-01
   2.0172606e-01
   2.0640405e-01
   2.0771554e-01
   2.0983912e-01
   2.1265824e-01
   2.0265057e-01
   2.2394486e-01
   2.0891986e-01
   2.1883642e-01
   1.9883421e-01
   2.0617817e-01
   2.1904663e-01
   2.2464191e-01
   2.0677914e-01
   2.1011193e-01
   2.0958715e-01
   2.0697814e-01
   1.9877201e-01
   2.0274758e-01
   2.1418053e-01
   2.0842124e-01
   2.0537385e-01
   2.0996660e-01
   2.0740296e-01
   1.9878622e-01
   2.0619387e-01
   2.1862344e-01
   2.1033195e-01
   2.0650983e-01
   2.1117158e-01
   2.0283150e-01
   2.0946039e-01
   2.0059091e-01
   2.0614614e-01
   2.2461705e-01
   2.0458579e-01
   2.0730389e-01
   2.1665970e-01
   2.2219029e-01
   2.0942333e-01
   2.0164928e-01
   2.0345882e-01
   1.9911964e-01
   2.0982916e-01
   2.0876326e-01
   2.0578340e-01
   1.9910143e-01
   2.2459635e-01
   2.0114791e-01
   2.0814990e-01
   2.1388976e-01
   2.0260448e-01
   2.1077472e-01
   1.9846273e-01
   2.0570134e-01
   2.0551360e-01
   2.0684517e-01
   2.1797748e-01
   1.9934648e-01
   2.0794540e-01
   2.2078515e-01
   2.0131416e-01
   2.1565467e-01
   2.0311962e-01
   1.9859503e-01
   2.0412296e-01
   2.0580115e-01
   2.2127118e-01
   2.0721028e-01
   2.0651770e-01
   2.1106912e-01
   1.9916998e-01
   2.0370504e-01
   2.1022150e-01
   2.0951039e-01
   1.9637270e-01
   2.2339143e-01
   2.0497126e-01
   2.0760115e-01
   2.0551230e-01
   2.0440121e-01
   2.2528914e-01
   2.1575427e-01
   2.0183124e-01
   2.2447879e-01
   2.0779134e-01
   1.9960024e-01
   2.1342602e-01
   2.0626914e-01
   1.9958929e-01
   2.0170767e-01
   2.0373525e-01
   2.0060006e-01
   2.0817444e-01
   2.0574279e-01
   1.9988587e-01
   2.0736335e-01
   2.1045727e-01
   2.2029572e-01
   2.1499952e-01
   2.1921395e-01
   2.2197834e-01
   2.0375990e-01
   1.9855056e-01
   2.0354805e-01
   2.2472745e-01
   2.2300843e-01
   2.0144042e-01
   2.2566988e-01
   2.0860016e-01
   1.9958634e-01
   2.0295192e-01
   2.0946276e-01
   2.0895915e-01
   1.9895123e-01
   2.0968208e-01
   2.0269079e-01
   2.0583185e-01
   2.0222890e-01
   2.0346282e-01
   2.1511123e-01
   2.2309115e-01
   2.0165927e-01
   2.2381533e-01
   2.1855085e-01
   2.0774369e-01
   2.0838014e-01
   2.0307982e-01
   2.0624866e-01
