   6.7635600e-02
   7.0016413e-02
   6.8122246e-02
   6.3068990e-02
   6.4129225e-02
   6.3273382e-02
   6.4417049e-02
   7.0531646e-02
   6.7240360e-02
   6.3114278e-02
   6.7233014e-02
   6.3292491e-02
   7.0591234e-02
   6.3265387e-02
   6.3268489e-02
   6.4496800e-02
   6.8506458e-02
   6.7982984e-02
   6.3270208e-02
   6.8047740e-02
   6.9079860e-02
   6.8999603e-02
   6.6169499e-02
   6.5271804e-02
   6.3267431e-02
   6.3702516e-02
   6.4071868e-02
   6.3263550e-02
   6.3637227e-02
   6.6529987e-02
   6.8162063e-02
   6.5603997e-02
   6.7345222e-02
   6.3261604e-02
   6.9482085e-02
   6.3797629e-02
   6.3272904e-02
   6.6714512e-02
   6.7795538e-02
   6.3226994e-02
   7.0740241e-02
   6.4414869e-02
   6.3273607e-02
   6.6896082e-02
   6.9282949e-02
   6.6711623e-02
   6.3295848e-02
   6.3273308e-02
   6.6092086e-02
   6.5737229e-02
   6.6141546e-02
   6.8526641e-02
   6.6066258e-02
   6.6954832e-02
   6.4579319e-02
   6.6956416e-02
   6.4107157e-02
   6.3357422e-02
   6.4556282e-02
   7.0097665e-02
   7.0462281e-02
   6.3060948e-02
   6.3295788e-02
   6.3115333e-02
   6.3457682e-02
   6.9494266e-02
   6.3198671e-02
   6.9215174e-02
   6.5495693e-02
   6.9334252e-02
   6.3316624e-02
   6.4789987e-02
   6.7590873e-02
   6.8472334e-02
   6.4761899e-02
   6.8699791e-02
   6.6792282e-02
   6.6526421e-02
   6.6457005e-02
   6.6057518e-02
   6.6749650e-02
   6.3088967e-02
   6.5088618e-02
   6.3274281e-02
   6.4394682e-02
   6.7174139e-02
   6.4282330e-02
   6.4493453e-02
   6.3389156e-02
   6.7517895e-02
   6.3323967e-02
   6.5794825e-02
   6.3275178e-02
   6.8234581e-02
   6.9452334e-02
   6.6740425e-02
   6.5533312e-02
   6.5542453e-02
   6.9896265e-02
   6.6782794e-02
   6.5584766e-02
   6.3288819e-02
   6.5283253e-02
   6.3290884e-02
   7.0793297e-02
   6.6966923e-02
   6.3273373e-02
   6.3266373e-02
   6.4120788e-02
   6.6535088e-02
   6.3264859e-02
   6.3298734e-02
   6.6868636e-02
   6.6307912e-02
   6.7381513e-02
   6.3303939e-02
   6.6599034e-02
   6.3264820e-02
   7.0493423e-02
   6.6087872e-02
   6.9825459e-02
   7.0551174e-02
   6.9015345e-02
   6.9230662e-02
   6.8722855e-02
   6.3389056e-02
   7.0661138e-02
   6.7123145e-02
   6.6524782e-02
   7.0747632e-02
   6.3291086e-02
   6.3344168e-02
   6.6255723e-02
   7.0166813e-02
   6.3299025e-02
   6.4562676e-02
   6.3269998e-02
   7.0613229e-02
   6.7224473e-02
   6.5726232e-02
   6.3265900e-02
   6.5460692e-02
   6.3109261e-02
   7.0759823e-02
   6.6874670e-02
   6.7214753e-02
   6.5070925e-02
   6.3298564e-02
   6.7020642e-02
   6.9156674e-02
   6.7014010e-02
   6.3238659e-02
   6.3340605e-02
   6.3279630e-02
   6.8122972e-02
   6.3267792e-02
   6.5581835e-02
   7.0644356e-02
   6.6926810e-02
   6.6880222e-02
   6.7727260e-02
   6.7320058e-02
   6.3063344e-02
   6.3169783e-02
   6.3425517e-02
   6.3267924e-02
   7.0304401e-02
   7.0577737e-02
   6.3957687e-02
   6.6366510e-02
   6.7623965e-02
   6.6134943e-02
   6.3142615e-02
   6.3264957e-02
   6.5089257e-02
   7.0678140e-02
   6.5028311e-02
   6.5553657e-02
   6.8679752e-02
   6.8000035e-02
   6.8662053e-02
   6.8714963e-02
   6.8449958e-02
   6.6461228e-02
   6.9543864e-02
   7.0793264e-02
   6.7943578e-02
   6.7648098e-02
   6.4212914e-02
   6.6377624e-02
   6.6769646e-02
   6.3273733e-02
   6.3607953e-02
   6.6857544e-02
   6.6530162e-02
   6.7418850e-02
   6.5706561e-02
   6.3274418e-02
   6.3266374e-02
   6.9812865e-02
   6.3288920e-02
   6.6630307e-02
   6.6797461e-02
   7.0828752e-02
   6.3504675e-02
   6.3579388e-02
   7.0054272e-02
   7.0792976e-02
   6.3805538e-02
   6.8329264e-02
   6.5551064e-02
   6.3124977e-02
   6.5328267e-02
   6.5027242e-02
   6.3341301e-02
   6.3296854e-02
   6.6438883e-02
   6.6751046e-02
   6.4540199e-02
   6.3273059e-02
   6.3226804e-02
   7.0830080e-02
   6.6183400e-02
   6.6546819e-02
   6.3271669e-02
   6.3268392e-02
   6.3265289e-02
   6.3094377e-02
   7.0501204e-02
   6.3323746e-02
   6.3272322e-02
   6.5784454e-02
   6.5551490e-02
   6.3276848e-02
   6.4870310e-02
   6.3298800e-02
   6.6291516e-02
   6.3287913e-02
   7.0780559e-02
   7.0632870e-02
   6.9140327e-02
   6.3271633e-02
   6.3269906e-02
   6.7285980e-02
   6.3277268e-02
   6.7550962e-02
   6.6758044e-02
   6.8232193e-02
   6.4476043e-02
   6.6021937e-02
   6.5697770e-02
   6.7625021e-02
   6.9907981e-02
   6.5960746e-02
   6.4884718e-02
   6.3267231e-02
   6.7946283e-02
   6.9688130e-02
   6.8504223e-02
   6.5056907e-02
   6.4165437e-02
   6.6659416e-02
   6.3274486e-02
   6.6244230e-02
   6.5496166e-02
   6.7302257e-02
   6.6867983e-02
   6.6730920e-02
   6.7887897e-02
   6.3353206e-02
   6.4409423e-02
   6.7107341e-02
   6.5436260e-02
   7.0203780e-02
   6.3285303e-02
   6.3305937e-02
   7.0867480e-02
   6.3269283e-02
   6.3273690e-02
   6.6755131e-02
   6.3272996e-02
   7.0471709e-02
   6.3290781e-02
   6.7576474e-02
   6.6310040e-02
   6.3293527e-02
   6.3270692e-02
   6.3272351e-02
   6.4483214e-02
   6.3061264e-02
   6.8451122e-02
   6.6907933e-02
   6.6460408e-02
   6.6769390e-02
   6.9451324e-02
   6.3273963e-02
   6.3299975e-02
   6.4053915e-02
   6.3273613e-02
   6.7564942e-02
