   2.6974865e-01
   2.5278361e-01
   2.5630030e-01
   2.5863154e-01
   2.7309705e-01
   2.5567793e-01
   2.5426982e-01
   2.5925264e-01
   2.6916678e-01
   2.5551960e-01
   2.6415982e-01
   2.5297925e-01
   2.6972919e-01
   2.5675225e-01
   2.7581112e-01
   2.5275677e-01
   2.5270348e-01
   2.5281173e-01
   2.6060439e-01
   2.5579480e-01
   2.5982665e-01
   2.6193139e-01
   2.5426256e-01
   2.5572221e-01
   2.6546149e-01
   2.7509040e-01
   2.6950225e-01
   2.5619740e-01
   2.5427899e-01
   2.6639843e-01
   2.5265926e-01
   2.5552381e-01
   2.5287043e-01
   2.6301526e-01
   2.5271334e-01
   2.6673562e-01
   2.5684201e-01
   2.5713767e-01
   2.7018456e-01
   2.5376054e-01
   2.5275352e-01
   2.5624818e-01
   2.6992244e-01
   2.6380689e-01
   2.5327648e-01
   2.5783780e-01
   2.7637810e-01
   2.5483312e-01
   2.6620731e-01
   2.6295369e-01
   2.5436909e-01
   2.5990775e-01
   2.6219256e-01
   2.5272523e-01
   2.5703922e-01
   2.5746204e-01
   2.7330912e-01
   2.5291874e-01
   2.5573525e-01
   2.5278168e-01
   2.6299793e-01
   2.6634710e-01
   2.6357226e-01
   2.7495899e-01
   2.5581669e-01
   2.5698512e-01
   2.5273374e-01
   2.6894350e-01
   2.5911553e-01
   2.5802608e-01
   2.5764906e-01
   2.5273448e-01
   2.5294676e-01
   2.5448085e-01
   2.5274926e-01
   2.5420148e-01
   2.5272178e-01
   2.5289704e-01
   2.5276851e-01
   2.5438281e-01
   2.7289153e-01
   2.7635020e-01
   2.5264249e-01
   2.5665082e-01
   2.5278811e-01
   2.5713485e-01
   2.5597981e-01
   2.5450733e-01
   2.6816526e-01
   2.5351611e-01
   2.5931286e-01
   2.5583833e-01
   2.6259981e-01
   2.6401710e-01
   2.6441041e-01
   2.5511923e-01
   2.6003624e-01
   2.5270394e-01
   2.5562224e-01
   2.6155917e-01
   2.6439583e-01
   2.5377750e-01
   2.5437251e-01
   2.5560799e-01
   2.5432716e-01
   2.5285580e-01
   2.5283754e-01
   2.7910284e-01
   2.7283163e-01
   2.7386140e-01
   2.5311949e-01
   2.5559421e-01
   2.5883451e-01
   2.6246364e-01
   2.7050150e-01
   2.5270936e-01
   2.5271409e-01
   2.5619685e-01
   2.5382770e-01
   2.6770259e-01
   2.6527551e-01
   2.5621222e-01
   2.7177850e-01
   2.5284705e-01
   2.5684473e-01
   2.5271960e-01
   2.5634603e-01
   2.5610635e-01
   2.5738189e-01
   2.5756733e-01
   2.7577480e-01
   2.5473071e-01
   2.6025271e-01
   2.5275095e-01
   2.7376490e-01
   2.8681174e-01
   2.7683927e-01
   2.6156079e-01
   2.5636225e-01
   2.7464032e-01
   2.7227463e-01
   2.8040286e-01
   2.5799256e-01
   2.6013348e-01
   2.5276791e-01
   2.5627138e-01
   2.7339496e-01
   2.7276108e-01
   2.5668071e-01
   2.6330756e-01
   2.7920304e-01
   2.5621043e-01
   2.7142695e-01
   2.5286457e-01
   2.5270577e-01
   2.5325162e-01
   2.5490394e-01
   2.6169492e-01
   2.5269753e-01
   2.5929734e-01
   2.5268528e-01
   2.5280700e-01
   2.5281582e-01
   2.5884133e-01
   2.5904715e-01
   2.7372338e-01
   2.5718460e-01
   2.5824416e-01
   2.6661494e-01
   2.5310554e-01
   2.6381060e-01
   2.5658747e-01
   2.5267623e-01
   2.6654782e-01
   2.5686263e-01
   2.5271772e-01
   2.7174792e-01
   2.5270762e-01
   2.6339368e-01
   2.6810999e-01
   2.5351880e-01
   2.7714195e-01
   2.5274875e-01
   2.5308362e-01
   2.5312735e-01
   2.5274399e-01
   2.6624855e-01
   2.5497597e-01
   2.5276908e-01
   2.5769064e-01
   2.6668494e-01
   2.7260491e-01
   2.5871456e-01
   2.5654017e-01
   2.5942235e-01
   2.5597916e-01
   2.5756688e-01
   2.5284787e-01
   2.5660559e-01
   2.5257446e-01
   2.5286039e-01
   2.6700011e-01
   2.5861408e-01
   2.7260242e-01
   2.5850788e-01
   2.5293802e-01
   2.6827330e-01
   2.7115427e-01
   2.6506891e-01
   2.5564607e-01
   2.5846053e-01
   2.5277000e-01
   2.5759896e-01
   2.5276064e-01
   2.5754005e-01
   2.5273906e-01
   2.5759747e-01
   2.5674425e-01
   2.5283037e-01
   2.5306849e-01
   2.5406517e-01
   2.8188373e-01
   2.5271098e-01
   2.5280308e-01
   2.5753083e-01
   2.5671692e-01
   2.5296979e-01
   2.7576313e-01
   2.7184014e-01
   2.6746264e-01
   2.7143594e-01
   2.7600043e-01
   2.7292419e-01
   2.7365200e-01
   2.5273460e-01
   2.5688655e-01
   2.5851526e-01
   2.5613499e-01
   2.5285985e-01
   2.5715634e-01
   2.6720402e-01
   2.5417109e-01
   2.6995634e-01
   2.6453414e-01
   2.5270986e-01
   2.6063319e-01
   2.5275831e-01
   2.5271771e-01
   2.6682555e-01
   2.6245462e-01
   2.6176555e-01
   2.5623792e-01
   2.5787252e-01
   2.5644992e-01
   2.5579428e-01
   2.5272463e-01
   2.5850204e-01
   2.5259437e-01
   2.6312396e-01
   2.6573184e-01
   2.6188791e-01
   2.5621056e-01
   2.6825878e-01
   2.7306426e-01
   2.5631358e-01
   2.5667530e-01
   2.5773023e-01
   2.7876690e-01
   2.5634646e-01
   2.5326788e-01
   2.8180946e-01
   2.6696331e-01
   2.6777554e-01
   2.6889261e-01
   2.5549076e-01
   2.7225004e-01
   2.7044283e-01
   2.6442512e-01
   2.5393905e-01
   2.5283404e-01
   2.5309221e-01
   2.6029226e-01
   2.5268514e-01
   2.7145730e-01
   2.7684967e-01
   2.7732202e-01
   2.5610536e-01
   2.5636362e-01
   2.6339063e-01
   2.5301720e-01
   2.5652371e-01
   2.7191584e-01
   2.5646223e-01
   2.5272136e-01
   2.6770197e-01
   2.5703942e-01
   2.5549298e-01
   2.5533264e-01
   2.5679841e-01
   2.7745619e-01
