   3.5476553e-02
   3.6357603e-02
   3.3343543e-02
   3.4967486e-02
   3.4322985e-02
   3.7424325e-02
   3.6360897e-02
   3.6065475e-02
   3.8393154e-02
   3.5725639e-02
   3.5877012e-02
   3.7102532e-02
   3.6039478e-02
   3.6096699e-02
   3.3508206e-02
   3.6541365e-02
   3.4474981e-02
   3.8997979e-02
   4.0224480e-02
   3.4468858e-02
   3.4525818e-02
   3.6293421e-02
   3.5828774e-02
   3.5635103e-02
   3.4709400e-02
   3.6297230e-02
   3.4856673e-02
   3.6579481e-02
   3.5600142e-02
   3.8870770e-02
   3.7482915e-02
   3.3399435e-02
   3.5809239e-02
   3.6999474e-02
   3.6936711e-02
   3.3755908e-02
   3.6236847e-02
   3.4009009e-02
   3.7230924e-02
   3.4615362e-02
   3.6981032e-02
   3.5498823e-02
   3.6532202e-02
   3.9521609e-02
   3.4583019e-02
   3.7093169e-02
   3.7981652e-02
   3.6203265e-02
   3.5517203e-02
   3.7493221e-02
   3.5677732e-02
   3.5827280e-02
   3.8699739e-02
   3.4549690e-02
   3.9790777e-02
   3.8214315e-02
   3.6206806e-02
   3.5872549e-02
   3.3261850e-02
   3.3735628e-02
   3.6349632e-02
   3.4963609e-02
   3.3488602e-02
   3.6742745e-02
   3.3720509e-02
   3.6466624e-02
   3.4979995e-02
   3.6032103e-02
   3.7242558e-02
   3.5056560e-02
   3.3669210e-02
   3.9858321e-02
   3.4804808e-02
   3.6719362e-02
   3.6399360e-02
   3.9337867e-02
   3.5659986e-02
   4.0738346e-02
   3.8101373e-02
   3.7858118e-02
   3.3387754e-02
   4.0282957e-02
   3.6713127e-02
   3.8784106e-02
   3.6763171e-02
   3.7958043e-02
   3.4884206e-02
   3.8188401e-02
   3.7014281e-02
   3.4570634e-02
   3.5627347e-02
   3.7189891e-02
   3.4717262e-02
   3.3675437e-02
   3.8404027e-02
   3.2706047e-02
   3.7149060e-02
   3.3670622e-02
   3.4106948e-02
   3.5360985e-02
   3.5213436e-02
   3.7073428e-02
   3.5014203e-02
   3.5640079e-02
   3.7020153e-02
   3.6554144e-02
   3.6636892e-02
   3.3336585e-02
   3.7989041e-02
   3.2293791e-02
   3.7211628e-02
   3.9134947e-02
   3.4438818e-02
   3.5361333e-02
   3.7599994e-02
   3.2598498e-02
   3.8061278e-02
   3.5132761e-02
   3.3895143e-02
   3.6127330e-02
   3.3877755e-02
   3.6862463e-02
   3.4109743e-02
   3.5940440e-02
   3.3763650e-02
   3.7594674e-02
   3.3692274e-02
   3.4240108e-02
   3.6275381e-02
   3.3823776e-02
   3.5708101e-02
   3.4998240e-02
   3.5069531e-02
   3.8340923e-02
   3.4867560e-02
   3.8150136e-02
   3.2536278e-02
   3.4482307e-02
   3.5929449e-02
   3.5015934e-02
   3.2859013e-02
   3.5486164e-02
   3.4941403e-02
   3.4125597e-02
   3.7838405e-02
   3.6353935e-02
   3.6535754e-02
   3.2890458e-02
   4.0010660e-02
   3.5426792e-02
   3.2745434e-02
   3.8142303e-02
   3.7824634e-02
   3.4342408e-02
   3.6465300e-02
   3.6549017e-02
   3.4426952e-02
   3.8376499e-02
   3.6826209e-02
   3.6827471e-02
   3.5304558e-02
   3.5825439e-02
   3.5220345e-02
   3.5584042e-02
   3.5911196e-02
   3.6010791e-02
   3.7599519e-02
   3.3706536e-02
   3.6735791e-02
   3.4837905e-02
   3.5595556e-02
   3.6566427e-02
   3.3260931e-02
   3.3189616e-02
   3.2888011e-02
   3.7305135e-02
   3.5617528e-02
   3.3744959e-02
   3.6112469e-02
   3.5876084e-02
   3.5196755e-02
   3.3618465e-02
   3.6753897e-02
   3.5629319e-02
   3.5648088e-02
   3.4826550e-02
   3.8214869e-02
   3.4783137e-02
   3.8616037e-02
   3.8279983e-02
   3.4545364e-02
   4.0106692e-02
   3.7094745e-02
   3.7520473e-02
   3.3816265e-02
   3.6382408e-02
   3.5983968e-02
   3.4601478e-02
   3.4440550e-02
   4.0570209e-02
   3.4649838e-02
   3.4538865e-02
   3.8522432e-02
   3.9301116e-02
   3.8101552e-02
   3.6728733e-02
   3.4656701e-02
   3.7369046e-02
   3.4184604e-02
   3.6451729e-02
   3.9504293e-02
   3.3593073e-02
   3.4053109e-02
   3.4862430e-02
   3.9094539e-02
   3.7460354e-02
   3.5164542e-02
   3.4474283e-02
   3.8520495e-02
   3.3757528e-02
   3.3746469e-02
   3.3823114e-02
   3.4796425e-02
   3.5718512e-02
   3.8082171e-02
   3.5084278e-02
   3.6558325e-02
   3.9357371e-02
   3.4751348e-02
   3.5778179e-02
   3.8116434e-02
   3.7419230e-02
   3.2952187e-02
   3.5794663e-02
   3.8169226e-02
   3.7866489e-02
   3.8157897e-02
   3.3731092e-02
   3.6715611e-02
   3.4368268e-02
   3.7558744e-02
   3.6422595e-02
   3.7773119e-02
   3.2655044e-02
   3.5564418e-02
   3.5857138e-02
   3.6385975e-02
   3.8050576e-02
   3.6116551e-02
   3.3808861e-02
   3.5787959e-02
   4.0454631e-02
   3.3308200e-02
   3.6362039e-02
   3.4523680e-02
   3.3174994e-02
   4.0154315e-02
   3.6554144e-02
   4.0176074e-02
   3.8670940e-02
   3.7135030e-02
   3.5971726e-02
   3.6533799e-02
   3.9284260e-02
   3.7608047e-02
   3.6430410e-02
   3.8064882e-02
   3.4428543e-02
   3.5419778e-02
   3.4790201e-02
   3.3225367e-02
   3.3689985e-02
   3.4463804e-02
   3.6314804e-02
   3.6028314e-02
   3.4426503e-02
   3.6111535e-02
   3.6684446e-02
   3.6942586e-02
   3.9358671e-02
   3.4546285e-02
   4.0041603e-02
   3.7090656e-02
   3.4492445e-02
   3.6369518e-02
   3.7870730e-02
   3.7327589e-02
   3.5321822e-02
   3.8257900e-02
   3.7979009e-02
   3.4334183e-02
   3.1944156e-02
   3.2936591e-02
   3.7036725e-02
   3.7436702e-02
   3.5667720e-02
   4.0094524e-02
   3.7209867e-02
   3.5869407e-02
   3.7739418e-02
