   4.4494707e-02
   5.0248832e-02
   5.2784874e-02
   3.8129744e-02
   4.7979097e-02
   3.5619220e-02
   4.2132869e-02
   4.7009642e-02
   4.5388961e-02
   3.6366093e-02
   4.1991174e-02
   5.9120839e-02
   5.0084914e-02
   5.3497030e-02
   3.8480847e-02
   3.7667468e-02
   4.5376244e-02
   3.7963886e-02
   4.1594320e-02
   4.1216363e-02
   4.0803495e-02
   4.0733993e-02
   4.4840582e-02
   4.1300817e-02
   4.0364658e-02
   4.3029660e-02
   6.0756211e-02
   4.5329060e-02
   5.4113103e-02
   4.4246938e-02
   3.7384643e-02
   3.8538850e-02
   4.0574399e-02
   4.3829706e-02
   4.4327266e-02
   4.5090565e-02
   3.7757621e-02
   3.6494628e-02
   4.3752830e-02
   6.0762969e-02
   5.2778575e-02
   4.1593163e-02
   4.5957385e-02
   4.0654354e-02
   4.1463762e-02
   5.4441986e-02
   3.8429223e-02
   5.1158826e-02
   4.5041353e-02
   4.9262534e-02
   4.5823447e-02
   5.2155512e-02
   3.8941771e-02
   5.2902637e-02
   5.1162902e-02
   5.4457541e-02
   4.0562978e-02
   4.3249274e-02
   4.6137185e-02
   4.5573455e-02
   6.0267279e-02
   4.1635265e-02
   4.4324390e-02
   5.4840603e-02
   5.9268469e-02
   4.3918731e-02
   3.7188521e-02
   5.0135855e-02
   3.9649250e-02
   5.5784518e-02
   4.1297197e-02
   5.3702731e-02
   4.7448754e-02
   4.1472978e-02
   4.1343551e-02
   6.1232905e-02
   5.8252927e-02
   4.5710760e-02
   4.5961135e-02
   3.9479055e-02
   4.1854172e-02
   3.8247000e-02
   4.6767374e-02
   5.3638692e-02
   4.2460770e-02
   5.4539944e-02
   4.8987520e-02
   5.4058099e-02
   4.7146506e-02
   6.7346404e-02
   4.3268562e-02
   5.3730997e-02
   5.0912805e-02
   6.4803126e-02
   5.4887977e-02
   5.6922112e-02
   4.9838815e-02
   6.0319837e-02
   5.1145699e-02
   4.2203154e-02
   3.6771292e-02
   5.2382189e-02
   5.3961468e-02
   4.1839311e-02
   5.6693805e-02
   4.6918258e-02
   4.5700394e-02
   4.7465258e-02
   5.2085822e-02
   4.6723781e-02
   4.7845862e-02
   5.7448777e-02
   5.6352852e-02
   6.2069390e-02
   3.7238636e-02
   4.9667457e-02
   3.7377972e-02
   5.6538387e-02
   5.6690111e-02
   4.8359224e-02
   4.6361887e-02
   5.6172677e-02
   3.8097377e-02
   3.9961623e-02
   5.5712436e-02
   3.8147271e-02
   3.9782281e-02
   4.1186679e-02
   3.6169874e-02
   4.8100709e-02
   4.3963309e-02
   4.4519345e-02
   5.0058744e-02
   4.1157826e-02
   4.6997434e-02
   5.1965802e-02
   4.5142305e-02
   5.3416178e-02
   5.9366842e-02
   3.8779958e-02
   6.2755047e-02
   3.9785533e-02
   4.0343338e-02
   4.3279290e-02
   3.6643190e-02
   4.7828495e-02
   5.2611233e-02
   4.1764168e-02
   4.4249135e-02
   4.9668242e-02
   4.3223547e-02
   4.4715117e-02
   3.8727520e-02
   4.1072822e-02
   5.3717646e-02
   4.1345941e-02
   3.7492770e-02
   3.9989971e-02
   3.6912765e-02
   5.1207645e-02
   6.5205144e-02
   4.4733454e-02
   4.3686677e-02
   6.2756294e-02
   4.8925854e-02
   4.4160950e-02
   4.2448967e-02
   4.4511842e-02
   3.7875439e-02
   4.3396084e-02
   5.5109857e-02
   3.8909662e-02
   4.8026551e-02
   3.7681514e-02
   3.8055507e-02
   6.5116721e-02
   5.3038224e-02
   6.3263683e-02
   3.9256479e-02
   6.4071508e-02
   4.1792911e-02
   5.0301864e-02
   4.7257125e-02
   5.9285636e-02
   5.4752854e-02
   5.3322354e-02
   5.0337227e-02
   5.0501069e-02
   3.9370447e-02
   4.9552397e-02
   5.6974434e-02
   4.8329857e-02
   3.7657657e-02
   3.8212825e-02
   4.5516315e-02
   4.1385723e-02
   5.8507501e-02
   4.5994572e-02
   5.8544787e-02
   3.8184152e-02
   3.9622167e-02
   3.9108847e-02
   4.0238911e-02
   3.8337856e-02
   4.9509877e-02
   4.0439639e-02
   6.2165424e-02
   3.7338474e-02
   4.5415182e-02
   4.5135040e-02
   4.5363322e-02
   3.9983521e-02
   5.7666531e-02
   5.4382761e-02
   4.5823447e-02
   5.2829549e-02
   4.3316384e-02
   5.8979671e-02
   4.7265002e-02
   4.3621189e-02
   5.7553293e-02
   3.9396409e-02
   4.4187553e-02
   5.0786530e-02
   4.3805862e-02
   4.1432075e-02
   4.0809093e-02
   6.2396550e-02
   4.2439872e-02
   5.2370986e-02
   4.2313272e-02
   5.5218092e-02
   4.0769344e-02
   5.1685500e-02
   5.8127718e-02
   5.5115313e-02
   4.2132368e-02
   4.1583347e-02
   4.8302320e-02
   6.7439846e-02
   5.4246669e-02
   4.3115157e-02
   4.2387478e-02
   4.0325013e-02
   3.8398879e-02
   3.9956109e-02
   5.0166420e-02
   5.5532887e-02
   5.9301700e-02
   3.7343797e-02
   5.3465369e-02
   4.1741943e-02
   3.6049529e-02
   5.1219534e-02
   4.5059087e-02
   6.7778373e-02
   4.0457284e-02
   4.4609879e-02
   3.5963341e-02
   4.3882546e-02
   4.0045805e-02
   5.6363974e-02
   5.5950566e-02
   5.8702175e-02
   4.5255125e-02
   3.7252013e-02
   4.0932688e-02
   5.7847575e-02
   4.0556396e-02
   3.5995268e-02
   3.9862666e-02
   4.8386714e-02
   4.5729312e-02
   5.4320919e-02
   6.4746258e-02
   3.7961342e-02
   4.0156393e-02
   4.7360439e-02
   4.1614439e-02
   4.6533721e-02
   6.0524562e-02
   5.4293962e-02
   4.3568400e-02
   4.0694472e-02
   4.1170301e-02
   3.9485554e-02
   5.8395491e-02
   4.7548864e-02
   4.4784160e-02
   3.5546615e-02
   5.4179946e-02
   4.9611959e-02
   4.4976106e-02
   4.5896420e-02
   6.0312358e-02
   5.6375786e-02
   4.9708145e-02
   4.7179328e-02
   5.0576280e-02
   3.7691272e-02
