   2.4674905e-01
   2.4969297e-01
   2.5089472e-01
   2.5175806e-01
   2.4289197e-01
   2.4075357e-01
   2.4790591e-01
   2.5298628e-01
   2.4452840e-01
   2.4368356e-01
   2.4646158e-01
   2.4344105e-01
   2.4851905e-01
   2.4282297e-01
   2.4586018e-01
   2.3853960e-01
   2.4683050e-01
   2.4421687e-01
   2.4651186e-01
   2.5061977e-01
   2.4393819e-01
   2.4564652e-01
   2.4572496e-01
   2.5308106e-01
   2.5268597e-01
   2.4580393e-01
   2.4419639e-01
   2.4793772e-01
   2.4588355e-01
   2.4522317e-01
   2.4440308e-01
   2.4302772e-01
   2.4948665e-01
   2.4443078e-01
   2.4223400e-01
   2.5032855e-01
   2.5159715e-01
   2.4395942e-01
   2.5539039e-01
   2.5275528e-01
   2.3929792e-01
   2.5002144e-01
   2.4673976e-01
   2.4968182e-01
   2.4461879e-01
   2.3985818e-01
   2.4285452e-01
   2.3852889e-01
   2.4739208e-01
   2.5159819e-01
   2.4500033e-01
   2.4363422e-01
   2.4030725e-01
   2.4848863e-01
   2.4106940e-01
   2.4539532e-01
   2.4052857e-01
   2.3932188e-01
   2.4563083e-01
   2.3819021e-01
   2.5082935e-01
   2.4519914e-01
   2.4139750e-01
   2.4898376e-01
   2.4894204e-01
   2.4261553e-01
   2.4795933e-01
   2.4429536e-01
   2.4208048e-01
   2.4475759e-01
   2.5153495e-01
   2.4764793e-01
   2.4580244e-01
   2.4432402e-01
   2.4818102e-01
   2.4046392e-01
   2.4065447e-01
   2.3973840e-01
   2.4424320e-01
   2.3894124e-01
   2.4169602e-01
   2.5057886e-01
   2.4007783e-01
   2.4599153e-01
   2.5266248e-01
   2.4556273e-01
   2.4542942e-01
   2.5267372e-01
   2.4363463e-01
   2.5067589e-01
   2.4487499e-01
   2.4145050e-01
   2.4226512e-01
   2.4404251e-01
   2.5064269e-01
   2.4877488e-01
   2.5321897e-01
   2.3850456e-01
   2.4682443e-01
   2.4964145e-01
   2.5367986e-01
   2.4548923e-01
   2.4636169e-01
   2.4151170e-01
   2.4009951e-01
   2.4142073e-01
   2.4255613e-01
   2.5067282e-01
   2.4920798e-01
   2.4207981e-01
   2.4103933e-01
   2.4694407e-01
   2.4500576e-01
   2.4333408e-01
   2.3933517e-01
   2.5255679e-01
   2.3806023e-01
   2.5137620e-01
   2.3852208e-01
   2.4621587e-01
   2.4630224e-01
   2.4800602e-01
   2.3848097e-01
   2.4504093e-01
   2.4031353e-01
   2.3812211e-01
   2.4467921e-01
   2.4448320e-01
   2.5271350e-01
   2.4418453e-01
   2.4198859e-01
   2.4166609e-01
   2.4458792e-01
   2.4675977e-01
   2.4028815e-01
   2.5038047e-01
   2.4543794e-01
   2.4422236e-01
   2.4853980e-01
   2.5089610e-01
   2.4768652e-01
   2.4752416e-01
   2.5132754e-01
   2.4804892e-01
   2.4505392e-01
   2.5278363e-01
   2.4153704e-01
   2.5269996e-01
   2.4171378e-01
   2.4877359e-01
   2.4204468e-01
   2.4168470e-01
   2.4814148e-01
   2.4940292e-01
   2.4079709e-01
   2.4755775e-01
   2.4192291e-01
   2.5204393e-01
   2.4809576e-01
   2.5055823e-01
   2.4996230e-01
   2.4339538e-01
   2.4968402e-01
   2.3889750e-01
   2.4854790e-01
   2.4097981e-01
   2.3901765e-01
   2.4807115e-01
   2.4363615e-01
   2.4200446e-01
   2.3923741e-01
   2.5069513e-01
   2.5278404e-01
   2.4213302e-01
   2.5236652e-01
   2.3956995e-01
   2.4591250e-01
   2.4336766e-01
   2.4426018e-01
   2.4459578e-01
   2.4126657e-01
   2.4438697e-01
   2.4739941e-01
   2.4588575e-01
   2.4553339e-01
   2.4371890e-01
   2.3893012e-01
   2.5016413e-01
   2.4983676e-01
   2.4727063e-01
   2.4499456e-01
   2.4756249e-01
   2.4270400e-01
   2.4223291e-01
   2.4831088e-01
   2.5278360e-01
   2.4711185e-01
   2.4803073e-01
   2.5195066e-01
   2.5100560e-01
   2.4151716e-01
   2.4695136e-01
   2.3959081e-01
   2.4072079e-01
   2.4418934e-01
   2.4969169e-01
   2.5243325e-01
   2.4952892e-01
   2.4442403e-01
   2.4173066e-01
   2.4192592e-01
   2.5064674e-01
   2.4666278e-01
   2.3950080e-01
   2.4735988e-01
   2.4454607e-01
   2.4240814e-01
   2.4483006e-01
   2.4499911e-01
   2.4061849e-01
   2.5189184e-01
   2.5341605e-01
   2.4423240e-01
   2.4076993e-01
   2.4908829e-01
   2.4907738e-01
   2.4215659e-01
   2.4671799e-01
   2.4294798e-01
   2.4160465e-01
   2.4468297e-01
   2.4414780e-01
   2.4691486e-01
   2.4212504e-01
   2.3917053e-01
   2.4917031e-01
   2.4555253e-01
   2.3978206e-01
   2.4816809e-01
   2.5308994e-01
   2.4087614e-01
   2.4719272e-01
   2.4849449e-01
   2.4883758e-01
   2.4503498e-01
   2.3973458e-01
   2.4742665e-01
   2.5227640e-01
   2.4636842e-01
   2.4779023e-01
   2.4248613e-01
   2.3917304e-01
   2.4820626e-01
   2.4183712e-01
   2.5305893e-01
   2.4739134e-01
   2.3871251e-01
   2.4073474e-01
   2.4753706e-01
   2.4190615e-01
   2.4579656e-01
   2.4495636e-01
   2.4679406e-01
   2.5293542e-01
   2.4416630e-01
   2.4777024e-01
   2.3952557e-01
   2.4361250e-01
   2.4729726e-01
   2.5038234e-01
   2.5311545e-01
   2.4174799e-01
   2.4393625e-01
   2.4810274e-01
   2.5193597e-01
   2.4676308e-01
   2.4218828e-01
   2.4384952e-01
   2.4415017e-01
   2.4444533e-01
   2.4123421e-01
   2.5208439e-01
   2.4708866e-01
   2.5268783e-01
   2.4883069e-01
   2.4263850e-01
   2.5322557e-01
   2.4274620e-01
   2.4146942e-01
   2.4229169e-01
   2.3975699e-01
   2.4947542e-01
   2.4215648e-01
   2.4349398e-01
   2.4217061e-01
   2.4489404e-01
   2.4470299e-01
   2.5297524e-01
   2.4868465e-01
   2.4209007e-01
