   3.7973033e-02
   3.4001741e-02
   4.5872712e-02
   3.6229476e-02
   3.5962919e-02
   4.4520391e-02
   3.3443622e-02
   4.0454358e-02
   3.9915547e-02
   3.8988584e-02
   4.0434864e-02
   3.6275054e-02
   3.6206887e-02
   3.4915063e-02
   4.4748857e-02
   4.2880766e-02
   4.7466989e-02
   4.4410762e-02
   4.4215142e-02
   4.7054074e-02
   3.6583161e-02
   4.3914887e-02
   3.6124627e-02
   4.0836126e-02
   4.1191351e-02
   3.5696238e-02
   3.9000810e-02
   4.2929995e-02
   3.3678060e-02
   4.0594692e-02
   3.6210741e-02
   4.3656027e-02
   4.0763746e-02
   4.3869222e-02
   4.0100602e-02
   4.4573311e-02
   4.0552340e-02
   4.7584326e-02
   4.0942045e-02
   4.2986388e-02
   4.0600535e-02
   3.7537222e-02
   4.0587742e-02
   4.7390663e-02
   4.0295589e-02
   3.8690597e-02
   3.9633287e-02
   4.7652293e-02
   4.5023899e-02
   3.6462464e-02
   3.9656495e-02
   3.4451798e-02
   4.4635072e-02
   4.3245309e-02
   4.2441130e-02
   4.6859612e-02
   3.9975914e-02
   3.8817009e-02
   4.5462936e-02
   3.9433681e-02
   4.3629027e-02
   4.2422441e-02
   4.5296403e-02
   4.5639121e-02
   3.3607182e-02
   4.6477388e-02
   4.4674227e-02
   3.2731976e-02
   4.3573791e-02
   4.4576573e-02
   4.2502485e-02
   4.0617748e-02
   3.6015896e-02
   3.3579657e-02
   4.4862256e-02
   3.9096879e-02
   3.2756837e-02
   4.2329514e-02
   3.2896779e-02
   4.6338454e-02
   3.8391370e-02
   3.4052279e-02
   4.6468377e-02
   3.4841409e-02
   3.8342881e-02
   3.9689969e-02
   4.0953127e-02
   4.2581416e-02
   3.4794540e-02
   3.7212694e-02
   3.5039652e-02
   3.5991257e-02
   3.9187117e-02
   4.4835472e-02
   4.7660120e-02
   4.2897837e-02
   4.6071622e-02
   3.4453372e-02
   4.0357751e-02
   4.5619082e-02
   3.2835402e-02
   3.5546249e-02
   4.3732507e-02
   4.3608589e-02
   4.0189929e-02
   4.1545247e-02
   4.1635243e-02
   4.1281732e-02
   3.7354763e-02
   4.4872412e-02
   4.0019994e-02
   4.8428438e-02
   4.2923253e-02
   3.6306493e-02
   3.5351636e-02
   4.4511501e-02
   4.1162849e-02
   3.4952254e-02
   4.2212595e-02
   3.5128435e-02
   4.3258257e-02
   4.6682498e-02
   4.5056611e-02
   3.9532145e-02
   4.8112778e-02
   3.8403266e-02
   4.0085920e-02
   3.8165638e-02
   3.6587696e-02
   3.9808230e-02
   3.5225739e-02
   3.5154327e-02
   3.7158859e-02
   3.9693733e-02
   4.0186573e-02
   4.5349568e-02
   3.4408916e-02
   3.5145586e-02
   3.3522677e-02
   4.4889072e-02
   4.3100332e-02
   4.4151094e-02
   4.4417708e-02
   4.5524972e-02
   4.2704225e-02
   4.6151843e-02
   3.8157151e-02
   3.7613560e-02
   4.6847097e-02
   3.3934028e-02
   4.3677547e-02
   3.6728762e-02
   4.2090148e-02
   3.4726270e-02
   3.3655526e-02
   4.6713446e-02
   4.2903893e-02
   4.2261056e-02
   3.7570729e-02
   4.5531389e-02
   4.7890120e-02
   3.9557186e-02
   3.5008033e-02
   3.6468391e-02
   4.5635746e-02
   4.6115087e-02
   4.0236196e-02
   3.6145894e-02
   3.5452647e-02
   3.4024387e-02
   4.3430867e-02
   4.2246884e-02
   4.6254664e-02
   4.5980875e-02
   4.6505655e-02
   4.0151385e-02
   4.3899301e-02
   3.6504510e-02
   4.7974214e-02
   3.6321550e-02
   3.4053697e-02
   4.3204532e-02
   4.7983644e-02
   4.1133740e-02
   4.6318699e-02
   3.4376112e-02
   4.6604782e-02
   3.3784351e-02
   4.2474521e-02
   3.4184709e-02
   3.6995307e-02
   4.7676391e-02
   4.0412028e-02
   3.8252107e-02
   3.8962722e-02
   3.7954289e-02
   3.5492924e-02
   4.0062388e-02
   3.7893526e-02
   4.2958806e-02
   3.9539677e-02
   4.2029487e-02
   4.2347782e-02
   4.3994085e-02
   4.4510394e-02
   4.0736924e-02
   3.8236993e-02
   4.6356763e-02
   4.4549365e-02
   4.3914462e-02
   3.5567802e-02
   4.2606224e-02
   4.6468195e-02
   4.3688398e-02
   4.0200316e-02
   4.0136605e-02
   4.1151314e-02
   3.7742997e-02
   4.5947728e-02
   3.7361087e-02
   3.7970828e-02
   3.5559218e-02
   4.2674370e-02
   3.5720436e-02
   4.6873932e-02
   4.2211289e-02
   4.5384703e-02
   3.9367740e-02
   4.6999449e-02
   3.4021092e-02
   3.5123079e-02
   3.2929622e-02
   3.3991223e-02
   4.4004445e-02
   3.6414154e-02
   3.4255294e-02
   4.5513745e-02
   3.5361187e-02
   3.4980781e-02
   3.9544032e-02
   4.8195587e-02
   3.7048895e-02
   4.6853727e-02
   3.2160842e-02
   4.2962259e-02
   3.9407885e-02
   4.2017778e-02
   4.3516369e-02
   3.4838567e-02
   4.8179115e-02
   4.2836002e-02
   3.5606506e-02
   3.2932442e-02
   4.2947372e-02
   4.1260581e-02
   3.5484629e-02
   3.3460327e-02
   3.9660051e-02
   4.6165793e-02
   4.3619676e-02
   3.4076738e-02
   3.3050585e-02
   4.7885581e-02
   4.6613287e-02
   3.9474991e-02
   4.1149563e-02
   3.6489160e-02
   3.4807093e-02
   4.3582787e-02
   3.2581003e-02
   3.8303605e-02
   4.2167264e-02
   3.5821501e-02
   3.8543365e-02
   4.7443419e-02
   4.5740168e-02
   3.5382205e-02
   3.3615722e-02
   3.6219576e-02
   4.3184850e-02
   3.5898066e-02
   4.7880439e-02
   4.7519024e-02
   4.3633914e-02
   4.3189732e-02
   3.8412698e-02
   3.6433625e-02
   4.6618921e-02
   4.0489842e-02
   4.0970183e-02
   3.8099149e-02
   4.4306156e-02
   4.1237908e-02
   3.3356567e-02
   4.4347108e-02
   3.8066963e-02
   4.5183043e-02
   4.3013372e-02
   3.7310011e-02
   4.1366133e-02
