   8.6538811e-02
   6.4051166e-02
   9.1588404e-02
   8.1918460e-02
   6.7218440e-02
   8.3238627e-02
   9.1377759e-02
   9.1100087e-02
   8.3471509e-02
   8.8480175e-02
   8.6899717e-02
   7.9929148e-02
   7.6734634e-02
   7.5361158e-02
   8.2057663e-02
   6.5764838e-02
   7.0503955e-02
   8.1935037e-02
   7.9373694e-02
   6.5963360e-02
   9.4343319e-02
   8.7600516e-02
   8.5640080e-02
   8.1349585e-02
   8.6705340e-02
   7.1464231e-02
   5.9403941e-02
   8.6400544e-02
   8.8380641e-02
   6.6612313e-02
   8.4072125e-02
   8.3339366e-02
   8.0538794e-02
   6.8851946e-02
   9.1135004e-02
   8.1508103e-02
   6.7655850e-02
   8.7562550e-02
   8.1789204e-02
   5.8186401e-02
   7.6273980e-02
   7.1827982e-02
   7.5425287e-02
   8.0825162e-02
   9.2595078e-02
   7.5090631e-02
   6.7358756e-02
   8.6576361e-02
   6.9038582e-02
   8.2022198e-02
   8.6889551e-02
   8.8370521e-02
   7.7192079e-02
   9.1769315e-02
   6.6960261e-02
   6.5945378e-02
   7.0535924e-02
   7.3948424e-02
   7.9134868e-02
   9.3349255e-02
   7.0401093e-02
   8.9925527e-02
   8.8121874e-02
   7.7517779e-02
   7.2226297e-02
   6.1618391e-02
   7.5002266e-02
   7.4698483e-02
   8.0374883e-02
   7.8624166e-02
   7.8373158e-02
   7.3334433e-02
   8.6923423e-02
   8.7834135e-02
   9.3849145e-02
   7.8237309e-02
   6.8287829e-02
   9.9130396e-02
   7.1507635e-02
   9.1659312e-02
   9.5089007e-02
   7.3996920e-02
   7.1181006e-02
   8.2473767e-02
   8.0473187e-02
   7.5704754e-02
   7.7958234e-02
   7.4673236e-02
   8.5501475e-02
   8.3374173e-02
   7.4124923e-02
   6.3187476e-02
   7.5476585e-02
   7.2891033e-02
   6.5647932e-02
   8.6477130e-02
   7.9367899e-02
   6.9450351e-02
   6.4934596e-02
   6.5338979e-02
   7.9384187e-02
   7.0408347e-02
   8.1400994e-02
   7.9897539e-02
   7.7307253e-02
   1.0368593e-01
   8.5380401e-02
   9.4844989e-02
   9.0024882e-02
   7.8335729e-02
   7.7557011e-02
   8.4403713e-02
   9.5895513e-02
   6.0607866e-02
   7.8555496e-02
   9.3289007e-02
   8.1498034e-02
   8.1760567e-02
   8.7877793e-02
   8.0738230e-02
   8.0673912e-02
   6.4450466e-02
   7.3885514e-02
   8.5366304e-02
   7.9540445e-02
   7.3558365e-02
   7.9207797e-02
   7.9082367e-02
   6.2793418e-02
   7.9254374e-02
   7.9557473e-02
   7.2432459e-02
   6.6015556e-02
   6.1220350e-02
   7.3063330e-02
   8.1431714e-02
   9.0098097e-02
   7.7312980e-02
   7.9677400e-02
   8.4021838e-02
   8.1736435e-02
   7.5921225e-02
   7.4115080e-02
   8.8311599e-02
   6.3261676e-02
   7.1199730e-02
   6.3119872e-02
   9.2456705e-02
   6.6591646e-02
   7.4618621e-02
   6.1290037e-02
   7.8108311e-02
   7.7795297e-02
   5.8793986e-02
   9.1706600e-02
   8.2396991e-02
   8.5349254e-02
   8.0023879e-02
   7.1488226e-02
   8.5558984e-02
   8.6605658e-02
   7.9211342e-02
   6.2738468e-02
   7.8990043e-02
   9.4349565e-02
   9.4244597e-02
   6.1492110e-02
   9.9891036e-02
   7.9258686e-02
   8.6232126e-02
   7.4105067e-02
   8.2727227e-02
   8.6742694e-02
   7.5855937e-02
   7.3518158e-02
   8.1965376e-02
   7.2280923e-02
   7.7468689e-02
   8.3172997e-02
   7.4911113e-02
   7.4566935e-02
   7.5912107e-02
   8.4524073e-02
   7.6158729e-02
   9.3109834e-02
   9.7108065e-02
   6.0379938e-02
   6.1229403e-02
   8.3372037e-02
   6.4105931e-02
   8.9000119e-02
   6.7632908e-02
   8.8423401e-02
   7.1152064e-02
   8.4917336e-02
   9.0782974e-02
   8.1883191e-02
   7.4341676e-02
   7.3197725e-02
   6.8052944e-02
   9.4787094e-02
   7.9118137e-02
   7.3680923e-02
   9.4453381e-02
   6.3127558e-02
   7.9429914e-02
   6.6876447e-02
   8.1074506e-02
   6.9273349e-02
   7.6534773e-02
   6.5032872e-02
   8.7627858e-02
   8.1959019e-02
   8.0255449e-02
   7.9782414e-02
   7.9351223e-02
   8.2978924e-02
   7.6727471e-02
   8.9568447e-02
   6.9629758e-02
   8.5883422e-02
   7.6843664e-02
   7.5037670e-02
   7.1662081e-02
   8.2110711e-02
   8.9935072e-02
   8.5864841e-02
   7.3765136e-02
   8.3634899e-02
   6.1519438e-02
   8.2367167e-02
   9.3456411e-02
   9.4642737e-02
   9.7085384e-02
   6.7574634e-02
   8.4880845e-02
   8.3686402e-02
   7.7753322e-02
   7.3454517e-02
   8.1318565e-02
   7.4640811e-02
   7.7702610e-02
   7.4119278e-02
   8.0051109e-02
   9.1325409e-02
   7.8546239e-02
   6.5780991e-02
   9.2445042e-02
   7.3820965e-02
   7.0971850e-02
   6.8225491e-02
   7.1919408e-02
   7.0924197e-02
   8.7773036e-02
   7.8337868e-02
   8.3591921e-02
   9.5204838e-02
   7.8421143e-02
   7.7036283e-02
   7.6107630e-02
   8.2000831e-02
   7.9558689e-02
   1.0049513e-01
   8.4378320e-02
   8.2545411e-02
   7.5820161e-02
   8.9984011e-02
   8.5677343e-02
   7.1427017e-02
   8.4307514e-02
   7.7167896e-02
   9.1969450e-02
   9.2697511e-02
   7.7417023e-02
   7.0657802e-02
   7.4445137e-02
   6.9964554e-02
   8.7127454e-02
   9.1631434e-02
   9.0692312e-02
   8.1895210e-02
   9.7178383e-02
   6.7160963e-02
   9.6929546e-02
   6.6101524e-02
   7.1977342e-02
   7.1278119e-02
   9.0743262e-02
   9.0360213e-02
   9.4620327e-02
   8.3633857e-02
   7.4997469e-02
   8.8747525e-02
   8.7096885e-02
   6.1022658e-02
   8.3670830e-02
   8.1082050e-02
   9.1564790e-02
   9.1383633e-02
   8.3374908e-02
