   6.7164833e-02
   7.5478427e-02
   7.1047686e-02
   5.8413818e-02
   5.6814265e-02
   7.5378776e-02
   7.3235089e-02
   7.3129716e-02
   5.3137147e-02
   5.8652300e-02
   7.2673336e-02
   6.5322474e-02
   7.1990177e-02
   7.3142709e-02
   7.6644571e-02
   6.9340963e-02
   5.6782438e-02
   6.2095187e-02
   6.3888724e-02
   5.7502130e-02
   7.5646996e-02
   7.0896395e-02
   7.2743576e-02
   7.5103787e-02
   7.5152003e-02
   5.1782941e-02
   6.6521704e-02
   7.0450605e-02
   5.6487161e-02
   7.1634753e-02
   7.3844961e-02
   7.3027199e-02
   7.6704004e-02
   6.3780755e-02
   7.7269087e-02
   7.2557243e-02
   6.0512112e-02
   6.5027706e-02
   7.5155909e-02
   7.6114377e-02
   5.0839730e-02
   7.1560333e-02
   6.6816996e-02
   7.6308967e-02
   7.3980718e-02
   5.9611325e-02
   6.5142258e-02
   6.8312665e-02
   7.1200517e-02
   7.6260896e-02
   6.4569443e-02
   5.7097779e-02
   5.9433860e-02
   7.3949821e-02
   7.0193281e-02
   7.3240785e-02
   7.6138964e-02
   6.8007203e-02
   6.6966845e-02
   6.6435049e-02
   6.6315736e-02
   7.1956418e-02
   5.9819661e-02
   6.0052701e-02
   6.3095050e-02
   7.4428584e-02
   6.9678417e-02
   7.1487010e-02
   6.1398864e-02
   5.0775542e-02
   5.9564365e-02
   5.1952257e-02
   6.9178818e-02
   7.2629812e-02
   6.4531657e-02
   6.8737978e-02
   7.2723819e-02
   7.6328012e-02
   5.6306932e-02
   7.3237665e-02
   5.3078489e-02
   6.5844114e-02
   5.1721411e-02
   7.0039256e-02
   7.2588129e-02
   7.4929146e-02
   6.9030674e-02
   7.0382386e-02
   6.5921391e-02
   7.0956862e-02
   6.8079968e-02
   6.6353679e-02
   7.6147715e-02
   6.2968573e-02
   6.7311999e-02
   7.6038822e-02
   6.1471104e-02
   6.8814161e-02
   6.8283054e-02
   7.1487812e-02
   7.4370926e-02
   7.1093368e-02
   7.3977109e-02
   5.0039017e-02
   7.3735667e-02
   5.0448060e-02
   6.8148350e-02
   7.2407400e-02
   7.2371914e-02
   6.1957503e-02
   7.6337190e-02
   7.6515560e-02
   5.9631150e-02
   5.3799662e-02
   7.3913879e-02
   6.9956740e-02
   7.5809886e-02
   6.8371670e-02
   6.3561607e-02
   7.3001182e-02
   7.1623346e-02
   6.3365784e-02
   6.3442435e-02
   6.1390413e-02
   5.8047163e-02
   5.9622359e-02
   6.1542959e-02
   6.9013555e-02
   7.6351297e-02
   7.5273249e-02
   7.2061709e-02
   7.4303453e-02
   6.3589632e-02
   6.1450912e-02
   7.4346069e-02
   7.4118091e-02
   7.6149151e-02
   7.7221645e-02
   7.6087495e-02
   6.9877445e-02
   7.3371321e-02
   7.3393718e-02
   6.4041040e-02
   7.0890303e-02
   6.2599397e-02
   6.7394847e-02
   7.0630690e-02
   6.8785049e-02
   6.7204848e-02
   6.6204253e-02
   7.3492380e-02
   7.6110212e-02
   7.5780989e-02
   7.4565310e-02
   7.7183882e-02
   7.2582024e-02
   6.9898145e-02
   6.4826638e-02
   6.6222903e-02
   5.8195365e-02
   6.6499431e-02
   7.3197359e-02
   7.0206232e-02
   7.6739523e-02
   6.4754480e-02
   6.1703561e-02
   7.3400261e-02
   7.5087728e-02
   7.0758764e-02
   7.2941413e-02
   6.8520273e-02
   7.1158297e-02
   6.5650924e-02
   5.8124376e-02
   6.0204400e-02
   6.4060192e-02
   7.3331086e-02
   7.4493174e-02
   6.9097623e-02
   7.4468703e-02
   7.5709111e-02
   7.4603700e-02
   6.1575962e-02
   5.0770302e-02
   7.5757858e-02
   7.3836479e-02
   7.5902083e-02
   6.2384319e-02
   7.3115468e-02
   7.6778735e-02
   6.5646592e-02
   7.4950590e-02
   6.2423782e-02
   7.6140860e-02
   6.3219281e-02
   6.5805364e-02
   7.6720428e-02
   6.4341227e-02
   6.6923423e-02
   5.1512843e-02
   5.3502921e-02
   7.6489080e-02
   6.7112415e-02
   6.4387287e-02
   7.4097543e-02
   7.5553402e-02
   6.9427933e-02
   6.7050314e-02
   7.2715310e-02
   7.0443548e-02
   4.9911543e-02
   4.9179191e-02
   6.7457872e-02
   7.5379541e-02
   5.6506010e-02
   5.0469526e-02
   6.3957415e-02
   7.6358770e-02
   6.1781434e-02
   6.0075406e-02
   7.1542523e-02
   7.0810625e-02
   6.1785726e-02
   7.1361745e-02
   7.3668743e-02
   7.5650199e-02
   7.3935267e-02
   7.2674438e-02
   7.6607396e-02
   6.8019329e-02
   4.9970502e-02
   6.8686672e-02
   5.8661672e-02
   5.3409077e-02
   5.7180935e-02
   6.7953913e-02
   5.7132382e-02
   6.7295395e-02
   7.4297012e-02
   6.4547988e-02
   7.5758741e-02
   5.9311857e-02
   5.6034364e-02
   5.7919284e-02
   5.7756973e-02
   7.5844343e-02
   7.1009756e-02
   6.7963028e-02
   5.7850343e-02
   7.0747034e-02
   5.2647448e-02
   7.5933336e-02
   5.8702264e-02
   6.1307837e-02
   7.6027381e-02
   7.2219886e-02
   6.1743555e-02
   6.1639645e-02
   6.9751454e-02
   6.6989839e-02
   7.5926837e-02
   6.9253429e-02
   7.4965514e-02
   7.0221486e-02
   5.9604155e-02
   4.9880706e-02
   6.7033068e-02
   7.6249699e-02
   6.8978338e-02
   7.0350000e-02
   7.4861748e-02
   7.0933264e-02
   5.9712966e-02
   7.7355049e-02
   7.5457169e-02
   6.9596278e-02
   7.5039368e-02
   6.7537338e-02
   7.3259349e-02
   6.1438938e-02
   7.6081405e-02
   7.2474105e-02
   6.2211754e-02
   7.0503161e-02
   7.3906724e-02
   7.5561558e-02
   6.7142366e-02
   7.4178354e-02
   6.4399625e-02
   5.1790680e-02
   5.9177456e-02
   7.4235931e-02
   6.0492246e-02
   6.2427004e-02
   7.4402059e-02
   5.2487231e-02
   6.7841697e-02
   7.3250739e-02
   7.3880379e-02
   7.3215795e-02
