   3.6815344e-02
   3.3451240e-02
   3.7669116e-02
   3.3414887e-02
   3.7637344e-02
   3.6967050e-02
   3.4792423e-02
   3.3093896e-02
   3.3692101e-02
   3.6565873e-02
   3.4467834e-02
   3.6729433e-02
   3.4397567e-02
   3.3396010e-02
   3.2987406e-02
   3.4381139e-02
   3.4784554e-02
   3.6433663e-02
   3.3828808e-02
   3.5727630e-02
   3.4763074e-02
   3.5632290e-02
   3.4563032e-02
   3.2955382e-02
   3.5751381e-02
   3.3020742e-02
   3.5460164e-02
   3.3931953e-02
   3.3351689e-02
   3.5016081e-02
   3.2919839e-02
   3.7135981e-02
   3.3855861e-02
   3.3059515e-02
   3.5693344e-02
   3.4622207e-02
   3.5881690e-02
   3.4527631e-02
   3.5072393e-02
   3.4303667e-02
   3.4050174e-02
   3.3802855e-02
   3.5928550e-02
   3.4193395e-02
   3.3657936e-02
   3.3574116e-02
   3.3105993e-02
   3.5507172e-02
   3.6808545e-02
   3.7166942e-02
   3.6522663e-02
   3.3886513e-02
   3.2888166e-02
   3.3714818e-02
   3.4716101e-02
   3.3917446e-02
   3.5563478e-02
   3.6238006e-02
   3.4297349e-02
   3.2636874e-02
   3.4082444e-02
   3.4334381e-02
   3.4832391e-02
   3.5007042e-02
   3.3954211e-02
   3.6798639e-02
   3.4679942e-02
   3.3448839e-02
   3.5539767e-02
   3.5883703e-02
   3.3404296e-02
   3.3211166e-02
   3.4351787e-02
   3.4047222e-02
   3.4469854e-02
   3.3045911e-02
   3.5929768e-02
   3.4585059e-02
   3.4253945e-02
   3.4569803e-02
   3.3438833e-02
   3.6006233e-02
   3.2900426e-02
   3.3334852e-02
   3.5157334e-02
   3.3639914e-02
   3.3822351e-02
   3.7651786e-02
   3.4371638e-02
   3.6055260e-02
   3.3231532e-02
   3.4556013e-02
   3.3101090e-02
   3.4753901e-02
   3.4043816e-02
   3.6877334e-02
   3.3791216e-02
   3.3947132e-02
   3.4814046e-02
   3.4005603e-02
   3.4238634e-02
   3.4693179e-02
   3.4909938e-02
   3.4512190e-02
   3.3319167e-02
   3.5936058e-02
   3.4768430e-02
   3.6297732e-02
   3.6404630e-02
   3.6130111e-02
   3.4025946e-02
   3.3842745e-02
   3.3818062e-02
   3.8134490e-02
   3.4022624e-02
   3.3061087e-02
   3.3964976e-02
   3.3076041e-02
   3.3930462e-02
   3.4864047e-02
   3.2604118e-02
   3.3820955e-02
   3.8273227e-02
   3.4588751e-02
   3.3456542e-02
   3.4388783e-02
   3.5024017e-02
   3.3903870e-02
   3.7456396e-02
   3.7167785e-02
   3.5484346e-02
   3.5109110e-02
   3.2975450e-02
   3.3271082e-02
   3.5806541e-02
   3.2936842e-02
   3.6317751e-02
   3.4247092e-02
   3.5700113e-02
   3.6268011e-02
   3.5793529e-02
   3.3291328e-02
   3.4526232e-02
   3.5353685e-02
   3.2803216e-02
   3.3948332e-02
   3.4302740e-02
   3.3917913e-02
   3.2779505e-02
   3.4215668e-02
   3.6620841e-02
   3.2976470e-02
   3.4234839e-02
   3.4422219e-02
   3.4797878e-02
   3.4152360e-02
   3.2989629e-02
   3.4222557e-02
   3.2070220e-02
   3.4574218e-02
   3.5212448e-02
   3.4453394e-02
   3.4638858e-02
   3.3789326e-02
   3.5189166e-02
   3.4109666e-02
   3.6425333e-02
   3.2280991e-02
   3.6615002e-02
   3.5400349e-02
   3.7213800e-02
   3.6246515e-02
   3.3971883e-02
   3.5628684e-02
   3.6973877e-02
   3.2846552e-02
   3.4470696e-02
   3.5234847e-02
   3.5517797e-02
   3.3822647e-02
   3.6785310e-02
   3.3362249e-02
   3.3884661e-02
   3.5598115e-02
   3.4439451e-02
   3.6657297e-02
   3.6438716e-02
   3.4758005e-02
   3.5085273e-02
   3.4461901e-02
   3.2676645e-02
   3.5947863e-02
   3.3614275e-02
   3.3794003e-02
   3.5219909e-02
   3.6393895e-02
   3.4094802e-02
   3.3466712e-02
   3.5262761e-02
   3.6078274e-02
   3.4179762e-02
   3.3707177e-02
   3.6093840e-02
   3.4527054e-02
   3.4334848e-02
   3.5285681e-02
   3.4053237e-02
   3.4204813e-02
   3.6747462e-02
   3.4141788e-02
   3.3789294e-02
   3.4764845e-02
   3.3154585e-02
   3.6510239e-02
   3.7594792e-02
   3.3531932e-02
   3.7721880e-02
   3.3656843e-02
   3.3625712e-02
   3.3547892e-02
   3.2545563e-02
   3.3422306e-02
   3.4682336e-02
   3.4109709e-02
   3.5015787e-02
   3.6133323e-02
   3.7352183e-02
   3.7507740e-02
   3.2665455e-02
   3.4703833e-02
   3.4615965e-02
   3.6720859e-02
   3.4083326e-02
   3.3336515e-02
   3.6293677e-02
   3.2161001e-02
   3.3367071e-02
   3.3352538e-02
   3.5429759e-02
   3.4831545e-02
   3.2814935e-02
   3.2773264e-02
   3.4975691e-02
   3.6915860e-02
   3.4570849e-02
   3.3286550e-02
   3.2778319e-02
   3.3560036e-02
   3.4009298e-02
   3.6404066e-02
   3.2452370e-02
   3.4016896e-02
   3.4966446e-02
   3.5933291e-02
   3.3662403e-02
   3.4889414e-02
   3.3412531e-02
   3.5345498e-02
   3.4681349e-02
   3.7706570e-02
   3.4816267e-02
   3.5385397e-02
   3.3972411e-02
   3.4030178e-02
   3.3955883e-02
   3.4014113e-02
   3.3711075e-02
   3.6533482e-02
   3.4898438e-02
   3.4415610e-02
   3.5189797e-02
   3.3615323e-02
   3.7153848e-02
   3.3207680e-02
   3.2746851e-02
   3.4947495e-02
   3.4645777e-02
   3.3423316e-02
   3.6722842e-02
   3.5803561e-02
   3.4050113e-02
   3.8025527e-02
   3.4282302e-02
   3.4240249e-02
   3.3741909e-02
   3.4404807e-02
   3.6828258e-02
   3.3921283e-02
   3.3134865e-02
   3.4305101e-02
   3.7556324e-02
   3.3787592e-02
   3.3646814e-02
   3.5097935e-02
   3.6025058e-02
   3.2707519e-02
   3.7125000e-02
   3.5260302e-02
   3.5333645e-02
   3.5406424e-02
