   2.2981541e-01
   2.3884506e-01
   2.2164922e-01
   2.0852842e-01
   1.8722269e-01
   2.0276613e-01
   2.1840112e-01
   2.0886929e-01
   2.1437280e-01
   2.3736997e-01
   1.9487828e-01
   2.3110348e-01
   1.8740575e-01
   1.8647019e-01
   2.1701854e-01
   1.8921813e-01
   2.0231344e-01
   2.0974018e-01
   1.8607991e-01
   1.9815388e-01
   1.9008830e-01
   2.0672859e-01
   2.1578769e-01
   1.9562033e-01
   2.0900436e-01
   2.0209071e-01
   1.9548581e-01
   2.3536535e-01
   2.1629594e-01
   2.3806409e-01
   2.1493109e-01
   1.9901070e-01
   2.0307614e-01
   2.0623041e-01
   1.8583341e-01
   2.0953829e-01
   2.2777334e-01
   2.3960356e-01
   2.2280872e-01
   2.2869043e-01
   1.9597747e-01
   1.9026227e-01
   1.9784819e-01
   2.3416883e-01
   2.0533206e-01
   1.9733437e-01
   2.1044393e-01
   2.0825389e-01
   1.9481802e-01
   2.4318646e-01
   1.9277004e-01
   2.4325041e-01
   2.4039583e-01
   2.2801343e-01
   1.8608693e-01
   2.3450000e-01
   2.1119621e-01
   1.9129823e-01
   2.1873588e-01
   2.4000870e-01
   2.1312975e-01
   2.0093106e-01
   2.0472579e-01
   1.9312039e-01
   2.4321013e-01
   2.1022813e-01
   2.0906319e-01
   1.8801878e-01
   1.8823652e-01
   2.0647330e-01
   2.1799646e-01
   2.3381940e-01
   2.1250142e-01
   1.9279293e-01
   2.0009674e-01
   2.0405951e-01
   2.2503705e-01
   2.1341084e-01
   2.0173459e-01
   1.9889188e-01
   2.2402528e-01
   2.1149978e-01
   1.9362607e-01
   1.9838901e-01
   2.0578578e-01
   2.0921913e-01
   1.8696489e-01
   1.8567263e-01
   2.0735037e-01
   2.2348136e-01
   1.8916597e-01
   1.9480132e-01
   2.1482163e-01
   1.9014349e-01
   2.2180960e-01
   2.4317128e-01
   2.2380407e-01
   2.3867001e-01
   2.0178912e-01
   1.9831397e-01
   2.2689533e-01
   2.1299917e-01
   1.9116386e-01
   1.9937672e-01
   1.9866757e-01
   2.1250421e-01
   1.9832507e-01
   2.2189053e-01
   1.9760568e-01
   2.1902900e-01
   2.1302939e-01
   2.3210324e-01
   2.1601613e-01
   1.9215895e-01
   2.0093665e-01
   2.0867617e-01
   2.0797976e-01
   2.3405122e-01
   2.3082033e-01
   1.8700340e-01
   2.2744940e-01
   1.8819399e-01
   2.2569744e-01
   2.1936410e-01
   2.4065713e-01
   2.3317403e-01
   2.0517022e-01
   2.0376210e-01
   2.0166801e-01
   2.2025028e-01
   2.4316908e-01
   2.0893957e-01
   1.9762462e-01
   1.8891781e-01
   2.1583829e-01
   1.8819880e-01
   2.2986364e-01
   2.0108032e-01
   2.1560328e-01
   1.9736462e-01
   1.8944998e-01
   2.3668768e-01
   1.8960464e-01
   2.2312297e-01
   1.9361832e-01
   2.3576933e-01
   2.0276383e-01
   2.2165240e-01
   2.0926953e-01
   2.2414388e-01
   2.4227951e-01
   1.9861820e-01
   2.0561600e-01
   2.2612275e-01
   2.1472396e-01
   1.9781627e-01
   1.9644414e-01
   2.0862282e-01
   2.2861361e-01
   2.0579861e-01
   2.2290471e-01
   1.9230566e-01
   2.3478802e-01
   2.0865867e-01
   2.0647471e-01
   1.9199544e-01
   2.0961820e-01
   2.3257386e-01
   2.2811185e-01
   1.9362434e-01
   1.8819639e-01
   2.2881756e-01
   2.0517814e-01
   2.1472188e-01
   1.8995860e-01
   2.0686877e-01
   2.1015392e-01
   2.2343217e-01
   2.0300531e-01
   2.2682343e-01
   2.0679358e-01
   2.2633747e-01
   1.9171450e-01
   2.2261494e-01
   2.2581001e-01
   2.4318188e-01
   1.9590429e-01
   2.1816442e-01
   2.0952708e-01
   2.0955408e-01
   2.3115533e-01
   2.1677579e-01
   1.8612558e-01
   2.1637488e-01
   2.4258352e-01
   1.8574973e-01
   1.9251121e-01
   1.9298475e-01
   2.0264884e-01
   2.2821968e-01
   1.9496412e-01
   2.0055833e-01
   2.2454555e-01
   2.3781523e-01
   2.0339844e-01
   2.0105803e-01
   2.1340713e-01
   2.1576246e-01
   1.9561689e-01
   2.1395228e-01
   2.4323563e-01
   1.9134284e-01
   2.4317763e-01
   2.1524852e-01
   2.1096484e-01
   1.9002154e-01
   2.0398641e-01
   2.0901141e-01
   2.1631094e-01
   2.1022612e-01
   2.2514150e-01
   2.4318793e-01
   1.9467011e-01
   1.9762329e-01
   1.8984284e-01
   2.2903955e-01
   2.0156805e-01
   2.2298714e-01
   2.1231921e-01
   2.1601740e-01
   1.9915798e-01
   2.1826037e-01
   2.1334384e-01
   2.1348157e-01
   1.9889587e-01
   2.0453163e-01
   2.2766055e-01
   2.4321806e-01
   2.3295659e-01
   2.0811759e-01
   2.0550482e-01
   2.3191156e-01
   2.3170304e-01
   2.0623076e-01
   2.3289920e-01
   2.1945117e-01
   2.0124727e-01
   2.1306777e-01
   1.9975320e-01
   2.1305494e-01
   2.0963283e-01
   2.0587378e-01
   2.3631002e-01
   2.0872868e-01
   2.1232262e-01
   2.1293201e-01
   2.2890094e-01
   1.9801873e-01
   2.1329232e-01
   2.1236948e-01
   1.9633114e-01
   1.9556640e-01
   2.1322041e-01
   2.1209134e-01
   1.8918004e-01
   2.3807272e-01
   1.9951937e-01
   2.1281427e-01
   2.0415564e-01
   2.0686047e-01
   2.0590713e-01
   2.3520868e-01
   2.1519945e-01
   2.0043535e-01
   1.8714766e-01
   2.0473885e-01
   2.4319367e-01
   2.0530214e-01
   2.1254262e-01
   2.2423852e-01
   2.0009707e-01
   2.2253621e-01
   2.0770379e-01
   2.1033575e-01
   2.3347529e-01
   2.4204729e-01
   1.9897733e-01
   1.9754463e-01
   2.2444096e-01
   2.3755704e-01
   2.4313889e-01
   2.1355032e-01
   1.9114681e-01
   1.8660010e-01
   2.2600491e-01
   1.9141441e-01
   1.9702121e-01
   1.9939624e-01
   2.0637086e-01
   2.1662992e-01
