   1.8577945e-01
   1.8315978e-01
   1.8869763e-01
   1.8161916e-01
   1.7991296e-01
   1.7494840e-01
   1.7433410e-01
   1.8135574e-01
   1.8371408e-01
   1.7031631e-01
   1.8766460e-01
   1.6760929e-01
   1.7864792e-01
   1.7644237e-01
   1.7132301e-01
   1.8199915e-01
   1.7563859e-01
   1.8423802e-01
   1.7734619e-01
   1.8029525e-01
   1.6998013e-01
   1.8403524e-01
   1.7782144e-01
   1.8813081e-01
   1.8047388e-01
   1.8222953e-01
   1.8953578e-01
   1.7504465e-01
   1.7002483e-01
   1.8387881e-01
   1.7293962e-01
   1.7840804e-01
   1.7473150e-01
   1.8342441e-01
   1.6815747e-01
   1.8118615e-01
   1.8212558e-01
   1.7575681e-01
   1.7093613e-01
   1.6763398e-01
   1.7943404e-01
   1.6881703e-01
   1.6866525e-01
   1.7440004e-01
   1.7379999e-01
   1.8191926e-01
   1.8913977e-01
   1.7685163e-01
   1.7734048e-01
   1.7925287e-01
   1.7621774e-01
   1.8736426e-01
   1.7018223e-01
   1.7673034e-01
   1.8906743e-01
   1.7632960e-01
   1.7560182e-01
   1.7855797e-01
   1.7812706e-01
   1.8622002e-01
   1.7444829e-01
   1.7427540e-01
   1.7336021e-01
   1.7629690e-01
   1.7863432e-01
   1.8174942e-01
   1.7559551e-01
   1.7569649e-01
   1.7164335e-01
   1.6544244e-01
   1.7088714e-01
   1.8742168e-01
   1.9330875e-01
   1.8436622e-01
   1.8061556e-01
   1.8027112e-01
   1.8861691e-01
   1.8084528e-01
   1.8763693e-01
   1.7469429e-01
   1.7822538e-01
   1.7229707e-01
   1.7505621e-01
   1.7117596e-01
   1.8838720e-01
   1.7984530e-01
   1.6951957e-01
   1.7044612e-01
   1.8317651e-01
   1.7828803e-01
   1.7331015e-01
   1.7794042e-01
   1.7462773e-01
   1.8762215e-01
   1.8958165e-01
   1.7584430e-01
   1.8892368e-01
   1.8925368e-01
   1.7612442e-01
   1.9445929e-01
   1.7421303e-01
   1.7258711e-01
   1.6874964e-01
   1.9075629e-01
   1.8346687e-01
   1.7999270e-01
   1.8097611e-01
   1.8806721e-01
   1.6982090e-01
   1.7870133e-01
   1.7331837e-01
   1.8040200e-01
   1.8611222e-01
   1.7147566e-01
   1.7450566e-01
   1.6863821e-01
   1.6929723e-01
   1.8244773e-01
   1.7583103e-01
   1.8311044e-01
   1.7553850e-01
   1.7651926e-01
   1.6808905e-01
   1.7814455e-01
   1.7825478e-01
   1.8495358e-01
   1.7441256e-01
   1.7457723e-01
   1.6914923e-01
   1.8512004e-01
   1.7612274e-01
   1.7288390e-01
   1.8582507e-01
   1.7935279e-01
   1.6972900e-01
   1.8447282e-01
   1.8830429e-01
   1.7392151e-01
   1.7827678e-01
   1.7426726e-01
   1.6975761e-01
   1.7914727e-01
   1.9241921e-01
   1.7428458e-01
   1.8694226e-01
   1.7503164e-01
   1.7459856e-01
   1.7267133e-01
   1.7884059e-01
   1.7774311e-01
   1.7890133e-01
   1.7353053e-01
   1.8566622e-01
   1.8415705e-01
   1.8485361e-01
   1.7812589e-01
   1.7933301e-01
   1.7828334e-01
   1.6630798e-01
   1.8102182e-01
   1.7168735e-01
   1.7417606e-01
   1.8827245e-01
   1.7445855e-01
   1.7203740e-01
   1.8686313e-01
   1.8350816e-01
   1.7592724e-01
   1.7344779e-01
   1.8699947e-01
   1.8419843e-01
   1.7554074e-01
   1.8070635e-01
   1.7361533e-01
   1.8811197e-01
   1.9019419e-01
   1.7343169e-01
   1.8788143e-01
   1.8397339e-01
   1.6944238e-01
   1.7349733e-01
   1.7656079e-01
   1.7632881e-01
   1.7686469e-01
   1.9133185e-01
   1.7432950e-01
   1.7681857e-01
   1.7745829e-01
   1.8331179e-01
   1.7961915e-01
   1.8115394e-01
   1.8651693e-01
   1.7410635e-01
   1.7725483e-01
   1.7534241e-01
   1.7396905e-01
   1.7385956e-01
   1.8542791e-01
   1.6871711e-01
   1.7463194e-01
   1.6568589e-01
   1.9204165e-01
   1.7439693e-01
   1.8760734e-01
   1.7320178e-01
   1.8274211e-01
   1.6867576e-01
   1.9670555e-01
   1.8955858e-01
   1.7746182e-01
   1.7676820e-01
   1.8049854e-01
   1.8288022e-01
   1.7257700e-01
   1.7110405e-01
   1.8413917e-01
   1.7198063e-01
   1.7662998e-01
   1.7586598e-01
   1.7366271e-01
   1.8244796e-01
   1.9257587e-01
   1.9131521e-01
   1.7253842e-01
   1.8284662e-01
   1.6960648e-01
   1.7584532e-01
   1.8182392e-01
   1.6775313e-01
   1.8431240e-01
   1.9319553e-01
   1.7609490e-01
   1.7065750e-01
   1.8239192e-01
   1.7478149e-01
   1.7334330e-01
   1.7589434e-01
   1.8019901e-01
   1.8217355e-01
   1.7150016e-01
   1.7653387e-01
   1.7872413e-01
   1.7510909e-01
   1.7642742e-01
   1.7232846e-01
   1.8682387e-01
   1.6642738e-01
   1.8302683e-01
   1.7222622e-01
   1.7978682e-01
   1.9286058e-01
   1.8139782e-01
   1.7416745e-01
   1.7883776e-01
   1.7243219e-01
   1.9522704e-01
   1.8770099e-01
   1.7982961e-01
   1.8210102e-01
   1.9575833e-01
   1.7412339e-01
   1.8000380e-01
   1.8186561e-01
   1.8655662e-01
   1.7097487e-01
   1.7495539e-01
   1.6475437e-01
   1.7274641e-01
   1.7277983e-01
   1.7398865e-01
   1.8188357e-01
   1.8731235e-01
   1.7044332e-01
   1.7548239e-01
   1.8402100e-01
   1.8879500e-01
   1.7537509e-01
   1.8276475e-01
   1.6775026e-01
   1.9295528e-01
   1.7489384e-01
   1.7466950e-01
   1.8187637e-01
   1.7851633e-01
   1.7142878e-01
   1.6499166e-01
   1.8472830e-01
   1.7714227e-01
   1.8298066e-01
   1.9033249e-01
   1.7632826e-01
   1.8984304e-01
   1.7703188e-01
   1.8852443e-01
   1.8404097e-01
   1.7780603e-01
   1.6742638e-01
   1.8532260e-01
   1.7211429e-01
   1.9125386e-01
