   2.9559746e-02
   2.8822586e-02
   2.8612866e-02
   2.8618687e-02
   2.9153973e-02
   2.8634382e-02
   2.8597135e-02
   2.8615204e-02
   2.8723829e-02
   2.9116458e-02
   2.8759048e-02
   2.8596380e-02
   2.8606436e-02
   2.8633544e-02
   2.9551420e-02
   2.8690744e-02
   2.9526891e-02
   2.9158931e-02
   2.9617113e-02
   2.9351579e-02
   2.8636793e-02
   2.8613271e-02
   2.9251082e-02
   2.9607184e-02
   2.8615782e-02
   2.9580623e-02
   2.9549241e-02
   2.8628496e-02
   2.8722755e-02
   2.8796748e-02
   2.8595416e-02
   2.8706411e-02
   2.8833569e-02
   2.8721086e-02
   2.8720766e-02
   2.9372169e-02
   2.8678363e-02
   2.9237865e-02
   2.8595860e-02
   2.9303545e-02
   2.9285194e-02
   2.8717710e-02
   2.9521477e-02
   2.8690543e-02
   2.9621264e-02
   2.8600031e-02
   2.8617687e-02
   2.9042991e-02
   2.8600912e-02
   2.9604888e-02
   2.8884034e-02
   2.8597307e-02
   2.8598999e-02
   2.8639677e-02
   2.8639346e-02
   2.8624285e-02
   2.8617601e-02
   2.8799637e-02
   2.8634369e-02
   2.8640350e-02
   2.8748740e-02
   2.9363944e-02
   2.8664792e-02
   2.8737530e-02
   2.8744324e-02
   2.9432993e-02
   2.9337702e-02
   2.8640444e-02
   2.8597171e-02
   2.8711110e-02
   2.8612895e-02
   2.8709061e-02
   2.9619582e-02
   2.8617798e-02
   2.8626497e-02
   2.8631697e-02
   2.8771557e-02
   2.9607557e-02
   2.9069118e-02
   2.9579947e-02
   2.8697743e-02
   2.8632723e-02
   2.8597720e-02
   2.9422824e-02
   2.8825079e-02
   2.8636237e-02
   2.9150349e-02
   2.8788950e-02
   2.8690412e-02
   2.9445910e-02
   2.9596147e-02
   2.9590689e-02
   2.9314056e-02
   2.8726015e-02
   2.8609824e-02
   2.8721243e-02
   2.8713865e-02
   2.9586413e-02
   2.8627543e-02
   2.8627952e-02
   2.8609852e-02
   2.8725815e-02
   2.8640201e-02
   2.8597801e-02
   2.8626283e-02
   2.8716374e-02
   2.9171066e-02
   2.9219032e-02
   2.8728060e-02
   2.9544847e-02
   2.9084366e-02
   2.8613015e-02
   2.8640355e-02
   2.8682038e-02
   2.8649782e-02
   2.8763200e-02
   2.8621066e-02
   2.9617208e-02
   2.8625299e-02
   2.8682161e-02
   2.8610954e-02
   2.8603647e-02
   2.9389319e-02
   2.9015539e-02
   2.9102333e-02
   2.8733775e-02
   2.8780985e-02
   2.8633822e-02
   2.8701587e-02
   2.9623425e-02
   2.9605263e-02
   2.8739411e-02
   2.9165549e-02
   2.8701127e-02
   2.9617680e-02
   2.9074092e-02
   2.8746090e-02
   2.9586586e-02
   2.8598064e-02
   2.8649208e-02
   2.8804387e-02
   2.9249686e-02
   2.9480755e-02
   2.8652507e-02
   2.9172012e-02
   2.8621065e-02
   2.9624912e-02
   2.8597823e-02
   2.8597065e-02
   2.9108543e-02
   2.9270537e-02
   2.8640233e-02
   2.9608540e-02
   2.8739434e-02
   2.9496720e-02
   2.8724858e-02
   2.9574808e-02
   2.8638715e-02
   2.8616961e-02
   2.9486538e-02
   2.8711997e-02
   2.9426753e-02
   2.8615168e-02
   2.8639702e-02
   2.8658230e-02
   2.8660163e-02
   2.8639480e-02
   2.8595952e-02
   2.9624547e-02
   2.8639679e-02
   2.8783049e-02
   2.8717595e-02
   2.8639322e-02
   2.8621128e-02
   2.8638883e-02
   2.8678955e-02
   2.8896864e-02
   2.8908504e-02
   2.9063384e-02
   2.9586582e-02
   2.8640209e-02
   2.8717998e-02
   2.8632974e-02
   2.8933266e-02
   2.9063633e-02
   2.8619150e-02
   2.8797276e-02
   2.9573924e-02
   2.9605552e-02
   2.8713476e-02
   2.9593868e-02
   2.9400532e-02
   2.8689355e-02
   2.9484879e-02
   2.8825740e-02
   2.8635171e-02
   2.8697700e-02
   2.9346785e-02
   2.8647152e-02
   2.8716768e-02
   2.9617743e-02
   2.8613099e-02
   2.8622356e-02
   2.8870992e-02
   2.9430910e-02
   2.8828371e-02
   2.8597274e-02
   2.9610460e-02
   2.8871013e-02
   2.8609115e-02
   2.8999221e-02
   2.8615483e-02
   2.8630089e-02
   2.8693004e-02
   2.8640406e-02
   2.9227758e-02
   2.8597288e-02
   2.9555117e-02
   2.8597468e-02
   2.8745391e-02
   2.8657121e-02
   2.8728105e-02
   2.8604879e-02
   2.8615300e-02
   2.8611357e-02
   2.8640240e-02
   2.8767044e-02
   2.8751484e-02
   2.8622447e-02
   2.9448216e-02
   2.8700567e-02
   2.8596751e-02
   2.8709808e-02
   2.8613784e-02
   2.8796869e-02
   2.9589724e-02
   2.8632792e-02
   2.8809305e-02
   2.9601605e-02
   2.9529265e-02
   2.8602738e-02
   2.8909408e-02
   2.8613033e-02
   2.9117135e-02
   2.8708279e-02
   2.8748721e-02
   2.8614444e-02
   2.8628593e-02
   2.8736837e-02
   2.8740007e-02
   2.8764244e-02
   2.8619964e-02
   2.8723211e-02
   2.9324955e-02
   2.8732711e-02
   2.9361979e-02
   2.8633548e-02
   2.8597143e-02
   2.9238608e-02
   2.8639457e-02
   2.9011863e-02
   2.9476941e-02
   2.8676696e-02
   2.8630182e-02
   2.8655071e-02
   2.8749970e-02
   2.8706449e-02
   2.9180937e-02
   2.8607255e-02
   2.9617314e-02
   2.9561869e-02
   2.9623917e-02
   2.8874516e-02
   2.8604923e-02
   2.9441020e-02
   2.9114911e-02
   2.8631600e-02
   2.8698653e-02
   2.8841134e-02
   2.8711920e-02
   2.8881696e-02
   2.8597302e-02
   2.8614054e-02
   2.8609064e-02
   2.8618340e-02
   2.8652165e-02
   2.8700035e-02
   2.9438046e-02
   2.8851620e-02
   2.9103785e-02
   2.9127521e-02
   2.9235928e-02
   2.8613838e-02
   2.9588519e-02
   2.9607938e-02
   2.9569772e-02
   2.8707967e-02
   2.8637043e-02
   2.8851554e-02
   2.9060109e-02
