   2.5200515e-01
   2.5847234e-01
   2.6405766e-01
   2.7706019e-01
   2.4781541e-01
   2.6597792e-01
   2.7307274e-01
   2.5791850e-01
   2.6773154e-01
   2.7553431e-01
   2.6422781e-01
   2.6347084e-01
   2.6431641e-01
   2.6948309e-01
   2.6508076e-01
   2.5151466e-01
   2.6481086e-01
   2.5420968e-01
   2.6219533e-01
   2.5591932e-01
   2.4546597e-01
   2.6499336e-01
   2.6623553e-01
   2.6720243e-01
   2.4680358e-01
   2.5372623e-01
   2.7479350e-01
   2.6916913e-01
   2.6442851e-01
   2.7160876e-01
   2.7198691e-01
   2.6576544e-01
   2.6569657e-01
   2.6418451e-01
   2.7571805e-01
   2.6921971e-01
   2.7217576e-01
   2.5269783e-01
   2.6307271e-01
   2.7424936e-01
   2.7512178e-01
   2.4768545e-01
   2.7163323e-01
   2.4765895e-01
   2.6483326e-01
   2.5554598e-01
   2.5379796e-01
   2.7312270e-01
   2.5030548e-01
   2.6992711e-01
   2.6816550e-01
   2.6365843e-01
   2.6408807e-01
   2.5711807e-01
   2.5810012e-01
   2.5165476e-01
   2.6607050e-01
   2.5136107e-01
   2.7257909e-01
   2.4592612e-01
   2.6389762e-01
   2.6413287e-01
   2.7186133e-01
   2.5344669e-01
   2.6083492e-01
   2.5779362e-01
   2.4960973e-01
   2.7645442e-01
   2.7434629e-01
   2.6457157e-01
   2.6910551e-01
   2.6380689e-01
   2.6349199e-01
   2.7126950e-01
   2.6464268e-01
   2.6349862e-01
   2.6583033e-01
   2.7725325e-01
   2.6504257e-01
   2.6402455e-01
   2.8039283e-01
   2.5965367e-01
   2.6496963e-01
   2.7278863e-01
   2.7517019e-01
   2.7020617e-01
   2.7660052e-01
   2.6428992e-01
   2.7498735e-01
   2.7501153e-01
   2.5193512e-01
   2.7276707e-01
   2.7354084e-01
   2.5105751e-01
   2.5588729e-01
   2.7707993e-01
   2.6187578e-01
   2.5519190e-01
   2.6689700e-01
   2.6027360e-01
   2.6461430e-01
   2.7729179e-01
   2.7465446e-01
   2.7401629e-01
   2.6508144e-01
   2.6246146e-01
   2.6472527e-01
   2.6366467e-01
   2.6356727e-01
   2.4693108e-01
   2.6483353e-01
   2.7750245e-01
   2.6757484e-01
   2.6871599e-01
   2.5412781e-01
   2.6348875e-01
   2.6383898e-01
   2.6431625e-01
   2.5017127e-01
   2.7260557e-01
   2.6469958e-01
   2.6018574e-01
   2.6520098e-01
   2.5187124e-01
   2.6394569e-01
   2.7519915e-01
   2.7087960e-01
   2.6344058e-01
   2.6207875e-01
   2.4683432e-01
   2.7482188e-01
   2.5670897e-01
   2.6059345e-01
   2.6731666e-01
   2.4933595e-01
   2.6479298e-01
   2.6521025e-01
   2.4898036e-01
   2.6407882e-01
   2.5154704e-01
   2.6512136e-01
   2.5231464e-01
   2.6533220e-01
   2.5159117e-01
   2.4753992e-01
   2.7750277e-01
   2.6984364e-01
   2.7134899e-01
   2.5104988e-01
   2.6486467e-01
   2.4991091e-01
   2.5268440e-01
   2.7331067e-01
   2.5866306e-01
   2.6501523e-01
   2.6111185e-01
   2.6883816e-01
   2.6500145e-01
   2.6762950e-01
   2.6697393e-01
   2.6305626e-01
   2.7330099e-01
   2.5023702e-01
   2.7683913e-01
   2.6401821e-01
   2.5075316e-01
   2.7712935e-01
   2.6971036e-01
   2.6678763e-01
   2.7606842e-01
   2.5067093e-01
   2.6048810e-01
   2.7534834e-01
   2.7694305e-01
   2.6598328e-01
   2.7474603e-01
   2.7909861e-01
   2.7655218e-01
   2.7329648e-01
   2.6555321e-01
   2.5148999e-01
   2.6163453e-01
   2.7960747e-01
   2.6354657e-01
   2.7379752e-01
   2.6505062e-01
   2.5206307e-01
   2.7325241e-01
   2.5416569e-01
   2.6460901e-01
   2.7398270e-01
   2.7494420e-01
   2.7846242e-01
   2.5717570e-01
   2.5023248e-01
   2.7411391e-01
   2.5113664e-01
   2.7448675e-01
   2.5851588e-01
   2.5927394e-01
   2.7732750e-01
   2.7640437e-01
   2.6399666e-01
   2.6406146e-01
   2.6479081e-01
   2.5575721e-01
   2.6505840e-01
   2.4682883e-01
   2.8018545e-01
   2.6134113e-01
   2.7159721e-01
   2.5397699e-01
   2.5233364e-01
   2.7350530e-01
   2.6489056e-01
   2.6467331e-01
   2.6232481e-01
   2.7818193e-01
   2.6344146e-01
   2.5312105e-01
   2.6536488e-01
   2.5390840e-01
   2.7537976e-01
   2.7167983e-01
   2.6450110e-01
   2.7396792e-01
   2.7534228e-01
   2.7232976e-01
   2.5588718e-01
   2.5193225e-01
   2.7205045e-01
   2.4645377e-01
   2.6556108e-01
   2.6792835e-01
   2.4954266e-01
   2.5529211e-01
   2.6945752e-01
   2.7100645e-01
   2.6624569e-01
   2.7589375e-01
   2.6475859e-01
   2.6404729e-01
   2.7427371e-01
   2.6577995e-01
   2.7750206e-01
   2.5449667e-01
   2.5332846e-01
   2.5456285e-01
   2.5417963e-01
   2.7237257e-01
   2.5033256e-01
   2.6402863e-01
   2.5596573e-01
   2.7652640e-01
   2.7447546e-01
   2.7720855e-01
   2.5404999e-01
   2.6141653e-01
   2.5375832e-01
   2.4913656e-01
   2.4229933e-01
   2.7774739e-01
   2.7902445e-01
   2.4660373e-01
   2.5770848e-01
   2.6337700e-01
   2.6532904e-01
   2.7477362e-01
   2.5489508e-01
   2.5386482e-01
   2.6567704e-01
   2.7373956e-01
   2.6164821e-01
   2.7138145e-01
   2.6932610e-01
   2.6165898e-01
   2.6069570e-01
   2.6305784e-01
   2.6579475e-01
   2.6948016e-01
   2.6493804e-01
   2.6368705e-01
   2.5106327e-01
   2.4094877e-01
   2.5217262e-01
   2.7744985e-01
   2.5807847e-01
   2.4933106e-01
   2.5782851e-01
   2.6409834e-01
   2.5232647e-01
   2.7557170e-01
   2.7848685e-01
   2.7310541e-01
   2.5644210e-01
   2.6508195e-01
   2.4684076e-01
   2.6487138e-01
   2.7419457e-01
   2.7384695e-01
