   2.3820914e-02
   2.2843403e-02
   2.1264354e-02
   2.3325256e-02
   2.3506002e-02
   2.3086656e-02
   2.2945485e-02
   2.3872598e-02
   2.3320184e-02
   2.4127873e-02
   2.3249690e-02
   2.2147113e-02
   2.2683368e-02
   2.1237065e-02
   2.3933072e-02
   2.3424911e-02
   2.1861662e-02
   2.3698910e-02
   2.2266322e-02
   2.2964994e-02
   2.2546553e-02
   2.3512921e-02
   2.2590983e-02
   2.3083121e-02
   2.2737466e-02
   2.1150413e-02
   2.3352553e-02
   2.1425783e-02
   2.1185746e-02
   2.1785227e-02
   2.2769963e-02
   2.2091083e-02
   2.3321920e-02
   2.2211384e-02
   2.2182795e-02
   2.3647357e-02
   2.2220324e-02
   2.1884317e-02
   2.2880106e-02
   2.2212666e-02
   2.3214004e-02
   2.2207808e-02
   2.3805532e-02
   2.1718439e-02
   2.1610601e-02
   2.1491984e-02
   2.2520401e-02
   2.2899258e-02
   2.1548575e-02
   2.2201030e-02
   2.3322364e-02
   2.1560942e-02
   2.3152525e-02
   2.2933146e-02
   2.2683109e-02
   2.2955267e-02
   2.3456507e-02
   2.3517613e-02
   2.2138617e-02
   2.2670883e-02
   2.2814513e-02
   2.1106083e-02
   2.1112747e-02
   2.1483478e-02
   2.1679513e-02
   2.1355986e-02
   2.3113463e-02
   2.1404018e-02
   2.2019768e-02
   2.3445889e-02
   2.1520247e-02
   2.2429194e-02
   2.3856794e-02
   2.3220359e-02
   2.3744849e-02
   2.1553591e-02
   2.3243541e-02
   2.2657373e-02
   2.2432348e-02
   2.2234567e-02
   2.3475295e-02
   2.2464417e-02
   2.2095674e-02
   2.3461115e-02
   2.2424585e-02
   2.2592427e-02
   2.2780836e-02
   2.1605022e-02
   2.2395511e-02
   2.2867935e-02
   2.3321969e-02
   2.1893183e-02
   2.1835586e-02
   2.2579126e-02
   2.2661096e-02
   2.2023821e-02
   2.2505387e-02
   2.1899836e-02
   2.1419816e-02
   2.1876425e-02
   2.2383171e-02
   2.3564818e-02
   2.2754397e-02
   2.1244174e-02
   2.2846423e-02
   2.3108200e-02
   2.2472383e-02
   2.3342490e-02
   2.1130394e-02
   2.1381875e-02
   2.1582677e-02
   2.3479207e-02
   2.0979350e-02
   2.3060821e-02
   2.3008073e-02
   2.2678503e-02
   2.1956300e-02
   2.2140463e-02
   2.2146045e-02
   2.3360108e-02
   2.2653793e-02
   2.1519970e-02
   2.1887241e-02
   2.2809361e-02
   2.3258179e-02
   2.2372838e-02
   2.2910030e-02
   2.1645807e-02
   2.2460030e-02
   2.1129987e-02
   2.2242278e-02
   2.2127692e-02
   2.2652193e-02
   2.3159829e-02
   2.2443758e-02
   2.1883347e-02
   2.2380614e-02
   2.1505102e-02
   2.2437214e-02
   2.2622830e-02
   2.3038517e-02
   2.2194714e-02
   2.2618782e-02
   2.2985872e-02
   2.2922226e-02
   2.1100027e-02
   2.2630335e-02
   2.1987441e-02
   2.3469642e-02
   2.1752739e-02
   2.2214791e-02
   2.2368718e-02
   2.3647755e-02
   2.1157695e-02
   2.3158706e-02
   2.1885121e-02
   2.2940483e-02
   2.2501112e-02
   2.2496718e-02
   2.1393766e-02
   2.3451776e-02
   2.1901253e-02
   2.0854246e-02
   2.2165921e-02
   2.2100463e-02
   2.1964229e-02
   2.1324289e-02
   2.1754487e-02
   2.1780690e-02
   2.1896391e-02
   2.3300640e-02
   2.3244290e-02
   2.2522164e-02
   2.3057877e-02
   2.2344880e-02
   2.3499900e-02
   2.1688873e-02
   2.2254678e-02
   2.2832014e-02
   2.2102753e-02
   2.2422508e-02
   2.2484733e-02
   2.2747091e-02
   2.3116854e-02
   2.2473567e-02
   2.3122610e-02
   2.1184498e-02
   2.1366603e-02
   2.1390277e-02
   2.3374229e-02
   2.1954640e-02
   2.3113942e-02
   2.2370492e-02
   2.1036729e-02
   2.2791653e-02
   2.2700761e-02
   2.3059086e-02
   2.3086234e-02
   2.1266890e-02
   2.3937954e-02
   2.3498488e-02
   2.3495382e-02
   2.1561993e-02
   2.2304017e-02
   2.1685845e-02
   2.2832111e-02
   2.3502085e-02
   2.2491069e-02
   2.3338937e-02
   2.2435665e-02
   2.1240675e-02
   2.3029456e-02
   2.1419488e-02
   2.2989601e-02
   2.2578092e-02
   2.1336546e-02
   2.2511661e-02
   2.2317211e-02
   2.2080441e-02
   2.2305430e-02
   2.1552794e-02
   2.0881968e-02
   2.1984659e-02
   2.1194612e-02
   2.1083407e-02
   2.1725651e-02
   2.1865317e-02
   2.1354932e-02
   2.2948228e-02
   2.2211443e-02
   2.0893945e-02
   2.1390115e-02
   2.3084215e-02
   2.2125264e-02
   2.0997800e-02
   2.1593433e-02
   2.1944504e-02
   2.1434801e-02
   2.3846175e-02
   2.1522640e-02
   2.3721644e-02
   2.3243000e-02
   2.2785398e-02
   2.1788546e-02
   2.2827253e-02
   2.2188927e-02
   2.2711344e-02
   2.3938214e-02
   2.2899896e-02
   2.1191611e-02
   2.2360757e-02
   2.2276906e-02
   2.1971464e-02
   2.3013145e-02
   2.1393444e-02
   2.3328650e-02
   2.2999434e-02
   2.1932875e-02
   2.1887188e-02
   2.2700287e-02
   2.2786287e-02
   2.1053564e-02
   2.3859258e-02
   2.1785444e-02
   2.2525105e-02
   2.1377640e-02
   2.2309144e-02
   2.2499583e-02
   2.1275684e-02
   2.3272837e-02
   2.1162709e-02
   2.1818113e-02
   2.1247261e-02
   2.2843808e-02
   2.1483052e-02
   2.2251557e-02
   2.3170975e-02
   2.1472294e-02
   2.1084572e-02
   2.2239833e-02
   2.2714275e-02
   2.1155428e-02
   2.1579667e-02
   2.3249197e-02
   2.1917491e-02
   2.2598551e-02
   2.2418042e-02
   2.3988035e-02
   2.0946274e-02
   2.2598276e-02
   2.4061820e-02
   2.3715770e-02
   2.1021298e-02
   2.2053207e-02
   2.3974277e-02
   2.2671433e-02
   2.2315979e-02
   2.1539878e-02
   2.1324528e-02
   2.3079470e-02
