   8.4100214e-02
   8.7354370e-02
   7.9633796e-02
   8.4098897e-02
   9.0796584e-02
   8.7485945e-02
   8.9151321e-02
   8.4562740e-02
   8.7084327e-02
   8.6426792e-02
   7.8373963e-02
   7.6785898e-02
   7.6665753e-02
   8.6424551e-02
   8.6357258e-02
   8.1019782e-02
   7.6289323e-02
   8.9642722e-02
   8.6950956e-02
   9.1775314e-02
   8.7460914e-02
   9.1048632e-02
   8.7529522e-02
   8.4190750e-02
   9.2037035e-02
   8.7586473e-02
   8.5556303e-02
   8.3046732e-02
   8.6957059e-02
   7.6749497e-02
   8.6245485e-02
   8.7163143e-02
   7.6493128e-02
   7.8194330e-02
   8.0888648e-02
   8.8010388e-02
   9.1164970e-02
   8.7849278e-02
   8.6785330e-02
   8.6704565e-02
   9.1198002e-02
   8.6291894e-02
   8.7233740e-02
   9.0592955e-02
   8.6413830e-02
   8.3091404e-02
   8.5720432e-02
   8.6912872e-02
   8.4050158e-02
   8.6280051e-02
   7.4997628e-02
   8.3249469e-02
   8.4457407e-02
   8.2591642e-02
   8.7839405e-02
   8.6150851e-02
   9.1601343e-02
   8.5212319e-02
   8.7263230e-02
   8.6829586e-02
   8.2858433e-02
   8.8668937e-02
   8.1859128e-02
   8.7886413e-02
   8.4668418e-02
   8.0874113e-02
   8.7790516e-02
   8.4971557e-02
   8.5666226e-02
   8.4242353e-02
   8.6509543e-02
   8.3130372e-02
   8.5603804e-02
   8.7714351e-02
   8.7339315e-02
   8.7198998e-02
   8.3186244e-02
   7.9779757e-02
   8.6755030e-02
   8.6616169e-02
   8.7562875e-02
   8.4548596e-02
   8.7620359e-02
   8.6433540e-02
   8.0697608e-02
   8.5115915e-02
   8.8657974e-02
   9.2814703e-02
   8.6369873e-02
   8.7851715e-02
   8.6044303e-02
   8.7117926e-02
   8.6660384e-02
   8.8752002e-02
   8.7212873e-02
   7.6717053e-02
   8.3927044e-02
   9.2045461e-02
   8.8152409e-02
   8.0249237e-02
   8.1506997e-02
   8.1450648e-02
   8.8188686e-02
   9.0804683e-02
   9.1223421e-02
   8.4043622e-02
   8.6343636e-02
   8.6707299e-02
   8.3512569e-02
   8.6618676e-02
   7.9716233e-02
   8.6977734e-02
   8.1280770e-02
   8.5579500e-02
   8.5831233e-02
   8.9683826e-02
   8.0462096e-02
   8.2775165e-02
   8.7193838e-02
   8.9116442e-02
   8.6936417e-02
   8.1995843e-02
   9.2170053e-02
   8.6966438e-02
   8.3434654e-02
   9.0268229e-02
   8.6260826e-02
   9.0138495e-02
   8.7098912e-02
   9.1045180e-02
   8.7139244e-02
   8.6827558e-02
   8.2654089e-02
   8.2496511e-02
   7.9422834e-02
   9.0586483e-02
   8.9701572e-02
   9.1146062e-02
   8.5770554e-02
   8.5058423e-02
   8.2986615e-02
   8.8641929e-02
   7.8512779e-02
   9.2466910e-02
   8.7839888e-02
   8.8347446e-02
   8.9077038e-02
   8.4663956e-02
   8.6641248e-02
   8.4649962e-02
   8.1444144e-02
   7.7933333e-02
   8.2349117e-02
   8.6338501e-02
   7.9075080e-02
   7.6688545e-02
   8.5036492e-02
   8.3119311e-02
   8.6432350e-02
   8.8110411e-02
   8.3804164e-02
   9.2881803e-02
   9.0432528e-02
   8.3034749e-02
   8.7130727e-02
   8.3066083e-02
   7.7716529e-02
   8.1619698e-02
   8.8353864e-02
   8.3486292e-02
   8.2489128e-02
   8.7319292e-02
   7.9969649e-02
   8.9093217e-02
   8.2549937e-02
   8.2861820e-02
   8.6739969e-02
   8.6357961e-02
   7.9808985e-02
   8.3758165e-02
   7.9409618e-02
   8.1021293e-02
   7.7671931e-02
   8.4686123e-02
   9.0959597e-02
   8.5533174e-02
   8.4886419e-02
   9.2217256e-02
   8.1400151e-02
   7.8514087e-02
   9.0460891e-02
   8.6128116e-02
   8.7144956e-02
   8.6226406e-02
   8.2982731e-02
   8.7380517e-02
   9.0872895e-02
   8.2836953e-02
   8.1325168e-02
   8.2111884e-02
   8.3493135e-02
   8.6647012e-02
   8.4233320e-02
   8.1055306e-02
   7.7220338e-02
   8.1860272e-02
   9.0619919e-02
   8.3802168e-02
   8.9099559e-02
   8.6244283e-02
   8.4882077e-02
   8.6469317e-02
   8.6916096e-02
   8.7674739e-02
   8.8088490e-02
   8.2983406e-02
   8.3117668e-02
   8.9967836e-02
   8.9814944e-02
   8.1951040e-02
   8.7887719e-02
   7.8864482e-02
   8.9944633e-02
   8.3605478e-02
   7.9717436e-02
   8.6557843e-02
   8.2967638e-02
   9.1843363e-02
   8.2993456e-02
   8.7075081e-02
   8.7021069e-02
   8.8467187e-02
   8.2480434e-02
   8.6830899e-02
   8.6962788e-02
   8.1856354e-02
   8.4193302e-02
   7.7454217e-02
   7.5354058e-02
   9.0558092e-02
   8.2350070e-02
   8.0502083e-02
   9.0646730e-02
   8.4674544e-02
   8.8882981e-02
   8.2186221e-02
   8.1334288e-02
   8.5208544e-02
   8.2453766e-02
   8.1360323e-02
   9.0913960e-02
   7.6888411e-02
   8.0559855e-02
   8.7608244e-02
   8.7341460e-02
   8.7579334e-02
   9.2491649e-02
   8.7654251e-02
   8.0747231e-02
   8.2343201e-02
   8.3141443e-02
   8.3562958e-02
   8.2157789e-02
   8.5855657e-02
   8.8005806e-02
   8.6143778e-02
   8.6793169e-02
   8.2812679e-02
   9.0667701e-02
   8.6940615e-02
   8.7016049e-02
   8.2174475e-02
   8.6002697e-02
   8.2157789e-02
   8.3964412e-02
   8.6935627e-02
   8.6330746e-02
   8.6566698e-02
   8.8549830e-02
   7.9587389e-02
   7.8687394e-02
   9.2385526e-02
   8.7561799e-02
   8.2481265e-02
   9.0563743e-02
   8.0046987e-02
   8.1708236e-02
   8.6879145e-02
   8.6993708e-02
   7.8359483e-02
   7.7571172e-02
   8.3925029e-02
   8.3608212e-02
   8.6899793e-02
   8.2170506e-02
   8.6207986e-02
   7.9451529e-02
   8.7055970e-02
   8.6158701e-02
   9.2764146e-02
