   2.7136593e-01
   2.7902109e-01
   2.7127742e-01
   2.7643485e-01
   2.7788915e-01
   2.7875419e-01
   2.7135704e-01
   2.7027202e-01
   2.7125982e-01
   2.7051271e-01
   2.7869946e-01
   2.7033545e-01
   2.7563424e-01
   2.8288461e-01
   2.7047782e-01
   2.7261283e-01
   2.7306979e-01
   2.7116694e-01
   2.7814644e-01
   2.7019030e-01
   2.7928419e-01
   2.7257182e-01
   2.7546802e-01
   2.8446434e-01
   2.7129061e-01
   2.7702579e-01
   2.7120769e-01
   2.7348113e-01
   2.7137165e-01
   2.7670070e-01
   2.7247413e-01
   2.8301368e-01
   2.6974321e-01
   2.7384219e-01
   2.7799802e-01
   2.7268327e-01
   2.7133251e-01
   2.7617793e-01
   2.7646020e-01
   2.7106705e-01
   2.7336760e-01
   2.8185907e-01
   2.7135669e-01
   2.7899229e-01
   2.7419384e-01
   2.7576879e-01
   2.7204942e-01
   2.7208412e-01
   2.7110929e-01
   2.7742927e-01
   2.7129902e-01
   2.7090313e-01
   2.8223674e-01
   2.8196297e-01
   2.7051411e-01
   2.7177849e-01
   2.7135790e-01
   2.7599104e-01
   2.7565936e-01
   2.7110943e-01
   2.7132524e-01
   2.7224823e-01
   2.7106927e-01
   2.7565752e-01
   2.7112410e-01
   2.8158475e-01
   2.7112046e-01
   2.6984621e-01
   2.7178140e-01
   2.7129934e-01
   2.7107506e-01
   2.7731811e-01
   2.6976578e-01
   2.7596551e-01
   2.7192958e-01
   2.7095856e-01
   2.8477432e-01
   2.6939128e-01
   2.7592332e-01
   2.7295551e-01
   2.7122978e-01
   2.6942731e-01
   2.8371367e-01
   2.7711772e-01
   2.8251528e-01
   2.7130518e-01
   2.7159608e-01
   2.8523897e-01
   2.7533977e-01
   2.7181955e-01
   2.7254427e-01
   2.7655263e-01
   2.7730027e-01
   2.7957902e-01
   2.7134068e-01
   2.6945483e-01
   2.7592591e-01
   2.7421222e-01
   2.7134370e-01
   2.7137417e-01
   2.7132444e-01
   2.7114882e-01
   2.6974324e-01
   2.7108949e-01
   2.7601071e-01
   2.6944100e-01
   2.8529622e-01
   2.7132332e-01
   2.7924451e-01
   2.8486903e-01
   2.7192730e-01
   2.7985490e-01
   2.8201224e-01
   2.7128952e-01
   2.7319640e-01
   2.7896481e-01
   2.7029157e-01
   2.7044898e-01
   2.7680897e-01
   2.7647742e-01
   2.7593786e-01
   2.7257253e-01
   2.7120461e-01
   2.7110743e-01
   2.6994208e-01
   2.6941883e-01
   2.7127216e-01
   2.7069832e-01
   2.6950135e-01
   2.7131259e-01
   2.7762635e-01
   2.7308318e-01
   2.7192143e-01
   2.7406054e-01
   2.7713934e-01
   2.7110297e-01
   2.6944444e-01
   2.6969491e-01
   2.6966975e-01
   2.7194137e-01
   2.6941627e-01
   2.8387329e-01
   2.7919768e-01
   2.6980549e-01
   2.7274084e-01
   2.6966982e-01
   2.6942204e-01
   2.7131112e-01
   2.7964004e-01
   2.7121507e-01
   2.6941757e-01
   2.7195480e-01
   2.7101654e-01
   2.7477060e-01
   2.7130320e-01
   2.7772861e-01
   2.6957381e-01
   2.7702109e-01
   2.7012051e-01
   2.7392835e-01
   2.7686705e-01
   2.7118316e-01
   2.7608877e-01
   2.7116106e-01
   2.7384385e-01
   2.7375519e-01
   2.7137356e-01
   2.7208701e-01
   2.7122787e-01
   2.7905593e-01
   2.7098798e-01
   2.8122240e-01
   2.8286984e-01
   2.6935216e-01
   2.7131612e-01
   2.8176586e-01
   2.7008255e-01
   2.7131041e-01
   2.7318395e-01
   2.6935938e-01
   2.7247099e-01
   2.7300936e-01
   2.7974368e-01
   2.7742943e-01
   2.7016412e-01
   2.6938252e-01
   2.7815319e-01
   2.7586072e-01
   2.8388583e-01
   2.7414176e-01
   2.6982219e-01
   2.7968853e-01
   2.7107400e-01
   2.7739794e-01
   2.7187774e-01
   2.7019178e-01
   2.6979055e-01
   2.7675437e-01
   2.6990333e-01
   2.7954690e-01
   2.8124700e-01
   2.7192456e-01
   2.7593573e-01
   2.7285365e-01
   2.7171522e-01
   2.6948135e-01
   2.6942111e-01
   2.6950107e-01
   2.6956457e-01
   2.7019819e-01
   2.7002634e-01
   2.8123835e-01
   2.7541530e-01
   2.7498228e-01
   2.8357714e-01
   2.7618753e-01
   2.7136772e-01
   2.7018205e-01
   2.6991194e-01
   2.7056550e-01
   2.7597774e-01
   2.6955463e-01
   2.8107548e-01
   2.7826017e-01
   2.7109391e-01
   2.7179994e-01
   2.7348257e-01
   2.7252817e-01
   2.7046734e-01
   2.7833796e-01
   2.7679569e-01
   2.7731806e-01
   2.7131407e-01
   2.7876018e-01
   2.6964955e-01
   2.6947490e-01
   2.7835954e-01
   2.7503213e-01
   2.6981977e-01
   2.6993894e-01
   2.7135477e-01
   2.7272383e-01
   2.7171525e-01
   2.7115349e-01
   2.7056744e-01
   2.7872279e-01
   2.7939964e-01
   2.7729248e-01
   2.6970363e-01
   2.7167720e-01
   2.7732203e-01
   2.6958437e-01
   2.7472688e-01
   2.7130277e-01
   2.7170738e-01
   2.7296286e-01
   2.7694332e-01
   2.7481208e-01
   2.7194063e-01
   2.8508667e-01
   2.7198914e-01
   2.7686313e-01
   2.7135207e-01
   2.7915647e-01
   2.7720164e-01
   2.7014809e-01
   2.6958484e-01
   2.7231822e-01
   2.7047041e-01
   2.7702172e-01
   2.7006902e-01
   2.6985465e-01
   2.7495893e-01
   2.6946086e-01
   2.7002671e-01
   2.7688724e-01
   2.7112175e-01
   2.7158008e-01
   2.7052624e-01
   2.7671954e-01
   2.7756952e-01
   2.7186004e-01
   2.7683649e-01
   2.8303717e-01
   2.6943061e-01
   2.7126472e-01
   2.7842963e-01
   2.8003841e-01
   2.6956213e-01
   2.7084285e-01
   2.7785657e-01
   2.7766396e-01
   2.7814449e-01
   2.7110627e-01
   2.6957063e-01
   2.7062421e-01
   2.7135495e-01
   2.7426068e-01
   2.7110658e-01
   2.6986844e-01
