   2.6638129e-02
   2.7797896e-02
   3.0092295e-02
   2.7024662e-02
   2.8405326e-02
   2.9665208e-02
   3.0235490e-02
   2.5957941e-02
   2.8251781e-02
   2.7058880e-02
   3.0062682e-02
   2.5161944e-02
   2.8205870e-02
   2.9935744e-02
   3.0407471e-02
   2.7755056e-02
   2.7172871e-02
   2.8909719e-02
   2.7614413e-02
   2.9979207e-02
   2.9671853e-02
   2.8143112e-02
   2.6494785e-02
   3.1199164e-02
   2.5838933e-02
   2.7270942e-02
   2.6302653e-02
   2.9148250e-02
   2.8601470e-02
   2.4399077e-02
   2.5739644e-02
   2.6322551e-02
   2.7437894e-02
   2.6620617e-02
   2.8587071e-02
   3.0500543e-02
   2.9538000e-02
   2.9078687e-02
   2.9288522e-02
   3.0058445e-02
   2.8723259e-02
   2.8331759e-02
   3.1304421e-02
   2.5177505e-02
   2.7512666e-02
   2.4916048e-02
   2.9066845e-02
   2.9145071e-02
   2.8527868e-02
   2.7090380e-02
   2.5452341e-02
   2.9227714e-02
   2.8523514e-02
   2.8472082e-02
   2.7363003e-02
   2.7589658e-02
   2.7696962e-02
   2.9496210e-02
   2.7721002e-02
   2.7313758e-02
   2.8257199e-02
   3.0699385e-02
   2.5067633e-02
   2.7678422e-02
   2.9950551e-02
   3.0616244e-02
   2.7306404e-02
   2.9230462e-02
   2.6568682e-02
   2.8808861e-02
   2.8048063e-02
   2.6854992e-02
   3.1785882e-02
   2.9698335e-02
   2.8433760e-02
   2.6793872e-02
   2.8505050e-02
   3.0394571e-02
   2.4645910e-02
   2.7430289e-02
   3.2395437e-02
   2.6477549e-02
   2.7774542e-02
   2.7371751e-02
   3.0480919e-02
   2.9949554e-02
   2.9315166e-02
   2.6580445e-02
   2.5988797e-02
   2.9239394e-02
   2.5452352e-02
   2.8296301e-02
   2.5091291e-02
   2.8898760e-02
   2.7856698e-02
   2.6690513e-02
   3.0382406e-02
   2.8565385e-02
   2.7268753e-02
   2.8651732e-02
   3.1590749e-02
   2.6372198e-02
   2.6302336e-02
   2.5454388e-02
   3.0529845e-02
   2.7367365e-02
   2.5274256e-02
   2.8441101e-02
   2.7895326e-02
   2.9439388e-02
   2.5742536e-02
   2.9443505e-02
   2.5374976e-02
   2.8039289e-02
   2.4663415e-02
   2.8397643e-02
   2.7027334e-02
   2.5956960e-02
   2.5508075e-02
   2.9390748e-02
   2.9687734e-02
   2.9387849e-02
   3.2067080e-02
   2.9813370e-02
   2.7391431e-02
   3.1513333e-02
   2.9814566e-02
   2.6283140e-02
   2.7757304e-02
   2.5172178e-02
   3.0100311e-02
   2.8578815e-02
   2.8586435e-02
   2.7000493e-02
   2.8220773e-02
   2.8954122e-02
   2.6610161e-02
   2.8886572e-02
   2.9092731e-02
   3.0177879e-02
   3.0050302e-02
   3.0125964e-02
   2.6631692e-02
   3.0103475e-02
   2.5887791e-02
   2.9285430e-02
   2.7442690e-02
   2.8421961e-02
   2.7572476e-02
   3.1710628e-02
   2.9818327e-02
   2.6321545e-02
   2.7283763e-02
   2.6957860e-02
   2.5276725e-02
   2.8569016e-02
   2.8333367e-02
   2.6149566e-02
   2.5905225e-02
   2.9155412e-02
   2.9316162e-02
   2.9098121e-02
   2.5702631e-02
   2.7928977e-02
   2.6933516e-02
   2.7327597e-02
   2.7108639e-02
   3.0277751e-02
   2.8131476e-02
   2.5940836e-02
   3.1306880e-02
   2.7072603e-02
   2.7283653e-02
   2.6520406e-02
   3.1344256e-02
   2.5669381e-02
   2.5367882e-02
   2.7404969e-02
   2.8317739e-02
   2.6144992e-02
   2.9123029e-02
   2.6528468e-02
   2.5928354e-02
   2.7538392e-02
   2.6547752e-02
   2.7879308e-02
   2.7270442e-02
   2.5548757e-02
   2.7851587e-02
   2.7506913e-02
   3.0967515e-02
   2.7954358e-02
   2.8946449e-02
   2.9484180e-02
   2.6544476e-02
   2.5776890e-02
   2.8160119e-02
   2.8939276e-02
   3.0846754e-02
   2.9505443e-02
   2.5936081e-02
   2.5690713e-02
   2.6296531e-02
   2.5046672e-02
   2.9623374e-02
   3.1968392e-02
   2.7045264e-02
   2.8045937e-02
   3.0922418e-02
   2.7400544e-02
   2.8469916e-02
   2.6078376e-02
   2.7825744e-02
   2.8336067e-02
   3.1226718e-02
   2.6212659e-02
   2.7171561e-02
   2.7656069e-02
   2.9568836e-02
   2.5235470e-02
   2.6209337e-02
   2.8815657e-02
   2.7874150e-02
   2.5788097e-02
   2.9912497e-02
   2.6278853e-02
   2.6980770e-02
   2.7714991e-02
   2.5741008e-02
   2.6974573e-02
   2.5493609e-02
   2.4878630e-02
   3.1216257e-02
   2.6586720e-02
   2.4943872e-02
   2.7924304e-02
   2.5943386e-02
   2.7485316e-02
   3.0417717e-02
   2.6963001e-02
   3.0180664e-02
   2.7085051e-02
   2.6829688e-02
   2.7493244e-02
   2.6839392e-02
   2.7633558e-02
   2.6489636e-02
   2.9602454e-02
   2.4506902e-02
   2.8647293e-02
   2.7989442e-02
   2.8815601e-02
   2.8884877e-02
   2.7372619e-02
   2.8796999e-02
   2.6635282e-02
   2.6617517e-02
   2.8334284e-02
   2.8494038e-02
   2.9959117e-02
   3.0448579e-02
   2.8435139e-02
   3.0400126e-02
   2.7484805e-02
   2.6190309e-02
   2.7375812e-02
   2.6353708e-02
   2.5305820e-02
   2.8699732e-02
   2.5861127e-02
   2.5641898e-02
   2.9022928e-02
   2.7240870e-02
   2.8548023e-02
   2.8592045e-02
   2.7842694e-02
   3.2182862e-02
   2.7239643e-02
   3.0175750e-02
   3.0353352e-02
   2.9947468e-02
   2.5838126e-02
   2.8976057e-02
   2.6238465e-02
   2.8206167e-02
   3.1141758e-02
   2.8884077e-02
   2.8378475e-02
   2.9371613e-02
   3.1938583e-02
   2.6697677e-02
   2.9152171e-02
   3.1317309e-02
   2.6369174e-02
   2.6628767e-02
   2.8725684e-02
   2.8678284e-02
   3.0232676e-02
   3.2449275e-02
   2.9678816e-02
