   2.7037165e-02
   2.7175415e-02
   2.6283978e-02
   2.6591328e-02
   2.6829417e-02
   2.7099820e-02
   2.6804323e-02
   2.6077433e-02
   2.7440664e-02
   2.7245755e-02
   2.5990979e-02
   2.6019661e-02
   2.7031361e-02
   2.5868766e-02
   2.6576374e-02
   2.6267815e-02
   2.7068617e-02
   2.7412733e-02
   2.6629087e-02
   2.7015601e-02
   2.7041397e-02
   2.6059494e-02
   2.6338979e-02
   2.7280856e-02
   2.7225690e-02
   2.7107694e-02
   2.5963201e-02
   2.6350597e-02
   2.6248497e-02
   2.6505049e-02
   2.6146906e-02
   2.6043227e-02
   2.7097754e-02
   2.6554536e-02
   2.7323371e-02
   2.7189291e-02
   2.6390579e-02
   2.6853456e-02
   2.7315662e-02
   2.6367208e-02
   2.7075402e-02
   2.6280972e-02
   2.6891482e-02
   2.6409383e-02
   2.6944112e-02
   2.5956412e-02
   2.6848830e-02
   2.6546291e-02
   2.6605680e-02
   2.7052082e-02
   2.7552242e-02
   2.6636047e-02
   2.6804183e-02
   2.6492123e-02
   2.6521186e-02
   2.6298013e-02
   2.6817853e-02
   2.6904633e-02
   2.6658888e-02
   2.6526159e-02
   2.6562770e-02
   2.6782037e-02
   2.7269368e-02
   2.7635081e-02
   2.6198539e-02
   2.7023763e-02
   2.7197607e-02
   2.6127935e-02
   2.7590208e-02
   2.7001730e-02
   2.6652507e-02
   2.7287657e-02
   2.6028593e-02
   2.6080129e-02
   2.7179639e-02
   2.6690824e-02
   2.7186986e-02
   2.6062824e-02
   2.5932768e-02
   2.6112725e-02
   2.6152878e-02
   2.6685291e-02
   2.7220413e-02
   2.5900154e-02
   2.6128580e-02
   2.6615256e-02
   2.6918851e-02
   2.7368814e-02
   2.7286154e-02
   2.6303536e-02
   2.6273857e-02
   2.6285527e-02
   2.6870951e-02
   2.6217770e-02
   2.6614140e-02
   2.6377579e-02
   2.5916912e-02
   2.6413476e-02
   2.6759486e-02
   2.6834439e-02
   2.6113183e-02
   2.7321413e-02
   2.6217814e-02
   2.6714550e-02
   2.6051686e-02
   2.6661737e-02
   2.7258907e-02
   2.6333710e-02
   2.6610264e-02
   2.6846157e-02
   2.6493710e-02
   2.6322876e-02
   2.7138510e-02
   2.6606202e-02
   2.7232571e-02
   2.7277843e-02
   2.6290665e-02
   2.6806517e-02
   2.7208785e-02
   2.7158780e-02
   2.6582436e-02
   2.6594387e-02
   2.6354061e-02
   2.6165521e-02
   2.7035353e-02
   2.6323934e-02
   2.6046925e-02
   2.6541313e-02
   2.6231276e-02
   2.6700411e-02
   2.7759252e-02
   2.6531681e-02
   2.7180604e-02
   2.5898415e-02
   2.5904203e-02
   2.6848922e-02
   2.7185363e-02
   2.6316712e-02
   2.7081870e-02
   2.6235568e-02
   2.6361475e-02
   2.7375489e-02
   2.6559826e-02
   2.6077567e-02
   2.7296509e-02
   2.7024201e-02
   2.6793604e-02
   2.6365591e-02
   2.7487440e-02
   2.7064353e-02
   2.6794446e-02
   2.6062049e-02
   2.6438256e-02
   2.6387174e-02
   2.6355034e-02
   2.6223558e-02
   2.6263476e-02
   2.6176581e-02
   2.5879203e-02
   2.5923315e-02
   2.5913753e-02
   2.7372711e-02
   2.6790530e-02
   2.6848092e-02
   2.7419977e-02
   2.7226335e-02
   2.6717153e-02
   2.6575357e-02
   2.6260721e-02
   2.6810961e-02
   2.6435036e-02
   2.6507369e-02
   2.5831300e-02
   2.7444371e-02
   2.6749058e-02
   2.7058211e-02
   2.6581442e-02
   2.6585544e-02
   2.7362738e-02
   2.7078713e-02
   2.5944559e-02
   2.6942616e-02
   2.7349803e-02
   2.6091862e-02
   2.6846456e-02
   2.6462088e-02
   2.6373693e-02
   2.7533278e-02
   2.6563664e-02
   2.6980724e-02
   2.6399263e-02
   2.7047921e-02
   2.6180005e-02
   2.6283674e-02
   2.7141550e-02
   2.6474214e-02
   2.6626471e-02
   2.6754829e-02
   2.5871249e-02
   2.6236651e-02
   2.6875152e-02
   2.6546518e-02
   2.6672700e-02
   2.7243527e-02
   2.6796036e-02
   2.7332782e-02
   2.7600324e-02
   2.6597363e-02
   2.5851614e-02
   2.6410518e-02
   2.7148557e-02
   2.6391929e-02
   2.6355042e-02
   2.7102612e-02
   2.6651898e-02
   2.5962009e-02
   2.7282796e-02
   2.6068841e-02
   2.6561067e-02
   2.6419906e-02
   2.7258184e-02
   2.7257872e-02
   2.7224627e-02
   2.6458734e-02
   2.6187817e-02
   2.7462363e-02
   2.6155202e-02
   2.7000469e-02
   2.6704655e-02
   2.6418228e-02
   2.6144029e-02
   2.6239519e-02
   2.7245696e-02
   2.6403703e-02
   2.5944943e-02
   2.7255699e-02
   2.6016506e-02
   2.6415590e-02
   2.6168099e-02
   2.6858972e-02
   2.6365836e-02
   2.6860449e-02
   2.6971247e-02
   2.7280239e-02
   2.6063124e-02
   2.5879377e-02
   2.7333421e-02
   2.7418378e-02
   2.6450370e-02
   2.7072612e-02
   2.5952879e-02
   2.7101112e-02
   2.7099367e-02
   2.6851096e-02
   2.6763231e-02
   2.6817054e-02
   2.6688190e-02
   2.6766983e-02
   2.7257507e-02
   2.5906459e-02
   2.6690953e-02
   2.6975162e-02
   2.6495789e-02
   2.7041575e-02
   2.6061273e-02
   2.7388220e-02
   2.6694910e-02
   2.6986158e-02
   2.6577237e-02
   2.7127103e-02
   2.5954494e-02
   2.7216472e-02
   2.6836253e-02
   2.6178909e-02
   2.6891799e-02
   2.7088658e-02
   2.5945794e-02
   2.6888804e-02
   2.6831937e-02
   2.7022889e-02
   2.6739172e-02
   2.6043216e-02
   2.6375991e-02
   2.6665473e-02
   2.6419050e-02
   2.6841592e-02
   2.7332708e-02
   2.7305940e-02
   2.7048848e-02
   2.6903446e-02
   2.5999715e-02
   2.7341688e-02
   2.6801173e-02
   2.7112856e-02
   2.7343966e-02
   2.6261780e-02
   2.7683747e-02
   2.7143976e-02
   2.6285090e-02
   2.6597296e-02
