   5.8412043e-02
   6.0932030e-02
   5.8306364e-02
   7.1552352e-02
   6.1220200e-02
   6.0566972e-02
   6.2080572e-02
   6.8905186e-02
   5.9190302e-02
   6.9613708e-02
   5.8356957e-02
   6.0729373e-02
   5.8113670e-02
   5.9408327e-02
   6.7023956e-02
   6.2361664e-02
   5.7872650e-02
   5.9962209e-02
   5.9204530e-02
   6.1366216e-02
   5.8387391e-02
   7.0665776e-02
   5.9275093e-02
   5.8221569e-02
   6.4988944e-02
   5.8363220e-02
   5.8055530e-02
   6.0931589e-02
   5.9498600e-02
   5.8170197e-02
   5.8136577e-02
   7.0219071e-02
   6.1844160e-02
   5.8577726e-02
   5.7888646e-02
   5.8123130e-02
   6.1495285e-02
   6.1539665e-02
   6.9769832e-02
   5.7867527e-02
   5.8320253e-02
   5.7893469e-02
   7.1137186e-02
   6.9955108e-02
   5.7859859e-02
   6.5882927e-02
   7.0427525e-02
   6.7358863e-02
   5.7955075e-02
   5.9964514e-02
   5.8949073e-02
   6.1647987e-02
   7.1356989e-02
   6.1830977e-02
   5.8373124e-02
   6.1483138e-02
   6.2154830e-02
   5.8890191e-02
   6.5805147e-02
   6.2282190e-02
   6.7462193e-02
   7.0364519e-02
   6.1702888e-02
   6.5470860e-02
   6.0929417e-02
   5.8031070e-02
   6.1659437e-02
   5.8442549e-02
   6.1452801e-02
   6.0746481e-02
   6.9013002e-02
   6.3173744e-02
   6.1637534e-02
   6.7423102e-02
   6.1117482e-02
   5.8527284e-02
   6.4986529e-02
   6.0711550e-02
   6.7468936e-02
   6.3584655e-02
   6.0968999e-02
   6.9025495e-02
   6.3149403e-02
   6.5594335e-02
   5.7882740e-02
   6.7638221e-02
   6.4334622e-02
   6.0990706e-02
   7.1290872e-02
   5.8177561e-02
   6.4167252e-02
   6.2362535e-02
   5.8892702e-02
   6.0214776e-02
   5.8539643e-02
   5.7887677e-02
   6.8627597e-02
   6.2355619e-02
   6.1258362e-02
   5.8055978e-02
   6.9564894e-02
   6.0921208e-02
   6.6060737e-02
   6.7155815e-02
   6.1734842e-02
   7.1303543e-02
   6.2032007e-02
   7.0245154e-02
   7.1389939e-02
   6.6041239e-02
   7.1451091e-02
   6.3286730e-02
   6.1092234e-02
   6.1523852e-02
   7.0342641e-02
   7.1215251e-02
   6.0607884e-02
   5.8481302e-02
   6.3468419e-02
   5.9396716e-02
   5.7903290e-02
   5.7842477e-02
   7.0179277e-02
   6.7981694e-02
   6.4986670e-02
   6.0849242e-02
   6.8841002e-02
   6.8032912e-02
   5.7860118e-02
   6.0422113e-02
   6.1690145e-02
   6.5133405e-02
   5.9919528e-02
   5.8107653e-02
   6.5420139e-02
   6.6212499e-02
   5.8722847e-02
   5.8502930e-02
   6.1466631e-02
   6.9954581e-02
   5.8327498e-02
   6.0174283e-02
   6.1658542e-02
   5.9738319e-02
   6.0095932e-02
   6.1206383e-02
   6.4791739e-02
   7.0628504e-02
   5.8227168e-02
   7.0633156e-02
   7.0527249e-02
   5.8334747e-02
   6.2587764e-02
   7.0102874e-02
   6.6066869e-02
   6.1844567e-02
   5.8602740e-02
   5.8445314e-02
   6.4875369e-02
   5.8315367e-02
   6.1365382e-02
   6.1614366e-02
   6.8009176e-02
   6.4303780e-02
   6.8276930e-02
   5.7922438e-02
   6.6976033e-02
   5.8418089e-02
   6.6348071e-02
   6.1276220e-02
   6.6411234e-02
   6.8645083e-02
   6.7957819e-02
   6.6707372e-02
   7.1200273e-02
   7.1448827e-02
   6.0687716e-02
   7.1410168e-02
   6.8005534e-02
   6.1694142e-02
   6.1140524e-02
   6.2167402e-02
   7.0835755e-02
   5.8255029e-02
   6.8295730e-02
   7.1118710e-02
   6.1971468e-02
   6.1274083e-02
   6.1316250e-02
   5.8382396e-02
   5.8070412e-02
   6.8888878e-02
   6.4601075e-02
   6.2364464e-02
   5.8177622e-02
   5.9724532e-02
   5.7925386e-02
   6.0503227e-02
   5.9413697e-02
   6.3773320e-02
   6.9917450e-02
   6.1199965e-02
   6.0382816e-02
   6.7624055e-02
   5.7864122e-02
   5.8259172e-02
   6.9183280e-02
   6.4897583e-02
   7.0665539e-02
   5.9709622e-02
   6.6991180e-02
   5.8355726e-02
   5.8195359e-02
   6.5668581e-02
   6.4999020e-02
   6.2663474e-02
   6.2124044e-02
   7.0564736e-02
   7.0221662e-02
   6.7317255e-02
   6.9397099e-02
   6.8511671e-02
   6.7364354e-02
   7.1391355e-02
   5.8099730e-02
   6.4733595e-02
   6.7611771e-02
   6.7719849e-02
   6.1389311e-02
   6.9789913e-02
   6.2247857e-02
   5.9024870e-02
   7.0679692e-02
   5.8202168e-02
   6.0367173e-02
   7.0734258e-02
   6.7136822e-02
   6.8079125e-02
   5.8145390e-02
   5.9666612e-02
   5.9257930e-02
   6.5509387e-02
   7.1284639e-02
   6.7336953e-02
   5.9129178e-02
   6.8497086e-02
   6.1206141e-02
   6.9332018e-02
   6.2098032e-02
   5.8385862e-02
   6.7013090e-02
   6.2597926e-02
   6.6078075e-02
   5.8422459e-02
   6.1392209e-02
   5.8660945e-02
   7.1107132e-02
   6.5286646e-02
   7.1262673e-02
   5.8015076e-02
   6.7041800e-02
   5.8088094e-02
   7.1176193e-02
   5.7901868e-02
   6.0611505e-02
   5.8127789e-02
   6.0976974e-02
   5.9842496e-02
   6.0633322e-02
   6.5370443e-02
   6.2326521e-02
   6.5392693e-02
   6.1028812e-02
   5.8865595e-02
   6.0680066e-02
   7.0605807e-02
   5.8078158e-02
   6.8672867e-02
   6.7699250e-02
   6.1626085e-02
   5.8236950e-02
   6.2100646e-02
   6.1764842e-02
   6.0007856e-02
   6.6095195e-02
   5.7935388e-02
   6.2438175e-02
   6.6501017e-02
   6.9422395e-02
   7.0718069e-02
   7.0874466e-02
   6.0819465e-02
   5.8048268e-02
   5.8556621e-02
   5.9753539e-02
   6.2620954e-02
   7.1240983e-02
   6.3662890e-02
   5.8044204e-02
   6.8393927e-02
