   1.8799711e-01
   1.8799381e-01
   1.8670234e-01
   1.8773529e-01
   1.9056032e-01
   1.8684656e-01
   1.8780003e-01
   1.8681778e-01
   1.8717040e-01
   1.8737043e-01
   1.8758595e-01
   1.8714413e-01
   1.9033700e-01
   1.8676093e-01
   1.8773460e-01
   1.8852969e-01
   1.8753334e-01
   1.8791641e-01
   1.8753413e-01
   1.8669528e-01
   1.8764159e-01
   1.8693301e-01
   1.8774101e-01
   1.8740613e-01
   1.8920848e-01
   1.8702581e-01
   1.8750769e-01
   1.8684955e-01
   1.8710161e-01
   1.8759247e-01
   1.9063550e-01
   1.8786968e-01
   1.8763573e-01
   1.8682725e-01
   1.8751562e-01
   1.8777355e-01
   1.8682810e-01
   1.8799331e-01
   1.9070463e-01
   1.8775203e-01
   1.8756652e-01
   1.8776441e-01
   1.8799395e-01
   1.9073312e-01
   1.8670162e-01
   1.8915314e-01
   1.8968975e-01
   1.8770706e-01
   1.8684322e-01
   1.8746085e-01
   1.9023040e-01
   1.8759078e-01
   1.8800681e-01
   1.8674426e-01
   1.9005019e-01
   1.9078409e-01
   1.8766794e-01
   1.8929692e-01
   1.8963573e-01
   1.8786557e-01
   1.8726369e-01
   1.9073287e-01
   1.8778702e-01
   1.8998528e-01
   1.8886548e-01
   1.8974538e-01
   1.8751892e-01
   1.8736275e-01
   1.9016778e-01
   1.9073219e-01
   1.8739743e-01
   1.8759547e-01
   1.8810983e-01
   1.9078488e-01
   1.8736349e-01
   1.8736248e-01
   1.8772289e-01
   1.9054703e-01
   1.9010026e-01
   1.8781218e-01
   1.8992248e-01
   1.8719591e-01
   1.9076575e-01
   1.9008225e-01
   1.8738817e-01
   1.8766982e-01
   1.8778751e-01
   1.8752261e-01
   1.8757463e-01
   1.8785929e-01
   1.8734839e-01
   1.9074520e-01
   1.8676114e-01
   1.8995511e-01
   1.8814397e-01
   1.8797749e-01
   1.8777260e-01
   1.9068127e-01
   1.8825395e-01
   1.8978865e-01
   1.8742721e-01
   1.8797989e-01
   1.8763856e-01
   1.9067296e-01
   1.9004859e-01
   1.8789093e-01
   1.9063921e-01
   1.9069486e-01
   1.8737250e-01
   1.8772697e-01
   1.8765334e-01
   1.8970919e-01
   1.8736353e-01
   1.9004625e-01
   1.8924856e-01
   1.8915026e-01
   1.8791014e-01
   1.9027742e-01
   1.9078374e-01
   1.8813459e-01
   1.8867616e-01
   1.8786969e-01
   1.8682938e-01
   1.8788938e-01
   1.8680687e-01
   1.8742720e-01
   1.8804026e-01
   1.8775220e-01
   1.8804918e-01
   1.8919483e-01
   1.8773436e-01
   1.8746047e-01
   1.8669157e-01
   1.8783590e-01
   1.8798944e-01
   1.8913027e-01
   1.9062920e-01
   1.8763621e-01
   1.8951762e-01
   1.8754831e-01
   1.9064225e-01
   1.8739617e-01
   1.8760372e-01
   1.8670474e-01
   1.8756628e-01
   1.8763384e-01
   1.9004478e-01
   1.8773272e-01
   1.8744879e-01
   1.8728335e-01
   1.8741123e-01
   1.8683073e-01
   1.8904172e-01
   1.8950643e-01
   1.9049915e-01
   1.8743722e-01
   1.8849306e-01
   1.8684290e-01
   1.8673310e-01
   1.8754693e-01
   1.8685507e-01
   1.8881975e-01
   1.8943469e-01
   1.8764863e-01
   1.8672478e-01
   1.8799341e-01
   1.8683537e-01
   1.8754852e-01
   1.8789425e-01
   1.8768227e-01
   1.8788903e-01
   1.8823982e-01
   1.9059099e-01
   1.8821895e-01
   1.8713389e-01
   1.8947913e-01
   1.8966820e-01
   1.8748594e-01
   1.8761938e-01
   1.8758946e-01
   1.9078174e-01
   1.8743583e-01
   1.8682406e-01
   1.8757995e-01
   1.8675749e-01
   1.8750198e-01
   1.9077247e-01
   1.8719309e-01
   1.8774035e-01
   1.8736415e-01
   1.8702223e-01
   1.8791461e-01
   1.8786928e-01
   1.8782515e-01
   1.8786972e-01
   1.8973288e-01
   1.8671525e-01
   1.9065879e-01
   1.8818729e-01
   1.8776587e-01
   1.8671879e-01
   1.8774661e-01
   1.8681058e-01
   1.8736299e-01
   1.8753980e-01
   1.8779892e-01
   1.8971370e-01
   1.8754778e-01
   1.8828544e-01
   1.8777926e-01
   1.8931505e-01
   1.8774264e-01
   1.8711263e-01
   1.8754788e-01
   1.8743595e-01
   1.8755147e-01
   1.8753479e-01
   1.8841852e-01
   1.8740672e-01
   1.8788978e-01
   1.8794762e-01
   1.8736389e-01
   1.8804437e-01
   1.8763112e-01
   1.8717726e-01
   1.8837092e-01
   1.8726528e-01
   1.8730147e-01
   1.8774025e-01
   1.8668820e-01
   1.8761919e-01
   1.9065183e-01
   1.8698390e-01
   1.9061073e-01
   1.8669991e-01
   1.8840634e-01
   1.8745464e-01
   1.8668691e-01
   1.8823334e-01
   1.8808856e-01
   1.8980019e-01
   1.8763658e-01
   1.8670283e-01
   1.8791286e-01
   1.8739264e-01
   1.9069699e-01
   1.8828834e-01
   1.9038731e-01
   1.9041982e-01
   1.8974665e-01
   1.8952227e-01
   1.8736560e-01
   1.8754378e-01
   1.8800031e-01
   1.8669146e-01
   1.8676092e-01
   1.8796926e-01
   1.8963063e-01
   1.8862541e-01
   1.8721140e-01
   1.9078179e-01
   1.8760744e-01
   1.8794916e-01
   1.9042512e-01
   1.8784961e-01
   1.8794196e-01
   1.8684009e-01
   1.9078218e-01
   1.8755176e-01
   1.8833260e-01
   1.8774783e-01
   1.8817763e-01
   1.8938513e-01
   1.8754034e-01
   1.8709995e-01
   1.8799239e-01
   1.8779891e-01
   1.8743576e-01
   1.8736043e-01
   1.8811867e-01
   1.8684272e-01
   1.8874478e-01
   1.8838700e-01
   1.8786272e-01
   1.8973513e-01
   1.8798661e-01
   1.8765451e-01
   1.8755130e-01
   1.8753983e-01
   1.8944736e-01
   1.9023785e-01
   1.9055900e-01
   1.8799178e-01
   1.8799698e-01
   1.8915437e-01
   1.8682993e-01
   1.8742736e-01
   1.8967500e-01
   1.8799682e-01
   1.8752795e-01
