   2.7195804e-01
   2.7359066e-01
   2.7229101e-01
   2.7184936e-01
   2.6785607e-01
   2.7039397e-01
   2.7113701e-01
   2.6965906e-01
   2.7321021e-01
   2.6947669e-01
   2.7062035e-01
   2.7037169e-01
   2.6730538e-01
   2.6796853e-01
   2.7021544e-01
   2.7047257e-01
   2.6898706e-01
   2.7141572e-01
   2.7008560e-01
   2.7127717e-01
   2.7180949e-01
   2.6968045e-01
   2.7316381e-01
   2.6865362e-01
   2.7038621e-01
   2.7272814e-01
   2.6969753e-01
   2.7112843e-01
   2.6831931e-01
   2.6809895e-01
   2.7151755e-01
   2.7026751e-01
   2.7240420e-01
   2.6596754e-01
   2.6882507e-01
   2.6732882e-01
   2.7476337e-01
   2.7068969e-01
   2.7191509e-01
   2.7219352e-01
   2.7095989e-01
   2.6810012e-01
   2.7159981e-01
   2.6932360e-01
   2.7316727e-01
   2.7189445e-01
   2.6895347e-01
   2.7047652e-01
   2.7088835e-01
   2.7075219e-01
   2.7085755e-01
   2.7098067e-01
   2.6915017e-01
   2.7159528e-01
   2.7261500e-01
   2.6917942e-01
   2.6944815e-01
   2.6958027e-01
   2.7198599e-01
   2.7124670e-01
   2.7119490e-01
   2.7070293e-01
   2.7134162e-01
   2.7189679e-01
   2.7089848e-01
   2.7020880e-01
   2.7076871e-01
   2.7298086e-01
   2.6930593e-01
   2.6708932e-01
   2.6659190e-01
   2.6976543e-01
   2.7220766e-01
   2.6905253e-01
   2.7104430e-01
   2.7025354e-01
   2.7371846e-01
   2.6954266e-01
   2.7057720e-01
   2.7087317e-01
   2.7133372e-01
   2.7052258e-01
   2.6897022e-01
   2.7265275e-01
   2.6988422e-01
   2.7019596e-01
   2.6801883e-01
   2.7269131e-01
   2.7070774e-01
   2.7318119e-01
   2.6994594e-01
   2.6548528e-01
   2.7171674e-01
   2.7115718e-01
   2.6955390e-01
   2.7137796e-01
   2.6674790e-01
   2.7087249e-01
   2.7346872e-01
   2.7185103e-01
   2.7095339e-01
   2.7085325e-01
   2.7317102e-01
   2.7162563e-01
   2.7212935e-01
   2.7161385e-01
   2.7114753e-01
   2.7021044e-01
   2.7114361e-01
   2.7233402e-01
   2.7107529e-01
   2.7270387e-01
   2.7336773e-01
   2.7064409e-01
   2.7020441e-01
   2.7147187e-01
   2.7144706e-01
   2.7248700e-01
   2.7034146e-01
   2.7176272e-01
   2.7106400e-01
   2.7108180e-01
   2.6994322e-01
   2.6469204e-01
   2.6894807e-01
   2.7174759e-01
   2.7252232e-01
   2.6984488e-01
   2.6992951e-01
   2.7221814e-01
   2.7230852e-01
   2.7041268e-01
   2.7010901e-01
   2.7122136e-01
   2.7137372e-01
   2.7103972e-01
   2.6509657e-01
   2.7139688e-01
   2.6999998e-01
   2.6430329e-01
   2.6913111e-01
   2.7322176e-01
   2.7218087e-01
   2.7080284e-01
   2.7125323e-01
   2.7134519e-01
   2.7255091e-01
   2.7025557e-01
   2.6948617e-01
   2.7250656e-01
   2.6927750e-01
   2.7034225e-01
   2.7014333e-01
   2.7116719e-01
   2.7054676e-01
   2.7163090e-01
   2.7177848e-01
   2.7235335e-01
   2.7245338e-01
   2.6995608e-01
   2.6664441e-01
   2.7175038e-01
   2.6489861e-01
   2.7100155e-01
   2.6807238e-01
   2.7131503e-01
   2.7180164e-01
   2.7169803e-01
   2.6663993e-01
   2.7240811e-01
   2.7326610e-01
   2.7199375e-01
   2.7046460e-01
   2.6620676e-01
   2.7132832e-01
   2.6900439e-01
   2.6536341e-01
   2.7089542e-01
   2.7276413e-01
   2.7290162e-01
   2.7081366e-01
   2.7134267e-01
   2.7283618e-01
   2.7402031e-01
   2.6810208e-01
   2.7198506e-01
   2.7125447e-01
   2.7044153e-01
   2.7263446e-01
   2.7170124e-01
   2.7332596e-01
   2.7155321e-01
   2.7315656e-01
   2.7353928e-01
   2.6956221e-01
   2.7021085e-01
   2.7099559e-01
   2.6967180e-01
   2.6580491e-01
   2.6875115e-01
   2.7115389e-01
   2.6547464e-01
   2.7241238e-01
   2.7056187e-01
   2.7200626e-01
   2.7262704e-01
   2.7149598e-01
   2.6596695e-01
   2.7211417e-01
   2.6990337e-01
   2.7141300e-01
   2.7012584e-01
   2.7207922e-01
   2.7083517e-01
   2.7228359e-01
   2.6802506e-01
   2.7285184e-01
   2.7219248e-01
   2.7287044e-01
   2.7217179e-01
   2.7371838e-01
   2.7090900e-01
   2.7046020e-01
   2.7048584e-01
   2.7251170e-01
   2.7275928e-01
   2.6669854e-01
   2.6554746e-01
   2.6862409e-01
   2.7239856e-01
   2.7026124e-01
   2.7239010e-01
   2.7081924e-01
   2.7096732e-01
   2.7033989e-01
   2.6723901e-01
   2.6901656e-01
   2.7091926e-01
   2.7437473e-01
   2.7231041e-01
   2.7212745e-01
   2.7048267e-01
   2.7409520e-01
   2.6885756e-01
   2.7214465e-01
   2.6979037e-01
   2.7086050e-01
   2.7171508e-01
   2.7063083e-01
   2.6904315e-01
   2.6657727e-01
   2.7408435e-01
   2.6834610e-01
   2.6949922e-01
   2.7083216e-01
   2.7267143e-01
   2.7084628e-01
   2.7413972e-01
   2.7000287e-01
   2.7054941e-01
   2.6661090e-01
   2.6984729e-01
   2.7076835e-01
   2.7156433e-01
   2.7006394e-01
   2.7153607e-01
   2.6852195e-01
   2.7379209e-01
   2.6905352e-01
   2.7021980e-01
   2.7304613e-01
   2.6967729e-01
   2.6991819e-01
   2.7201147e-01
   2.6764673e-01
   2.7097649e-01
   2.6663104e-01
   2.7061048e-01
   2.7131838e-01
   2.7171598e-01
   2.7143546e-01
   2.7052461e-01
   2.7175894e-01
   2.6945392e-01
   2.7044205e-01
   2.7207840e-01
   2.6982160e-01
   2.6974604e-01
   2.7336650e-01
   2.6972960e-01
   2.7237408e-01
   2.7367098e-01
   2.6914245e-01
   2.7447789e-01
   2.6804537e-01
   2.7152314e-01
   2.6562608e-01
   2.7163389e-01
   2.7122740e-01
   2.7072119e-01
