   7.0055479e-02
   6.8882942e-02
   8.1843511e-02
   8.2284320e-02
   8.1528013e-02
   8.2924203e-02
   7.4045427e-02
   8.1926790e-02
   7.7027225e-02
   7.9591456e-02
   7.8573749e-02
   8.2134867e-02
   7.2228196e-02
   6.7157697e-02
   7.5991427e-02
   8.0097698e-02
   7.9735589e-02
   6.6769428e-02
   6.8086927e-02
   7.8936243e-02
   6.5954969e-02
   6.6740153e-02
   8.1756590e-02
   6.6233429e-02
   7.2188350e-02
   6.9212589e-02
   8.2955832e-02
   7.7341195e-02
   7.4003242e-02
   8.1283219e-02
   7.7663911e-02
   7.7683181e-02
   8.0009366e-02
   6.6874188e-02
   6.8725425e-02
   8.0916588e-02
   7.1329078e-02
   8.0632086e-02
   6.6684528e-02
   8.0958121e-02
   8.2421135e-02
   6.6991672e-02
   7.1175715e-02
   7.0412226e-02
   8.0251118e-02
   7.2592136e-02
   6.5785842e-02
   7.6044108e-02
   8.2141453e-02
   7.8566740e-02
   8.1579087e-02
   7.6190331e-02
   7.6223232e-02
   8.1916285e-02
   8.2659472e-02
   8.3002788e-02
   7.9961524e-02
   6.8880911e-02
   6.6071685e-02
   6.7659836e-02
   7.0494487e-02
   6.8878425e-02
   8.0039617e-02
   6.7881001e-02
   8.1522723e-02
   6.8577307e-02
   7.9486697e-02
   6.6604089e-02
   7.9834902e-02
   7.4840560e-02
   7.9563862e-02
   8.1524477e-02
   7.6558300e-02
   8.2238127e-02
   8.2608545e-02
   7.6947825e-02
   8.0189306e-02
   8.2663186e-02
   7.2017470e-02
   7.8201213e-02
   8.3057994e-02
   6.8360177e-02
   7.2690370e-02
   7.4955010e-02
   8.1350884e-02
   6.7948524e-02
   6.9081213e-02
   6.9576224e-02
   7.8652610e-02
   8.2310856e-02
   7.9650024e-02
   7.1028563e-02
   8.0859140e-02
   7.9082076e-02
   8.0425039e-02
   7.8120048e-02
   6.6746098e-02
   8.2135303e-02
   6.5892343e-02
   8.3226966e-02
   8.0392456e-02
   7.0384174e-02
   7.2355453e-02
   8.2760976e-02
   8.0807374e-02
   7.5158626e-02
   7.7858140e-02
   7.2962755e-02
   7.4282221e-02
   8.0297090e-02
   8.2797940e-02
   8.2061850e-02
   8.2778481e-02
   7.6621501e-02
   8.1163191e-02
   6.9134295e-02
   7.2398674e-02
   7.7368685e-02
   8.3273419e-02
   6.9058621e-02
   6.8907941e-02
   8.0485316e-02
   6.6708506e-02
   8.3194745e-02
   7.2797962e-02
   6.6392548e-02
   6.7714392e-02
   7.5542478e-02
   6.9856428e-02
   6.9726981e-02
   7.0530043e-02
   7.9165760e-02
   8.0220376e-02
   8.2902289e-02
   6.5970714e-02
   7.8333645e-02
   8.0450120e-02
   8.1875209e-02
   7.9868931e-02
   7.3591819e-02
   7.4718826e-02
   8.1178662e-02
   7.0186784e-02
   8.2189033e-02
   8.0249315e-02
   7.0527092e-02
   6.7873922e-02
   7.9804369e-02
   8.1527366e-02
   7.9511361e-02
   6.9375990e-02
   8.2512854e-02
   7.1750145e-02
   7.2743056e-02
   7.6151947e-02
   7.4911989e-02
   6.9351209e-02
   8.2480988e-02
   6.6094802e-02
   8.2705257e-02
   6.8683510e-02
   6.9443959e-02
   7.7637943e-02
   7.8480265e-02
   7.9307182e-02
   7.8670298e-02
   6.7739360e-02
   7.3030353e-02
   7.9192321e-02
   7.3971386e-02
   7.6434505e-02
   8.1893674e-02
   8.0250360e-02
   8.1603259e-02
   7.3550593e-02
   7.8272629e-02
   8.2949782e-02
   7.5113324e-02
   7.8963204e-02
   8.2942395e-02
   7.4917394e-02
   8.1822787e-02
   6.7177296e-02
   8.2383637e-02
   7.3232790e-02
   8.2612735e-02
   7.9318771e-02
   6.6471170e-02
   7.5638343e-02
   6.5986105e-02
   6.6471391e-02
   8.2514197e-02
   6.8766576e-02
   6.8857040e-02
   7.2183170e-02
   7.0910866e-02
   8.1624907e-02
   6.9544517e-02
   8.2713878e-02
   7.2484046e-02
   7.6675908e-02
   7.9460840e-02
   6.7796819e-02
   7.9337764e-02
   8.0138415e-02
   7.0266044e-02
   8.1969809e-02
   6.6003501e-02
   7.0910316e-02
   7.6793576e-02
   8.0142016e-02
   8.3252844e-02
   8.2391368e-02
   8.2446501e-02
   8.0886042e-02
   7.0081894e-02
   7.9031246e-02
   8.2954884e-02
   6.7666840e-02
   7.9702550e-02
   6.9498460e-02
   7.0554218e-02
   7.8543306e-02
   7.1652156e-02
   8.3288838e-02
   7.5134441e-02
   7.2421064e-02
   8.1431225e-02
   8.2017183e-02
   6.5718675e-02
   7.9449377e-02
   6.6599756e-02
   8.2513360e-02
   6.6874106e-02
   7.0379726e-02
   7.8443444e-02
   6.6273176e-02
   8.0566336e-02
   7.9115143e-02
   8.0490188e-02
   6.7013084e-02
   7.2966235e-02
   6.7297804e-02
   7.3924126e-02
   8.2305461e-02
   7.4524885e-02
   7.9333830e-02
   8.1893646e-02
   7.9730582e-02
   8.3139256e-02
   6.6760379e-02
   7.0879077e-02
   6.5891476e-02
   8.2435365e-02
   6.5757861e-02
   6.6735686e-02
   8.1211162e-02
   7.2157953e-02
   6.7579012e-02
   7.8245505e-02
   6.8487261e-02
   7.5906726e-02
   7.8983801e-02
   7.1244629e-02
   6.6157972e-02
   7.4160277e-02
   8.1942542e-02
   6.6271723e-02
   8.3252629e-02
   7.4919410e-02
   7.7457483e-02
   7.8406412e-02
   7.6610755e-02
   7.2120786e-02
   8.2517548e-02
   8.1696789e-02
   7.2482963e-02
   6.6876832e-02
   8.3226563e-02
   6.9124344e-02
   6.8812039e-02
   8.3060992e-02
   7.4933351e-02
   7.8585398e-02
   7.6589239e-02
   7.7289953e-02
   7.2396451e-02
   6.5776798e-02
   8.2070227e-02
   8.3364343e-02
   8.2554995e-02
   8.0527627e-02
   8.0858076e-02
   7.5819573e-02
   8.2014803e-02
   8.2397161e-02
   8.2984611e-02
   7.2620533e-02
   7.0908686e-02
   6.8385187e-02
