   1.3529227e-01
   1.2875858e-01
   1.3312809e-01
   1.2369166e-01
   1.1926992e-01
   1.2574872e-01
   1.1371014e-01
   1.3681071e-01
   1.1373621e-01
   1.2379788e-01
   1.3587608e-01
   1.1622353e-01
   1.4276822e-01
   1.2893628e-01
   1.2071751e-01
   1.3794359e-01
   1.2591052e-01
   1.3154658e-01
   1.3163659e-01
   1.1972687e-01
   1.1383720e-01
   1.1666871e-01
   1.3708534e-01
   1.1562163e-01
   1.1562774e-01
   1.1367768e-01
   1.3870323e-01
   1.2526056e-01
   1.4214261e-01
   1.2858190e-01
   1.3222325e-01
   1.3123394e-01
   1.3567210e-01
   1.3270198e-01
   1.2936693e-01
   1.4004630e-01
   1.2494401e-01
   1.2922085e-01
   1.3769099e-01
   1.2377096e-01
   1.3528555e-01
   1.3061550e-01
   1.1947395e-01
   1.1557218e-01
   1.1539504e-01
   1.2827163e-01
   1.1952155e-01
   1.1343963e-01
   1.2945133e-01
   1.3984976e-01
   1.3519100e-01
   1.1363334e-01
   1.3641088e-01
   1.3304684e-01
   1.3871792e-01
   1.3183912e-01
   1.3865190e-01
   1.3972570e-01
   1.3704316e-01
   1.3969555e-01
   1.4055291e-01
   1.2494619e-01
   1.3048054e-01
   1.4120573e-01
   1.3558499e-01
   1.2505967e-01
   1.1921998e-01
   1.1926968e-01
   1.3104171e-01
   1.1932514e-01
   1.1456510e-01
   1.2633526e-01
   1.4210283e-01
   1.3109728e-01
   1.1977051e-01
   1.3531626e-01
   1.3792303e-01
   1.3200306e-01
   1.2141243e-01
   1.2941958e-01
   1.1474050e-01
   1.2629899e-01
   1.1972360e-01
   1.2524320e-01
   1.1928283e-01
   1.3018804e-01
   1.3260546e-01
   1.3552852e-01
   1.4258949e-01
   1.3603467e-01
   1.3476433e-01
   1.4086055e-01
   1.4246378e-01
   1.3542917e-01
   1.1854225e-01
   1.3652160e-01
   1.1428601e-01
   1.3041428e-01
   1.4163744e-01
   1.3166210e-01
   1.3251456e-01
   1.1450366e-01
   1.3140773e-01
   1.3082612e-01
   1.3672287e-01
   1.3321179e-01
   1.3788931e-01
   1.3417658e-01
   1.1503727e-01
   1.2133031e-01
   1.3030873e-01
   1.1918411e-01
   1.3977621e-01
   1.2535007e-01
   1.3743877e-01
   1.2352658e-01
   1.3673712e-01
   1.3393169e-01
   1.3072959e-01
   1.3260655e-01
   1.3769798e-01
   1.4039870e-01
   1.2858044e-01
   1.3371611e-01
   1.3127260e-01
   1.2623030e-01
   1.4120581e-01
   1.3656325e-01
   1.3836598e-01
   1.1504219e-01
   1.3200028e-01
   1.4193787e-01
   1.1340991e-01
   1.3955718e-01
   1.1607571e-01
   1.1869872e-01
   1.3793723e-01
   1.3634599e-01
   1.3926890e-01
   1.3288261e-01
   1.4061980e-01
   1.4198586e-01
   1.4077995e-01
   1.1831191e-01
   1.3898034e-01
   1.3649314e-01
   1.3558020e-01
   1.1427030e-01
   1.3671480e-01
   1.3760210e-01
   1.1824553e-01
   1.1479858e-01
   1.2003467e-01
   1.1363681e-01
   1.3663627e-01
   1.1661640e-01
   1.1538063e-01
   1.2085000e-01
   1.2731055e-01
   1.1718718e-01
   1.4255764e-01
   1.2105866e-01
   1.2113348e-01
   1.2868801e-01
   1.3359278e-01
   1.2170829e-01
   1.3705886e-01
   1.2779769e-01
   1.4029428e-01
   1.3587737e-01
   1.1581654e-01
   1.4239528e-01
   1.3008411e-01
   1.3186190e-01
   1.4224720e-01
   1.1992530e-01
   1.3858002e-01
   1.1431528e-01
   1.4209239e-01
   1.2529433e-01
   1.3813524e-01
   1.3808392e-01
   1.3570817e-01
   1.2147516e-01
   1.4054525e-01
   1.1962313e-01
   1.4227815e-01
   1.1396974e-01
   1.1399426e-01
   1.2233715e-01
   1.1385052e-01
   1.3749145e-01
   1.2994904e-01
   1.2325928e-01
   1.4179974e-01
   1.3015458e-01
   1.1410738e-01
   1.4158742e-01
   1.1893366e-01
   1.3675549e-01
   1.1712958e-01
   1.2574829e-01
   1.4235611e-01
   1.2964718e-01
   1.2234767e-01
   1.2360353e-01
   1.2310719e-01
   1.2752879e-01
   1.2165039e-01
   1.1431616e-01
   1.2370199e-01
   1.1674186e-01
   1.1581775e-01
   1.3509303e-01
   1.1472818e-01
   1.3708761e-01
   1.3624880e-01
   1.2470647e-01
   1.3547182e-01
   1.2902745e-01
   1.3319896e-01
   1.1341224e-01
   1.4063064e-01
   1.2438854e-01
   1.3359915e-01
   1.2352926e-01
   1.2717580e-01
   1.3581479e-01
   1.4281269e-01
   1.4053596e-01
   1.1642947e-01
   1.4246496e-01
   1.2465533e-01
   1.4039312e-01
   1.4217020e-01
   1.2956246e-01
   1.3390325e-01
   1.3301802e-01
   1.3251769e-01
   1.3524999e-01
   1.2680164e-01
   1.4023378e-01
   1.1452170e-01
   1.1972375e-01
   1.3404175e-01
   1.3359397e-01
   1.4158096e-01
   1.3645499e-01
   1.3050791e-01
   1.3443570e-01
   1.1533300e-01
   1.3280503e-01
   1.1466295e-01
   1.1944160e-01
   1.1736024e-01
   1.2120652e-01
   1.3055714e-01
   1.4162507e-01
   1.2179056e-01
   1.3825947e-01
   1.3610016e-01
   1.4005340e-01
   1.3820485e-01
   1.3957428e-01
   1.1865303e-01
   1.3906919e-01
   1.2014759e-01
   1.1722185e-01
   1.3326044e-01
   1.1884561e-01
   1.3462487e-01
   1.2353772e-01
   1.2634535e-01
   1.3314224e-01
   1.2459763e-01
   1.3109464e-01
   1.1982493e-01
   1.2923475e-01
   1.4169350e-01
   1.1600703e-01
   1.3504198e-01
   1.3880669e-01
   1.1984166e-01
   1.3084318e-01
   1.2627989e-01
   1.3606297e-01
   1.1914256e-01
   1.4014364e-01
   1.1406571e-01
   1.3109584e-01
   1.1634288e-01
   1.4269980e-01
   1.2269196e-01
   1.4255669e-01
   1.1805137e-01
   1.1404025e-01
   1.3630759e-01
   1.3627278e-01
   1.4053107e-01
   1.3325488e-01
