   1.9577139e-02
   1.8447513e-02
   1.8771434e-02
   2.0654503e-02
   2.1978176e-02
   2.0916048e-02
   1.9159814e-02
   2.0187453e-02
   1.9567728e-02
   2.0255141e-02
   1.8831513e-02
   1.9509308e-02
   2.0051205e-02
   1.8913385e-02
   2.0532864e-02
   1.8987932e-02
   1.9068030e-02
   2.1492539e-02
   2.1427705e-02
   2.2163088e-02
   1.7831841e-02
   1.9126440e-02
   2.1442659e-02
   2.0161896e-02
   1.9739218e-02
   1.9898688e-02
   2.1450205e-02
   2.0372979e-02
   2.0803355e-02
   2.0726432e-02
   2.0482341e-02
   2.1815609e-02
   1.9782940e-02
   2.0163376e-02
   1.9738714e-02
   1.8711662e-02
   2.1114997e-02
   2.0244322e-02
   2.1008564e-02
   1.9893778e-02
   2.0544642e-02
   1.9474522e-02
   2.0004797e-02
   2.1030689e-02
   2.0425641e-02
   1.9365525e-02
   2.1638807e-02
   1.9378298e-02
   2.1734783e-02
   1.9576973e-02
   1.9600425e-02
   2.0630653e-02
   1.8463940e-02
   1.9262923e-02
   1.9101529e-02
   2.2226495e-02
   1.9761866e-02
   2.0497089e-02
   1.8952844e-02
   1.9965095e-02
   1.9709738e-02
   2.1237801e-02
   1.8630748e-02
   1.8530700e-02
   2.0678136e-02
   2.0394421e-02
   2.1606879e-02
   2.1539602e-02
   1.9323653e-02
   1.9670620e-02
   2.0531592e-02
   1.8632840e-02
   1.8514906e-02
   2.1406296e-02
   1.8498679e-02
   1.9230556e-02
   1.8463907e-02
   1.9345625e-02
   1.9947218e-02
   1.9900509e-02
   1.8349756e-02
   1.9810689e-02
   2.1371443e-02
   1.9780412e-02
   1.8934269e-02
   2.0094374e-02
   1.8691301e-02
   1.8260140e-02
   1.9143628e-02
   2.1189746e-02
   2.1523912e-02
   2.1444294e-02
   1.9619346e-02
   1.9068196e-02
   1.9248544e-02
   1.9326041e-02
   2.1291289e-02
   2.0564930e-02
   1.9510950e-02
   2.1025145e-02
   1.9337497e-02
   2.1018874e-02
   1.8533618e-02
   1.9864310e-02
   2.0432549e-02
   2.0936314e-02
   1.8919626e-02
   1.8987932e-02
   2.0689636e-02
   1.8766006e-02
   1.8660618e-02
   2.0742779e-02
   1.9271627e-02
   1.9556744e-02
   1.8055097e-02
   1.7772535e-02
   2.0595487e-02
   1.9712301e-02
   2.0816534e-02
   2.1294459e-02
   2.1257199e-02
   1.8552438e-02
   1.9452181e-02
   2.0730090e-02
   2.0760383e-02
   2.0845517e-02
   1.8311289e-02
   1.9405800e-02
   1.9222529e-02
   2.0107250e-02
   1.9894157e-02
   2.1379873e-02
   2.1321013e-02
   1.9258687e-02
   1.8354809e-02
   2.1598450e-02
   2.2004612e-02
   2.0932549e-02
   2.1568430e-02
   2.0234800e-02
   1.9026386e-02
   2.1536061e-02
   1.8407643e-02
   1.8390693e-02
   1.9082121e-02
   1.9236845e-02
   2.1782263e-02
   1.8411437e-02
   1.9523678e-02
   1.8399660e-02
   1.9391574e-02
   1.9170622e-02
   2.0173478e-02
   2.0343497e-02
   1.8871063e-02
   1.9766099e-02
   2.1802198e-02
   2.0772997e-02
   2.1486648e-02
   2.1668965e-02
   2.1024654e-02
   2.1274099e-02
   2.1131325e-02
   2.0117864e-02
   2.0702428e-02
   1.9618383e-02
   2.1007124e-02
   1.9512135e-02
   1.9352673e-02
   2.0451773e-02
   2.1064735e-02
   1.9521197e-02
   2.0283600e-02
   2.0312089e-02
   2.1180866e-02
   2.0302734e-02
   1.8566399e-02
   2.0632169e-02
   1.8623739e-02
   1.8846976e-02
   2.1248878e-02
   1.9928435e-02
   2.0193316e-02
   1.8687905e-02
   1.8335643e-02
   2.1054060e-02
   2.0814789e-02
   1.8450192e-02
   2.0205690e-02
   2.0409896e-02
   1.9396605e-02
   1.8348827e-02
   2.0994578e-02
   2.0990541e-02
   2.1297567e-02
   2.0519576e-02
   2.1257236e-02
   1.9972500e-02
   2.1028049e-02
   2.0024478e-02
   2.0255335e-02
   1.8419111e-02
   1.9155442e-02
   2.1092560e-02
   1.8701857e-02
   2.0705884e-02
   2.0327703e-02
   1.8723636e-02
   2.1097653e-02
   2.0111652e-02
   2.1244051e-02
   1.9363929e-02
   2.1183972e-02
   1.9982230e-02
   2.0255705e-02
   1.9461723e-02
   2.1258164e-02
   1.9857885e-02
   2.0598279e-02
   1.8999478e-02
   2.1452053e-02
   1.9549801e-02
   2.1088373e-02
   2.1369123e-02
   1.9151888e-02
   1.8782266e-02
   1.8214454e-02
   1.8725067e-02
   1.8533702e-02
   2.1062776e-02
   1.8638098e-02
   2.0481428e-02
   2.0743298e-02
   2.0749665e-02
   1.8490390e-02
   1.9983774e-02
   1.8691523e-02
   2.1325620e-02
   2.1599462e-02
   2.1393492e-02
   1.9814781e-02
   2.1499638e-02
   1.8212081e-02
   1.8906983e-02
   2.2214250e-02
   2.0754670e-02
   1.9873079e-02
   2.0913318e-02
   1.9622708e-02
   1.9809178e-02
   2.1278343e-02
   1.9888331e-02
   2.2004946e-02
   1.8351204e-02
   1.9020118e-02
   2.1038453e-02
   2.0541755e-02
   2.1275243e-02
   2.2069040e-02
   2.1176435e-02
   1.8619978e-02
   2.0773495e-02
   2.0466231e-02
   2.0554917e-02
   2.0217517e-02
   1.9681956e-02
   1.9702829e-02
   1.8706869e-02
   1.8848729e-02
   2.0499463e-02
   2.0065595e-02
   1.8644328e-02
   1.9720860e-02
   2.1418074e-02
   1.9850902e-02
   2.2188605e-02
   2.2295578e-02
   1.8317562e-02
   2.1529217e-02
   1.9864024e-02
   1.9909458e-02
   2.0050455e-02
   2.1103252e-02
   2.1114104e-02
   1.9639416e-02
   2.0115448e-02
   2.1073689e-02
   2.1529475e-02
   1.9066484e-02
   1.8977198e-02
   1.7994620e-02
   1.8610414e-02
   1.8993267e-02
   1.8246712e-02
   2.1094557e-02
   1.8285078e-02
   1.9590052e-02
   1.8119761e-02
   2.0799630e-02
   2.1547705e-02
