   2.8583102e-02
   2.5798444e-02
   2.7286016e-02
   2.7108969e-02
   2.6651513e-02
   2.5656629e-02
   2.9123554e-02
   2.7102559e-02
   2.6466784e-02
   2.5849343e-02
   2.7347434e-02
   2.7639043e-02
   2.9879066e-02
   2.6454161e-02
   2.8989559e-02
   2.6950443e-02
   2.7670358e-02
   2.6925010e-02
   2.5821513e-02
   2.9097769e-02
   2.6018704e-02
   2.6094904e-02
   2.9691390e-02
   2.7698033e-02
   2.6085399e-02
   2.9708596e-02
   2.7398442e-02
   2.6803274e-02
   2.7013999e-02
   2.6767744e-02
   2.8926578e-02
   2.9024908e-02
   2.7393228e-02
   2.8832928e-02
   2.7604983e-02
   2.5766802e-02
   2.9119537e-02
   2.6573718e-02
   2.6513831e-02
   2.5514033e-02
   2.8353691e-02
   2.7216703e-02
   2.8903437e-02
   2.6218393e-02
   2.5832059e-02
   2.7882272e-02
   2.6936258e-02
   2.8834797e-02
   2.9878900e-02
   2.5862781e-02
   2.7885499e-02
   2.8684676e-02
   2.6060941e-02
   2.5888657e-02
   2.8829995e-02
   2.8769028e-02
   2.7953516e-02
   2.9309185e-02
   2.7823711e-02
   2.8971846e-02
   2.7671263e-02
   2.5818128e-02
   2.8633496e-02
   2.8468935e-02
   2.9296135e-02
   2.8969948e-02
   2.9444367e-02
   2.5964859e-02
   2.5570594e-02
   2.6174360e-02
   2.9207339e-02
   2.9544385e-02
   2.6448908e-02
   2.8913834e-02
   2.5673368e-02
   2.7699549e-02
   2.7065448e-02
   2.7759224e-02
   2.6200294e-02
   2.7504905e-02
   2.7413781e-02
   2.8426759e-02
   2.7344407e-02
   2.8377783e-02
   2.7665543e-02
   2.5884871e-02
   2.7396658e-02
   2.9477664e-02
   2.8341783e-02
   2.9098567e-02
   2.9435741e-02
   2.8666561e-02
   2.8849611e-02
   2.8319227e-02
   2.5884721e-02
   2.6312982e-02
   2.9389570e-02
   2.6951216e-02
   2.8515131e-02
   2.8897327e-02
   2.7675719e-02
   2.5496557e-02
   2.9257701e-02
   2.9562980e-02
   2.7408587e-02
   2.9593722e-02
   2.7263970e-02
   2.7459071e-02
   2.6316592e-02
   2.7069987e-02
   2.6524117e-02
   2.7536295e-02
   2.5620404e-02
   2.6272798e-02
   2.6134706e-02
   2.6113433e-02
   2.7046848e-02
   2.5930245e-02
   2.8454475e-02
   2.6152347e-02
   2.7950327e-02
   2.9186788e-02
   2.6903748e-02
   2.7135787e-02
   2.8592782e-02
   2.8814236e-02
   2.6679292e-02
   2.8097635e-02
   2.8000156e-02
   2.9060293e-02
   2.8706326e-02
   2.7257461e-02
   2.9016377e-02
   2.7238974e-02
   2.9070840e-02
   2.5953233e-02
   2.6857187e-02
   2.8400753e-02
   2.8730205e-02
   2.8875627e-02
   2.6801929e-02
   2.7681071e-02
   2.8174220e-02
   2.7395873e-02
   2.8166373e-02
   2.6860893e-02
   2.7333181e-02
   2.7085213e-02
   2.9257363e-02
   2.9509300e-02
   2.6040847e-02
   2.5609262e-02
   2.8869110e-02
   2.6104598e-02
   2.7218161e-02
   2.8380669e-02
   2.7588298e-02
   2.7737677e-02
   2.8619010e-02
   2.8953610e-02
   2.9349865e-02
   2.7500557e-02
   2.9557916e-02
   2.6089511e-02
   2.6540801e-02
   2.8411750e-02
   2.9541288e-02
   2.5892399e-02
   2.6168749e-02
   2.5792647e-02
   2.8374659e-02
   2.8347091e-02
   2.5530956e-02
   2.5924006e-02
   2.9929382e-02
   2.6632947e-02
   2.9922675e-02
   2.8989745e-02
   2.8703772e-02
   2.7589901e-02
   2.9634044e-02
   2.6357947e-02
   3.0012190e-02
   2.8611883e-02
   2.7672090e-02
   2.8163426e-02
   2.8743783e-02
   2.8783179e-02
   2.6388631e-02
   2.7853119e-02
   2.6907099e-02
   2.5718790e-02
   2.6927473e-02
   3.0045353e-02
   2.6510890e-02
   2.7837097e-02
   2.9250030e-02
   2.6369620e-02
   2.6069382e-02
   2.8363604e-02
   2.5755172e-02
   2.8372001e-02
   2.9792293e-02
   2.6542213e-02
   2.6212158e-02
   2.9026605e-02
   2.7383976e-02
   3.0369406e-02
   2.7094469e-02
   2.8951659e-02
   2.7342070e-02
   2.5761215e-02
   2.7095276e-02
   2.7462851e-02
   2.7281486e-02
   2.6314885e-02
   2.8932469e-02
   2.8833735e-02
   2.7206195e-02
   2.6383853e-02
   2.6013007e-02
   2.7419855e-02
   2.9552801e-02
   2.8574028e-02
   2.9577979e-02
   2.5541655e-02
   2.7691717e-02
   2.7431276e-02
   3.0175495e-02
   2.8114913e-02
   2.9909217e-02
   2.7187248e-02
   2.9538388e-02
   2.8454093e-02
   2.6302978e-02
   2.6272388e-02
   2.9581683e-02
   2.6616189e-02
   2.8903321e-02
   2.6473864e-02
   2.8842631e-02
   2.8173744e-02
   2.6791055e-02
   2.5876098e-02
   2.8092368e-02
   2.9535687e-02
   2.8227632e-02
   2.9067166e-02
   2.8211233e-02
   2.8695070e-02
   2.8053841e-02
   2.5973416e-02
   2.8148437e-02
   2.5764987e-02
   2.7589692e-02
   2.8134990e-02
   3.0297001e-02
   2.6071011e-02
   2.7875986e-02
   2.6500559e-02
   2.5823296e-02
   2.9239119e-02
   2.9137944e-02
   2.8431517e-02
   2.6530396e-02
   2.7804282e-02
   2.7677026e-02
   2.9757854e-02
   2.9165050e-02
   2.6901724e-02
   2.8421310e-02
   2.6739307e-02
   2.8294364e-02
   2.6916462e-02
   2.6158523e-02
   2.7678379e-02
   2.8236890e-02
   2.7493302e-02
   2.8480059e-02
   2.7274244e-02
   2.6364049e-02
   2.7264275e-02
   2.9540015e-02
   2.6186741e-02
   2.9551969e-02
   2.6664845e-02
   2.7160450e-02
   2.7572729e-02
   2.5829151e-02
   2.6503014e-02
   2.7556539e-02
   2.5982148e-02
   2.8890443e-02
   2.7457928e-02
   2.8256607e-02
   2.6341596e-02
   2.9773552e-02
   2.9026079e-02
   2.5913542e-02
   2.6205554e-02
