   5.4230801e-02
   4.4826682e-02
   4.4010112e-02
   4.7843316e-02
   4.3374153e-02
   4.3612743e-02
   4.3073919e-02
   4.9091967e-02
   4.8993308e-02
   4.3872264e-02
   4.9443564e-02
   4.8542879e-02
   5.0381804e-02
   5.1740939e-02
   4.2285243e-02
   4.4822730e-02
   4.6025437e-02
   5.1434404e-02
   4.3650848e-02
   4.4900556e-02
   4.3571036e-02
   4.8194436e-02
   4.2094474e-02
   4.3504251e-02
   5.0742323e-02
   4.4404543e-02
   4.2859087e-02
   4.8532086e-02
   4.1256050e-02
   4.6787269e-02
   4.3102220e-02
   4.2918909e-02
   4.1669871e-02
   3.9902635e-02
   4.6543011e-02
   5.1147861e-02
   4.7043519e-02
   4.9029455e-02
   5.2004575e-02
   4.2919452e-02
   4.6939364e-02
   5.4363178e-02
   4.5621513e-02
   4.7299970e-02
   4.2040578e-02
   4.9408722e-02
   4.3479847e-02
   4.4541705e-02
   4.6519734e-02
   4.7473743e-02
   4.5916974e-02
   4.0789307e-02
   5.1830173e-02
   4.3213891e-02
   4.7918524e-02
   4.4170018e-02
   5.2440037e-02
   4.2203720e-02
   4.0705333e-02
   4.3148572e-02
   4.2256465e-02
   5.2655803e-02
   4.3499699e-02
   3.8976192e-02
   4.5305918e-02
   4.5632857e-02
   4.1465067e-02
   4.6199641e-02
   4.5097469e-02
   4.1949629e-02
   4.5549326e-02
   4.6118932e-02
   3.9128851e-02
   5.1431374e-02
   4.2612140e-02
   4.7672583e-02
   4.5678999e-02
   5.0114812e-02
   4.2336911e-02
   4.5778388e-02
   5.4159463e-02
   4.0327783e-02
   4.7163013e-02
   4.9324913e-02
   5.2785815e-02
   5.2273595e-02
   4.6483925e-02
   4.1272588e-02
   3.9290266e-02
   4.0136177e-02
   4.6655664e-02
   4.1564329e-02
   5.0872139e-02
   4.1294865e-02
   5.0863617e-02
   4.6355098e-02
   4.5681983e-02
   4.6021124e-02
   4.4102090e-02
   5.4697706e-02
   4.0516695e-02
   4.4026531e-02
   5.0095620e-02
   4.6761618e-02
   4.6254186e-02
   4.9857363e-02
   4.8892770e-02
   4.6472377e-02
   4.9907892e-02
   4.8414255e-02
   4.6552959e-02
   3.8365006e-02
   4.6214478e-02
   4.4617148e-02
   4.2042789e-02
   4.9705239e-02
   4.4794457e-02
   4.1792023e-02
   4.3378388e-02
   3.9765026e-02
   5.3872310e-02
   3.8647481e-02
   4.8931632e-02
   4.0363547e-02
   4.9921251e-02
   4.0177001e-02
   5.0702804e-02
   4.4794601e-02
   4.4815710e-02
   4.6793859e-02
   4.0441455e-02
   4.4392588e-02
   4.3190486e-02
   4.4274542e-02
   4.7537556e-02
   4.7221019e-02
   5.2057578e-02
   4.1259631e-02
   5.0700702e-02
   4.7451496e-02
   4.5770219e-02
   4.1998738e-02
   4.6380326e-02
   3.9043655e-02
   4.9046884e-02
   4.7061214e-02
   5.2305100e-02
   4.0670355e-02
   4.6097175e-02
   4.0450149e-02
   5.2303341e-02
   4.3374654e-02
   4.7523171e-02
   5.1925011e-02
   4.5921595e-02
   5.4334244e-02
   4.2256188e-02
   4.3821926e-02
   4.8667405e-02
   4.8545621e-02
   4.1779292e-02
   5.0281966e-02
   4.3238788e-02
   4.1475823e-02
   4.3488881e-02
   4.9847963e-02
   4.9336412e-02
   4.2401127e-02
   4.9565652e-02
   4.5994473e-02
   4.2700020e-02
   5.1433203e-02
   4.1090523e-02
   3.9253037e-02
   4.0635809e-02
   4.5895619e-02
   4.6827685e-02
   4.3229585e-02
   4.2381597e-02
   4.5657714e-02
   4.4134756e-02
   4.4940152e-02
   4.6977674e-02
   4.7760717e-02
   4.5517104e-02
   5.0826460e-02
   4.7951295e-02
   4.4362656e-02
   4.2591640e-02
   3.9955438e-02
   4.1267519e-02
   4.3598005e-02
   4.6102749e-02
   3.9606006e-02
   5.0467137e-02
   5.3471609e-02
   4.7588089e-02
   4.2868479e-02
   4.7503558e-02
   4.3244549e-02
   4.0508886e-02
   4.9358837e-02
   3.7712677e-02
   4.7047038e-02
   4.3663569e-02
   4.6570492e-02
   4.8645471e-02
   3.9221518e-02
   4.5571217e-02
   4.4157265e-02
   5.1389745e-02
   4.6746268e-02
   4.5307409e-02
   4.2909816e-02
   4.3162510e-02
   3.9117133e-02
   4.6686270e-02
   4.6579555e-02
   5.0273776e-02
   3.9364210e-02
   5.1250198e-02
   4.7036977e-02
   4.5286761e-02
   5.1874548e-02
   4.4607348e-02
   3.8740954e-02
   4.6422280e-02
   4.2540959e-02
   4.6882508e-02
   4.2838429e-02
   4.5447058e-02
   4.2111241e-02
   4.3440987e-02
   4.4836209e-02
   3.9021958e-02
   4.2841822e-02
   4.9182887e-02
   4.3460844e-02
   5.2617599e-02
   4.5072942e-02
   4.4180465e-02
   5.0972876e-02
   4.2045710e-02
   3.8294650e-02
   4.3867511e-02
   4.4542737e-02
   4.1492680e-02
   3.8159499e-02
   4.1741778e-02
   4.3146775e-02
   4.4281374e-02
   4.7502690e-02
   4.2891793e-02
   4.2900047e-02
   4.7383294e-02
   5.3481213e-02
   4.7372118e-02
   4.0780571e-02
   4.9606089e-02
   4.3951076e-02
   4.3910999e-02
   3.9738999e-02
   4.1443174e-02
   3.9292908e-02
   5.1437326e-02
   4.2645741e-02
   4.8878615e-02
   4.3376058e-02
   4.4591201e-02
   4.0890820e-02
   4.2534050e-02
   4.4928391e-02
   5.1432860e-02
   4.0216868e-02
   4.5949738e-02
   4.8614033e-02
   5.2513151e-02
   4.9813673e-02
   4.3616710e-02
   4.7095506e-02
   3.9277411e-02
   4.6043951e-02
   5.1961511e-02
   5.1119644e-02
   4.5629312e-02
   4.3869637e-02
   5.0372752e-02
   4.4468265e-02
   4.7967618e-02
   4.6480536e-02
   5.0593210e-02
   4.7380144e-02
   5.0593210e-02
   4.2412610e-02
   4.2771069e-02
   4.6143269e-02
   3.8476524e-02
   4.8625414e-02
   4.1951106e-02
   4.2521984e-02
