   9.9259032e-02
   1.1987663e-01
   1.0414442e-01
   1.1849307e-01
   1.0747927e-01
   1.0311107e-01
   1.0877855e-01
   1.1943600e-01
   1.1420261e-01
   1.0985674e-01
   1.1843603e-01
   1.1886448e-01
   1.1772898e-01
   1.2506480e-01
   9.2293761e-02
   9.8728565e-02
   1.1461767e-01
   1.1250426e-01
   1.0729085e-01
   1.2019722e-01
   1.1054790e-01
   1.3233991e-01
   1.2438866e-01
   1.0746616e-01
   1.0011997e-01
   1.0398326e-01
   1.2447653e-01
   9.6641644e-02
   9.7192312e-02
   1.0584706e-01
   8.7136675e-02
   1.2144156e-01
   1.1908277e-01
   1.0707675e-01
   8.7893751e-02
   1.0864918e-01
   1.1149551e-01
   1.1419562e-01
   1.0427474e-01
   1.2144255e-01
   9.8793635e-02
   1.0571507e-01
   1.2052844e-01
   1.0296228e-01
   1.1533986e-01
   1.3432334e-01
   1.2733015e-01
   1.1499208e-01
   1.0025340e-01
   1.2697122e-01
   1.0916628e-01
   1.0765708e-01
   1.1534020e-01
   1.0319425e-01
   8.9825396e-02
   1.2337457e-01
   1.2024937e-01
   1.0730908e-01
   1.0965507e-01
   1.2099715e-01
   1.1105173e-01
   1.3066747e-01
   1.2416455e-01
   1.2994350e-01
   9.5549686e-02
   9.9626880e-02
   1.1075995e-01
   1.1124691e-01
   1.0696877e-01
   1.2087057e-01
   1.3142419e-01
   1.1570433e-01
   1.0963489e-01
   1.3022728e-01
   1.1790421e-01
   1.1658332e-01
   1.0804691e-01
   1.1251314e-01
   1.2326687e-01
   1.1460435e-01
   1.1875277e-01
   1.0082006e-01
   1.0542233e-01
   1.1554765e-01
   1.0655082e-01
   1.1681896e-01
   1.1308711e-01
   1.1248673e-01
   1.2212911e-01
   1.1013655e-01
   1.1216180e-01
   1.1764659e-01
   9.6733369e-02
   1.1157449e-01
   9.0509535e-02
   1.1078752e-01
   1.2903196e-01
   1.1417666e-01
   1.1460924e-01
   9.9609334e-02
   1.2060834e-01
   1.1067304e-01
   1.0604214e-01
   1.2314319e-01
   1.1507653e-01
   1.0583791e-01
   9.4401485e-02
   9.6548002e-02
   1.2753192e-01
   9.8050113e-02
   1.2482856e-01
   1.2183569e-01
   1.1443718e-01
   1.0242455e-01
   9.9769559e-02
   1.1194140e-01
   1.3166414e-01
   1.0880570e-01
   9.4019124e-02
   1.0491187e-01
   1.0870368e-01
   1.1726478e-01
   1.0320656e-01
   1.1932594e-01
   1.0826461e-01
   9.6343994e-02
   1.2228878e-01
   1.0808855e-01
   1.0347521e-01
   9.4240043e-02
   1.2138142e-01
   1.1197061e-01
   1.3477508e-01
   1.2023066e-01
   1.2090634e-01
   1.0739766e-01
   1.1046188e-01
   1.1843918e-01
   9.6512548e-02
   1.2690699e-01
   1.0193318e-01
   9.4987141e-02
   9.2853958e-02
   1.0049033e-01
   1.1604496e-01
   1.0817659e-01
   1.0876392e-01
   9.6127162e-02
   8.7816942e-02
   1.2858880e-01
   1.1083846e-01
   1.1590959e-01
   1.0654746e-01
   1.0488800e-01
   9.3571683e-02
   1.1064684e-01
   1.1950921e-01
   1.0478722e-01
   1.0903249e-01
   1.2131652e-01
   1.0698393e-01
   1.0026131e-01
   9.9642700e-02
   1.0553513e-01
   1.1473106e-01
   1.1968866e-01
   1.2411336e-01
   1.0754229e-01
   1.2234373e-01
   1.0140183e-01
   1.0777840e-01
   1.0670491e-01
   1.1939021e-01
   9.9226173e-02
   1.0816812e-01
   1.0763022e-01
   1.0594466e-01
   1.1120237e-01
   1.1941251e-01
   9.4736393e-02
   1.1584396e-01
   1.1742879e-01
   1.0125537e-01
   1.2689992e-01
   1.1430047e-01
   1.1372647e-01
   1.2818408e-01
   1.2548895e-01
   1.2114663e-01
   9.7291759e-02
   1.1211756e-01
   9.7856176e-02
   1.3459994e-01
   1.3280255e-01
   1.1657691e-01
   1.1856699e-01
   1.2805029e-01
   1.0801460e-01
   1.2648602e-01
   1.2392529e-01
   1.1094111e-01
   1.0714328e-01
   1.1851173e-01
   1.2301274e-01
   1.1991076e-01
   1.1185204e-01
   1.0514623e-01
   1.3064476e-01
   9.5185875e-02
   1.2729593e-01
   1.3164466e-01
   1.0895948e-01
   9.0212093e-02
   1.1516018e-01
   1.0917316e-01
   1.3206730e-01
   1.1426109e-01
   9.4656931e-02
   1.2328999e-01
   1.0723787e-01
   1.1099151e-01
   1.0413255e-01
   1.1327729e-01
   1.1550271e-01
   1.1894179e-01
   1.1835623e-01
   8.8502124e-02
   1.2195807e-01
   1.0734734e-01
   1.3172306e-01
   8.9925171e-02
   1.2435333e-01
   1.2499486e-01
   1.2114481e-01
   1.1794596e-01
   1.1532453e-01
   1.1107400e-01
   1.0283614e-01
   1.3349657e-01
   9.5799596e-02
   1.2090518e-01
   1.1902216e-01
   1.1391855e-01
   1.1239193e-01
   1.3278404e-01
   1.1286080e-01
   9.6111607e-02
   9.3191855e-02
   1.0833792e-01
   1.0829461e-01
   1.2855109e-01
   1.0632495e-01
   1.1016542e-01
   9.9927286e-02
   1.2454547e-01
   1.3500183e-01
   1.1243157e-01
   1.0351555e-01
   1.3681510e-01
   1.1424178e-01
   1.0204188e-01
   1.2188829e-01
   1.1990669e-01
   9.9844264e-02
   1.0610437e-01
   1.0454421e-01
   1.2345398e-01
   1.2473158e-01
   1.1731594e-01
   1.0723884e-01
   1.0338127e-01
   9.7953003e-02
   9.6244525e-02
   1.0859127e-01
   1.0979080e-01
   1.1745869e-01
   1.2459766e-01
   1.0766909e-01
   1.2182251e-01
   1.2439527e-01
   1.1696655e-01
   1.1264957e-01
   1.1427732e-01
   1.3034558e-01
   1.0976315e-01
   9.3839815e-02
   1.1975876e-01
   1.2422210e-01
   1.1010288e-01
   1.1051342e-01
   1.1068493e-01
   1.1019023e-01
   9.9650490e-02
   9.0856443e-02
   1.1533342e-01
   1.0338290e-01
   1.1368133e-01
   1.1520125e-01
   1.1761323e-01
   1.1698018e-01
