   4.7897063e-02
   4.8105830e-02
   4.6931740e-02
   5.5139283e-02
   5.1286339e-02
   4.5250220e-02
   4.4009364e-02
   6.0635715e-02
   5.0728436e-02
   5.0126612e-02
   4.6654430e-02
   6.2801792e-02
   5.3067834e-02
   7.1060651e-02
   5.3288583e-02
   4.4306968e-02
   5.5392870e-02
   4.2162952e-02
   5.4795073e-02
   5.9981417e-02
   4.3277915e-02
   6.7719210e-02
   4.9565277e-02
   4.4972714e-02
   5.6822946e-02
   4.9009921e-02
   4.3502520e-02
   4.9340109e-02
   4.6449733e-02
   5.9299981e-02
   5.0197379e-02
   5.1340105e-02
   4.9779700e-02
   5.5765359e-02
   5.7660892e-02
   4.6121827e-02
   5.3438252e-02
   4.2999393e-02
   5.5124608e-02
   5.1516199e-02
   5.0778896e-02
   4.4357798e-02
   5.2905248e-02
   5.2994297e-02
   4.2099639e-02
   5.6012580e-02
   5.2904773e-02
   5.7856259e-02
   4.6663126e-02
   5.5821044e-02
   4.7875654e-02
   5.9907183e-02
   5.2017041e-02
   6.7655061e-02
   5.5913923e-02
   6.6834863e-02
   4.7290079e-02
   7.0878039e-02
   4.8585405e-02
   4.9370051e-02
   5.0648827e-02
   5.7767530e-02
   4.4316136e-02
   5.0834469e-02
   5.2133672e-02
   5.3367964e-02
   5.2935430e-02
   4.9269668e-02
   5.2884231e-02
   6.3624757e-02
   5.4506474e-02
   5.3092735e-02
   4.5043128e-02
   4.3067626e-02
   4.2854516e-02
   5.5807264e-02
   4.8069004e-02
   4.3527422e-02
   5.5162431e-02
   6.3980310e-02
   5.3751784e-02
   5.9340989e-02
   4.8615563e-02
   5.9509837e-02
   5.2656125e-02
   6.1241270e-02
   4.7626227e-02
   4.7120463e-02
   5.5067930e-02
   5.6656258e-02
   4.9526514e-02
   5.2845900e-02
   5.5507160e-02
   4.8402000e-02
   4.6637082e-02
   4.5333884e-02
   4.1281284e-02
   4.2393440e-02
   4.5620279e-02
   4.2075102e-02
   4.0199192e-02
   4.4628759e-02
   6.2469640e-02
   5.8367334e-02
   6.0856603e-02
   4.6979809e-02
   6.2531615e-02
   5.5398315e-02
   5.2919078e-02
   4.6776979e-02
   5.3287155e-02
   6.1487401e-02
   3.8336172e-02
   5.7881169e-02
   5.0635301e-02
   6.4825222e-02
   7.0126047e-02
   4.6851133e-02
   4.9488127e-02
   6.2848918e-02
   5.6936495e-02
   6.5637047e-02
   6.1017819e-02
   5.6417103e-02
   6.6576822e-02
   6.7035119e-02
   4.2099455e-02
   4.5488556e-02
   6.7384802e-02
   4.9875465e-02
   5.0265540e-02
   4.9731745e-02
   5.1139459e-02
   6.2484359e-02
   4.9937227e-02
   5.6002253e-02
   6.8832659e-02
   5.9124871e-02
   5.1892230e-02
   4.2038033e-02
   3.8189372e-02
   4.1913290e-02
   6.0559647e-02
   6.2336861e-02
   4.1941004e-02
   5.3542550e-02
   4.3043767e-02
   4.0613837e-02
   4.5298809e-02
   5.3406351e-02
   6.8621317e-02
   5.3441223e-02
   5.7421089e-02
   5.1531074e-02
   5.4014548e-02
   4.3903474e-02
   5.3595963e-02
   4.6007490e-02
   4.6577761e-02
   5.9769365e-02
   5.5769429e-02
   5.4696712e-02
   6.6818324e-02
   5.5269790e-02
   4.3071239e-02
   5.0511310e-02
   5.8068866e-02
   6.1264574e-02
   5.5313121e-02
   4.1829154e-02
   3.7303251e-02
   5.4259769e-02
   4.5951003e-02
   6.1380974e-02
   6.5933602e-02
   6.7860413e-02
   4.9386685e-02
   6.0605401e-02
   4.0611968e-02
   4.4160703e-02
   5.7384298e-02
   5.2148581e-02
   4.2503719e-02
   5.4738153e-02
   6.6918455e-02
   4.7266771e-02
   5.1705709e-02
   4.9584439e-02
   5.2334706e-02
   6.1111697e-02
   4.4159396e-02
   5.0393275e-02
   5.7078271e-02
   5.9737660e-02
   5.1731534e-02
   6.0940663e-02
   5.0880582e-02
   5.5368231e-02
   4.9519153e-02
   5.3057979e-02
   4.5120543e-02
   4.6592877e-02
   4.9397319e-02
   5.6754548e-02
   5.3989192e-02
   4.8647036e-02
   4.2943706e-02
   4.6919962e-02
   4.7224034e-02
   6.5412286e-02
   4.1709173e-02
   6.2290934e-02
   4.2973209e-02
   4.5387025e-02
   3.9806690e-02
   6.2545893e-02
   4.1560646e-02
   6.0684846e-02
   4.2950541e-02
   5.4955015e-02
   4.1472532e-02
   4.9435811e-02
   4.1827373e-02
   4.8204806e-02
   6.0612785e-02
   5.0523210e-02
   4.9723195e-02
   6.5126082e-02
   4.2473755e-02
   4.7408582e-02
   5.4662765e-02
   6.7467449e-02
   4.6177723e-02
   6.0382452e-02
   4.1936392e-02
   5.4756997e-02
   4.5369691e-02
   5.0393191e-02
   5.2945963e-02
   6.1377461e-02
   7.1072403e-02
   4.3540841e-02
   5.9879397e-02
   5.7984139e-02
   5.8820223e-02
   4.5566212e-02
   4.7992630e-02
   3.9771533e-02
   5.4007947e-02
   4.9287253e-02
   6.0177195e-02
   5.6977620e-02
   4.2100085e-02
   5.2121400e-02
   5.7752493e-02
   5.0807931e-02
   4.9881315e-02
   5.8130697e-02
   4.4882653e-02
   5.9141005e-02
   5.9804406e-02
   5.1704734e-02
   5.8148830e-02
   6.1043214e-02
   5.6391785e-02
   6.7737351e-02
   4.8146248e-02
   5.5360759e-02
   6.1703833e-02
   6.3408243e-02
   4.2867894e-02
   4.8679473e-02
   4.6955028e-02
   5.2184966e-02
   4.5693713e-02
   6.9161211e-02
   5.0741692e-02
   5.4006718e-02
   4.9982446e-02
   4.6207369e-02
   6.4650153e-02
   4.7603294e-02
   4.8188518e-02
   4.2654304e-02
   5.7262775e-02
   5.2584469e-02
   6.1337690e-02
   6.0713051e-02
   4.3595228e-02
   4.3575610e-02
   6.0303888e-02
   6.5177266e-02
   3.7743954e-02
   4.8009432e-02
   4.8784134e-02
   5.8934494e-02
   4.0454509e-02
   5.4593247e-02
   4.7802466e-02
   5.9224315e-02
