   6.6231857e-02
   5.4888192e-02
   5.5965471e-02
   5.5239209e-02
   4.9889130e-02
   6.1944683e-02
   6.4876605e-02
   5.3499253e-02
   5.2422856e-02
   5.8813152e-02
   6.3843134e-02
   6.1052826e-02
   5.6680743e-02
   5.9805849e-02
   5.7809169e-02
   6.3021276e-02
   5.5360313e-02
   5.2698083e-02
   5.5142462e-02
   5.6325533e-02
   5.8138699e-02
   6.2203326e-02
   6.3526855e-02
   5.8531240e-02
   5.2676981e-02
   5.2133989e-02
   5.5904396e-02
   5.4714390e-02
   5.3098004e-02
   5.5108879e-02
   6.0263387e-02
   5.3921885e-02
   6.2756072e-02
   4.9363703e-02
   5.8832707e-02
   5.6719537e-02
   5.1419160e-02
   5.8954032e-02
   5.3326013e-02
   6.0745024e-02
   5.3925499e-02
   5.1469790e-02
   5.5638291e-02
   5.3783911e-02
   6.4048626e-02
   4.9477794e-02
   6.2800378e-02
   6.0132032e-02
   5.7898633e-02
   6.5417353e-02
   5.8445891e-02
   5.5685591e-02
   5.3465615e-02
   5.4156887e-02
   5.1377656e-02
   4.9702601e-02
   5.6455646e-02
   5.3610264e-02
   6.0880929e-02
   5.7091685e-02
   5.9478127e-02
   5.8078578e-02
   6.0420395e-02
   5.1107851e-02
   4.9847547e-02
   5.0108883e-02
   5.7600055e-02
   6.3465405e-02
   5.7718403e-02
   5.6653540e-02
   4.9495707e-02
   5.3865030e-02
   6.5040285e-02
   5.1137550e-02
   6.2779512e-02
   6.2704347e-02
   5.5040312e-02
   6.1564973e-02
   5.7001537e-02
   6.5471128e-02
   6.0466527e-02
   5.8936470e-02
   6.0660727e-02
   4.9291174e-02
   5.5020810e-02
   6.5768532e-02
   4.9994195e-02
   5.1778308e-02
   6.3255687e-02
   4.9494545e-02
   6.2501469e-02
   5.0325246e-02
   6.0131145e-02
   6.3173577e-02
   5.7555467e-02
   6.4435876e-02
   5.6260070e-02
   5.5352916e-02
   5.5933485e-02
   5.9763269e-02
   5.8035895e-02
   6.3600442e-02
   5.4427516e-02
   5.3372385e-02
   6.3474459e-02
   5.4906434e-02
   5.9831933e-02
   5.3860067e-02
   5.6899147e-02
   5.2986553e-02
   6.0478123e-02
   5.1547457e-02
   5.4695662e-02
   5.9784354e-02
   6.3748457e-02
   5.3548211e-02
   5.1159194e-02
   5.0830847e-02
   5.2062488e-02
   6.0970241e-02
   4.9308845e-02
   5.8013225e-02
   5.2799812e-02
   6.1392853e-02
   6.1986851e-02
   5.4803396e-02
   5.0015874e-02
   6.1589932e-02
   6.0527097e-02
   5.8986778e-02
   5.3380403e-02
   6.0044350e-02
   5.2124038e-02
   4.9832425e-02
   5.0846895e-02
   6.1334720e-02
   5.3898160e-02
   4.9996602e-02
   5.0484518e-02
   5.1413556e-02
   6.2565896e-02
   6.3676859e-02
   5.6716635e-02
   5.6683607e-02
   5.7559337e-02
   5.4621656e-02
   6.3537462e-02
   5.6861822e-02
   5.0129842e-02
   5.0137553e-02
   5.2541980e-02
   5.4670886e-02
   5.3895831e-02
   6.0841142e-02
   5.4502745e-02
   5.3717074e-02
   5.7232337e-02
   5.8511600e-02
   5.9159097e-02
   5.4816729e-02
   5.4701916e-02
   5.7652872e-02
   5.3950414e-02
   5.1107856e-02
   5.1598695e-02
   6.1754618e-02
   5.2517935e-02
   6.2775392e-02
   4.9899138e-02
   5.4834486e-02
   5.0870197e-02
   5.1378954e-02
   6.1074808e-02
   6.0317761e-02
   6.5264285e-02
   5.1927820e-02
   5.8809505e-02
   5.9589876e-02
   5.5849188e-02
   5.6579698e-02
   5.2050353e-02
   5.7787891e-02
   5.7037592e-02
   6.1631655e-02
   5.0091981e-02
   5.4592652e-02
   5.4374991e-02
   5.2834514e-02
   6.1642490e-02
   5.9600060e-02
   6.5452138e-02
   5.8175208e-02
   5.6910791e-02
   5.3829888e-02
   5.5677152e-02
   6.3635057e-02
   5.3464573e-02
   6.0564178e-02
   5.2080814e-02
   5.1364916e-02
   6.2910029e-02
   5.4360432e-02
   6.1122480e-02
   6.1660687e-02
   6.1217602e-02
   6.3765330e-02
   5.5344607e-02
   6.3279216e-02
   6.0184674e-02
   4.9787849e-02
   5.3920077e-02
   5.4294062e-02
   6.3658089e-02
   5.6249015e-02
   5.3521317e-02
   5.4902148e-02
   5.1312603e-02
   5.4898893e-02
   6.1799527e-02
   5.9664807e-02
   5.5826613e-02
   6.5716063e-02
   5.6519882e-02
   5.3075569e-02
   5.1437622e-02
   5.9527224e-02
   5.8279749e-02
   5.2495914e-02
   6.3626328e-02
   5.6679700e-02
   6.1979195e-02
   5.9524470e-02
   5.2001332e-02
   5.9447160e-02
   5.6983160e-02
   6.6239353e-02
   4.9082794e-02
   5.7029329e-02
   6.2543357e-02
   6.5305996e-02
   6.1429927e-02
   5.0323412e-02
   5.0868196e-02
   5.3776474e-02
   5.3488128e-02
   5.0952344e-02
   5.3764701e-02
   5.8583271e-02
   6.6072865e-02
   6.3892657e-02
   4.9863521e-02
   5.4559703e-02
   5.2951577e-02
   5.3474347e-02
   5.5685576e-02
   5.4113541e-02
   6.0048545e-02
   5.4361585e-02
   5.5135735e-02
   5.0216740e-02
   5.7856052e-02
   6.2810545e-02
   5.4000300e-02
   6.7036629e-02
   5.8157872e-02
   6.4212279e-02
   4.9628071e-02
   5.5546063e-02
   6.0186007e-02
   4.9763462e-02
   5.4376856e-02
   5.1368932e-02
   5.4387513e-02
   6.3941390e-02
   5.2228341e-02
   5.0987182e-02
   6.3700353e-02
   5.6056790e-02
   6.0556334e-02
   5.2574360e-02
   5.8091838e-02
   5.2215187e-02
   5.2240093e-02
   5.4858102e-02
   6.3434597e-02
   5.4465470e-02
   5.3631478e-02
   5.3962264e-02
   5.3834309e-02
   5.9179305e-02
   4.9444149e-02
   5.3004154e-02
   5.0933296e-02
   5.5125418e-02
   5.5349575e-02
   5.3575012e-02
   5.9560450e-02
   5.0002505e-02
   6.1285540e-02
   6.0284779e-02
