   2.1206723e-01
   2.1834750e-01
   2.2026362e-01
   2.2252755e-01
   2.2442312e-01
   2.1330181e-01
   2.1368964e-01
   2.0840622e-01
   2.2010387e-01
   2.0889975e-01
   2.2483338e-01
   2.1567599e-01
   2.1767287e-01
   2.0862411e-01
   2.0963735e-01
   2.2260226e-01
   2.1897497e-01
   2.1850583e-01
   2.2001317e-01
   2.0984430e-01
   2.2356532e-01
   2.1209034e-01
   2.1324963e-01
   2.1199400e-01
   2.2015353e-01
   2.1134912e-01
   2.1652776e-01
   2.1538150e-01
   2.1889221e-01
   2.2032389e-01
   2.1070172e-01
   2.1149123e-01
   2.2199150e-01
   2.1138398e-01
   2.1180590e-01
   2.2090879e-01
   2.2493548e-01
   2.1357954e-01
   2.1201701e-01
   2.1304216e-01
   2.2107232e-01
   2.1485303e-01
   2.1649015e-01
   2.1138080e-01
   2.2087088e-01
   2.2217110e-01
   2.1366890e-01
   2.1126585e-01
   2.2488194e-01
   2.2229378e-01
   2.1358893e-01
   2.2281093e-01
   2.1108919e-01
   2.1746991e-01
   2.2273355e-01
   2.1254493e-01
   2.2714322e-01
   2.1411770e-01
   2.1772131e-01
   2.0826239e-01
   2.1416942e-01
   2.1927150e-01
   2.2439300e-01
   2.1158120e-01
   2.2592521e-01
   2.1770073e-01
   2.1645484e-01
   2.1329472e-01
   2.0813823e-01
   2.2565443e-01
   2.1308053e-01
   2.1264754e-01
   2.1346407e-01
   2.2573501e-01
   2.1000117e-01
   2.0997096e-01
   2.0925642e-01
   2.0962977e-01
   2.2430187e-01
   2.0957915e-01
   2.1318792e-01
   2.2263335e-01
   2.0989036e-01
   2.1344539e-01
   2.0962875e-01
   2.1287352e-01
   2.1790696e-01
   2.2328736e-01
   2.2205271e-01
   2.1564671e-01
   2.1479836e-01
   2.2247063e-01
   2.0983414e-01
   2.1994015e-01
   2.0952494e-01
   2.1483677e-01
   2.1994393e-01
   2.1778923e-01
   2.2767995e-01
   2.2299257e-01
   2.1046528e-01
   2.0955882e-01
   2.1860283e-01
   2.1613610e-01
   2.1746983e-01
   2.1017430e-01
   2.0951099e-01
   2.2420698e-01
   2.1176806e-01
   2.2579807e-01
   2.0850161e-01
   2.1680349e-01
   2.2366772e-01
   2.1696120e-01
   2.1501260e-01
   2.1594954e-01
   2.1989282e-01
   2.2035440e-01
   2.1246359e-01
   2.1050476e-01
   2.1724670e-01
   2.0976040e-01
   2.1128015e-01
   2.1619598e-01
   2.0983639e-01
   2.1367177e-01
   2.1379931e-01
   2.0864690e-01
   2.1778350e-01
   2.1216068e-01
   2.2402985e-01
   2.2491761e-01
   2.0977702e-01
   2.2239671e-01
   2.2336772e-01
   2.2642885e-01
   2.1057164e-01
   2.2305630e-01
   2.1259322e-01
   2.2539453e-01
   2.2488403e-01
   2.2403658e-01
   2.1876607e-01
   2.1800143e-01
   2.1493783e-01
   2.2653647e-01
   2.1537180e-01
   2.2322397e-01
   2.0951191e-01
   2.1728771e-01
   2.2172720e-01
   2.1663214e-01
   2.1101501e-01
   2.2600837e-01
   2.1624992e-01
   2.2220584e-01
   2.2258134e-01
   2.1906499e-01
   2.1145643e-01
   2.0894057e-01
   2.0968298e-01
   2.1001975e-01
   2.2240003e-01
   2.2329631e-01
   2.1321375e-01
   2.0977606e-01
   2.1913827e-01
   2.2329492e-01
   2.1968918e-01
   2.1892325e-01
   2.1424207e-01
   2.2307027e-01
   2.2548945e-01
   2.1742332e-01
   2.1491619e-01
   2.2010777e-01
   2.2308002e-01
   2.2255964e-01
   2.1033002e-01
   2.1259456e-01
   2.2282445e-01
   2.2231435e-01
   2.1498008e-01
   2.1537041e-01
   2.1721535e-01
   2.1512451e-01
   2.1201951e-01
   2.1318224e-01
   2.1709942e-01
   2.1544711e-01
   2.2135805e-01
   2.1854252e-01
   2.2662949e-01
   2.2473317e-01
   2.0783107e-01
   2.1300740e-01
   2.0868117e-01
   2.2112321e-01
   2.0909969e-01
   2.0978955e-01
   2.2259243e-01
   2.0998346e-01
   2.0960472e-01
   2.2443356e-01
   2.2633596e-01
   2.1446508e-01
   2.1948759e-01
   2.0850372e-01
   2.1581646e-01
   2.2440226e-01
   2.1452987e-01
   2.0955957e-01
   2.1094286e-01
   2.1928364e-01
   2.2765208e-01
   2.1715522e-01
   2.1603104e-01
   2.1416274e-01
   2.0969603e-01
   2.1087192e-01
   2.1915169e-01
   2.2003088e-01
   2.2354380e-01
   2.1858839e-01
   2.1283731e-01
   2.1483696e-01
   2.0879140e-01
   2.1733984e-01
   2.1366211e-01
   2.2002854e-01
   2.1336329e-01
   2.2027950e-01
   2.1393333e-01
   2.1578130e-01
   2.1701297e-01
   2.1573735e-01
   2.2294506e-01
   2.2549133e-01
   2.1907882e-01
   2.2377689e-01
   2.0966448e-01
   2.1782784e-01
   2.0883159e-01
   2.2289326e-01
   2.2462842e-01
   2.1063913e-01
   2.0938600e-01
   2.1891659e-01
   2.0820927e-01
   2.2417606e-01
   2.2338584e-01
   2.0864054e-01
   2.1107477e-01
   2.1167628e-01
   2.0920152e-01
   2.2460247e-01
   2.2243835e-01
   2.1683843e-01
   2.2137644e-01
   2.0910813e-01
   2.1302152e-01
   2.1348499e-01
   2.1926243e-01
   2.0976520e-01
   2.1733336e-01
   2.1434356e-01
   2.1744627e-01
   2.0783117e-01
   2.1702624e-01
   2.2097367e-01
   2.1097328e-01
   2.1059180e-01
   2.1440558e-01
   2.1637961e-01
   2.1702105e-01
   2.0844931e-01
   2.2619736e-01
   2.1915115e-01
   2.1005276e-01
   2.1813147e-01
   2.2054512e-01
   2.0797431e-01
   2.2559360e-01
   2.1170751e-01
   2.2045980e-01
   2.1223686e-01
   2.1556163e-01
   2.1746573e-01
   2.0857086e-01
   2.1816631e-01
   2.2077304e-01
   2.0853014e-01
   2.2505025e-01
   2.1372695e-01
   2.1231620e-01
   2.1099525e-01
   2.1187343e-01
   2.1010621e-01
   2.1671511e-01
   2.1811459e-01
