   2.4527922e-01
   2.5534255e-01
   2.4946211e-01
   2.3493227e-01
   2.3012152e-01
   2.5129750e-01
   2.4073941e-01
   2.5718187e-01
   2.4880301e-01
   2.5000515e-01
   2.3025430e-01
   2.4777750e-01
   2.5197295e-01
   2.3320841e-01
   2.4795185e-01
   2.3532985e-01
   2.4473850e-01
   2.3434068e-01
   2.3396871e-01
   2.4258078e-01
   2.5404276e-01
   2.4594346e-01
   2.5279843e-01
   2.4225450e-01
   2.3479067e-01
   2.5559935e-01
   2.5556345e-01
   2.4557969e-01
   2.3200475e-01
   2.5014890e-01
   2.2998502e-01
   2.3053501e-01
   2.3304484e-01
   2.4797545e-01
   2.5305628e-01
   2.4425544e-01
   2.5709976e-01
   2.5052386e-01
   2.5474093e-01
   2.3303742e-01
   2.5084071e-01
   2.3278497e-01
   2.5594723e-01
   2.3482965e-01
   2.4580694e-01
   2.4408010e-01
   2.5149973e-01
   2.3720337e-01
   2.3806071e-01
   2.2978460e-01
   2.4164008e-01
   2.4569259e-01
   2.4369682e-01
   2.4906185e-01
   2.4944851e-01
   2.3908047e-01
   2.4385467e-01
   2.4515121e-01
   2.4173507e-01
   2.5590895e-01
   2.4309852e-01
   2.4558571e-01
   2.4162766e-01
   2.5498863e-01
   2.3139987e-01
   2.4427676e-01
   2.4529452e-01
   2.3432975e-01
   2.4119377e-01
   2.3280013e-01
   2.5425167e-01
   2.4402508e-01
   2.3767392e-01
   2.5598696e-01
   2.4597620e-01
   2.4320064e-01
   2.2937565e-01
   2.4265220e-01
   2.3800585e-01
   2.3840654e-01
   2.4804190e-01
   2.3071514e-01
   2.4020671e-01
   2.4356021e-01
   2.2893253e-01
   2.3158814e-01
   2.2932223e-01
   2.5235324e-01
   2.2961692e-01
   2.4996900e-01
   2.3413331e-01
   2.4985296e-01
   2.4184035e-01
   2.4180820e-01
   2.3295809e-01
   2.3332553e-01
   2.3459635e-01
   2.5204948e-01
   2.5221750e-01
   2.3032504e-01
   2.4396733e-01
   2.4318521e-01
   2.5426429e-01
   2.3343622e-01
   2.3196023e-01
   2.2943943e-01
   2.5516326e-01
   2.4178455e-01
   2.4163599e-01
   2.5401266e-01
   2.4014358e-01
   2.3081984e-01
   2.4111992e-01
   2.3433698e-01
   2.4922904e-01
   2.4430630e-01
   2.4804094e-01
   2.3183374e-01
   2.4776278e-01
   2.4398075e-01
   2.5637649e-01
   2.4141341e-01
   2.4724112e-01
   2.3563592e-01
   2.4924303e-01
   2.4298878e-01
   2.3422388e-01
   2.5546680e-01
   2.5369957e-01
   2.5425313e-01
   2.3106902e-01
   2.5628606e-01
   2.5717155e-01
   2.3524162e-01
   2.2906517e-01
   2.4249046e-01
   2.3721481e-01
   2.5283895e-01
   2.2931286e-01
   2.5315470e-01
   2.4182823e-01
   2.3283998e-01
   2.5044400e-01
   2.2975430e-01
   2.4942123e-01
   2.3066673e-01
   2.3273628e-01
   2.4952732e-01
   2.3487099e-01
   2.3514589e-01
   2.3372263e-01
   2.2983906e-01
   2.4191541e-01
   2.4775462e-01
   2.2891770e-01
   2.3070221e-01
   2.4773816e-01
   2.5080486e-01
   2.4390578e-01
   2.4589570e-01
   2.4491455e-01
   2.2983313e-01
   2.4633262e-01
   2.3985119e-01
   2.4265941e-01
   2.3443616e-01
   2.2931844e-01
   2.5057514e-01
   2.5501814e-01
   2.4448615e-01
   2.4939607e-01
   2.2989252e-01
   2.5275021e-01
   2.5458109e-01
   2.3894696e-01
   2.4423287e-01
   2.4495176e-01
   2.3661488e-01
   2.5302275e-01
   2.4222884e-01
   2.3616588e-01
   2.3396137e-01
   2.4477799e-01
   2.3130780e-01
   2.5144705e-01
   2.3818955e-01
   2.5247842e-01
   2.4768701e-01
   2.3494637e-01
   2.3530744e-01
   2.3912261e-01
   2.4848755e-01
   2.3963672e-01
   2.3011876e-01
   2.3871156e-01
   2.4512645e-01
   2.3889784e-01
   2.5558579e-01
   2.4281819e-01
   2.5326339e-01
   2.5430008e-01
   2.3564032e-01
   2.4340690e-01
   2.4999306e-01
   2.5326715e-01
   2.4436394e-01
   2.4470194e-01
   2.4205075e-01
   2.4756599e-01
   2.5138410e-01
   2.2977052e-01
   2.2864402e-01
   2.3142913e-01
   2.3030993e-01
   2.4583485e-01
   2.3668810e-01
   2.3755326e-01
   2.3375059e-01
   2.2881607e-01
   2.4248997e-01
   2.4586380e-01
   2.4430292e-01
   2.4297878e-01
   2.3005955e-01
   2.3965019e-01
   2.4052990e-01
   2.5569979e-01
   2.4873901e-01
   2.3349251e-01
   2.4858205e-01
   2.4166708e-01
   2.5020063e-01
   2.4296559e-01
   2.3069643e-01
   2.3308876e-01
   2.4167768e-01
   2.4628970e-01
   2.3192649e-01
   2.4113196e-01
   2.3135109e-01
   2.4195109e-01
   2.3319469e-01
   2.3888366e-01
   2.3891541e-01
   2.3915524e-01
   2.3063261e-01
   2.5043676e-01
   2.3265548e-01
   2.3102410e-01
   2.4502572e-01
   2.3032343e-01
   2.4656835e-01
   2.4573165e-01
   2.5164143e-01
   2.3647721e-01
   2.4538829e-01
   2.4731943e-01
   2.3253804e-01
   2.3171846e-01
   2.3719736e-01
   2.3733768e-01
   2.3374526e-01
   2.4680502e-01
   2.3372710e-01
   2.4915484e-01
   2.5351489e-01
   2.3679303e-01
   2.2880685e-01
   2.4588373e-01
   2.4890044e-01
   2.5088660e-01
   2.4191526e-01
   2.2868064e-01
   2.3513623e-01
   2.4960792e-01
   2.4263162e-01
   2.5207508e-01
   2.2919373e-01
   2.4741906e-01
   2.2912161e-01
   2.3227780e-01
   2.4532150e-01
   2.4056643e-01
   2.4340386e-01
   2.2969429e-01
   2.5386872e-01
   2.4155966e-01
   2.4286409e-01
   2.5498545e-01
   2.3622330e-01
   2.4313612e-01
   2.4080336e-01
   2.4114951e-01
   2.4378945e-01
   2.3400101e-01
   2.3172904e-01
   2.4304560e-01
   2.4235472e-01
   2.5108579e-01
   2.3534959e-01
