   4.8733989e-02
   4.9404895e-02
   4.9335549e-02
   4.7696614e-02
   4.8533106e-02
   5.0295935e-02
   4.8351591e-02
   4.8796742e-02
   4.7718035e-02
   4.9947942e-02
   4.9547012e-02
   4.9739620e-02
   4.9768836e-02
   4.8621425e-02
   4.8530368e-02
   4.9243561e-02
   4.9385893e-02
   5.0121801e-02
   4.9982003e-02
   4.9624797e-02
   4.8732283e-02
   4.8833325e-02
   4.7724934e-02
   4.7793024e-02
   4.9141407e-02
   4.8823116e-02
   4.9182653e-02
   4.8149689e-02
   4.9368657e-02
   4.8480740e-02
   4.8665614e-02
   4.7464564e-02
   4.9498610e-02
   4.9774690e-02
   4.7701890e-02
   4.8893826e-02
   4.9536069e-02
   4.8904018e-02
   4.8198167e-02
   4.9618286e-02
   5.0450804e-02
   4.9004099e-02
   4.8649061e-02
   4.8428325e-02
   4.7807536e-02
   4.8201590e-02
   4.9371434e-02
   4.8527808e-02
   4.7847876e-02
   4.8604635e-02
   4.8519443e-02
   4.8162158e-02
   4.8114692e-02
   4.8655373e-02
   4.8637547e-02
   4.9167973e-02
   4.8657039e-02
   4.8676178e-02
   4.8929087e-02
   4.8380950e-02
   4.9270214e-02
   4.8118937e-02
   4.8669667e-02
   4.9443146e-02
   4.7418141e-02
   4.8371954e-02
   4.8574611e-02
   4.8864403e-02
   4.9046809e-02
   4.9374264e-02
   5.0669815e-02
   4.7704933e-02
   4.9242815e-02
   4.8861523e-02
   4.9053550e-02
   5.0634018e-02
   4.7769464e-02
   4.8699467e-02
   4.9184356e-02
   4.9391414e-02
   4.8477075e-02
   4.9254902e-02
   4.8766028e-02
   4.8561811e-02
   4.8307757e-02
   4.8431745e-02
   4.8267219e-02
   4.9293871e-02
   4.8952675e-02
   4.9607337e-02
   4.9019743e-02
   4.8862407e-02
   4.8948648e-02
   5.0284833e-02
   4.7481928e-02
   5.0043403e-02
   4.8283926e-02
   5.0150054e-02
   4.8320834e-02
   4.8792701e-02
   4.9391958e-02
   4.8577607e-02
   4.8504528e-02
   4.7829548e-02
   4.9185603e-02
   4.7861924e-02
   4.8783425e-02
   4.7443569e-02
   4.7490104e-02
   5.0068742e-02
   4.9700728e-02
   4.8406646e-02
   4.9272419e-02
   4.9049731e-02
   4.8950746e-02
   5.0231891e-02
   5.0425087e-02
   4.8518975e-02
   4.7640851e-02
   5.0127663e-02
   5.0418158e-02
   5.0280802e-02
   4.8942583e-02
   4.9610098e-02
   4.7763991e-02
   4.7654537e-02
   5.0039543e-02
   5.0688181e-02
   5.0673469e-02
   5.0475391e-02
   4.9446380e-02
   4.8416220e-02
   4.8821563e-02
   4.8557416e-02
   4.8934051e-02
   4.7906823e-02
   4.8634592e-02
   4.8682682e-02
   4.9089522e-02
   4.7918172e-02
   4.8439978e-02
   4.7656692e-02
   4.8326422e-02
   4.8699836e-02
   4.9779441e-02
   4.8375086e-02
   4.8831349e-02
   4.8808129e-02
   4.9329539e-02
   4.8130051e-02
   4.8918828e-02
   4.7508598e-02
   4.8990651e-02
   4.9161245e-02
   4.9853256e-02
   4.7920087e-02
   4.8861253e-02
   4.9806294e-02
   4.8924033e-02
   4.7756905e-02
   5.0055254e-02
   4.7897487e-02
   4.8635259e-02
   4.8440410e-02
   4.7770016e-02
   4.9357399e-02
   4.8708939e-02
   4.8863993e-02
   5.0810601e-02
   4.9675501e-02
   4.7890685e-02
   4.8855807e-02
   4.8478155e-02
   4.9432168e-02
   4.8261721e-02
   4.7847739e-02
   5.0568926e-02
   4.8470003e-02
   4.8730416e-02
   4.8878139e-02
   4.8165645e-02
   4.8660261e-02
   4.8611376e-02
   4.8951660e-02
   4.8372257e-02
   4.8014242e-02
   4.8517897e-02
   5.0229900e-02
   4.7483620e-02
   4.8885833e-02
   4.7543665e-02
   4.8900886e-02
   4.8205485e-02
   4.8529984e-02
   4.8749271e-02
   4.8084112e-02
   4.9116567e-02
   4.9687022e-02
   4.9050331e-02
   4.8346196e-02
   4.7495596e-02
   5.0239146e-02
   4.8158241e-02
   4.9503577e-02
   4.8929514e-02
   4.9897751e-02
   4.7558255e-02
   4.9021769e-02
   4.7374958e-02
   5.0180666e-02
   4.9044451e-02
   4.7512976e-02
   4.8723499e-02
   4.7936334e-02
   4.9002249e-02
   4.8101859e-02
   4.8700791e-02
   4.8614811e-02
   4.9166763e-02
   4.8061794e-02
   4.9227469e-02
   4.9045670e-02
   4.9077316e-02
   4.8624644e-02
   4.7729893e-02
   4.7836043e-02
   4.8780260e-02
   4.9320834e-02
   5.0528352e-02
   4.8854438e-02
   4.7774165e-02
   5.0279167e-02
   5.0934041e-02
   4.9963007e-02
   4.8557087e-02
   4.9626916e-02
   4.9880134e-02
   5.0262677e-02
   4.8829092e-02
   4.9611550e-02
   4.8787497e-02
   4.9345604e-02
   4.8199659e-02
   4.7687390e-02
   4.8485004e-02
   4.8789673e-02
   4.8529177e-02
   4.7716902e-02
   4.8958814e-02
   4.8258951e-02
   5.0146974e-02
   4.8386065e-02
   4.9165396e-02
   4.8835748e-02
   4.8708836e-02
   4.7586827e-02
   4.9019640e-02
   4.7720900e-02
   4.8889826e-02
   4.8925500e-02
   4.8320159e-02
   4.7939711e-02
   4.8441089e-02
   4.8756681e-02
   4.8830365e-02
   5.0233206e-02
   4.8544071e-02
   4.8488292e-02
   4.8765566e-02
   4.8409224e-02
   4.9567553e-02
   4.7979028e-02
   4.9499607e-02
   4.9799095e-02
   4.8656495e-02
   4.9201651e-02
   4.7897764e-02
   4.8124562e-02
   4.8471989e-02
   4.7951611e-02
   4.8942946e-02
   4.7872947e-02
   4.7685326e-02
   4.8862980e-02
   4.7986731e-02
   4.8879311e-02
   4.8610287e-02
   4.8390773e-02
   4.8849584e-02
   4.9617886e-02
   4.8308751e-02
   4.8135812e-02
   4.9992659e-02
   4.9602956e-02
   4.8866452e-02
   4.7838358e-02
   4.8912566e-02
   4.8701830e-02
   4.8104078e-02
   5.0547433e-02
