   3.0571842e-02
   2.9686043e-02
   3.0769536e-02
   2.9588796e-02
   3.0766378e-02
   3.0401696e-02
   3.0781204e-02
   3.0748670e-02
   2.9973237e-02
   3.0469238e-02
   2.9605899e-02
   3.0473036e-02
   2.9600061e-02
   3.0376790e-02
   3.0464984e-02
   2.9787957e-02
   3.0094353e-02
   2.9667742e-02
   2.9985153e-02
   3.0769434e-02
   3.0779052e-02
   2.9600035e-02
   3.0448853e-02
   2.9600974e-02
   3.0407451e-02
   3.0749291e-02
   3.0544837e-02
   2.9978699e-02
   3.0750288e-02
   2.9836326e-02
   3.0407538e-02
   3.0410876e-02
   3.0754987e-02
   3.0172692e-02
   3.0119019e-02
   3.0423597e-02
   3.0464303e-02
   2.9590132e-02
   3.0779461e-02
   3.0769219e-02
   3.0405561e-02
   2.9598156e-02
   3.0412243e-02
   3.0587979e-02
   3.0081798e-02
   3.0780165e-02
   3.0410764e-02
   3.0421983e-02
   3.0307974e-02
   2.9709099e-02
   3.0404845e-02
   3.0444305e-02
   3.0083405e-02
   3.0780174e-02
   3.0402253e-02
   2.9783090e-02
   3.0015846e-02
   3.0774947e-02
   3.0099765e-02
   2.9801648e-02
   3.0770758e-02
   3.0779402e-02
   3.0459927e-02
   3.0427932e-02
   3.0096740e-02
   2.9644091e-02
   2.9606682e-02
   3.0130837e-02
   2.9812557e-02
   3.0410848e-02
   3.0410171e-02
   3.0482518e-02
   3.0379502e-02
   3.0412539e-02
   2.9603463e-02
   2.9813995e-02
   3.0410880e-02
   3.0664265e-02
   3.0369436e-02
   3.0513371e-02
   3.0587455e-02
   3.0364550e-02
   3.0752360e-02
   3.0437902e-02
   2.9592218e-02
   3.0314440e-02
   3.0335023e-02
   3.0254085e-02
   2.9695444e-02
   3.0719107e-02
   3.0405214e-02
   3.0414001e-02
   3.0754216e-02
   3.0774545e-02
   3.0736020e-02
   3.0555415e-02
   2.9974723e-02
   2.9588401e-02
   3.0751645e-02
   3.0777642e-02
   3.0411641e-02
   3.0405171e-02
   3.0774416e-02
   3.0378721e-02
   3.0364107e-02
   3.0671343e-02
   3.0778612e-02
   3.0430015e-02
   3.0089888e-02
   3.0430043e-02
   2.9595421e-02
   3.0386825e-02
   2.9753214e-02
   3.0499821e-02
   3.0404532e-02
   3.0587979e-02
   2.9861621e-02
   2.9785917e-02
   2.9655999e-02
   3.0405297e-02
   3.0464502e-02
   3.0058166e-02
   2.9607899e-02
   3.0480788e-02
   3.0410030e-02
   3.0597554e-02
   3.0203634e-02
   3.0766888e-02
   3.0433100e-02
   2.9880891e-02
   3.0405325e-02
   2.9647761e-02
   3.0736322e-02
   3.0671490e-02
   3.0755549e-02
   3.0102419e-02
   3.0393320e-02
   3.0572616e-02
   3.0188535e-02
   3.0332758e-02
   2.9633538e-02
   3.0493035e-02
   3.0411276e-02
   2.9814656e-02
   3.0405465e-02
   3.0699805e-02
   3.0404115e-02
   3.0680031e-02
   2.9701316e-02
   2.9674704e-02
   3.0410301e-02
   3.0780311e-02
   3.0405185e-02
   3.0163095e-02
   3.0412610e-02
   3.0225483e-02
   3.0128509e-02
   3.0332494e-02
   3.0343328e-02
   3.0428872e-02
   2.9596805e-02
   2.9686128e-02
   3.0407318e-02
   3.0778836e-02
   2.9797678e-02
   3.0411966e-02
   3.0456446e-02
   3.0555871e-02
   3.0423706e-02
   3.0285765e-02
   3.0348211e-02
   2.9763114e-02
   2.9994621e-02
   3.0757896e-02
   2.9934839e-02
   2.9800059e-02
   3.0407603e-02
   3.0617561e-02
   3.0761682e-02
   3.0230632e-02
   3.0487950e-02
   3.0412377e-02
   3.0752708e-02
   3.0404970e-02
   2.9764272e-02
   3.0412012e-02
   2.9592949e-02
   3.0409869e-02
   3.0399669e-02
   3.0664469e-02
   3.0022858e-02
   3.0164955e-02
   3.0772138e-02
   3.0776455e-02
   2.9602367e-02
   3.0564153e-02
   3.0207616e-02
   2.9768277e-02
   2.9795712e-02
   2.9601233e-02
   2.9749389e-02
   2.9587485e-02
   3.0296809e-02
   3.0420378e-02
   3.0723181e-02
   3.0404607e-02
   3.0411976e-02
   2.9984217e-02
   3.0779725e-02
   3.0385910e-02
   3.0495870e-02
   2.9603942e-02
   3.0310393e-02
   3.0044380e-02
   3.0387822e-02
   3.0447633e-02
   3.0395874e-02
   2.9905706e-02
   3.0740238e-02
   3.0759220e-02
   3.0137286e-02
   3.0448338e-02
   2.9591967e-02
   2.9839342e-02
   2.9946742e-02
   2.9752960e-02
   3.0409998e-02
   3.0461238e-02
   3.0174228e-02
   2.9952286e-02
   3.0331066e-02
   2.9649287e-02
   3.0380298e-02
   3.0750078e-02
   3.0512880e-02
   3.0407536e-02
   2.9831426e-02
   3.0666723e-02
   3.0408169e-02
   2.9583885e-02
   3.0417234e-02
   3.0446045e-02
   3.0349224e-02
   3.0778844e-02
   3.0407199e-02
   2.9649880e-02
   3.0147069e-02
   3.0350650e-02
   3.0407587e-02
   3.0044560e-02
   2.9735575e-02
   2.9628813e-02
   2.9704141e-02
   3.0417878e-02
   3.0409778e-02
   3.0355299e-02
   3.0262543e-02
   2.9678982e-02
   3.0411998e-02
   3.0403820e-02
   2.9593434e-02
   3.0692333e-02
   3.0405791e-02
   2.9895669e-02
   3.0720346e-02
   3.0127802e-02
   3.0774666e-02
   2.9589240e-02
   3.0392448e-02
   3.0425350e-02
   3.0132274e-02
   3.0302723e-02
   2.9680038e-02
   3.0774507e-02
   3.0346695e-02
   3.0316688e-02
   2.9595507e-02
   2.9971028e-02
   3.0410799e-02
   2.9819858e-02
   2.9885377e-02
   3.0404439e-02
   3.0102370e-02
   3.0376385e-02
   3.0080330e-02
   3.0410810e-02
   3.0371251e-02
   3.0196989e-02
   3.0769800e-02
   3.0433124e-02
   3.0780638e-02
   3.0247655e-02
   3.0283363e-02
   3.0529381e-02
   2.9829991e-02
   3.0717365e-02
   2.9601296e-02
   3.0470922e-02
   2.9594373e-02
   2.9594374e-02
