   2.5878336e-02
   2.5900915e-02
   2.6208194e-02
   2.6069359e-02
   2.5855269e-02
   2.6235075e-02
   2.6016657e-02
   2.5883706e-02
   2.5994078e-02
   2.6111343e-02
   2.5993884e-02
   2.5986791e-02
   2.6045749e-02
   2.5802830e-02
   2.5892424e-02
   2.5802757e-02
   2.5994924e-02
   2.6001001e-02
   2.6022340e-02
   2.6056693e-02
   2.5989313e-02
   2.5993793e-02
   2.6147315e-02
   2.5836835e-02
   2.5849281e-02
   2.5930015e-02
   2.6009617e-02
   2.6067132e-02
   2.5799994e-02
   2.6068709e-02
   2.6062084e-02
   2.5936351e-02
   2.6076616e-02
   2.5802230e-02
   2.6067582e-02
   2.6132525e-02
   2.5800594e-02
   2.6171170e-02
   2.6261186e-02
   2.6072575e-02
   2.5877363e-02
   2.6219310e-02
   2.6086614e-02
   2.6058099e-02
   2.6232816e-02
   2.5988534e-02
   2.6088205e-02
   2.6050888e-02
   2.5872737e-02
   2.6061496e-02
   2.5974628e-02
   2.5967242e-02
   2.5983373e-02
   2.6094294e-02
   2.6004005e-02
   2.5990583e-02
   2.5832587e-02
   2.5829013e-02
   2.6257571e-02
   2.5988132e-02
   2.6008885e-02
   2.6172797e-02
   2.6007757e-02
   2.5800400e-02
   2.5980931e-02
   2.5999247e-02
   2.6069436e-02
   2.6275926e-02
   2.6011992e-02
   2.5851070e-02
   2.5870759e-02
   2.5861987e-02
   2.6232695e-02
   2.6178744e-02
   2.6020136e-02
   2.5933995e-02
   2.6004056e-02
   2.6011885e-02
   2.5878347e-02
   2.6179283e-02
   2.5933822e-02
   2.6000916e-02
   2.6067327e-02
   2.6017283e-02
   2.6001656e-02
   2.6053181e-02
   2.6067121e-02
   2.6039690e-02
   2.5902122e-02
   2.6030185e-02
   2.5803211e-02
   2.6070734e-02
   2.6029679e-02
   2.5998621e-02
   2.6165560e-02
   2.5994041e-02
   2.5804585e-02
   2.6202924e-02
   2.5843223e-02
   2.5991055e-02
   2.5989091e-02
   2.6057123e-02
   2.6072479e-02
   2.5842018e-02
   2.5993833e-02
   2.6071426e-02
   2.6036819e-02
   2.5999311e-02
   2.6071632e-02
   2.6015019e-02
   2.6183488e-02
   2.6012921e-02
   2.6037874e-02
   2.5997178e-02
   2.6019831e-02
   2.5967720e-02
   2.5846845e-02
   2.6022451e-02
   2.6006801e-02
   2.6029980e-02
   2.5883028e-02
   2.5922477e-02
   2.5800427e-02
   2.5952149e-02
   2.6217299e-02
   2.6249189e-02
   2.5869740e-02
   2.6066175e-02
   2.6032375e-02
   2.5935374e-02
   2.5929637e-02
   2.6167213e-02
   2.6204249e-02
   2.5882953e-02
   2.5997709e-02
   2.5829752e-02
   2.5815094e-02
   2.5801494e-02
   2.5997341e-02
   2.6069963e-02
   2.5997988e-02
   2.6274516e-02
   2.5957687e-02
   2.6065989e-02
   2.5800721e-02
   2.5848482e-02
   2.5927525e-02
   2.6205415e-02
   2.5953851e-02
   2.6033854e-02
   2.6031795e-02
   2.6217594e-02
   2.6071433e-02
   2.6117613e-02
   2.6043225e-02
   2.6058013e-02
   2.6153651e-02
   2.5980063e-02
   2.6260314e-02
   2.6002208e-02
   2.5988037e-02
   2.6056596e-02
   2.5998739e-02
   2.5988732e-02
   2.5801186e-02
   2.6041884e-02
   2.6051847e-02
   2.5952696e-02
   2.5963205e-02
   2.6086791e-02
   2.5993386e-02
   2.5977716e-02
   2.5800797e-02
   2.6279916e-02
   2.6029877e-02
   2.6255809e-02
   2.5993619e-02
   2.5885449e-02
   2.6056202e-02
   2.5833520e-02
   2.6056738e-02
   2.5815766e-02
   2.6272364e-02
   2.6000126e-02
   2.6010718e-02
   2.5820151e-02
   2.6047852e-02
   2.6271652e-02
   2.6071707e-02
   2.6072122e-02
   2.6051393e-02
   2.6152656e-02
   2.6019934e-02
   2.6012989e-02
   2.5995406e-02
   2.6031278e-02
   2.6090892e-02
   2.6098587e-02
   2.5953198e-02
   2.5976083e-02
   2.5896515e-02
   2.6099597e-02
   2.5804291e-02
   2.6032746e-02
   2.5847874e-02
   2.5895231e-02
   2.6211891e-02
   2.5800949e-02
   2.6217497e-02
   2.5988721e-02
   2.6289000e-02
   2.6229962e-02
   2.6071972e-02
   2.5957073e-02
   2.5800575e-02
   2.6065988e-02
   2.6275734e-02
   2.6036407e-02
   2.6061894e-02
   2.5848564e-02
   2.5944683e-02
   2.5800412e-02
   2.5823981e-02
   2.6235218e-02
   2.6004157e-02
   2.5921291e-02
   2.5897508e-02
   2.5817892e-02
   2.5991164e-02
   2.6244798e-02
   2.5988555e-02
   2.5995641e-02
   2.5801514e-02
   2.6281175e-02
   2.6206596e-02
   2.5863992e-02
   2.6051184e-02
   2.6221519e-02
   2.6210416e-02
   2.6046310e-02
   2.6169960e-02
   2.6069864e-02
   2.6006738e-02
   2.6142067e-02
   2.5857884e-02
   2.6030053e-02
   2.6063322e-02
   2.5906992e-02
   2.5988753e-02
   2.5829898e-02
   2.6048931e-02
   2.5800848e-02
   2.6223479e-02
   2.5982043e-02
   2.5990593e-02
   2.6235321e-02
   2.6061750e-02
   2.5989760e-02
   2.5803375e-02
   2.6098030e-02
   2.5882242e-02
   2.5931065e-02
   2.6059057e-02
   2.6256012e-02
   2.6018103e-02
   2.6014803e-02
   2.6072197e-02
   2.5802575e-02
   2.6033751e-02
   2.6056574e-02
   2.5801489e-02
   2.6180493e-02
   2.6059092e-02
   2.6053575e-02
   2.6071004e-02
   2.6280330e-02
   2.6004167e-02
   2.6069719e-02
   2.6089178e-02
   2.6035440e-02
   2.6122502e-02
   2.5989848e-02
   2.6059122e-02
   2.5974374e-02
   2.6008607e-02
   2.5920388e-02
   2.5954244e-02
   2.5935146e-02
   2.6030117e-02
   2.5984467e-02
   2.5997206e-02
   2.5989160e-02
   2.6045210e-02
   2.6037298e-02
   2.5982824e-02
   2.5881289e-02
   2.6016524e-02
   2.6160577e-02
   2.5987826e-02
   2.6037314e-02
