   2.5675656e-01
   2.5453119e-01
   2.6082693e-01
   2.5628848e-01
   2.5631679e-01
   2.5163168e-01
   2.6256184e-01
   2.5652493e-01
   2.4960062e-01
   2.5022961e-01
   2.6273147e-01
   2.7005967e-01
   2.7627122e-01
   2.5070082e-01
   2.5242408e-01
   2.7048424e-01
   2.6453586e-01
   2.7873457e-01
   2.4967619e-01
   2.5753681e-01
   2.7457987e-01
   2.5705986e-01
   2.5785524e-01
   2.5391453e-01
   2.6959957e-01
   2.5471116e-01
   2.6209837e-01
   2.5466367e-01
   2.5254626e-01
   2.6287698e-01
   2.5724392e-01
   2.5223065e-01
   2.6395798e-01
   2.6246487e-01
   2.8019641e-01
   2.6406319e-01
   2.5371738e-01
   2.6150833e-01
   2.6389738e-01
   2.5993172e-01
   2.5617109e-01
   2.5532745e-01
   2.5236752e-01
   2.5233025e-01
   2.5138248e-01
   2.6011462e-01
   2.5633899e-01
   2.6468994e-01
   2.6063937e-01
   2.5928124e-01
   2.6644704e-01
   2.7825109e-01
   2.5930226e-01
   2.5539578e-01
   2.5942123e-01
   2.5739232e-01
   2.6378070e-01
   2.5455387e-01
   2.6008673e-01
   2.6939644e-01
   2.6745094e-01
   2.5379469e-01
   2.5817367e-01
   2.6514755e-01
   2.6520372e-01
   2.5488354e-01
   2.5065002e-01
   2.6179258e-01
   2.5577478e-01
   2.5261754e-01
   2.5460238e-01
   2.5386011e-01
   2.6236947e-01
   2.4933845e-01
   2.5129252e-01
   2.5589990e-01
   2.5296264e-01
   2.5469699e-01
   2.6312117e-01
   2.6598920e-01
   2.5742418e-01
   2.6743527e-01
   2.5666748e-01
   2.5458881e-01
   2.5665193e-01
   2.6049170e-01
   2.6138346e-01
   2.6319768e-01
   2.5377821e-01
   2.5063318e-01
   2.5811618e-01
   2.6432928e-01
   2.5505748e-01
   2.5710589e-01
   2.5410433e-01
   2.5429772e-01
   2.6435486e-01
   2.6578574e-01
   2.5428305e-01
   2.5366410e-01
   2.7479986e-01
   2.5540267e-01
   2.5244975e-01
   2.5926400e-01
   2.5487582e-01
   2.5753188e-01
   2.5471064e-01
   2.6376599e-01
   2.5623799e-01
   2.5484954e-01
   2.5200437e-01
   2.5287025e-01
   2.6408897e-01
   2.6447453e-01
   2.6577994e-01
   2.5952986e-01
   2.5567366e-01
   2.5371335e-01
   2.6408297e-01
   2.5866988e-01
   2.5733885e-01
   2.5350781e-01
   2.5559220e-01
   2.5666375e-01
   2.6668384e-01
   2.5624677e-01
   2.4985293e-01
   2.6984479e-01
   2.6656715e-01
   2.5559591e-01
   2.5901037e-01
   2.6337237e-01
   2.5273145e-01
   2.6853714e-01
   2.6904625e-01
   2.5357400e-01
   2.5991518e-01
   2.6433871e-01
   2.5819752e-01
   2.5957461e-01
   2.6284345e-01
   2.5424981e-01
   2.5593933e-01
   2.5516169e-01
   2.5531427e-01
   2.6553083e-01
   2.6245968e-01
   2.7833137e-01
   2.5678064e-01
   2.7203552e-01
   2.7600185e-01
   2.5520695e-01
   2.7021142e-01
   2.5710686e-01
   2.5958714e-01
   2.4877401e-01
   2.5371636e-01
   2.5568671e-01
   2.7676500e-01
   2.7474167e-01
   2.6121955e-01
   2.5611517e-01
   2.7532337e-01
   2.6410599e-01
   2.5648251e-01
   2.5776478e-01
   2.7464574e-01
   2.5650941e-01
   2.6026831e-01
   2.6539374e-01
   2.5730403e-01
   2.6527968e-01
   2.7591960e-01
   2.4936476e-01
   2.5639290e-01
   2.5429200e-01
   2.7724380e-01
   2.5096704e-01
   2.5825021e-01
   2.6130688e-01
   2.6574458e-01
   2.6313457e-01
   2.5086312e-01
   2.5883525e-01
   2.6364918e-01
   2.5588565e-01
   2.7126772e-01
   2.5092264e-01
   2.7074109e-01
   2.6049445e-01
   2.5858282e-01
   2.5461130e-01
   2.5685636e-01
   2.5159543e-01
   2.5621283e-01
   2.7627360e-01
   2.6001014e-01
   2.5864899e-01
   2.6838899e-01
   2.5460488e-01
   2.5395031e-01
   2.5904512e-01
   2.5447593e-01
   2.6237250e-01
   2.5767802e-01
   2.5299694e-01
   2.6244329e-01
   2.7796993e-01
   2.5913451e-01
   2.7264890e-01
   2.6422883e-01
   2.6529946e-01
   2.6926831e-01
   2.7338669e-01
   2.6007727e-01
   2.6239834e-01
   2.6401719e-01
   2.6959080e-01
   2.5208885e-01
   2.5033418e-01
   2.5314000e-01
   2.6061263e-01
   2.5806001e-01
   2.6662869e-01
   2.6787523e-01
   2.5279427e-01
   2.6098176e-01
   2.4946617e-01
   2.6422646e-01
   2.6487474e-01
   2.5739324e-01
   2.5774844e-01
   2.6218694e-01
   2.6422837e-01
   2.7517210e-01
   2.6307123e-01
   2.5655121e-01
   2.5510356e-01
   2.6514451e-01
   2.6171280e-01
   2.6524935e-01
   2.5074308e-01
   2.5609727e-01
   2.4873956e-01
   2.5279948e-01
   2.6705336e-01
   2.6745673e-01
   2.5465763e-01
   2.5407291e-01
   2.5757893e-01
   2.5249344e-01
   2.7042028e-01
   2.5547774e-01
   2.5270576e-01
   2.5877810e-01
   2.6026446e-01
   2.7999079e-01
   2.6445247e-01
   2.6384541e-01
   2.6152002e-01
   2.5862126e-01
   2.5212893e-01
   2.5405787e-01
   2.6571065e-01
   2.6910741e-01
   2.6375425e-01
   2.5806645e-01
   2.7827018e-01
   2.5611735e-01
   2.5934167e-01
   2.6728866e-01
   2.6926711e-01
   2.5683790e-01
   2.5751493e-01
   2.6263793e-01
   2.7090856e-01
   2.5713100e-01
   2.6162103e-01
   2.6656421e-01
   2.5615732e-01
   2.5883764e-01
   2.6314139e-01
   2.6344357e-01
   2.7861700e-01
   2.5033190e-01
   2.5857587e-01
   2.6030977e-01
   2.7014097e-01
   2.5013490e-01
   2.4926885e-01
   2.6363929e-01
   2.7513368e-01
   2.6691348e-01
   2.5434832e-01
   2.6497242e-01
   2.5287677e-01
   2.5592187e-01
   2.5794070e-01
   2.6350428e-01
   2.5784686e-01
