   3.6128597e-02
   3.5729367e-02
   3.5605371e-02
   3.5837911e-02
   3.6334433e-02
   3.6744791e-02
   3.6728977e-02
   3.6720986e-02
   3.5631066e-02
   3.6221283e-02
   3.6274362e-02
   3.6453100e-02
   3.6743502e-02
   3.5661664e-02
   3.6595906e-02
   3.6761909e-02
   3.6316280e-02
   3.5750181e-02
   3.5609637e-02
   3.6285910e-02
   3.6662334e-02
   3.5665860e-02
   3.5925839e-02
   3.5795152e-02
   3.5819931e-02
   3.6749575e-02
   3.5568747e-02
   3.6750005e-02
   3.6323893e-02
   3.6544074e-02
   3.6264065e-02
   3.6650655e-02
   3.6190680e-02
   3.6210171e-02
   3.6086268e-02
   3.5914277e-02
   3.6517036e-02
   3.5596145e-02
   3.5750358e-02
   3.5574240e-02
   3.6746523e-02
   3.5594486e-02
   3.5572014e-02
   3.6750126e-02
   3.5981609e-02
   3.6577858e-02
   3.5834419e-02
   3.6200396e-02
   3.6763123e-02
   3.6642374e-02
   3.6319298e-02
   3.6484223e-02
   3.6748942e-02
   3.5921395e-02
   3.5572289e-02
   3.6757420e-02
   3.6742549e-02
   3.6179739e-02
   3.6374603e-02
   3.6612314e-02
   3.6101698e-02
   3.6755689e-02
   3.6157880e-02
   3.6644044e-02
   3.6349266e-02
   3.5569825e-02
   3.6751926e-02
   3.6748842e-02
   3.6537403e-02
   3.6084063e-02
   3.6630075e-02
   3.5667868e-02
   3.5597252e-02
   3.5956411e-02
   3.6294236e-02
   3.5687358e-02
   3.6726812e-02
   3.6640241e-02
   3.5710631e-02
   3.5705452e-02
   3.6735144e-02
   3.6752042e-02
   3.5572936e-02
   3.5577825e-02
   3.6738194e-02
   3.6541982e-02
   3.6748226e-02
   3.6530966e-02
   3.6728332e-02
   3.6248105e-02
   3.6086860e-02
   3.6190849e-02
   3.6585850e-02
   3.5729234e-02
   3.5643825e-02
   3.6195243e-02
   3.5845551e-02
   3.6735902e-02
   3.5650599e-02
   3.6692743e-02
   3.5594678e-02
   3.5584484e-02
   3.6305308e-02
   3.6552317e-02
   3.5838337e-02
   3.5886121e-02
   3.6574352e-02
   3.6750005e-02
   3.6728920e-02
   3.5629312e-02
   3.6365495e-02
   3.5685621e-02
   3.6609557e-02
   3.5570473e-02
   3.6444780e-02
   3.6733572e-02
   3.6081663e-02
   3.6728560e-02
   3.6765963e-02
   3.5961954e-02
   3.5570817e-02
   3.5588033e-02
   3.6748720e-02
   3.6740256e-02
   3.6749298e-02
   3.6242898e-02
   3.6724851e-02
   3.6743914e-02
   3.6748873e-02
   3.5593704e-02
   3.6368045e-02
   3.5717367e-02
   3.6748642e-02
   3.6288591e-02
   3.6731734e-02
   3.6571782e-02
   3.5585618e-02
   3.6409611e-02
   3.6747556e-02
   3.6156002e-02
   3.5588199e-02
   3.5602663e-02
   3.5573518e-02
   3.5652992e-02
   3.6731140e-02
   3.5848221e-02
   3.6257017e-02
   3.6318479e-02
   3.6748950e-02
   3.6730269e-02
   3.6744725e-02
   3.6614729e-02
   3.6737050e-02
   3.6576545e-02
   3.6735654e-02
   3.5573513e-02
   3.5569147e-02
   3.6753254e-02
   3.6363458e-02
   3.6350449e-02
   3.6198715e-02
   3.6352399e-02
   3.6550566e-02
   3.5591631e-02
   3.6316224e-02
   3.6359048e-02
   3.6736981e-02
   3.5900319e-02
   3.6186360e-02
   3.5627520e-02
   3.6137365e-02
   3.6166801e-02
   3.6747632e-02
   3.6479702e-02
   3.6331726e-02
   3.5586918e-02
   3.5882588e-02
   3.6261813e-02
   3.6438267e-02
   3.5814456e-02
   3.5580894e-02
   3.5994937e-02
   3.6749373e-02
   3.6095580e-02
   3.5808201e-02
   3.5744136e-02
   3.5901201e-02
   3.6734482e-02
   3.6745236e-02
   3.5570008e-02
   3.5572312e-02
   3.5570028e-02
   3.6760430e-02
   3.6317278e-02
   3.6745240e-02
   3.6750062e-02
   3.6749618e-02
   3.6071041e-02
   3.5850945e-02
   3.6329864e-02
   3.6662881e-02
   3.6749872e-02
   3.5766729e-02
   3.5808737e-02
   3.6493857e-02
   3.6316202e-02
   3.6690701e-02
   3.6633116e-02
   3.5585677e-02
   3.6026122e-02
   3.6439978e-02
   3.6263454e-02
   3.5758578e-02
   3.6759620e-02
   3.6522285e-02
   3.5710705e-02
   3.6752895e-02
   3.6625010e-02
   3.6732289e-02
   3.6250517e-02
   3.6076737e-02
   3.6424135e-02
   3.5605226e-02
   3.5606726e-02
   3.6750271e-02
   3.6550684e-02
   3.5575409e-02
   3.5766261e-02
   3.5763357e-02
   3.5590492e-02
   3.6732663e-02
   3.6309405e-02
   3.6539590e-02
   3.5705676e-02
   3.5570746e-02
   3.6682351e-02
   3.6557497e-02
   3.5593049e-02
   3.6070510e-02
   3.6040577e-02
   3.5573863e-02
   3.6616967e-02
   3.6217115e-02
   3.6738107e-02
   3.5832252e-02
   3.6728473e-02
   3.6740883e-02
   3.5697985e-02
   3.6333764e-02
   3.6730535e-02
   3.5876688e-02
   3.5570468e-02
   3.6733125e-02
   3.6738631e-02
   3.6735781e-02
   3.6642118e-02
   3.5574599e-02
   3.6706704e-02
   3.6735660e-02
   3.6730803e-02
   3.6081570e-02
   3.6387944e-02
   3.6752366e-02
   3.5683650e-02
   3.6727656e-02
   3.6740859e-02
   3.6749019e-02
   3.6749668e-02
   3.6075104e-02
   3.6750744e-02
   3.6741270e-02
   3.6733271e-02
   3.6735858e-02
   3.6479197e-02
   3.6069542e-02
   3.6235576e-02
   3.6764679e-02
   3.6640196e-02
   3.6750299e-02
   3.5854257e-02
   3.6476872e-02
   3.6731866e-02
   3.6077176e-02
   3.5573735e-02
   3.6370495e-02
   3.6316070e-02
   3.6667170e-02
   3.6696014e-02
   3.6301208e-02
   3.6737286e-02
   3.6427740e-02
   3.6272206e-02
   3.6293034e-02
   3.5588519e-02
   3.6629315e-02
   3.6366914e-02
   3.6749498e-02
   3.6130581e-02
   3.5941919e-02
   3.5710919e-02
