   3.4986507e-02
   4.0544691e-02
   3.6752405e-02
   3.6574761e-02
   3.6710439e-02
   3.7928735e-02
   3.9602376e-02
   3.8411783e-02
   3.6710898e-02
   3.7612546e-02
   4.0983091e-02
   3.7631772e-02
   3.8272285e-02
   3.9564547e-02
   3.9212678e-02
   3.4873094e-02
   3.4581729e-02
   3.8306619e-02
   3.7619131e-02
   3.6402239e-02
   3.9510292e-02
   3.8402850e-02
   3.9299710e-02
   3.5985173e-02
   3.8439685e-02
   3.8686142e-02
   4.0015738e-02
   3.8172597e-02
   3.6620460e-02
   4.0481479e-02
   3.9511746e-02
   3.7545198e-02
   3.9921165e-02
   3.9354329e-02
   3.8065161e-02
   3.9428897e-02
   3.7804077e-02
   3.7259508e-02
   3.9590791e-02
   3.7261536e-02
   3.8757601e-02
   3.9014725e-02
   3.8034118e-02
   3.5644699e-02
   3.9068249e-02
   3.7568873e-02
   3.5101518e-02
   3.7238514e-02
   3.7524487e-02
   3.8965247e-02
   3.7237189e-02
   3.9190680e-02
   4.0471646e-02
   3.7571999e-02
   3.7321600e-02
   3.4936280e-02
   3.6110563e-02
   3.6738156e-02
   3.9226466e-02
   3.5251443e-02
   4.0748845e-02
   3.8202276e-02
   3.9995177e-02
   3.4393100e-02
   3.5032646e-02
   3.3254433e-02
   4.0388391e-02
   3.8795352e-02
   3.9625167e-02
   3.7896433e-02
   3.9954630e-02
   3.7237847e-02
   3.7757607e-02
   3.8732510e-02
   3.7992077e-02
   3.8593141e-02
   3.5380035e-02
   3.8117729e-02
   3.7110082e-02
   3.6582745e-02
   3.6726805e-02
   3.6276199e-02
   4.0399765e-02
   3.6868765e-02
   3.3931816e-02
   3.7389850e-02
   4.0197529e-02
   3.7734805e-02
   3.6614447e-02
   3.8483783e-02
   3.7439719e-02
   3.6138374e-02
   3.5588656e-02
   4.0575850e-02
   3.6791850e-02
   3.7875821e-02
   3.7904457e-02
   3.8438541e-02
   3.8863707e-02
   3.7458093e-02
   3.8314387e-02
   4.1147928e-02
   4.0615410e-02
   3.5784451e-02
   4.1494428e-02
   3.7772960e-02
   3.9600321e-02
   3.9171535e-02
   3.8096523e-02
   3.7692140e-02
   3.7058815e-02
   3.7557628e-02
   3.7682562e-02
   3.7570140e-02
   3.7900433e-02
   3.4733367e-02
   3.3585978e-02
   3.7036127e-02
   3.9818499e-02
   3.4978198e-02
   3.7466515e-02
   4.1836592e-02
   3.7912961e-02
   3.5733817e-02
   3.7906843e-02
   3.8025489e-02
   3.9308199e-02
   4.0513856e-02
   3.5252669e-02
   4.1131856e-02
   3.6034068e-02
   3.6248644e-02
   4.1040458e-02
   3.5283057e-02
   3.9083409e-02
   3.9446621e-02
   4.1623604e-02
   3.8483298e-02
   3.7135006e-02
   3.7975949e-02
   3.6226117e-02
   4.1571687e-02
   4.1451350e-02
   3.7080991e-02
   3.4347111e-02
   3.9662427e-02
   4.0921313e-02
   3.5379879e-02
   3.4891876e-02
   4.0079471e-02
   3.9585274e-02
   3.4797819e-02
   3.7929451e-02
   3.6537613e-02
   3.7362363e-02
   4.0586283e-02
   3.6461259e-02
   3.6271154e-02
   3.4880845e-02
   3.9696817e-02
   3.6128353e-02
   3.7831174e-02
   3.9083309e-02
   3.8621125e-02
   4.1090462e-02
   3.9521465e-02
   3.8107406e-02
   3.6292009e-02
   4.0148721e-02
   4.0591565e-02
   3.6267393e-02
   3.7446934e-02
   3.4875290e-02
   3.9991495e-02
   3.7085848e-02
   3.6441096e-02
   3.7618306e-02
   3.8631197e-02
   3.4565588e-02
   3.6307940e-02
   3.5478186e-02
   3.7200399e-02
   3.8752838e-02
   4.0064962e-02
   3.7888337e-02
   3.7860033e-02
   3.9293616e-02
   3.7466677e-02
   3.4818191e-02
   3.6175315e-02
   3.9569157e-02
   3.7798088e-02
   3.8441034e-02
   3.9751325e-02
   3.7009646e-02
   3.9802488e-02
   3.6326782e-02
   3.9458440e-02
   3.8255438e-02
   3.4437685e-02
   3.9062513e-02
   3.6275557e-02
   3.8668679e-02
   3.7442003e-02
   4.0220257e-02
   3.6842646e-02
   4.0012278e-02
   3.6991083e-02
   4.1067640e-02
   3.5852782e-02
   3.9945456e-02
   3.3579265e-02
   3.5970159e-02
   3.8960556e-02
   3.6742754e-02
   3.5955655e-02
   3.8269086e-02
   4.1042188e-02
   4.0016778e-02
   3.7817124e-02
   3.9017034e-02
   3.4301860e-02
   3.4812728e-02
   3.5877706e-02
   3.6728340e-02
   4.0043806e-02
   3.6284620e-02
   3.8228508e-02
   3.8905220e-02
   3.4601687e-02
   3.9502839e-02
   3.7253597e-02
   4.0683331e-02
   3.4490606e-02
   4.0595504e-02
   3.9133746e-02
   4.0916637e-02
   3.6486075e-02
   3.6104813e-02
   3.8329972e-02
   3.8302699e-02
   3.8825413e-02
   4.0906923e-02
   3.8156027e-02
   3.4046821e-02
   3.7949554e-02
   3.8942346e-02
   3.5047642e-02
   3.8360922e-02
   3.7992012e-02
   3.6433818e-02
   3.9165411e-02
   3.6018481e-02
   3.6681937e-02
   4.0277623e-02
   3.7531524e-02
   3.8843058e-02
   3.7574320e-02
   3.5090472e-02
   3.4880525e-02
   3.8899516e-02
   3.7236589e-02
   3.5211658e-02
   3.9865644e-02
   3.5295313e-02
   3.8571656e-02
   4.1178449e-02
   3.6351262e-02
   4.0506541e-02
   3.9198056e-02
   3.6531291e-02
   3.5073264e-02
   3.7655776e-02
   3.4948678e-02
   3.9524402e-02
   4.1072717e-02
   3.5832513e-02
   3.8653887e-02
   3.5355293e-02
   4.0261055e-02
   3.5651693e-02
   3.7271382e-02
   3.5628349e-02
   3.7171609e-02
   3.5709738e-02
   3.6335117e-02
   4.1788459e-02
   3.3668598e-02
   3.7859537e-02
   3.8898335e-02
   3.8122761e-02
   3.9719562e-02
   3.6785357e-02
   3.8744308e-02
   3.9705018e-02
   3.9269867e-02
   3.6602271e-02
   3.9041233e-02
   3.8043432e-02
   3.7980230e-02
