   2.9433724e-02
   3.0013783e-02
   3.1197095e-02
   3.0622245e-02
   2.8920478e-02
   2.8818167e-02
   3.0062686e-02
   2.9219083e-02
   3.0500646e-02
   3.0476922e-02
   2.9507405e-02
   2.8204010e-02
   2.9166213e-02
   3.0014520e-02
   2.9213685e-02
   2.8648837e-02
   3.1961291e-02
   2.9541643e-02
   3.0251173e-02
   2.9490200e-02
   2.8237829e-02
   2.9797958e-02
   2.9147524e-02
   3.0190370e-02
   2.8603439e-02
   2.9087781e-02
   3.0750028e-02
   3.1012054e-02
   3.0824979e-02
   2.8795095e-02
   3.0205378e-02
   2.9756214e-02
   2.9725213e-02
   2.9886226e-02
   2.9975356e-02
   3.1177644e-02
   3.1050198e-02
   2.7346254e-02
   3.1156995e-02
   3.0416570e-02
   3.1212501e-02
   2.8081740e-02
   3.0218731e-02
   3.0135034e-02
   2.9478770e-02
   3.1912644e-02
   3.0551974e-02
   2.9815824e-02
   2.9977390e-02
   3.1809968e-02
   3.0714315e-02
   3.0813792e-02
   3.1458989e-02
   3.0397246e-02
   3.0999159e-02
   3.0620068e-02
   2.8978812e-02
   3.1228923e-02
   3.0271304e-02
   2.9878238e-02
   3.1390815e-02
   2.9475145e-02
   3.0404856e-02
   3.0432062e-02
   3.1441920e-02
   2.6810804e-02
   3.1164139e-02
   3.0068299e-02
   2.9440331e-02
   2.8782592e-02
   2.9094548e-02
   3.1698592e-02
   3.0064134e-02
   3.1515662e-02
   2.9636935e-02
   3.0133098e-02
   3.1737691e-02
   2.9596515e-02
   3.1434014e-02
   3.0400345e-02
   3.2301696e-02
   3.0033290e-02
   2.7747391e-02
   3.0401081e-02
   2.9599028e-02
   3.0910784e-02
   3.1640308e-02
   3.2192785e-02
   3.2290962e-02
   3.1251710e-02
   3.1800021e-02
   3.1348357e-02
   3.0348655e-02
   3.0834740e-02
   2.9081867e-02
   2.9140485e-02
   3.0263181e-02
   3.2193571e-02
   3.2114833e-02
   3.3212440e-02
   2.9912577e-02
   3.1942300e-02
   3.0864592e-02
   3.0884165e-02
   2.9224740e-02
   2.8570907e-02
   3.1256960e-02
   2.8748503e-02
   3.1294567e-02
   3.1377899e-02
   2.9748933e-02
   2.9586888e-02
   3.0578590e-02
   2.8818257e-02
   3.2407405e-02
   2.8096188e-02
   3.0597694e-02
   2.9132195e-02
   3.0893242e-02
   3.1192888e-02
   3.1212438e-02
   2.9051377e-02
   3.0339859e-02
   3.0788141e-02
   2.9962388e-02
   3.0741944e-02
   2.9883962e-02
   3.2601736e-02
   3.1780524e-02
   2.9961751e-02
   3.1710813e-02
   2.9011764e-02
   2.9535269e-02
   2.9786122e-02
   3.0295775e-02
   2.9321995e-02
   2.9049692e-02
   3.0153713e-02
   2.8672298e-02
   2.9435259e-02
   3.0297176e-02
   3.0502140e-02
   2.9807398e-02
   2.9628763e-02
   2.8151116e-02
   2.9687333e-02
   3.0176835e-02
   3.0287450e-02
   2.8225298e-02
   3.1643148e-02
   2.9505502e-02
   3.1296088e-02
   3.1113025e-02
   3.0143957e-02
   2.8555555e-02
   3.1361185e-02
   2.6781063e-02
   3.0803161e-02
   3.1054785e-02
   3.1262219e-02
   2.7690020e-02
   2.8414230e-02
   2.9345178e-02
   3.1171132e-02
   3.1747611e-02
   2.8931261e-02
   3.1247167e-02
   3.0713129e-02
   3.0038978e-02
   3.0390565e-02
   2.9573724e-02
   3.0522319e-02
   3.1278241e-02
   2.9622481e-02
   3.1483105e-02
   2.9868640e-02
   2.8240131e-02
   3.1131877e-02
   2.9478299e-02
   3.1916822e-02
   3.2220603e-02
   3.1374210e-02
   3.0992327e-02
   3.0608704e-02
   2.8387684e-02
   2.9692894e-02
   3.0617199e-02
   3.1938057e-02
   2.9160415e-02
   2.9065295e-02
   2.7814469e-02
   2.7554644e-02
   3.0183679e-02
   3.0507026e-02
   3.0612170e-02
   3.1174197e-02
   2.7899452e-02
   3.1785920e-02
   3.2345417e-02
   2.8776078e-02
   3.0351791e-02
   2.9373047e-02
   3.0083034e-02
   3.0853763e-02
   2.8245581e-02
   3.0569190e-02
   3.1786045e-02
   3.1148307e-02
   2.9755218e-02
   3.0998613e-02
   3.1896459e-02
   3.1078904e-02
   3.0210252e-02
   2.9872057e-02
   3.1506786e-02
   3.1050705e-02
   3.1599180e-02
   3.1295784e-02
   2.8320812e-02
   3.1738180e-02
   3.0842438e-02
   3.0041313e-02
   2.7526528e-02
   3.0666788e-02
   3.1709364e-02
   2.9424893e-02
   2.9303096e-02
   3.1804445e-02
   3.0048292e-02
   3.1215133e-02
   3.1151945e-02
   2.7214106e-02
   3.1648194e-02
   2.9184410e-02
   3.0351669e-02
   3.1436789e-02
   3.2449961e-02
   2.8649218e-02
   3.0004719e-02
   3.1654483e-02
   2.8110675e-02
   2.9496859e-02
   3.1786673e-02
   2.7092220e-02
   3.0999460e-02
   2.8605743e-02
   3.0480543e-02
   3.2322321e-02
   2.9114211e-02
   3.1636203e-02
   2.9795676e-02
   2.8658767e-02
   2.9531121e-02
   3.0964729e-02
   3.1402849e-02
   2.9029906e-02
   3.0616965e-02
   2.9929848e-02
   2.8375924e-02
   2.8879777e-02
   3.1182476e-02
   2.9594240e-02
   3.0839647e-02
   3.0652958e-02
   2.9841901e-02
   3.1632521e-02
   2.9982561e-02
   3.0201657e-02
   2.9361220e-02
   2.9531223e-02
   3.0513747e-02
   3.2510989e-02
   2.9170028e-02
   2.9651381e-02
   3.1780487e-02
   3.1369748e-02
   3.2038498e-02
   3.0458091e-02
   3.0579315e-02
   2.8334326e-02
   2.6976222e-02
   2.8904030e-02
   2.9773416e-02
   3.1269979e-02
   3.1417563e-02
   3.0241547e-02
   3.1240073e-02
   3.2420424e-02
   3.2108625e-02
   2.9044650e-02
   3.0852753e-02
   3.0817761e-02
   2.8835768e-02
   2.9806892e-02
   3.0408001e-02
   3.1188067e-02
   2.8915640e-02
   2.9486976e-02
   2.9962003e-02
   2.9621277e-02
