   2.0992543e-02
   2.0776004e-02
   2.4261683e-02
   2.2495797e-02
   2.2000060e-02
   2.1428530e-02
   2.1016960e-02
   2.2067561e-02
   2.1833247e-02
   2.2679053e-02
   2.3623193e-02
   2.3889964e-02
   2.1133437e-02
   2.2412708e-02
   2.2106583e-02
   2.4311562e-02
   2.3051525e-02
   2.3812973e-02
   2.4076127e-02
   2.2933203e-02
   2.2216027e-02
   2.3922934e-02
   2.0381245e-02
   2.1834992e-02
   2.4428821e-02
   2.3902353e-02
   2.0940255e-02
   2.0779427e-02
   2.1675552e-02
   2.1439345e-02
   2.3503444e-02
   2.1068514e-02
   2.1215589e-02
   2.2676156e-02
   2.1850040e-02
   2.1462604e-02
   2.3933679e-02
   2.1456214e-02
   2.4989122e-02
   2.3709923e-02
   2.1747859e-02
   2.2679778e-02
   2.1585887e-02
   2.1566769e-02
   2.2562254e-02
   2.0879989e-02
   2.2536313e-02
   2.3243901e-02
   2.1880507e-02
   2.1180966e-02
   2.3107991e-02
   2.1789537e-02
   2.1666978e-02
   2.3391930e-02
   2.3613576e-02
   2.2173288e-02
   2.1697700e-02
   2.0973861e-02
   2.2776294e-02
   2.0370574e-02
   2.3477425e-02
   2.4407565e-02
   2.3469421e-02
   2.2121909e-02
   2.3200461e-02
   2.1349913e-02
   2.3793446e-02
   2.1428967e-02
   2.2355527e-02
   2.2153180e-02
   2.2350105e-02
   2.3284099e-02
   2.0571860e-02
   2.2036461e-02
   2.3120576e-02
   2.0363616e-02
   2.0061706e-02
   2.1156072e-02
   2.1323627e-02
   2.1603788e-02
   2.1657355e-02
   2.2622417e-02
   2.1233227e-02
   2.3194942e-02
   2.1309580e-02
   2.3668786e-02
   2.0744567e-02
   2.2804496e-02
   2.3153129e-02
   2.0044272e-02
   2.1451030e-02
   2.0242085e-02
   2.1707518e-02
   2.0502334e-02
   2.1072671e-02
   2.1515089e-02
   2.4317865e-02
   2.5185808e-02
   2.1626047e-02
   2.4654493e-02
   2.0595018e-02
   2.0360016e-02
   2.3713384e-02
   2.1477454e-02
   2.2978689e-02
   2.2086614e-02
   2.2914053e-02
   2.3586288e-02
   2.1432367e-02
   2.4458654e-02
   2.0939273e-02
   2.0473471e-02
   2.2949457e-02
   2.1435819e-02
   2.0808355e-02
   2.2448736e-02
   2.2477013e-02
   2.1335697e-02
   2.2250717e-02
   2.2171223e-02
   2.2251961e-02
   2.2631381e-02
   2.1904079e-02
   2.0698243e-02
   2.2280776e-02
   2.4544813e-02
   2.3767678e-02
   2.0883186e-02
   2.0295841e-02
   2.0837130e-02
   2.3229152e-02
   2.2509695e-02
   2.4408791e-02
   2.3878105e-02
   2.0886444e-02
   2.2595381e-02
   2.2665540e-02
   2.3596978e-02
   2.0734863e-02
   2.1000190e-02
   2.1253912e-02
   2.2718302e-02
   2.2859066e-02
   2.0862926e-02
   2.3192409e-02
   2.2414556e-02
   2.2221163e-02
   2.1508317e-02
   2.2782492e-02
   2.1713384e-02
   2.0162757e-02
   2.4778840e-02
   2.3768034e-02
   2.2159743e-02
   2.3207835e-02
   2.3351490e-02
   2.3143068e-02
   2.2751949e-02
   2.4559890e-02
   2.2029912e-02
   2.1171183e-02
   2.1523979e-02
   2.1692949e-02
   2.1955063e-02
   2.2907550e-02
   2.2726141e-02
   2.3504916e-02
   2.2761089e-02
   2.4816268e-02
   2.1551984e-02
   2.2514121e-02
   2.4058757e-02
   2.3208413e-02
   2.1937279e-02
   2.2357682e-02
   2.0703766e-02
   2.2111365e-02
   2.0184960e-02
   2.1836322e-02
   2.2916209e-02
   2.2600213e-02
   2.4906845e-02
   2.1000692e-02
   2.1259817e-02
   2.1514245e-02
   2.5286971e-02
   2.1807499e-02
   2.4208850e-02
   2.1144331e-02
   2.1591813e-02
   2.3654707e-02
   2.2427643e-02
   2.2567819e-02
   2.1194603e-02
   2.1710206e-02
   2.0242059e-02
   2.0652594e-02
   2.1386594e-02
   2.0445555e-02
   2.0878661e-02
   2.3456671e-02
   2.0623156e-02
   2.1378353e-02
   2.1444222e-02
   2.2193331e-02
   2.1200039e-02
   2.1511316e-02
   1.9979727e-02
   2.3845448e-02
   2.1632234e-02
   2.1807679e-02
   2.1775582e-02
   2.1100063e-02
   2.1462197e-02
   2.3563545e-02
   2.2642770e-02
   2.1744717e-02
   2.0872118e-02
   2.2252920e-02
   2.3917572e-02
   2.1496767e-02
   2.4658400e-02
   2.0668771e-02
   2.3385539e-02
   2.3615541e-02
   2.2813681e-02
   2.2521666e-02
   2.3022958e-02
   2.1689414e-02
   2.0399844e-02
   2.3019519e-02
   2.0909509e-02
   2.2339617e-02
   2.0877456e-02
   2.1347657e-02
   2.1080884e-02
   2.3172645e-02
   2.3406208e-02
   2.2294264e-02
   2.2792632e-02
   2.3802076e-02
   2.2445562e-02
   2.2016949e-02
   2.2886692e-02
   2.4261258e-02
   2.1702370e-02
   2.2197166e-02
   2.0641098e-02
   2.1675413e-02
   2.2822291e-02
   2.3993914e-02
   2.1602772e-02
   2.2606355e-02
   2.3426481e-02
   2.1218168e-02
   2.2644626e-02
   2.0032948e-02
   2.3689596e-02
   2.1115572e-02
   2.2358223e-02
   2.3822799e-02
   2.3732796e-02
   2.1612398e-02
   2.1829311e-02
   2.3455621e-02
   2.2612682e-02
   2.0425636e-02
   2.2489385e-02
   2.1571129e-02
   2.4789401e-02
   2.2730334e-02
   2.0679876e-02
   2.1611419e-02
   2.1427999e-02
   2.3705431e-02
   2.3615000e-02
   2.2417869e-02
   2.1894992e-02
   2.1451969e-02
   2.2607864e-02
   2.1851244e-02
   2.1685863e-02
   2.1217827e-02
   2.0091092e-02
   2.3861612e-02
   2.3950461e-02
   2.3191282e-02
   2.1336313e-02
   2.4124712e-02
   2.2381574e-02
   2.1481785e-02
   2.0765353e-02
   2.2641701e-02
   2.2906953e-02
   2.3895173e-02
   2.0272126e-02
   2.2372364e-02
   2.3586039e-02
   2.1069469e-02
   2.2988307e-02
