   2.1902847e-01
   2.2493250e-01
   2.1869772e-01
   2.1988782e-01
   2.2781327e-01
   2.1885131e-01
   2.1873916e-01
   2.1890828e-01
   2.2075350e-01
   2.1993297e-01
   2.2957373e-01
   2.1969162e-01
   2.2540911e-01
   2.1932773e-01
   2.2008347e-01
   2.3365798e-01
   2.2631436e-01
   2.1787164e-01
   2.1873441e-01
   2.1906755e-01
   2.2024304e-01
   2.1878760e-01
   2.2317844e-01
   2.1903226e-01
   2.1842823e-01
   2.1879269e-01
   2.1995094e-01
   2.2204802e-01
   2.1893028e-01
   2.2333328e-01
   2.2825920e-01
   2.1951452e-01
   2.1910234e-01
   2.3171268e-01
   2.2683847e-01
   2.1808896e-01
   2.1906331e-01
   2.1937846e-01
   2.1892224e-01
   2.3052191e-01
   2.3436763e-01
   2.2411959e-01
   2.2227805e-01
   2.1889329e-01
   2.1994189e-01
   2.2183790e-01
   2.3342647e-01
   2.2268369e-01
   2.2234525e-01
   2.2966740e-01
   2.2760757e-01
   2.1943487e-01
   2.1907236e-01
   2.1833232e-01
   2.1896773e-01
   2.3009369e-01
   2.1979223e-01
   2.2074699e-01
   2.1901838e-01
   2.2252018e-01
   2.1879158e-01
   2.2614126e-01
   2.1894181e-01
   2.3079018e-01
   2.1845048e-01
   2.2006177e-01
   2.1884766e-01
   2.2201685e-01
   2.2261734e-01
   2.1822610e-01
   2.1892416e-01
   2.2254526e-01
   2.1906492e-01
   2.3305065e-01
   2.1885501e-01
   2.2430774e-01
   2.2061147e-01
   2.1913419e-01
   2.2380044e-01
   2.1894390e-01
   2.2065550e-01
   2.3393638e-01
   2.1917527e-01
   2.1896658e-01
   2.3171375e-01
   2.1990542e-01
   2.2143510e-01
   2.3197186e-01
   2.1871955e-01
   2.1891152e-01
   2.1892466e-01
   2.3172645e-01
   2.2127746e-01
   2.3344922e-01
   2.1940233e-01
   2.2066177e-01
   2.1875730e-01
   2.2105686e-01
   2.2403702e-01
   2.1940869e-01
   2.2783050e-01
   2.1964758e-01
   2.1871696e-01
   2.1889792e-01
   2.1976485e-01
   2.1874615e-01
   2.2402552e-01
   2.1935528e-01
   2.1896763e-01
   2.2634937e-01
   2.1871646e-01
   2.1965756e-01
   2.1871784e-01
   2.1876018e-01
   2.1903044e-01
   2.2637521e-01
   2.2732515e-01
   2.2966801e-01
   2.1923466e-01
   2.1896300e-01
   2.1999291e-01
   2.2928688e-01
   2.2186688e-01
   2.2066845e-01
   2.2178724e-01
   2.1893317e-01
   2.1974755e-01
   2.1906321e-01
   2.2675113e-01
   2.3363824e-01
   2.3116294e-01
   2.3156905e-01
   2.2414805e-01
   2.2793863e-01
   2.1969358e-01
   2.2329013e-01
   2.2961309e-01
   2.2381064e-01
   2.2142600e-01
   2.2700444e-01
   2.3380163e-01
   2.1958941e-01
   2.2058599e-01
   2.1894342e-01
   2.3243108e-01
   2.2204440e-01
   2.3353775e-01
   2.2841634e-01
   2.1997278e-01
   2.3394417e-01
   2.2023373e-01
   2.3164403e-01
   2.2007311e-01
   2.3370694e-01
   2.1885542e-01
   2.1870902e-01
   2.1950070e-01
   2.2813283e-01
   2.1912469e-01
   2.2544120e-01
   2.1871121e-01
   2.1890390e-01
   2.2839948e-01
   2.1878501e-01
   2.3402262e-01
   2.2415087e-01
   2.1918974e-01
   2.2534647e-01
   2.3355413e-01
   2.1906015e-01
   2.2357473e-01
   2.1892326e-01
   2.2117365e-01
   2.2082466e-01
   2.1895598e-01
   2.1927184e-01
   2.1890909e-01
   2.2317109e-01
   2.1939337e-01
   2.2225037e-01
   2.2018709e-01
   2.2261601e-01
   2.1892396e-01
   2.1890184e-01
   2.1995792e-01
   2.1877876e-01
   2.2240372e-01
   2.2517477e-01
   2.1995411e-01
   2.2165677e-01
   2.1781942e-01
   2.2669966e-01
   2.1958144e-01
   2.1909985e-01
   2.3172150e-01
   2.1873839e-01
   2.1892506e-01
   2.1968174e-01
   2.3386289e-01
   2.2932268e-01
   2.1890015e-01
   2.1886244e-01
   2.1907097e-01
   2.1930849e-01
   2.1793756e-01
   2.1894156e-01
   2.2170188e-01
   2.2380401e-01
   2.2598271e-01
   2.2265373e-01
   2.1906879e-01
   2.1879336e-01
   2.1890474e-01
   2.1949285e-01
   2.1894160e-01
   2.1855689e-01
   2.1883642e-01
   2.2094973e-01
   2.1960647e-01
   2.2451882e-01
   2.1906087e-01
   2.2240455e-01
   2.3362225e-01
   2.3367142e-01
   2.1883265e-01
   2.1896494e-01
   2.1896649e-01
   2.1906535e-01
   2.3153661e-01
   2.2928983e-01
   2.3054419e-01
   2.1892527e-01
   2.2923235e-01
   2.3397268e-01
   2.1880013e-01
   2.1997702e-01
   2.1943509e-01
   2.2344472e-01
   2.3391814e-01
   2.2340713e-01
   2.3121426e-01
   2.3398549e-01
   2.1876011e-01
   2.2112093e-01
   2.1826920e-01
   2.2113804e-01
   2.2177852e-01
   2.1904302e-01
   2.1867994e-01
   2.1871740e-01
   2.2000706e-01
   2.1882864e-01
   2.3227847e-01
   2.3105411e-01
   2.2300319e-01
   2.1894932e-01
   2.1985290e-01
   2.1901283e-01
   2.2587151e-01
   2.2245737e-01
   2.2022958e-01
   2.3344640e-01
   2.1896286e-01
   2.1982119e-01
   2.2003889e-01
   2.1896386e-01
   2.1834893e-01
   2.2425199e-01
   2.2334259e-01
   2.2361646e-01
   2.1906947e-01
   2.1963519e-01
   2.2109082e-01
   2.1982533e-01
   2.3236169e-01
   2.1892483e-01
   2.1897148e-01
   2.2193633e-01
   2.1904940e-01
   2.1896567e-01
   2.3369032e-01
   2.1890909e-01
   2.1815647e-01
   2.1893897e-01
   2.1893301e-01
   2.1943692e-01
   2.1893478e-01
   2.2932894e-01
   2.1888667e-01
   2.1889181e-01
   2.2261247e-01
   2.1896717e-01
   2.2156565e-01
   2.1893092e-01
   2.2232290e-01
   2.1875952e-01
   2.2002874e-01
   2.1878995e-01
   2.2582095e-01
   2.1864386e-01
