   2.1066089e-01
   2.1576366e-01
   2.1566947e-01
   2.1077474e-01
   2.1051960e-01
   2.1068502e-01
   2.1549352e-01
   2.1031479e-01
   2.1064631e-01
   2.1059402e-01
   2.1229179e-01
   2.1114612e-01
   2.1060539e-01
   2.1037159e-01
   2.1080072e-01
   2.1053731e-01
   2.1085095e-01
   2.1359181e-01
   2.1578316e-01
   2.1070293e-01
   2.1038449e-01
   2.1053644e-01
   2.1046162e-01
   2.1060981e-01
   2.1084326e-01
   2.1575979e-01
   2.1065277e-01
   2.1547106e-01
   2.1084798e-01
   2.1031515e-01
   2.1191430e-01
   2.1041043e-01
   2.1158667e-01
   2.1046379e-01
   2.1085867e-01
   2.1080867e-01
   2.1056275e-01
   2.1235923e-01
   2.1032747e-01
   2.1062945e-01
   2.1496556e-01
   2.1057817e-01
   2.1235833e-01
   2.1029901e-01
   2.1054263e-01
   2.1056313e-01
   2.1081006e-01
   2.1054604e-01
   2.1063958e-01
   2.1069564e-01
   2.1018283e-01
   2.1305863e-01
   2.1070663e-01
   2.1064490e-01
   2.1080459e-01
   2.1043913e-01
   2.1054533e-01
   2.1251012e-01
   2.1036211e-01
   2.1042780e-01
   2.1517953e-01
   2.1200415e-01
   2.1576608e-01
   2.1052634e-01
   2.1061820e-01
   2.1501779e-01
   2.1032651e-01
   2.1553901e-01
   2.1429686e-01
   2.1034061e-01
   2.1223113e-01
   2.1065317e-01
   2.1066092e-01
   2.1086618e-01
   2.1058508e-01
   2.1088509e-01
   2.1088560e-01
   2.1064719e-01
   2.1064729e-01
   2.1037429e-01
   2.1069976e-01
   2.1066418e-01
   2.1046772e-01
   2.1034019e-01
   2.1054655e-01
   2.1031743e-01
   2.1051841e-01
   2.1031230e-01
   2.1393153e-01
   2.1273071e-01
   2.1068112e-01
   2.1067093e-01
   2.1086329e-01
   2.1292290e-01
   2.1064811e-01
   2.1082924e-01
   2.1070723e-01
   2.1057176e-01
   2.1029881e-01
   2.1054348e-01
   2.1064965e-01
   2.1032898e-01
   2.1080477e-01
   2.1428756e-01
   2.1509198e-01
   2.1051833e-01
   2.1548546e-01
   2.1054279e-01
   2.1033865e-01
   2.1158709e-01
   2.1033403e-01
   2.1070969e-01
   2.1058246e-01
   2.1001579e-01
   2.1072459e-01
   2.1056816e-01
   2.1069198e-01
   2.1171460e-01
   2.1574121e-01
   2.1031748e-01
   2.1284920e-01
   2.1106125e-01
   2.1037995e-01
   2.1079712e-01
   2.1054351e-01
   2.1082778e-01
   2.1063290e-01
   2.1048630e-01
   2.1075772e-01
   2.1054871e-01
   2.1520525e-01
   2.1560103e-01
   2.1360848e-01
   2.1201368e-01
   2.1080515e-01
   2.1046491e-01
   2.1061354e-01
   2.1056110e-01
   2.1046994e-01
   2.1137403e-01
   2.1553939e-01
   2.1548661e-01
   2.1576081e-01
   2.1075139e-01
   2.1415717e-01
   2.1579318e-01
   2.1063679e-01
   2.1030652e-01
   2.1054710e-01
   2.1042810e-01
   2.1061598e-01
   2.1062575e-01
   2.1044909e-01
   2.1047063e-01
   2.1076654e-01
   2.1281972e-01
   2.1056381e-01
   2.1036796e-01
   2.1067836e-01
   2.1057531e-01
   2.1436330e-01
   2.1069834e-01
   2.1035016e-01
   2.1082651e-01
   2.1031918e-01
   2.1086365e-01
   2.1166807e-01
   2.1396129e-01
   2.1220794e-01
   2.1518318e-01
   2.1075989e-01
   2.1029873e-01
   2.1071880e-01
   2.1067372e-01
   2.1031505e-01
   2.1033256e-01
   2.1033493e-01
   2.1065976e-01
   2.1068028e-01
   2.1060439e-01
   2.1064923e-01
   2.1140240e-01
   2.1232914e-01
   2.1035950e-01
   2.1084793e-01
   2.1320292e-01
   2.1208038e-01
   2.1579179e-01
   2.1043070e-01
   2.1400114e-01
   2.1421017e-01
   2.1074036e-01
   2.1082699e-01
   2.1203114e-01
   2.1576479e-01
   2.1031347e-01
   2.1058622e-01
   2.1572888e-01
   2.1069391e-01
   2.1084391e-01
   2.1057076e-01
   2.1068519e-01
   2.1030210e-01
   2.1564515e-01
   2.1550983e-01
   2.1084060e-01
   2.1060222e-01
   2.1048304e-01
   2.1066030e-01
   2.1030425e-01
   2.1362841e-01
   2.1460850e-01
   2.1566664e-01
   2.1484168e-01
   2.1512398e-01
   2.1066048e-01
   2.1550349e-01
   2.1057193e-01
   2.1023673e-01
   2.1069638e-01
   2.1045188e-01
   2.1062008e-01
   2.1288465e-01
   2.1565218e-01
   2.1070452e-01
   2.1086411e-01
   2.1549145e-01
   2.1075538e-01
   2.1053579e-01
   2.1077195e-01
   2.1037871e-01
   2.1057282e-01
   2.1016359e-01
   2.1044297e-01
   2.1062701e-01
   2.1046806e-01
   2.1056464e-01
   2.1156021e-01
   2.1065233e-01
   2.1051098e-01
   2.1071674e-01
   2.1271146e-01
   2.1039681e-01
   2.1566712e-01
   2.1061130e-01
   2.1054869e-01
   2.1070122e-01
   2.1030252e-01
   2.1082632e-01
   2.1060799e-01
   2.0996701e-01
   2.1569095e-01
   2.1081683e-01
   2.1576083e-01
   2.1491129e-01
   2.1068522e-01
   2.1199378e-01
   2.1031324e-01
   2.1517803e-01
   2.1063080e-01
   2.1027166e-01
   2.1285451e-01
   2.1053535e-01
   2.1082610e-01
   2.1060415e-01
   2.1048560e-01
   2.1126472e-01
   2.1066553e-01
   2.1060984e-01
   2.1054020e-01
   2.1039545e-01
   2.1036180e-01
   2.1052567e-01
   2.1226489e-01
   2.1577344e-01
   2.1032125e-01
   2.1044807e-01
   2.1034212e-01
   2.1069814e-01
   2.1036576e-01
   2.1571895e-01
   2.1526999e-01
   2.1075726e-01
   2.1045640e-01
   2.1574495e-01
   2.1054619e-01
   2.1032194e-01
   2.1080837e-01
   2.1064668e-01
   2.1122210e-01
   2.1096220e-01
   2.1122088e-01
   2.1413224e-01
   2.1574999e-01
   2.1064939e-01
   2.1068246e-01
   2.1452274e-01
   2.1545784e-01
   2.1564676e-01
   2.1068922e-01
