   4.6586398e-02
   4.4538991e-02
   4.4854524e-02
   4.7489979e-02
   4.3849211e-02
   4.3730681e-02
   4.3863373e-02
   4.6578157e-02
   4.6312024e-02
   4.5878549e-02
   4.5320349e-02
   4.4309130e-02
   4.4574106e-02
   4.5042364e-02
   4.7412035e-02
   4.5855594e-02
   4.5918024e-02
   4.5455202e-02
   4.6461644e-02
   4.5831100e-02
   4.6654626e-02
   4.7265733e-02
   4.3700855e-02
   4.6047671e-02
   4.3878906e-02
   4.7370957e-02
   4.3251183e-02
   4.7032139e-02
   4.5049721e-02
   4.7102838e-02
   4.4895123e-02
   4.7090092e-02
   4.7260806e-02
   4.7211374e-02
   4.4842589e-02
   4.7686922e-02
   4.7489040e-02
   4.5679419e-02
   4.7703995e-02
   4.7707300e-02
   4.4636948e-02
   4.4817536e-02
   4.4671023e-02
   4.6319677e-02
   4.4064045e-02
   4.4735837e-02
   4.5452655e-02
   4.7382818e-02
   4.4259898e-02
   4.5878837e-02
   4.5935810e-02
   4.5374286e-02
   4.6971366e-02
   4.5674122e-02
   4.4050225e-02
   4.6826307e-02
   4.7162529e-02
   4.4980312e-02
   4.7710076e-02
   4.5427721e-02
   4.4193390e-02
   4.4287019e-02
   4.6704348e-02
   4.7584179e-02
   4.6352428e-02
   4.5663339e-02
   4.6611825e-02
   4.6710098e-02
   4.7524202e-02
   4.6801179e-02
   4.7060226e-02
   4.6145430e-02
   4.6737842e-02
   4.3763919e-02
   4.4966454e-02
   4.4435306e-02
   4.4686319e-02
   4.5656016e-02
   4.4360279e-02
   4.4016240e-02
   4.4529244e-02
   4.2874331e-02
   4.5308369e-02
   4.6815307e-02
   4.7542754e-02
   4.7634521e-02
   4.5426168e-02
   4.2915388e-02
   4.5804804e-02
   4.5833139e-02
   4.6561038e-02
   4.5579736e-02
   4.5334368e-02
   4.3548923e-02
   4.5608208e-02
   4.5169862e-02
   4.5993597e-02
   4.6406389e-02
   4.5020077e-02
   4.6125061e-02
   4.5474226e-02
   4.5717144e-02
   4.4837390e-02
   4.6429825e-02
   4.5045859e-02
   4.5500674e-02
   4.5069573e-02
   4.4884047e-02
   4.4600806e-02
   4.5781224e-02
   4.5221668e-02
   4.5067706e-02
   4.5979862e-02
   4.4471388e-02
   4.6909134e-02
   4.5422056e-02
   4.7483153e-02
   4.5929931e-02
   4.4911292e-02
   4.7510454e-02
   4.6941321e-02
   4.5419552e-02
   4.3659821e-02
   4.3600023e-02
   4.5813640e-02
   4.4909975e-02
   4.4455953e-02
   4.6579117e-02
   4.4134943e-02
   4.5750229e-02
   4.6154404e-02
   4.5999948e-02
   4.6077111e-02
   4.5827513e-02
   4.5131728e-02
   4.2813320e-02
   4.3887182e-02
   4.7272879e-02
   4.6438199e-02
   4.4688225e-02
   4.7078508e-02
   4.6981251e-02
   4.6307837e-02
   4.7289380e-02
   4.6879342e-02
   4.7078743e-02
   4.4968611e-02
   4.6597851e-02
   4.7536349e-02
   4.3977919e-02
   4.5168409e-02
   4.5928639e-02
   4.3829064e-02
   4.3831540e-02
   4.4611754e-02
   4.4407691e-02
   4.6947404e-02
   4.4935184e-02
   4.6233399e-02
   4.5536310e-02
   4.6589453e-02
   4.7781736e-02
   4.6295318e-02
   4.5946610e-02
   4.7464471e-02
   4.7373920e-02
   4.3066603e-02
   4.6756878e-02
   4.4572035e-02
   4.6489449e-02
   4.4325249e-02
   4.6108127e-02
   4.6991085e-02
   4.7525284e-02
   4.4386881e-02
   4.6831707e-02
   4.3646613e-02
   4.7005945e-02
   4.3419805e-02
   4.4324222e-02
   4.6469902e-02
   4.4715451e-02
   4.3570737e-02
   4.6876756e-02
   4.4567583e-02
   4.6852995e-02
   4.7689072e-02
   4.5232637e-02
   4.3954203e-02
   4.7320732e-02
   4.4861726e-02
   4.5091194e-02
   4.3417566e-02
   4.5899591e-02
   4.6144685e-02
   4.6093358e-02
   4.5904837e-02
   4.5894388e-02
   4.4853988e-02
   4.6226069e-02
   4.7251856e-02
   4.4925448e-02
   4.6668307e-02
   4.5124190e-02
   4.6899067e-02
   4.6620330e-02
   4.6756262e-02
   4.5249862e-02
   4.4290223e-02
   4.6183010e-02
   4.3938428e-02
   4.4347149e-02
   4.6670901e-02
   4.5352372e-02
   4.5488452e-02
   4.5609246e-02
   4.5166526e-02
   4.4861292e-02
   4.4299427e-02
   4.5869986e-02
   4.5073473e-02
   4.4143326e-02
   4.4978520e-02
   4.6506164e-02
   4.6402397e-02
   4.7151205e-02
   4.5222968e-02
   4.4442185e-02
   4.5242428e-02
   4.7680907e-02
   4.6882885e-02
   4.5641587e-02
   4.5843463e-02
   4.7466078e-02
   4.7480426e-02
   4.4798708e-02
   4.5363950e-02
   4.4860079e-02
   4.4303611e-02
   4.7806986e-02
   4.4837012e-02
   4.7371343e-02
   4.4575516e-02
   4.4808864e-02
   4.7332367e-02
   4.4888535e-02
   4.5763490e-02
   4.4116299e-02
   4.5230627e-02
   4.3492111e-02
   4.4062491e-02
   4.4248246e-02
   4.4324638e-02
   4.4786136e-02
   4.4973045e-02
   4.6677057e-02
   4.3316486e-02
   4.3642801e-02
   4.5106261e-02
   4.4277007e-02
   4.7050645e-02
   4.5882965e-02
   4.6913781e-02
   4.5830059e-02
   4.4876480e-02
   4.6945934e-02
   4.3908346e-02
   4.6759899e-02
   4.6578761e-02
   4.6267753e-02
   4.3515264e-02
   4.5110942e-02
   4.7276265e-02
   4.6181218e-02
   4.3032629e-02
   4.3157072e-02
   4.6996583e-02
   4.7033346e-02
   4.5558140e-02
   4.5736169e-02
   4.4283286e-02
   4.5331506e-02
   4.4707410e-02
   4.7393744e-02
   4.6498549e-02
   4.4256266e-02
   4.4587068e-02
   4.5843642e-02
   4.7396860e-02
   4.6105374e-02
   4.4544234e-02
   4.6834127e-02
   4.2783202e-02
   4.7320732e-02
   4.4232711e-02
   4.6245571e-02
   4.5607361e-02
   4.7473114e-02
   4.7429662e-02
   4.7367523e-02
