   1.9050294e-01
   1.6952652e-01
   1.7108638e-01
   1.6566581e-01
   1.7858763e-01
   1.7880248e-01
   1.7046623e-01
   1.8845490e-01
   1.7075261e-01
   1.6416759e-01
   1.8647531e-01
   1.8529198e-01
   1.8928569e-01
   1.7419084e-01
   1.8523101e-01
   1.8346162e-01
   1.8743987e-01
   1.8173644e-01
   1.7929493e-01
   1.6956522e-01
   1.9522258e-01
   1.8586986e-01
   1.6749666e-01
   1.7493675e-01
   1.7037246e-01
   1.8007803e-01
   1.8613234e-01
   1.7020160e-01
   1.7364724e-01
   1.7187626e-01
   1.6490109e-01
   1.7070952e-01
   1.8511829e-01
   1.8538243e-01
   1.6827023e-01
   1.8563882e-01
   1.9451015e-01
   1.9661933e-01
   1.7773797e-01
   1.6903546e-01
   1.7440143e-01
   1.9262006e-01
   1.7180444e-01
   1.8222650e-01
   1.7012152e-01
   1.8314434e-01
   1.8207896e-01
   1.6533954e-01
   1.7877117e-01
   1.7580473e-01
   1.8301322e-01
   1.8854057e-01
   1.6831203e-01
   1.8571964e-01
   1.7191705e-01
   1.8768343e-01
   1.8066818e-01
   1.7063696e-01
   1.7498112e-01
   1.9939383e-01
   1.7331384e-01
   1.6922321e-01
   1.8216821e-01
   1.8996987e-01
   1.8930582e-01
   1.7326539e-01
   1.8650295e-01
   1.8545723e-01
   1.7087971e-01
   1.6900972e-01
   1.7122949e-01
   1.9005472e-01
   1.7867025e-01
   1.7474051e-01
   1.9785745e-01
   1.6358351e-01
   1.7115677e-01
   1.8276619e-01
   1.7980758e-01
   1.8922979e-01
   1.8632912e-01
   1.9591642e-01
   1.8088711e-01
   1.8241645e-01
   1.7084178e-01
   1.7251626e-01
   1.7746979e-01
   1.7895286e-01
   1.7573493e-01
   1.7783278e-01
   1.8780814e-01
   1.9166712e-01
   1.8707765e-01
   1.7549872e-01
   1.7144808e-01
   1.8396667e-01
   1.8817629e-01
   1.7409119e-01
   1.8103144e-01
   2.0066842e-01
   1.8046594e-01
   1.9135820e-01
   1.6948598e-01
   1.6654602e-01
   1.8652295e-01
   1.9024499e-01
   1.7330705e-01
   1.8022075e-01
   1.7741535e-01
   1.9614851e-01
   1.7508660e-01
   1.9904173e-01
   1.9213585e-01
   1.8260088e-01
   1.8434771e-01
   1.8819162e-01
   1.9510004e-01
   1.7526921e-01
   1.8964822e-01
   1.6389802e-01
   1.7488689e-01
   1.7008684e-01
   1.6575474e-01
   1.6844950e-01
   1.8156418e-01
   1.7459744e-01
   1.7440603e-01
   1.6740719e-01
   1.7535334e-01
   1.7300866e-01
   1.7659690e-01
   1.8924108e-01
   1.8659590e-01
   1.7379450e-01
   1.7316057e-01
   1.7253768e-01
   1.7058505e-01
   1.7273599e-01
   1.7264012e-01
   1.7091991e-01
   1.8722776e-01
   1.7944428e-01
   1.7807410e-01
   1.6881250e-01
   1.9143445e-01
   1.8235235e-01
   1.7154969e-01
   1.6386185e-01
   1.7933041e-01
   1.7492174e-01
   1.9824879e-01
   1.7522487e-01
   1.9176913e-01
   1.6947188e-01
   1.8471974e-01
   1.7602624e-01
   1.7585866e-01
   1.7069059e-01
   1.6957910e-01
   1.8338523e-01
   1.6435887e-01
   1.8361915e-01
   1.6659680e-01
   1.8289452e-01
   1.6558143e-01
   1.7896607e-01
   1.6968463e-01
   1.9078347e-01
   1.8769544e-01
   1.6975919e-01
   1.8588668e-01
   1.7659534e-01
   1.6765218e-01
   1.7534562e-01
   1.6525388e-01
   1.8644023e-01
   1.8532020e-01
   1.7161116e-01
   1.8511813e-01
   1.9417690e-01
   1.7238034e-01
   1.8848282e-01
   1.6919709e-01
   1.7079991e-01
   1.7368308e-01
   1.7015065e-01
   1.7339835e-01
   1.6913587e-01
   1.6742434e-01
   1.8610183e-01
   1.8543514e-01
   1.7905436e-01
   1.8667777e-01
   1.8339228e-01
   1.6888201e-01
   1.7068872e-01
   1.7137601e-01
   1.6927041e-01
   1.9795957e-01
   1.7087531e-01
   1.9401908e-01
   1.6362459e-01
   1.8321922e-01
   1.9177995e-01
   1.8406669e-01
   1.8941018e-01
   1.7583157e-01
   1.8067377e-01
   1.8706463e-01
   1.7701461e-01
   1.6978205e-01
   1.7967974e-01
   1.8688533e-01
   1.7318885e-01
   1.6779320e-01
   1.6998649e-01
   1.8577822e-01
   1.7025833e-01
   1.7095604e-01
   1.7138930e-01
   1.7872125e-01
   1.8408790e-01
   1.7653998e-01
   1.9526517e-01
   1.6564595e-01
   1.7704762e-01
   1.8340298e-01
   1.6555869e-01
   1.7323540e-01
   1.8515535e-01
   1.8270754e-01
   1.7808134e-01
   1.8550867e-01
   1.7680624e-01
   1.8531959e-01
   1.7057383e-01
   1.8070999e-01
   1.9003080e-01
   1.7219512e-01
   1.6484124e-01
   1.8722560e-01
   1.7801841e-01
   1.6866140e-01
   1.7234718e-01
   1.7209970e-01
   1.9048465e-01
   1.9520185e-01
   1.8091613e-01
   1.7184164e-01
   1.8074882e-01
   1.7653072e-01
   1.8220743e-01
   1.7790593e-01
   1.8432616e-01
   1.6935092e-01
   1.7098991e-01
   1.8724310e-01
   1.7371556e-01
   1.7598484e-01
   1.7539982e-01
   1.7407976e-01
   1.9223523e-01
   1.6742394e-01
   1.7681843e-01
   1.7233740e-01
   1.8821446e-01
   1.6496646e-01
   1.7341435e-01
   1.8789557e-01
   1.9028237e-01
   1.8725009e-01
   1.7251203e-01
   1.7229233e-01
   1.8796037e-01
   1.7725606e-01
   1.8176401e-01
   1.8254612e-01
   1.8931735e-01
   1.7968608e-01
   1.7697753e-01
   1.8100767e-01
   1.7179168e-01
   1.8856500e-01
   1.8261945e-01
   1.8380894e-01
   1.7214318e-01
   1.7175784e-01
   1.9126687e-01
   1.6732460e-01
   1.6542614e-01
   1.8421116e-01
   1.8926775e-01
   1.7799285e-01
   1.8678051e-01
   1.7346887e-01
   1.6723238e-01
   1.7782757e-01
   1.7259627e-01
   1.8537421e-01
   1.9766152e-01
