   3.0043861e-02
   3.0700463e-02
   3.2922672e-02
   3.3387119e-02
   3.0606925e-02
   3.2010930e-02
   3.1760202e-02
   3.1162551e-02
   3.0254636e-02
   3.1488709e-02
   3.4190384e-02
   3.1920157e-02
   3.1017474e-02
   3.2410542e-02
   2.9877915e-02
   3.1520766e-02
   3.0600913e-02
   3.3052359e-02
   2.9801487e-02
   3.0794370e-02
   3.2308744e-02
   3.0395515e-02
   2.9906002e-02
   3.0434994e-02
   3.0128903e-02
   3.3364378e-02
   2.9976860e-02
   3.0028374e-02
   3.3654536e-02
   3.4852594e-02
   3.1214468e-02
   3.0021205e-02
   3.0460403e-02
   3.3261620e-02
   3.0386187e-02
   3.1873727e-02
   3.3142490e-02
   3.0395029e-02
   2.9925917e-02
   3.0693011e-02
   3.2691127e-02
   3.0035985e-02
   3.2352881e-02
   2.9770944e-02
   3.2623382e-02
   3.3192339e-02
   3.4005541e-02
   2.9867779e-02
   3.1063919e-02
   3.3530584e-02
   2.9942772e-02
   3.3247534e-02
   3.0037123e-02
   2.9941046e-02
   3.0685658e-02
   3.0378333e-02
   3.2267907e-02
   3.0096118e-02
   3.1950319e-02
   2.9918265e-02
   3.2463811e-02
   3.0730408e-02
   3.2816857e-02
   3.2546678e-02
   3.2956030e-02
   3.2893660e-02
   3.3151310e-02
   3.4081026e-02
   3.1411907e-02
   3.2698225e-02
   2.9899285e-02
   3.0088475e-02
   2.9919891e-02
   3.0705281e-02
   3.1168550e-02
   3.0435170e-02
   2.9814742e-02
   3.3623219e-02
   3.0293162e-02
   3.0102053e-02
   3.0576164e-02
   3.3098950e-02
   3.2777005e-02
   3.5188482e-02
   3.1414222e-02
   2.9976990e-02
   3.0106419e-02
   2.9782607e-02
   3.3377452e-02
   3.3997087e-02
   3.1063386e-02
   3.4262591e-02
   2.9853652e-02
   3.0678482e-02
   3.4675605e-02
   3.3430592e-02
   3.0487236e-02
   3.2325491e-02
   2.9807376e-02
   3.0144517e-02
   3.2055381e-02
   3.2573904e-02
   3.2019384e-02
   2.9879595e-02
   3.0036883e-02
   2.9843858e-02
   2.9788343e-02
   2.9999879e-02
   3.1881121e-02
   3.0196092e-02
   3.1140839e-02
   3.5814987e-02
   2.9989497e-02
   2.9913157e-02
   3.3077956e-02
   3.3847632e-02
   3.4574448e-02
   3.3606306e-02
   3.3199471e-02
   3.4222377e-02
   2.9996829e-02
   2.9826171e-02
   3.0190159e-02
   3.2615908e-02
   3.0197915e-02
   3.4741221e-02
   3.0664506e-02
   3.0503823e-02
   3.2285894e-02
   3.0523680e-02
   3.2435784e-02
   3.2339617e-02
   3.5325817e-02
   3.2797139e-02
   3.3253679e-02
   3.1805042e-02
   3.2126574e-02
   3.0225001e-02
   3.2250817e-02
   3.1437333e-02
   3.4100688e-02
   3.3005967e-02
   3.1019577e-02
   3.1603915e-02
   3.1266036e-02
   3.1429538e-02
   3.1535633e-02
   3.2568037e-02
   3.1264643e-02
   3.2723615e-02
   2.9961946e-02
   3.0095393e-02
   3.1333294e-02
   3.2654592e-02
   3.2670647e-02
   3.1166977e-02
   3.2598326e-02
   3.0486010e-02
   3.3615331e-02
   3.0860139e-02
   3.0371272e-02
   3.2608989e-02
   3.2391848e-02
   3.3393380e-02
   3.3618693e-02
   3.2996805e-02
   2.9866230e-02
   3.0261971e-02
   3.0133849e-02
   3.3145044e-02
   3.1070989e-02
   2.9975359e-02
   2.9869523e-02
   3.0029648e-02
   3.2731648e-02
   3.1200904e-02
   3.0325943e-02
   3.3060219e-02
   3.0389138e-02
   3.0572648e-02
   3.3199010e-02
   3.2419952e-02
   3.0423739e-02
   3.2394514e-02
   3.2073132e-02
   3.0064308e-02
   3.0148975e-02
   3.2288856e-02
   3.3182521e-02
   3.3750676e-02
   3.1289396e-02
   3.0834079e-02
   3.6476693e-02
   3.2105423e-02
   3.2365245e-02
   3.3212472e-02
   3.0029712e-02
   3.2435561e-02
   3.0962552e-02
   2.9975251e-02
   3.0863908e-02
   3.0576323e-02
   3.3182499e-02
   3.0641932e-02
   3.1951858e-02
   3.2441357e-02
   3.3961380e-02
   2.9966103e-02
   3.2516903e-02
   3.0144185e-02
   3.0423119e-02
   3.0371690e-02
   3.4519921e-02
   3.0533322e-02
   3.1389602e-02
   3.3190886e-02
   2.9885858e-02
   3.2476621e-02
   3.0819446e-02
   3.3127978e-02
   2.9866402e-02
   3.0290752e-02
   3.1680841e-02
   3.1248738e-02
   3.0170987e-02
   3.0200667e-02
   3.2996827e-02
   3.0358998e-02
   2.9954233e-02
   3.1040171e-02
   3.1959590e-02
   3.3614167e-02
   2.9845069e-02
   3.4584386e-02
   3.0191315e-02
   3.2725160e-02
   2.9777545e-02
   3.0902824e-02
   2.9833533e-02
   3.0902036e-02
   3.2318168e-02
   3.0378379e-02
   2.9827095e-02
   2.9967724e-02
   3.1794198e-02
   3.3575213e-02
   3.1925860e-02
   3.0143123e-02
   3.0599829e-02
   3.2642363e-02
   3.2012247e-02
   3.2970506e-02
   3.2776019e-02
   3.1208482e-02
   3.6446315e-02
   3.0124019e-02
   2.9961847e-02
   3.2931003e-02
   3.1902565e-02
   3.1109898e-02
   3.3239472e-02
   3.3744399e-02
   3.1793682e-02
   3.3787258e-02
   3.1024259e-02
   3.3238614e-02
   3.0055838e-02
   3.0968992e-02
   3.0464165e-02
   3.2724871e-02
   3.0101062e-02
   3.0133884e-02
   3.4475054e-02
   3.1324555e-02
   3.2320712e-02
   3.0044306e-02
   3.0801270e-02
   3.2335818e-02
   2.9855322e-02
   3.1729809e-02
   3.2582161e-02
   3.3854233e-02
   2.9928319e-02
   3.2848633e-02
   3.0806541e-02
   3.1672389e-02
   3.2028226e-02
   3.2229633e-02
   3.3415326e-02
   3.1453285e-02
   3.1729971e-02
   3.2677403e-02
   3.2525547e-02
   3.1078158e-02
   3.2399542e-02
   3.0067918e-02
   3.1852964e-02
   3.0787317e-02
   3.3989930e-02
   3.0240370e-02
