   2.3769673e-01
   2.2360189e-01
   2.3811731e-01
   2.4171244e-01
   2.3905920e-01
   2.3901267e-01
   2.4040792e-01
   2.4455228e-01
   2.4403075e-01
   2.2880132e-01
   2.3837973e-01
   2.3498844e-01
   2.2692549e-01
   2.3565777e-01
   2.2654713e-01
   2.3477702e-01
   2.4682553e-01
   2.2275368e-01
   2.3811452e-01
   2.4807614e-01
   2.3462288e-01
   2.3025071e-01
   2.3930670e-01
   2.4067622e-01
   2.2858089e-01
   2.3460859e-01
   2.2449912e-01
   2.4099294e-01
   2.4247539e-01
   2.3849665e-01
   2.3864633e-01
   2.3313688e-01
   2.4011591e-01
   2.3129344e-01
   2.4064339e-01
   2.2835673e-01
   2.3715014e-01
   2.3574580e-01
   2.3405877e-01
   2.2775782e-01
   2.2252609e-01
   2.3666133e-01
   2.4281688e-01
   2.4310107e-01
   2.4005394e-01
   2.2313851e-01
   2.3154214e-01
   2.4129583e-01
   2.4214995e-01
   2.2270212e-01
   2.3520357e-01
   2.3716144e-01
   2.2612957e-01
   2.2955260e-01
   2.2870801e-01
   2.4119967e-01
   2.4239398e-01
   2.3396223e-01
   2.3997177e-01
   2.2538358e-01
   2.3547581e-01
   2.3876381e-01
   2.4464999e-01
   2.3502359e-01
   2.4506043e-01
   2.3410694e-01
   2.3432461e-01
   2.3828979e-01
   2.3377962e-01
   2.3658935e-01
   2.3996604e-01
   2.3735190e-01
   2.3592161e-01
   2.2799375e-01
   2.3512980e-01
   2.2300377e-01
   2.3661462e-01
   2.3491107e-01
   2.3480268e-01
   2.3842200e-01
   2.3312463e-01
   2.3556236e-01
   2.3286567e-01
   2.3999249e-01
   2.3077509e-01
   2.2989082e-01
   2.3444028e-01
   2.4464368e-01
   2.4638153e-01
   2.3392762e-01
   2.3418432e-01
   2.3006109e-01
   2.3803162e-01
   2.3846562e-01
   2.3548412e-01
   2.2765962e-01
   2.3653247e-01
   2.3033611e-01
   2.3785304e-01
   2.3648296e-01
   2.4269427e-01
   2.3525974e-01
   2.3573016e-01
   2.3228902e-01
   2.2257827e-01
   2.3843642e-01
   2.3430836e-01
   2.4158887e-01
   2.3713840e-01
   2.3388805e-01
   2.3733113e-01
   2.2693871e-01
   2.3694642e-01
   2.2858798e-01
   2.2616211e-01
   2.2336281e-01
   2.4408542e-01
   2.3538965e-01
   2.3239669e-01
   2.2610319e-01
   2.3313479e-01
   2.3849514e-01
   2.3206058e-01
   2.3284790e-01
   2.2910788e-01
   2.2983861e-01
   2.3522367e-01
   2.3628850e-01
   2.4054205e-01
   2.4244122e-01
   2.3510585e-01
   2.3796598e-01
   2.3630376e-01
   2.3409927e-01
   2.3347485e-01
   2.4414773e-01
   2.3372244e-01
   2.3647525e-01
   2.3267226e-01
   2.3659753e-01
   2.3522187e-01
   2.4223475e-01
   2.3110414e-01
   2.3761670e-01
   2.2377282e-01
   2.3653664e-01
   2.3362223e-01
   2.4014848e-01
   2.3862393e-01
   2.3529868e-01
   2.3696933e-01
   2.4036134e-01
   2.3569107e-01
   2.3541055e-01
   2.3206887e-01
   2.3344079e-01
   2.3418218e-01
   2.4198700e-01
   2.3686335e-01
   2.4137311e-01
   2.3338556e-01
   2.2896428e-01
   2.3093469e-01
   2.4261205e-01
   2.3604544e-01
   2.3230931e-01
   2.4993895e-01
   2.3571174e-01
   2.3634142e-01
   2.3839921e-01
   2.3342760e-01
   2.3334240e-01
   2.3743054e-01
   2.2857184e-01
   2.2237176e-01
   2.4251993e-01
   2.4066397e-01
   2.3470338e-01
   2.3529805e-01
   2.3476845e-01
   2.3895966e-01
   2.3520014e-01
   2.2765989e-01
   2.3951822e-01
   2.3430312e-01
   2.3958269e-01
   2.3556791e-01
   2.3926531e-01
   2.3050854e-01
   2.3943986e-01
   2.4534620e-01
   2.3377878e-01
   2.3493855e-01
   2.3794769e-01
   2.3433340e-01
   2.3649513e-01
   2.3460801e-01
   2.3472814e-01
   2.3505298e-01
   2.3447783e-01
   2.3074833e-01
   2.4016531e-01
   2.2661332e-01
   2.2248241e-01
   2.4471609e-01
   2.3597337e-01
   2.2723896e-01
   2.2464734e-01
   2.3364328e-01
   2.3416456e-01
   2.2526118e-01
   2.3681121e-01
   2.3108123e-01
   2.3438539e-01
   2.3728384e-01
   2.3849244e-01
   2.2905904e-01
   2.2599115e-01
   2.3732432e-01
   2.3896461e-01
   2.3963188e-01
   2.3396171e-01
   2.3660277e-01
   2.3799068e-01
   2.2255545e-01
   2.3302680e-01
   2.4679752e-01
   2.3913573e-01
   2.3432215e-01
   2.3979227e-01
   2.2347846e-01
   2.3670660e-01
   2.2968241e-01
   2.3525684e-01
   2.2454889e-01
   2.2542496e-01
   2.3758288e-01
   2.4044669e-01
   2.3550617e-01
   2.3632302e-01
   2.2872348e-01
   2.3422559e-01
   2.4399744e-01
   2.2478082e-01
   2.2765721e-01
   2.3454587e-01
   2.3948563e-01
   2.3395200e-01
   2.3983008e-01
   2.3525402e-01
   2.3450858e-01
   2.3821566e-01
   2.3626314e-01
   2.3863768e-01
   2.3886411e-01
   2.4930687e-01
   2.4269092e-01
   2.4066550e-01
   2.2525121e-01
   2.3705117e-01
   2.3234166e-01
   2.3558884e-01
   2.3732194e-01
   2.4168349e-01
   2.3451518e-01
   2.3391245e-01
   2.3858926e-01
   2.3278753e-01
   2.2384727e-01
   2.3238587e-01
   2.4247573e-01
   2.3763342e-01
   2.2957546e-01
   2.3976154e-01
   2.3427945e-01
   2.3631504e-01
   2.2716515e-01
   2.3743270e-01
   2.2403026e-01
   2.3133019e-01
   2.4639281e-01
   2.3663228e-01
   2.3091060e-01
   2.3810555e-01
   2.2235010e-01
   2.3576377e-01
   2.2343283e-01
   2.3150183e-01
   2.3332901e-01
   2.3626361e-01
   2.3701060e-01
   2.2274085e-01
   2.2232224e-01
   2.2534838e-01
   2.3438936e-01
   2.3871992e-01
   2.4177960e-01
   2.3951656e-01
   2.3413099e-01
   2.3438539e-01
