   9.4544437e-02
   8.2480328e-02
   8.4671108e-02
   8.7492291e-02
   8.4719041e-02
   9.2802398e-02
   7.4589352e-02
   8.2115195e-02
   9.3216309e-02
   7.6414593e-02
   8.2224137e-02
   7.3621949e-02
   7.8489884e-02
   6.8865053e-02
   8.3692059e-02
   7.8698253e-02
   7.5673877e-02
   8.6617675e-02
   8.4304997e-02
   8.3750450e-02
   8.1169388e-02
   8.2662607e-02
   9.0767210e-02
   8.1147817e-02
   7.8809341e-02
   8.3925958e-02
   8.0390788e-02
   8.0729950e-02
   7.8650589e-02
   8.3094592e-02
   7.9827183e-02
   9.9233279e-02
   9.5984671e-02
   7.7568373e-02
   9.4598272e-02
   6.8746536e-02
   8.5317645e-02
   9.2845437e-02
   8.1574605e-02
   7.5152767e-02
   7.4177197e-02
   9.2108635e-02
   8.2584995e-02
   8.9631106e-02
   9.5189728e-02
   7.0913035e-02
   9.0079724e-02
   8.9822969e-02
   8.1063258e-02
   8.7054866e-02
   8.3588135e-02
   9.0103560e-02
   9.1380301e-02
   7.9391267e-02
   6.3166343e-02
   7.1928884e-02
   6.2562082e-02
   7.6878267e-02
   9.2105765e-02
   7.5808520e-02
   7.0130880e-02
   8.5607818e-02
   7.9268136e-02
   7.6535960e-02
   8.4557630e-02
   6.6787250e-02
   8.6872115e-02
   7.2547330e-02
   8.4346391e-02
   8.7049236e-02
   7.7718743e-02
   8.9770786e-02
   6.9739113e-02
   8.1353526e-02
   8.0410512e-02
   6.4601485e-02
   6.9375607e-02
   9.5531806e-02
   7.9316631e-02
   8.0231158e-02
   7.7449125e-02
   7.3133394e-02
   8.2127941e-02
   8.1063990e-02
   7.4493351e-02
   6.3756004e-02
   7.1971607e-02
   9.5863163e-02
   8.0519636e-02
   8.7631851e-02
   6.2719551e-02
   7.6930814e-02
   8.3036727e-02
   7.9415413e-02
   7.9120637e-02
   8.2126217e-02
   7.8565325e-02
   8.2107945e-02
   8.6112199e-02
   6.7175337e-02
   9.5802432e-02
   7.5238912e-02
   8.2451964e-02
   8.5778324e-02
   7.8934693e-02
   7.2076884e-02
   7.0102729e-02
   6.5954591e-02
   7.9133866e-02
   7.6766589e-02
   8.7888564e-02
   9.8019750e-02
   7.8414464e-02
   8.0963775e-02
   6.8358800e-02
   8.3264689e-02
   7.8381092e-02
   9.6832363e-02
   8.4762493e-02
   8.3124951e-02
   8.1225798e-02
   6.2699060e-02
   7.0301274e-02
   6.5084782e-02
   8.6366906e-02
   8.0872853e-02
   6.7088828e-02
   7.2574820e-02
   6.8252629e-02
   7.1699846e-02
   8.6324615e-02
   8.7877619e-02
   7.9027047e-02
   6.2515990e-02
   7.5177705e-02
   7.2477590e-02
   7.9832754e-02
   8.5403178e-02
   7.8847994e-02
   7.9806456e-02
   8.2481138e-02
   1.0041907e-01
   8.0827590e-02
   8.1916494e-02
   7.0986293e-02
   7.9002315e-02
   8.6365726e-02
   8.2797528e-02
   8.8819719e-02
   6.5580994e-02
   6.3451351e-02
   9.7410553e-02
   8.4840438e-02
   8.4746396e-02
   8.0522130e-02
   8.5657132e-02
   7.8252658e-02
   8.1553755e-02
   8.8214372e-02
   7.6191566e-02
   6.5876267e-02
   8.8917921e-02
   7.5902460e-02
   8.8859419e-02
   1.0120942e-01
   7.7887791e-02
   8.8938871e-02
   8.8306385e-02
   7.6767180e-02
   7.9313301e-02
   6.4670014e-02
   6.8002705e-02
   9.0728623e-02
   7.8355628e-02
   8.5996536e-02
   7.3299924e-02
   6.3871262e-02
   7.3234050e-02
   9.1050710e-02
   7.2721564e-02
   8.3305824e-02
   9.4352792e-02
   7.3316842e-02
   8.4421693e-02
   9.8919064e-02
   9.7719213e-02
   9.7279484e-02
   7.6418494e-02
   8.4821761e-02
   7.4430653e-02
   8.2377487e-02
   8.0175982e-02
   6.8567899e-02
   9.1369345e-02
   9.5482428e-02
   7.8065604e-02
   6.4859987e-02
   8.9970955e-02
   7.9016635e-02
   7.4002379e-02
   8.7727301e-02
   6.5376256e-02
   7.8484571e-02
   8.4215819e-02
   6.7568056e-02
   6.8177694e-02
   7.7247291e-02
   7.1772921e-02
   8.0462037e-02
   8.3946593e-02
   8.5281897e-02
   6.8176627e-02
   8.1297313e-02
   9.2560939e-02
   8.1379880e-02
   8.2098660e-02
   6.4890461e-02
   7.2593522e-02
   7.6517864e-02
   8.5254421e-02
   7.9553215e-02
   6.7997432e-02
   9.4726874e-02
   8.5405628e-02
   8.0196773e-02
   7.9844673e-02
   8.0617179e-02
   9.2697407e-02
   9.1233434e-02
   7.3804453e-02
   9.2714504e-02
   9.7023304e-02
   8.4270144e-02
   8.6365725e-02
   8.0651224e-02
   6.1238238e-02
   7.3722048e-02
   8.9502496e-02
   8.1439929e-02
   9.1280550e-02
   9.3936759e-02
   8.2684499e-02
   8.4815362e-02
   7.9852396e-02
   8.1783019e-02
   9.5198630e-02
   8.6923234e-02
   7.7681332e-02
   7.9789399e-02
   8.3930353e-02
   8.4368139e-02
   9.1386602e-02
   9.9369396e-02
   7.9066025e-02
   8.3158071e-02
   8.3892998e-02
   7.1093043e-02
   8.3903122e-02
   7.8687209e-02
   9.5719147e-02
   8.4410855e-02
   7.9427940e-02
   8.1204785e-02
   9.2177056e-02
   9.2864527e-02
   6.1622073e-02
   9.0548602e-02
   8.9898716e-02
   8.8211041e-02
   7.9734981e-02
   9.5644034e-02
   8.4286328e-02
   9.0347023e-02
   7.5059605e-02
   9.4092703e-02
   7.4069059e-02
   8.3721391e-02
   6.8505965e-02
   7.1695864e-02
   7.4387010e-02
   8.2805408e-02
   8.2582879e-02
   8.0886151e-02
   7.8827100e-02
   9.0364335e-02
   8.7054247e-02
   7.8999912e-02
   8.0815620e-02
   8.8046637e-02
   6.4617596e-02
   9.7344715e-02
   7.9196899e-02
   9.3151120e-02
   6.6174877e-02
   8.9353523e-02
   8.1747655e-02
   8.3917466e-02
   8.2219196e-02
   8.0801146e-02
   8.1499966e-02
