   1.8948395e-02
   1.9774265e-02
   1.9302513e-02
   1.9940914e-02
   2.0892349e-02
   1.9664398e-02
   1.9003488e-02
   1.9483318e-02
   1.9445165e-02
   2.0364084e-02
   1.9349209e-02
   2.0114981e-02
   1.8761157e-02
   2.0564951e-02
   2.0773006e-02
   1.9188307e-02
   2.0289765e-02
   2.0902452e-02
   1.9958826e-02
   2.0020230e-02
   2.0481164e-02
   1.9385159e-02
   1.8376783e-02
   1.8851952e-02
   1.9396334e-02
   2.0753134e-02
   1.9472942e-02
   1.9379105e-02
   1.9094025e-02
   1.9752353e-02
   2.0939698e-02
   1.9386717e-02
   1.9122223e-02
   1.8593917e-02
   1.9334420e-02
   1.8901969e-02
   1.9297415e-02
   1.9227392e-02
   1.9864482e-02
   1.9463625e-02
   1.9465208e-02
   2.0923790e-02
   1.8664468e-02
   2.0724205e-02
   1.8959757e-02
   2.0926174e-02
   1.8624104e-02
   1.9714865e-02
   1.8977908e-02
   1.9729034e-02
   1.9675375e-02
   1.8787990e-02
   1.9730364e-02
   2.0565901e-02
   1.8510647e-02
   2.0880793e-02
   1.9266957e-02
   1.9966095e-02
   1.9012448e-02
   1.9781243e-02
   1.9677374e-02
   1.9624101e-02
   1.8986417e-02
   1.9273328e-02
   1.8885878e-02
   1.8921906e-02
   1.9237179e-02
   1.9624230e-02
   1.9418560e-02
   1.9894886e-02
   2.0490922e-02
   2.1008524e-02
   2.0045949e-02
   1.9609201e-02
   1.8740944e-02
   1.9957308e-02
   1.9680758e-02
   1.9270441e-02
   1.9170115e-02
   1.9156769e-02
   1.9659409e-02
   1.9035615e-02
   1.9663823e-02
   2.0467098e-02
   2.0558481e-02
   1.9192867e-02
   1.9715739e-02
   2.0084901e-02
   2.0686732e-02
   1.8954830e-02
   1.9528587e-02
   1.9554254e-02
   1.8968608e-02
   2.0584933e-02
   1.9370229e-02
   2.0455390e-02
   1.9678556e-02
   2.0272146e-02
   1.9461710e-02
   1.9286245e-02
   1.9485471e-02
   1.9774251e-02
   1.9687067e-02
   2.0806664e-02
   1.8509529e-02
   1.9993773e-02
   2.0750554e-02
   1.9718016e-02
   1.9415530e-02
   1.9108638e-02
   1.9328721e-02
   1.9837744e-02
   1.9300292e-02
   2.0200707e-02
   2.0738201e-02
   1.9044387e-02
   1.9418694e-02
   2.0385355e-02
   1.8939177e-02
   1.9773897e-02
   1.9551910e-02
   1.9113124e-02
   2.0857972e-02
   1.9779423e-02
   1.9338217e-02
   1.9193214e-02
   2.0433543e-02
   1.9730381e-02
   1.9961297e-02
   2.0060230e-02
   1.9618359e-02
   2.0213862e-02
   1.9769687e-02
   2.0000139e-02
   1.9542752e-02
   2.0243882e-02
   1.9837234e-02
   1.9488664e-02
   1.8906775e-02
   2.0461473e-02
   2.0748489e-02
   1.9383254e-02
   1.9939711e-02
   2.0149061e-02
   2.0173961e-02
   1.9634196e-02
   1.9214775e-02
   1.9239342e-02
   1.9390074e-02
   1.9551487e-02
   1.9746453e-02
   2.0406401e-02
   2.0322757e-02
   2.0666656e-02
   1.9338289e-02
   2.0110127e-02
   1.9174191e-02
   2.0029141e-02
   1.8710698e-02
   2.0466690e-02
   1.9347233e-02
   1.9552482e-02
   1.8491442e-02
   2.0881301e-02
   2.0397835e-02
   1.8896295e-02
   2.0692396e-02
   1.8977946e-02
   1.9582211e-02
   1.8737245e-02
   1.9447340e-02
   1.9700532e-02
   1.9644713e-02
   1.9091965e-02
   1.8690989e-02
   1.9945813e-02
   1.9319535e-02
   1.9496391e-02
   1.9294653e-02
   1.8848282e-02
   1.8741208e-02
   1.9485332e-02
   2.0825812e-02
   2.0526823e-02
   2.0562785e-02
   1.9572122e-02
   2.0453169e-02
   2.0421442e-02
   1.9258012e-02
   1.9927766e-02
   2.0287871e-02
   2.0367334e-02
   1.9274882e-02
   1.9745446e-02
   1.9610689e-02
   1.9418860e-02
   1.9886264e-02
   2.0969044e-02
   1.9549621e-02
   1.9425710e-02
   2.0505985e-02
   1.8602141e-02
   2.0079623e-02
   2.0169448e-02
   1.9802371e-02
   1.9650469e-02
   1.9745728e-02
   1.9352736e-02
   2.0133920e-02
   1.9249463e-02
   2.0010016e-02
   1.9306280e-02
   1.9801411e-02
   1.9787209e-02
   1.8626691e-02
   1.9911472e-02
   1.9779459e-02
   1.9609507e-02
   1.8803829e-02
   2.0469422e-02
   2.0037444e-02
   2.0239114e-02
   1.9217592e-02
   1.9010142e-02
   1.9784878e-02
   1.9324842e-02
   1.9345153e-02
   2.0437983e-02
   1.9115316e-02
   1.8812913e-02
   1.9826280e-02
   1.9833297e-02
   1.8589670e-02
   2.0225629e-02
   1.9067371e-02
   1.8811586e-02
   2.0486139e-02
   2.0168550e-02
   2.0030773e-02
   1.8344533e-02
   2.0198028e-02
   1.9878295e-02
   2.0887620e-02
   1.9297138e-02
   1.9888798e-02
   2.0367753e-02
   2.0095896e-02
   1.9911639e-02
   1.9457859e-02
   1.9977773e-02
   1.9142072e-02
   1.9992686e-02
   2.0490436e-02
   1.8756222e-02
   1.9834140e-02
   2.0404336e-02
   1.9652046e-02
   1.9251502e-02
   1.9549795e-02
   1.9179708e-02
   2.0616588e-02
   1.9235755e-02
   1.9545575e-02
   2.0087573e-02
   1.9539917e-02
   1.8830075e-02
   1.9021621e-02
   2.0413534e-02
   1.8798242e-02
   1.8930394e-02
   1.9030885e-02
   1.9056466e-02
   1.9943026e-02
   1.9970322e-02
   1.9697063e-02
   2.0655620e-02
   2.0346159e-02
   1.9733516e-02
   1.9152457e-02
   1.9966472e-02
   2.0035520e-02
   2.0869800e-02
   2.0944052e-02
   1.9431648e-02
   2.0291061e-02
   1.9046383e-02
   1.9009575e-02
   2.1056237e-02
   1.9290227e-02
   1.8938317e-02
   1.8895864e-02
   2.0863215e-02
   1.9441175e-02
   2.0842842e-02
   1.9662429e-02
   1.8869468e-02
   1.9744560e-02
   1.9442087e-02
   1.9302096e-02
   2.0776718e-02
