   2.0429171e-01
   2.0901717e-01
   1.9438177e-01
   2.0982781e-01
   2.0669141e-01
   2.2059643e-01
   2.1760661e-01
   2.1195033e-01
   2.2914230e-01
   1.9712018e-01
   1.8755469e-01
   2.2104399e-01
   1.9202887e-01
   2.0196189e-01
   2.0481823e-01
   2.0778107e-01
   1.9437697e-01
   2.0328351e-01
   2.0171824e-01
   2.0575316e-01
   2.2580741e-01
   1.9840859e-01
   1.9152110e-01
   2.1322077e-01
   2.1725174e-01
   1.9534930e-01
   2.0457919e-01
   2.2117324e-01
   1.9351265e-01
   1.9466334e-01
   2.1033050e-01
   2.1073406e-01
   1.9833158e-01
   1.9195542e-01
   2.0914130e-01
   1.9632305e-01
   2.0425661e-01
   2.0223664e-01
   2.0241803e-01
   2.1324050e-01
   1.8764264e-01
   2.0251868e-01
   1.9068415e-01
   2.0504944e-01
   1.9081038e-01
   1.9302550e-01
   2.3309429e-01
   2.1421886e-01
   2.0277892e-01
   2.0192175e-01
   1.9742177e-01
   1.9812453e-01
   1.9124501e-01
   2.0393979e-01
   1.8992420e-01
   2.0213325e-01
   1.9118745e-01
   2.1379463e-01
   2.1613094e-01
   2.0685204e-01
   2.1118764e-01
   1.9584971e-01
   1.9939608e-01
   2.0906624e-01
   2.0608530e-01
   2.0375970e-01
   2.3199890e-01
   1.9504817e-01
   1.9764186e-01
   2.2610578e-01
   1.9357568e-01
   1.9879114e-01
   2.1368783e-01
   2.0338144e-01
   2.2377937e-01
   2.0872979e-01
   2.0424355e-01
   2.1510857e-01
   2.0058536e-01
   1.8919637e-01
   2.0736750e-01
   1.8922837e-01
   2.1319986e-01
   2.3598602e-01
   2.0985712e-01
   2.1052130e-01
   1.9061787e-01
   2.1299959e-01
   1.8887686e-01
   1.9660203e-01
   1.8881774e-01
   2.0662456e-01
   1.8794503e-01
   1.9582991e-01
   2.2740500e-01
   1.9924864e-01
   2.1978560e-01
   2.0888791e-01
   1.9362689e-01
   2.1543851e-01
   1.9688781e-01
   1.9520869e-01
   2.0188033e-01
   2.1045998e-01
   1.9283498e-01
   2.1605044e-01
   1.9409851e-01
   2.0286889e-01
   2.0389163e-01
   1.8708399e-01
   2.0228486e-01
   1.9137148e-01
   1.9701732e-01
   2.0592057e-01
   2.0770343e-01
   1.9845445e-01
   2.2168336e-01
   2.0618691e-01
   2.2370104e-01
   1.9455386e-01
   1.9591605e-01
   2.1631898e-01
   1.9756209e-01
   2.3382006e-01
   2.1232625e-01
   1.9865071e-01
   1.9638559e-01
   2.2400249e-01
   2.0285461e-01
   1.8711606e-01
   2.0348528e-01
   1.9968996e-01
   2.2843721e-01
   2.1586801e-01
   1.9892872e-01
   1.9036228e-01
   2.0312367e-01
   1.9317362e-01
   2.2114365e-01
   2.1065344e-01
   2.0460015e-01
   2.1322357e-01
   2.1075745e-01
   1.8854838e-01
   1.9386496e-01
   1.9042738e-01
   1.9279229e-01
   2.0166575e-01
   2.0096931e-01
   2.3012269e-01
   2.1759873e-01
   2.0876764e-01
   2.1384748e-01
   2.2731552e-01
   1.9054710e-01
   1.9473454e-01
   2.0153312e-01
   2.1402044e-01
   2.2963817e-01
   1.9263916e-01
   2.1003835e-01
   1.9764693e-01
   1.8764249e-01
   2.1586104e-01
   1.9531410e-01
   2.0068637e-01
   2.0786456e-01
   2.0330231e-01
   2.0389086e-01
   1.9957918e-01
   2.1121320e-01
   2.0425581e-01
   2.0387283e-01
   1.8762594e-01
   1.9556560e-01
   1.8966728e-01
   2.0175500e-01
   1.9633627e-01
   2.0453363e-01
   1.8773716e-01
   1.9061240e-01
   1.9632313e-01
   1.9494231e-01
   2.0213611e-01
   2.0064259e-01
   1.8826400e-01
   2.0125659e-01
   2.1554945e-01
   2.2216084e-01
   2.0646647e-01
   2.0475596e-01
   2.0733165e-01
   2.3508408e-01
   2.1560813e-01
   2.3005820e-01
   1.8896703e-01
   2.2530599e-01
   2.0259638e-01
   1.8735711e-01
   1.8700707e-01
   2.1251220e-01
   1.9605383e-01
   1.9797770e-01
   2.0641139e-01
   1.8754426e-01
   2.3362774e-01
   1.9546711e-01
   2.2187063e-01
   1.9397652e-01
   1.9672326e-01
   1.9264925e-01
   2.1609580e-01
   2.2734145e-01
   2.1260131e-01
   2.0817546e-01
   2.0175475e-01
   2.1597930e-01
   1.8883456e-01
   1.9529081e-01
   1.9915667e-01
   2.0784515e-01
   1.9391450e-01
   2.0767784e-01
   2.2557224e-01
   1.9592285e-01
   2.1204022e-01
   2.2436927e-01
   2.1733976e-01
   1.9152842e-01
   2.0222833e-01
   1.8986004e-01
   1.9710557e-01
   1.8954364e-01
   2.2500438e-01
   2.0229577e-01
   2.3515519e-01
   2.1883709e-01
   2.2215919e-01
   1.9762260e-01
   2.2665352e-01
   1.9301469e-01
   1.9054328e-01
   1.9721839e-01
   1.9591867e-01
   1.9512604e-01
   1.9637966e-01
   2.0591737e-01
   2.0042850e-01
   2.2669049e-01
   2.0495566e-01
   2.1266918e-01
   2.2194557e-01
   2.0985989e-01
   2.1001655e-01
   1.9139338e-01
   1.9428788e-01
   2.1228401e-01
   2.1038607e-01
   2.0511556e-01
   1.9129596e-01
   2.1135394e-01
   2.0901026e-01
   2.1046394e-01
   1.9373525e-01
   1.9139370e-01
   1.9598739e-01
   2.2319142e-01
   2.2985465e-01
   2.0412847e-01
   2.1295929e-01
   1.9971093e-01
   2.1200098e-01
   1.8938092e-01
   2.1205188e-01
   1.9629031e-01
   2.1383780e-01
   2.0768088e-01
   2.0788628e-01
   2.0204355e-01
   2.0244657e-01
   1.9435316e-01
   2.0176706e-01
   1.8943796e-01
   2.0664035e-01
   2.0427360e-01
   2.0867019e-01
   2.0053402e-01
   2.1468282e-01
   1.8889083e-01
   2.0566706e-01
   2.0549718e-01
   1.9367633e-01
   2.1391422e-01
   1.9645676e-01
   1.9141390e-01
   1.9100215e-01
   2.0166153e-01
   1.9084402e-01
   2.2720673e-01
   2.0033597e-01
