   5.1824401e-02
   4.7979286e-02
   5.6416081e-02
   5.0119746e-02
   5.3910743e-02
   5.3660042e-02
   4.9983948e-02
   5.0933904e-02
   4.6962921e-02
   4.9802606e-02
   5.2841896e-02
   4.8492710e-02
   5.3434602e-02
   5.0892034e-02
   4.3240992e-02
   5.1568500e-02
   5.0767760e-02
   4.2150446e-02
   5.7507711e-02
   5.9031399e-02
   5.3339751e-02
   5.0662613e-02
   4.2635885e-02
   4.6676294e-02
   5.5936463e-02
   4.7527986e-02
   4.4140828e-02
   4.9582327e-02
   4.7463520e-02
   4.6833919e-02
   4.6851378e-02
   4.9842568e-02
   5.3681751e-02
   5.0133777e-02
   4.6160909e-02
   5.1423352e-02
   5.7093360e-02
   5.1450803e-02
   4.4956882e-02
   4.5829381e-02
   5.6578375e-02
   4.2268135e-02
   5.0968754e-02
   4.8129117e-02
   5.4074207e-02
   4.6076747e-02
   5.1484497e-02
   5.2034428e-02
   4.3753113e-02
   5.7595611e-02
   5.5127361e-02
   5.3766966e-02
   4.8208129e-02
   4.7958548e-02
   5.5468307e-02
   5.0565770e-02
   5.2852802e-02
   5.1360110e-02
   5.2429168e-02
   4.8860336e-02
   5.4117484e-02
   4.5236805e-02
   4.9221005e-02
   5.9712395e-02
   5.5729329e-02
   4.6429094e-02
   5.7002157e-02
   4.7291571e-02
   5.2974936e-02
   4.8570968e-02
   5.5932400e-02
   4.9810141e-02
   4.7549897e-02
   5.1296159e-02
   4.5693842e-02
   4.9107990e-02
   5.5225563e-02
   4.9485122e-02
   5.5659115e-02
   5.1483264e-02
   6.1511590e-02
   4.7557330e-02
   4.7224814e-02
   5.6828064e-02
   4.7013492e-02
   5.9773345e-02
   4.3336132e-02
   5.6849280e-02
   5.9271155e-02
   5.0291169e-02
   5.0080500e-02
   4.7653618e-02
   4.1655499e-02
   5.0367703e-02
   5.8780598e-02
   4.9747077e-02
   4.4902574e-02
   4.8411046e-02
   5.3960515e-02
   5.4855911e-02
   5.7891501e-02
   5.5616849e-02
   4.9737514e-02
   4.9732867e-02
   4.9566001e-02
   5.6880498e-02
   4.6264684e-02
   4.8778108e-02
   5.7572211e-02
   4.7036572e-02
   4.6111688e-02
   4.4516709e-02
   5.1522596e-02
   4.7419746e-02
   5.4311207e-02
   4.9941795e-02
   6.2130729e-02
   4.9065295e-02
   4.5677964e-02
   5.4063019e-02
   4.7459409e-02
   4.2729608e-02
   4.8555083e-02
   5.5297994e-02
   5.4258054e-02
   5.5613726e-02
   5.6719155e-02
   5.1208623e-02
   5.6245725e-02
   5.2687936e-02
   5.3720277e-02
   5.1513084e-02
   4.5374978e-02
   5.1268911e-02
   4.6834249e-02
   5.3972818e-02
   5.5129310e-02
   5.0051728e-02
   4.8874356e-02
   5.1366688e-02
   5.5684132e-02
   4.5166057e-02
   5.3937167e-02
   4.8074199e-02
   4.6545709e-02
   4.6447225e-02
   4.5326452e-02
   5.1706544e-02
   4.5399900e-02
   5.3809754e-02
   5.4271159e-02
   5.0105135e-02
   5.6814554e-02
   4.8372492e-02
   5.7221021e-02
   5.0603334e-02
   5.7998930e-02
   5.7391560e-02
   5.6969860e-02
   4.9635537e-02
   5.0413833e-02
   5.4216338e-02
   4.9835660e-02
   4.8129508e-02
   5.5966388e-02
   5.3164794e-02
   5.0941914e-02
   4.4151397e-02
   4.7766331e-02
   5.3662149e-02
   5.5747845e-02
   5.0522962e-02
   4.7701098e-02
   5.7578528e-02
   5.1629514e-02
   4.9108536e-02
   4.4106511e-02
   4.5754315e-02
   5.3070675e-02
   5.1083220e-02
   4.5350737e-02
   5.1962589e-02
   5.7581255e-02
   4.8815611e-02
   5.5441094e-02
   5.9454330e-02
   5.1327430e-02
   4.9814677e-02
   5.0279210e-02
   5.3004800e-02
   4.8386086e-02
   5.3482586e-02
   5.0763021e-02
   5.2218659e-02
   4.6937467e-02
   5.2396686e-02
   4.4598807e-02
   4.9862385e-02
   5.1572572e-02
   5.6733001e-02
   5.7725690e-02
   4.4969536e-02
   5.4710370e-02
   4.4866724e-02
   4.7146135e-02
   5.4299831e-02
   4.7878473e-02
   4.2189113e-02
   4.7524700e-02
   5.6086186e-02
   5.4598366e-02
   4.6828797e-02
   4.4608449e-02
   5.8542806e-02
   5.5120461e-02
   5.3631600e-02
   4.8908291e-02
   6.1116940e-02
   5.6322527e-02
   5.3232743e-02
   4.3022249e-02
   4.7107281e-02
   5.3682901e-02
   4.8515959e-02
   5.5879953e-02
   4.6451106e-02
   4.6295722e-02
   5.3277630e-02
   4.3456776e-02
   4.6854294e-02
   4.8729528e-02
   4.8933437e-02
   4.6188740e-02
   5.1251230e-02
   5.1536334e-02
   5.0250668e-02
   4.7582353e-02
   5.3541014e-02
   5.1273334e-02
   4.6915055e-02
   5.0734533e-02
   5.1944103e-02
   5.5629048e-02
   5.2618584e-02
   5.1248425e-02
   4.7934858e-02
   4.9610995e-02
   4.7559736e-02
   5.1079465e-02
   5.7279854e-02
   4.9178654e-02
   5.5286979e-02
   5.4595737e-02
   5.4804859e-02
   4.8683827e-02
   4.8828866e-02
   5.4016119e-02
   5.1623418e-02
   4.8472117e-02
   5.3331717e-02
   4.4731296e-02
   4.8392741e-02
   4.8961596e-02
   4.9195394e-02
   5.4953884e-02
   4.8274573e-02
   5.2749906e-02
   4.9625457e-02
   4.8591129e-02
   4.3403490e-02
   4.7423463e-02
   4.5188794e-02
   4.9285860e-02
   4.9243893e-02
   5.0015533e-02
   4.9539978e-02
   5.8857585e-02
   5.2342975e-02
   4.4264259e-02
   5.5356716e-02
   5.1088829e-02
   5.1657240e-02
   4.9969419e-02
   5.4865278e-02
   4.8623963e-02
   5.5417471e-02
   5.2266219e-02
   5.0986173e-02
   4.8402533e-02
   4.7379138e-02
   5.0806956e-02
   5.7202196e-02
   5.0663076e-02
   4.5860355e-02
   5.3100601e-02
   5.0959066e-02
   5.0913578e-02
   5.4911500e-02
   4.7229187e-02
   4.8180749e-02
