   2.7034635e-01
   2.6743138e-01
   2.6820365e-01
   2.7478992e-01
   2.6094776e-01
   2.7132251e-01
   2.5397836e-01
   2.7102140e-01
   2.5734543e-01
   2.6961984e-01
   2.7058039e-01
   2.7039118e-01
   2.7106462e-01
   2.6969202e-01
   2.5800646e-01
   2.6081643e-01
   2.6784759e-01
   2.6738597e-01
   2.6469849e-01
   2.6864452e-01
   2.7152768e-01
   2.6166075e-01
   2.6905660e-01
   2.6226620e-01
   2.5419022e-01
   2.6848365e-01
   2.6447272e-01
   2.7435512e-01
   2.5797312e-01
   2.7460951e-01
   2.7062356e-01
   2.6715061e-01
   2.6279406e-01
   2.6345197e-01
   2.6165490e-01
   2.6869341e-01
   2.7009836e-01
   2.6454064e-01
   2.6395297e-01
   2.5838136e-01
   2.6960384e-01
   2.6756434e-01
   2.6396445e-01
   2.7095061e-01
   2.5813908e-01
   2.6582815e-01
   2.6161457e-01
   2.6798997e-01
   2.6390293e-01
   2.6526933e-01
   2.6754253e-01
   2.6761425e-01
   2.6802669e-01
   2.6880989e-01
   2.6369057e-01
   2.6274778e-01
   2.6311424e-01
   2.6877137e-01
   2.6957578e-01
   2.7414519e-01
   2.5692675e-01
   2.7692980e-01
   2.6869899e-01
   2.5239193e-01
   2.5948084e-01
   2.7730616e-01
   2.6563750e-01
   2.7003927e-01
   2.6912053e-01
   2.7027418e-01
   2.7084267e-01
   2.6006625e-01
   2.6740576e-01
   2.7232769e-01
   2.6778043e-01
   2.7367274e-01
   2.6133672e-01
   2.7240859e-01
   2.6693527e-01
   2.6900948e-01
   2.5083012e-01
   2.5834777e-01
   2.5516020e-01
   2.6311826e-01
   2.7001612e-01
   2.7185821e-01
   2.6199731e-01
   2.5155972e-01
   2.6349203e-01
   2.6690681e-01
   2.7043857e-01
   2.6933352e-01
   2.5082020e-01
   2.7011402e-01
   2.7414911e-01
   2.7499458e-01
   2.6814236e-01
   2.5990877e-01
   2.6473749e-01
   2.5758505e-01
   2.5542109e-01
   2.6728130e-01
   2.5992045e-01
   2.7441977e-01
   2.7469900e-01
   2.6894966e-01
   2.6938331e-01
   2.7485067e-01
   2.7881442e-01
   2.5452177e-01
   2.5844439e-01
   2.5858819e-01
   2.6524837e-01
   2.6724594e-01
   2.6760188e-01
   2.7162991e-01
   2.6725651e-01
   2.7740832e-01
   2.6850251e-01
   2.8047826e-01
   2.5135084e-01
   2.6963323e-01
   2.6648933e-01
   2.6214433e-01
   2.6164101e-01
   2.7145814e-01
   2.6516043e-01
   2.5905649e-01
   2.7787735e-01
   2.6026607e-01
   2.6817519e-01
   2.7540543e-01
   2.7933273e-01
   2.5839007e-01
   2.6070900e-01
   2.6963623e-01
   2.6843100e-01
   2.6100515e-01
   2.7440446e-01
   2.6997683e-01
   2.6034109e-01
   2.6290474e-01
   2.7203535e-01
   2.7007462e-01
   2.7161950e-01
   2.6636787e-01
   2.6790614e-01
   2.6215570e-01
   2.7146817e-01
   2.6669830e-01
   2.7040529e-01
   2.6750320e-01
   2.6391169e-01
   2.6274745e-01
   2.6245971e-01
   2.7390272e-01
   2.7192327e-01
   2.6385087e-01
   2.6499534e-01
   2.7355018e-01
   2.7055714e-01
   2.7275810e-01
   2.7525677e-01
   2.7365205e-01
   2.6590756e-01
   2.6430502e-01
   2.7337746e-01
   2.5954328e-01
   2.7139002e-01
   2.6639787e-01
   2.6233390e-01
   2.5920151e-01
   2.6460643e-01
   2.6495025e-01
   2.6460149e-01
   2.6984403e-01
   2.6821885e-01
   2.7115090e-01
   2.6562017e-01
   2.6631836e-01
   2.7011114e-01
   2.6630238e-01
   2.6786242e-01
   2.5873794e-01
   2.6054470e-01
   2.6838647e-01
   2.6044113e-01
   2.6072102e-01
   2.7131193e-01
   2.6562245e-01
   2.7675100e-01
   2.6603767e-01
   2.6908344e-01
   2.6719159e-01
   2.7882738e-01
   2.7145484e-01
   2.7136010e-01
   2.7084404e-01
   2.6535882e-01
   2.5090215e-01
   2.5434280e-01
   2.7827188e-01
   2.6973884e-01
   2.5987337e-01
   2.6270370e-01
   2.6407258e-01
   2.6723974e-01
   2.6491792e-01
   2.6352607e-01
   2.6874280e-01
   2.6864153e-01
   2.6703047e-01
   2.7873372e-01
   2.6940061e-01
   2.6263686e-01
   2.6958321e-01
   2.7247451e-01
   2.6633443e-01
   2.5223825e-01
   2.6509114e-01
   2.6896236e-01
   2.6165168e-01
   2.7121065e-01
   2.7100898e-01
   2.6639438e-01
   2.7111502e-01
   2.7164306e-01
   2.5261987e-01
   2.6499835e-01
   2.7559307e-01
   2.6173262e-01
   2.6016698e-01
   2.6710289e-01
   2.7149737e-01
   2.6814129e-01
   2.7297609e-01
   2.6258131e-01
   2.7528044e-01
   2.7171356e-01
   2.6280832e-01
   2.6175491e-01
   2.7215166e-01
   2.6393241e-01
   2.7341668e-01
   2.6949130e-01
   2.5367293e-01
   2.7237172e-01
   2.6749621e-01
   2.6829725e-01
   2.7158393e-01
   2.7189247e-01
   2.7104523e-01
   2.5588872e-01
   2.5194057e-01
   2.7253350e-01
   2.6649246e-01
   2.7169278e-01
   2.7153237e-01
   2.6931814e-01
   2.6680614e-01
   2.7528051e-01
   2.5207565e-01
   2.6474435e-01
   2.7262412e-01
   2.5213089e-01
   2.6171059e-01
   2.6262846e-01
   2.7077892e-01
   2.7156038e-01
   2.6022776e-01
   2.7546608e-01
   2.6273067e-01
   2.6704482e-01
   2.7182918e-01
   2.7689176e-01
   2.6961675e-01
   2.5595828e-01
   2.7115734e-01
   2.6693677e-01
   2.5843626e-01
   2.6249352e-01
   2.6036395e-01
   2.7112637e-01
   2.6662584e-01
   2.7344437e-01
   2.6151369e-01
   2.6582610e-01
   2.6340890e-01
   2.7214134e-01
   2.7294977e-01
   2.6332767e-01
   2.6972381e-01
   2.6297932e-01
   2.6460162e-01
   2.7203363e-01
   2.6339857e-01
   2.7470474e-01
   2.6134539e-01
   2.5535312e-01
   2.6697973e-01
