   4.0808974e-02
   4.2611261e-02
   4.2790345e-02
   4.0442687e-02
   4.4386782e-02
   4.0392738e-02
   4.6937933e-02
   4.3175223e-02
   4.2000393e-02
   4.2794677e-02
   4.4033357e-02
   4.1910498e-02
   4.2698128e-02
   3.6916900e-02
   4.6770985e-02
   4.2952894e-02
   3.7741714e-02
   4.8445355e-02
   4.2661410e-02
   4.5268014e-02
   4.2072609e-02
   4.2867683e-02
   4.0857537e-02
   4.7624339e-02
   4.3683445e-02
   4.4491807e-02
   4.1137779e-02
   4.3121249e-02
   4.8638767e-02
   3.7782618e-02
   4.2146756e-02
   4.1029558e-02
   4.6173824e-02
   4.2223223e-02
   3.8921010e-02
   4.4395364e-02
   4.3199452e-02
   4.0344195e-02
   4.7813935e-02
   4.6030648e-02
   4.7642194e-02
   4.2164810e-02
   4.2822197e-02
   4.0739465e-02
   3.9336345e-02
   4.6909711e-02
   4.8881475e-02
   4.2482913e-02
   4.5110600e-02
   4.2728357e-02
   4.4556905e-02
   4.6994135e-02
   4.5887222e-02
   4.4285111e-02
   4.6668146e-02
   4.6301435e-02
   4.4629431e-02
   3.9341198e-02
   4.2024381e-02
   3.7796658e-02
   4.2314604e-02
   3.9400726e-02
   4.2936024e-02
   3.9389337e-02
   4.3457825e-02
   4.3614255e-02
   4.0545379e-02
   4.8394211e-02
   4.3865087e-02
   4.6607751e-02
   4.0197804e-02
   4.1869304e-02
   4.2662405e-02
   4.6653641e-02
   4.7409301e-02
   4.1506315e-02
   4.3625193e-02
   4.2091548e-02
   4.3443470e-02
   4.5796613e-02
   3.9617555e-02
   4.2891680e-02
   4.2506963e-02
   4.3947343e-02
   3.8693013e-02
   3.7403131e-02
   3.8442837e-02
   3.9394587e-02
   3.8480833e-02
   4.1580629e-02
   4.1757464e-02
   3.7660956e-02
   4.5320068e-02
   4.1081435e-02
   4.7951765e-02
   4.7345722e-02
   4.2734223e-02
   4.5086150e-02
   4.3072088e-02
   4.8008283e-02
   4.5422510e-02
   3.6619441e-02
   4.2179135e-02
   4.2555156e-02
   3.8394452e-02
   3.9554901e-02
   4.1379547e-02
   4.0656896e-02
   4.4040793e-02
   4.1884350e-02
   4.3136936e-02
   4.6457839e-02
   4.4220804e-02
   4.1614281e-02
   4.3857495e-02
   4.9915105e-02
   3.9115001e-02
   4.4692234e-02
   4.5646430e-02
   4.7468549e-02
   3.9364374e-02
   4.3112027e-02
   4.1670257e-02
   4.5623180e-02
   4.0053604e-02
   4.4227946e-02
   4.4519242e-02
   4.7426038e-02
   4.8435805e-02
   4.2951263e-02
   4.6284128e-02
   4.2131720e-02
   4.0167040e-02
   4.0576742e-02
   4.4352243e-02
   4.0786036e-02
   4.5298701e-02
   4.4332419e-02
   3.7946715e-02
   4.7671116e-02
   4.3541592e-02
   4.1710023e-02
   4.7813719e-02
   4.4820149e-02
   4.1861755e-02
   4.3166798e-02
   4.1715856e-02
   4.7947562e-02
   3.9939592e-02
   4.4768760e-02
   4.4705849e-02
   4.1505070e-02
   4.4899670e-02
   4.0220152e-02
   4.3014868e-02
   4.2084435e-02
   4.0864674e-02
   4.6830879e-02
   4.3128982e-02
   4.3646142e-02
   3.8815134e-02
   4.1239087e-02
   4.6681951e-02
   4.3107552e-02
   4.9808338e-02
   4.1927055e-02
   4.5750362e-02
   4.0921490e-02
   3.9428099e-02
   4.2582687e-02
   3.7319825e-02
   4.6328510e-02
   4.2482754e-02
   4.8260923e-02
   3.7273640e-02
   4.7726155e-02
   4.8230996e-02
   4.5879358e-02
   4.9428971e-02
   4.3834482e-02
   4.1840935e-02
   4.1085068e-02
   3.6872789e-02
   4.1736719e-02
   4.5751862e-02
   4.2528716e-02
   4.6936999e-02
   4.5922888e-02
   4.5832473e-02
   4.2462366e-02
   4.7964836e-02
   4.7305201e-02
   4.4927406e-02
   4.3391301e-02
   4.1219434e-02
   4.4464240e-02
   4.1767235e-02
   3.6233135e-02
   3.9611964e-02
   3.6957030e-02
   4.3671380e-02
   3.8214164e-02
   4.4899629e-02
   4.7659144e-02
   4.1029490e-02
   4.0150402e-02
   4.8684079e-02
   4.1701992e-02
   4.3841309e-02
   4.9281485e-02
   4.3976636e-02
   4.3855574e-02
   3.7368234e-02
   3.8161225e-02
   4.6495974e-02
   4.1583722e-02
   4.7522004e-02
   4.1185544e-02
   4.0320924e-02
   4.7700394e-02
   4.4048631e-02
   4.2564601e-02
   4.2556675e-02
   3.9087034e-02
   4.8892643e-02
   4.5441381e-02
   4.7435439e-02
   4.3569276e-02
   4.4993031e-02
   4.4861445e-02
   4.3641662e-02
   4.1036355e-02
   3.9590887e-02
   4.0355360e-02
   4.1419820e-02
   4.0875021e-02
   3.7554781e-02
   4.1794421e-02
   4.6684067e-02
   4.5946151e-02
   4.3861682e-02
   4.4881312e-02
   4.4414441e-02
   4.5605807e-02
   4.0672724e-02
   4.3620954e-02
   4.2476953e-02
   4.7445333e-02
   4.7122894e-02
   3.9913125e-02
   4.8649476e-02
   4.1220663e-02
   4.1191903e-02
   3.8956175e-02
   4.1582749e-02
   4.3247439e-02
   4.6227240e-02
   3.9513307e-02
   5.0863723e-02
   4.4716274e-02
   4.1738297e-02
   4.4981859e-02
   4.5670852e-02
   4.3938526e-02
   4.8390946e-02
   4.4255295e-02
   4.2426776e-02
   3.8132328e-02
   4.5335964e-02
   4.5240478e-02
   4.4037575e-02
   4.1193677e-02
   3.9370332e-02
   4.1513787e-02
   4.2312404e-02
   4.6990863e-02
   4.9896132e-02
   3.9839940e-02
   4.7966834e-02
   4.3422612e-02
   4.3842595e-02
   3.9716253e-02
   3.9172835e-02
   4.0972451e-02
   4.3864647e-02
   4.5921902e-02
   4.5146371e-02
   4.9407417e-02
   4.1423346e-02
   4.1935197e-02
   4.1964042e-02
   4.3771206e-02
   4.8159986e-02
   4.9935484e-02
   3.8374003e-02
   4.3322632e-02
   4.3930646e-02
   4.3547255e-02
   4.5172049e-02
   4.0181873e-02
