   3.8640454e-02
   3.6183343e-02
   3.7054621e-02
   3.8244340e-02
   3.6373159e-02
   3.5583580e-02
   3.8881244e-02
   3.9681508e-02
   3.8031744e-02
   3.7906197e-02
   4.2235951e-02
   3.8230225e-02
   3.5995612e-02
   3.9608143e-02
   3.5157815e-02
   3.6057396e-02
   3.8288464e-02
   3.7999409e-02
   3.9745392e-02
   3.5735503e-02
   4.1928074e-02
   3.6129694e-02
   3.9038210e-02
   3.9655973e-02
   4.0360277e-02
   3.8623303e-02
   4.2016574e-02
   3.5113677e-02
   3.8427420e-02
   3.6343324e-02
   3.8221674e-02
   3.6218337e-02
   4.1061245e-02
   3.7828279e-02
   3.7866807e-02
   3.6184857e-02
   3.5017346e-02
   3.5530867e-02
   3.8404031e-02
   3.8820004e-02
   3.6535739e-02
   4.0186382e-02
   3.9269034e-02
   4.2258341e-02
   4.0280433e-02
   3.6065460e-02
   4.1769575e-02
   4.1401137e-02
   3.7207924e-02
   3.6767166e-02
   3.6295605e-02
   4.2635916e-02
   4.1353294e-02
   4.1839493e-02
   3.8787282e-02
   4.1271437e-02
   3.7893899e-02
   3.4955755e-02
   3.6942621e-02
   4.1971358e-02
   3.6201071e-02
   4.2207948e-02
   3.8085227e-02
   3.9217006e-02
   4.0207776e-02
   3.5900910e-02
   4.1163354e-02
   3.8546868e-02
   3.6984856e-02
   4.2685333e-02
   3.8138141e-02
   3.9827030e-02
   3.7282054e-02
   3.7906931e-02
   3.7385788e-02
   3.9435141e-02
   3.7934908e-02
   3.8959956e-02
   3.4959297e-02
   3.7960077e-02
   3.8964929e-02
   3.7511194e-02
   3.4669595e-02
   3.8137550e-02
   3.5969754e-02
   3.7935341e-02
   3.9068259e-02
   3.8350710e-02
   3.9072008e-02
   3.7892905e-02
   3.7492662e-02
   3.5285707e-02
   4.1622049e-02
   3.6786672e-02
   3.8354089e-02
   3.5610079e-02
   3.9357025e-02
   3.7691815e-02
   4.2018384e-02
   4.1940879e-02
   3.5243856e-02
   4.1305422e-02
   4.0582830e-02
   3.7957528e-02
   3.6407164e-02
   4.1300569e-02
   3.6680835e-02
   3.5861145e-02
   4.1504211e-02
   3.8304296e-02
   3.9263086e-02
   3.7924522e-02
   3.8103503e-02
   3.9898321e-02
   3.6759084e-02
   3.5051074e-02
   3.7686123e-02
   3.5075862e-02
   4.0187239e-02
   3.8787343e-02
   3.8820757e-02
   3.7509924e-02
   3.6312793e-02
   3.8928421e-02
   3.7746550e-02
   3.5163412e-02
   3.8335060e-02
   3.5767146e-02
   4.0848471e-02
   3.9556814e-02
   4.1800883e-02
   3.6556266e-02
   3.8639619e-02
   3.8275508e-02
   3.7949930e-02
   4.0266323e-02
   3.7413328e-02
   3.9107716e-02
   4.0772763e-02
   3.7559905e-02
   4.1069589e-02
   4.2237526e-02
   4.0439599e-02
   3.4884559e-02
   3.7297884e-02
   3.9756732e-02
   4.1788788e-02
   3.8529025e-02
   4.1801119e-02
   3.9271319e-02
   3.8977186e-02
   3.9372010e-02
   3.7659918e-02
   4.0263992e-02
   3.7616363e-02
   3.9514420e-02
   3.5870690e-02
   3.8512599e-02
   3.6664152e-02
   3.5894907e-02
   3.7065768e-02
   3.8031730e-02
   4.1435511e-02
   3.9206523e-02
   3.8529515e-02
   3.5482830e-02
   3.6593032e-02
   3.5792603e-02
   3.8053466e-02
   3.8211526e-02
   3.9439152e-02
   3.6828341e-02
   3.8201479e-02
   3.4765471e-02
   3.6884668e-02
   3.5969285e-02
   3.4959582e-02
   3.7890375e-02
   3.8433256e-02
   3.8688390e-02
   3.7560849e-02
   3.9376163e-02
   3.8104597e-02
   3.7944455e-02
   3.6283347e-02
   3.8685674e-02
   4.0355106e-02
   3.5686417e-02
   3.5878052e-02
   3.9160482e-02
   4.1778277e-02
   3.8276039e-02
   3.8176375e-02
   4.1642806e-02
   3.8828445e-02
   3.8132321e-02
   3.6270210e-02
   3.9817408e-02
   3.6015563e-02
   3.7208754e-02
   3.7241766e-02
   3.6806996e-02
   3.6267180e-02
   3.5675461e-02
   4.0271182e-02
   3.8923023e-02
   3.4617927e-02
   3.5110596e-02
   3.8110930e-02
   3.5509788e-02
   3.5865817e-02
   3.7743824e-02
   4.0908775e-02
   3.7690931e-02
   3.7879002e-02
   3.5809890e-02
   4.1982578e-02
   4.1139826e-02
   3.7569154e-02
   4.1585434e-02
   3.4769547e-02
   3.7008252e-02
   3.7973333e-02
   4.1176040e-02
   3.5724352e-02
   3.5953120e-02
   3.8243133e-02
   3.8654813e-02
   4.1660113e-02
   3.6026315e-02
   3.6114124e-02
   4.0975090e-02
   3.8449980e-02
   3.9015351e-02
   3.7900018e-02
   3.8766594e-02
   3.7947589e-02
   3.9854831e-02
   3.7297361e-02
   3.9163019e-02
   3.7563755e-02
   3.8255399e-02
   3.9801647e-02
   3.6326632e-02
   3.7996486e-02
   4.0808835e-02
   3.6729831e-02
   3.7876430e-02
   3.4825982e-02
   3.7797650e-02
   3.9596684e-02
   3.6853743e-02
   3.6997384e-02
   3.7865372e-02
   3.9978190e-02
   4.1192712e-02
   3.6030506e-02
   3.9809945e-02
   3.8774749e-02
   3.6429186e-02
   3.6831986e-02
   3.9683307e-02
   3.7326287e-02
   3.6405681e-02
   3.7507095e-02
   3.4856893e-02
   3.9797595e-02
   3.4630908e-02
   3.5057390e-02
   3.7704077e-02
   3.9275327e-02
   4.0755443e-02
   3.7241218e-02
   3.8381324e-02
   3.9143631e-02
   3.7550857e-02
   3.8898770e-02
   4.0876797e-02
   3.9070553e-02
   4.1338674e-02
   4.1309672e-02
   4.0378646e-02
   3.9189481e-02
   3.6355178e-02
   4.1969590e-02
   3.6539193e-02
   4.1323481e-02
   4.0238715e-02
   4.1303071e-02
   3.6197222e-02
   3.6147715e-02
   4.1704635e-02
   3.8019966e-02
   3.6867425e-02
   3.7375770e-02
   3.5965239e-02
   3.5749269e-02
   3.8263264e-02
   3.6690077e-02
   4.1834476e-02
