   3.4077189e-02
   3.4143891e-02
   3.4251538e-02
   3.4343635e-02
   3.4295296e-02
   3.4308256e-02
   3.4349610e-02
   3.4537053e-02
   3.4476206e-02
   3.3978042e-02
   3.4033004e-02
   3.4369451e-02
   3.4174976e-02
   3.3762941e-02
   3.4365072e-02
   3.4220637e-02
   3.4372646e-02
   3.4378708e-02
   3.4438775e-02
   3.4079456e-02
   3.4400403e-02
   3.4154438e-02
   3.3858666e-02
   3.4410684e-02
   3.4316451e-02
   3.4448286e-02
   3.4212522e-02
   3.4308203e-02
   3.4537012e-02
   3.4282303e-02
   3.4347086e-02
   3.4059788e-02
   3.3824220e-02
   3.4156036e-02
   3.4193651e-02
   3.4163200e-02
   3.4354530e-02
   3.4170699e-02
   3.3960885e-02
   3.4277247e-02
   3.4356492e-02
   3.4390424e-02
   3.4378960e-02
   3.4269338e-02
   3.4027827e-02
   3.4249142e-02
   3.4536092e-02
   3.4100473e-02
   3.4233356e-02
   3.4381371e-02
   3.4453496e-02
   3.4161050e-02
   3.4403423e-02
   3.3957961e-02
   3.3765171e-02
   3.3935973e-02
   3.4458636e-02
   3.4249493e-02
   3.4029190e-02
   3.4463229e-02
   3.4033130e-02
   3.3979432e-02
   3.4309796e-02
   3.4364158e-02
   3.4565526e-02
   3.3641040e-02
   3.4179603e-02
   3.4148953e-02
   3.4263429e-02
   3.4129003e-02
   3.4049045e-02
   3.4396693e-02
   3.4136275e-02
   3.4310357e-02
   3.4200105e-02
   3.4391849e-02
   3.4376286e-02
   3.4259051e-02
   3.3589635e-02
   3.4481778e-02
   3.4066207e-02
   3.4373873e-02
   3.4419257e-02
   3.4296556e-02
   3.4372737e-02
   3.4483632e-02
   3.3981946e-02
   3.4411134e-02
   3.3865062e-02
   3.4392954e-02
   3.4498806e-02
   3.4205299e-02
   3.4373787e-02
   3.4154485e-02
   3.4249771e-02
   3.4229372e-02
   3.4214076e-02
   3.4175024e-02
   3.3986547e-02
   3.4408688e-02
   3.4202128e-02
   3.4368948e-02
   3.4337611e-02
   3.4393462e-02
   3.4138681e-02
   3.4201062e-02
   3.4251735e-02
   3.4141576e-02
   3.4477064e-02
   3.4406032e-02
   3.4112241e-02
   3.4137967e-02
   3.3991480e-02
   3.3896230e-02
   3.4158039e-02
   3.4144827e-02
   3.4434587e-02
   3.3923805e-02
   3.4000860e-02
   3.3911633e-02
   3.4096319e-02
   3.3959183e-02
   3.4055086e-02
   3.4169289e-02
   3.4358912e-02
   3.4247954e-02
   3.4165941e-02
   3.3810993e-02
   3.4530630e-02
   3.4116005e-02
   3.4098350e-02
   3.4300042e-02
   3.4405679e-02
   3.4446630e-02
   3.4393601e-02
   3.4185903e-02
   3.4519761e-02
   3.4019516e-02
   3.4118806e-02
   3.4281247e-02
   3.4003492e-02
   3.4559147e-02
   3.4165139e-02
   3.4349646e-02
   3.4128957e-02
   3.4248917e-02
   3.4574370e-02
   3.3600563e-02
   3.4078871e-02
   3.4189141e-02
   3.4556732e-02
   3.4334093e-02
   3.3877897e-02
   3.4260824e-02
   3.3885229e-02
   3.4548468e-02
   3.4015773e-02
   3.3954187e-02
   3.4245241e-02
   3.4268157e-02
   3.4341871e-02
   3.3998643e-02
   3.4568126e-02
   3.3813976e-02
   3.4351182e-02
   3.4344623e-02
   3.4550732e-02
   3.4101960e-02
   3.4234258e-02
   3.4301782e-02
   3.4401148e-02
   3.3530206e-02
   3.4314597e-02
   3.3839867e-02
   3.4210796e-02
   3.4132368e-02
   3.4137877e-02
   3.3805164e-02
   3.4256544e-02
   3.4487953e-02
   3.4410506e-02
   3.4570771e-02
   3.3956793e-02
   3.4374621e-02
   3.4097116e-02
   3.4279990e-02
   3.4188763e-02
   3.4168048e-02
   3.4108492e-02
   3.4309116e-02
   3.3562516e-02
   3.3771090e-02
   3.4111617e-02
   3.4434324e-02
   3.4239213e-02
   3.4396819e-02
   3.3995084e-02
   3.4429333e-02
   3.4526838e-02
   3.4112230e-02
   3.4504605e-02
   3.4541668e-02
   3.3977302e-02
   3.4205816e-02
   3.4471690e-02
   3.4406925e-02
   3.4165613e-02
   3.4415085e-02
   3.4175521e-02
   3.4546272e-02
   3.3962885e-02
   3.4043529e-02
   3.4218520e-02
   3.3552229e-02
   3.4519368e-02
   3.4129799e-02
   3.4075122e-02
   3.4353078e-02
   3.4420278e-02
   3.3974778e-02
   3.3585592e-02
   3.4259831e-02
   3.4450630e-02
   3.4001595e-02
   3.4312885e-02
   3.4475322e-02
   3.4196738e-02
   3.3882021e-02
   3.4085183e-02
   3.4222779e-02
   3.4191813e-02
   3.4260271e-02
   3.3730352e-02
   3.3740279e-02
   3.3905438e-02
   3.3825598e-02
   3.4419892e-02
   3.4490534e-02
   3.4269281e-02
   3.3674185e-02
   3.4302669e-02
   3.3982021e-02
   3.4103235e-02
   3.3566753e-02
   3.4066875e-02
   3.4392190e-02
   3.4258656e-02
   3.4202210e-02
   3.4397288e-02
   3.4167453e-02
   3.4377812e-02
   3.4340917e-02
   3.4175952e-02
   3.4246445e-02
   3.4187736e-02
   3.3945405e-02
   3.4411867e-02
   3.4414131e-02
   3.4111062e-02
   3.4282075e-02
   3.4249515e-02
   3.4166632e-02
   3.4423891e-02
   3.4570395e-02
   3.4524559e-02
   3.3892904e-02
   3.4228381e-02
   3.3947331e-02
   3.4176125e-02
   3.4378950e-02
   3.3683067e-02
   3.4331811e-02
   3.4027755e-02
   3.4247556e-02
   3.4109982e-02
   3.3987116e-02
   3.3523258e-02
   3.4122077e-02
   3.4213399e-02
   3.3809511e-02
   3.3904397e-02
   3.4298067e-02
   3.3985854e-02
   3.4179758e-02
   3.4012842e-02
   3.4262946e-02
   3.4454950e-02
   3.4420845e-02
   3.4399281e-02
   3.3785743e-02
   3.4206862e-02
   3.4246190e-02
   3.4006634e-02
   3.4175905e-02
   3.4260453e-02
   3.3751442e-02
   3.4074200e-02
   3.4275008e-02
   3.4191792e-02
   3.4150468e-02
