   2.5232128e-01
   2.5567121e-01
   2.5818680e-01
   2.5536252e-01
   2.5434923e-01
   2.5605336e-01
   2.5400586e-01
   2.5192167e-01
   2.5510715e-01
   2.5710616e-01
   2.4847667e-01
   2.5402873e-01
   2.5422527e-01
   2.6575939e-01
   2.5379474e-01
   2.5513528e-01
   2.5018972e-01
   2.5299988e-01
   2.5342301e-01
   2.5990443e-01
   2.5850683e-01
   2.6156179e-01
   2.5559362e-01
   2.5084055e-01
   2.5705282e-01
   2.4805917e-01
   2.5363356e-01
   2.5557111e-01
   2.5474538e-01
   2.5379301e-01
   2.5146452e-01
   2.6262375e-01
   2.5428848e-01
   2.6556159e-01
   2.5524059e-01
   2.5278778e-01
   2.6080082e-01
   2.4949740e-01
   2.6559509e-01
   2.5558529e-01
   2.6101937e-01
   2.5631976e-01
   2.5385355e-01
   2.5601162e-01
   2.5745308e-01
   2.5567940e-01
   2.6083198e-01
   2.6027863e-01
   2.6310552e-01
   2.5587476e-01
   2.5310588e-01
   2.5420092e-01
   2.6063915e-01
   2.5519964e-01
   2.5507961e-01
   2.5330733e-01
   2.5418864e-01
   2.6351778e-01
   2.5961410e-01
   2.5247877e-01
   2.6104878e-01
   2.5365264e-01
   2.5612313e-01
   2.5400964e-01
   2.5394745e-01
   2.4937670e-01
   2.6125669e-01
   2.5968945e-01
   2.5579955e-01
   2.5427567e-01
   2.5615485e-01
   2.5794378e-01
   2.5865736e-01
   2.6353054e-01
   2.6248607e-01
   2.5316795e-01
   2.5375592e-01
   2.5392015e-01
   2.5430096e-01
   2.5518047e-01
   2.5455511e-01
   2.5527160e-01
   2.5230512e-01
   2.5974909e-01
   2.6080745e-01
   2.5647393e-01
   2.6564814e-01
   2.6003877e-01
   2.4841015e-01
   2.4920654e-01
   2.6538269e-01
   2.6087443e-01
   2.5528741e-01
   2.5415313e-01
   2.5453078e-01
   2.5438015e-01
   2.5603548e-01
   2.5745324e-01
   2.4829510e-01
   2.5454276e-01
   2.5808733e-01
   2.5518395e-01
   2.5229989e-01
   2.5429933e-01
   2.4824510e-01
   2.5962050e-01
   2.5690127e-01
   2.5459331e-01
   2.5135701e-01
   2.5302078e-01
   2.5606737e-01
   2.5354594e-01
   2.5490570e-01
   2.5633652e-01
   2.5963296e-01
   2.5137029e-01
   2.5501828e-01
   2.5845436e-01
   2.5789764e-01
   2.4911141e-01
   2.5405105e-01
   2.5539657e-01
   2.5449403e-01
   2.5372249e-01
   2.5384934e-01
   2.5411186e-01
   2.6094195e-01
   2.5148931e-01
   2.5383200e-01
   2.5993077e-01
   2.5701244e-01
   2.5570347e-01
   2.5415587e-01
   2.5368693e-01
   2.4818461e-01
   2.5861683e-01
   2.5493712e-01
   2.5300957e-01
   2.5019825e-01
   2.5366818e-01
   2.5078641e-01
   2.6017358e-01
   2.6209418e-01
   2.5466430e-01
   2.5517876e-01
   2.5165108e-01
   2.5662960e-01
   2.5914614e-01
   2.5605174e-01
   2.4904976e-01
   2.5664450e-01
   2.5402186e-01
   2.5335452e-01
   2.5716419e-01
   2.5364695e-01
   2.6081317e-01
   2.5017331e-01
   2.4895934e-01
   2.5923846e-01
   2.6322762e-01
   2.5284900e-01
   2.4927239e-01
   2.5255761e-01
   2.5205869e-01
   2.5431427e-01
   2.5410312e-01
   2.5408406e-01
   2.6019052e-01
   2.6069224e-01
   2.5962620e-01
   2.6332650e-01
   2.6239150e-01
   2.5579110e-01
   2.5690248e-01
   2.5217057e-01
   2.5419551e-01
   2.4842395e-01
   2.4904002e-01
   2.5429013e-01
   2.6100894e-01
   2.4984194e-01
   2.4962809e-01
   2.4834666e-01
   2.5222818e-01
   2.4957128e-01
   2.4980869e-01
   2.5769315e-01
   2.5989158e-01
   2.5607389e-01
   2.5416410e-01
   2.6413995e-01
   2.5646660e-01
   2.5628070e-01
   2.5362798e-01
   2.5362379e-01
   2.5961271e-01
   2.6136089e-01
   2.5379196e-01
   2.5431582e-01
   2.6177931e-01
   2.5072155e-01
   2.6495525e-01
   2.5441582e-01
   2.5396856e-01
   2.6010917e-01
   2.5372521e-01
   2.5763237e-01
   2.5940266e-01
   2.6132718e-01
   2.5354477e-01
   2.5479419e-01
   2.4944775e-01
   2.5704667e-01
   2.5760239e-01
   2.5137855e-01
   2.5574051e-01
   2.5573347e-01
   2.5619018e-01
   2.5358431e-01
   2.5560648e-01
   2.6028085e-01
   2.4865770e-01
   2.5752711e-01
   2.5071385e-01
   2.5048492e-01
   2.5516952e-01
   2.5635172e-01
   2.5658482e-01
   2.5801648e-01
   2.5710580e-01
   2.4921065e-01
   2.5643633e-01
   2.5164212e-01
   2.6305087e-01
   2.5708776e-01
   2.5728841e-01
   2.5393457e-01
   2.4868625e-01
   2.5614096e-01
   2.5859092e-01
   2.5537691e-01
   2.5360145e-01
   2.5518425e-01
   2.5620697e-01
   2.5982475e-01
   2.5310353e-01
   2.6484534e-01
   2.5363251e-01
   2.5326739e-01
   2.6018274e-01
   2.5420911e-01
   2.5324306e-01
   2.5932099e-01
   2.5921781e-01
   2.5982311e-01
   2.5620714e-01
   2.6331050e-01
   2.5347889e-01
   2.5436200e-01
   2.6309272e-01
   2.5910655e-01
   2.6031965e-01
   2.5164021e-01
   2.6241160e-01
   2.4824456e-01
   2.6259929e-01
   2.6367149e-01
   2.5717965e-01
   2.4842769e-01
   2.5551955e-01
   2.5679797e-01
   2.6050300e-01
   2.5757638e-01
   2.5399143e-01
   2.5307020e-01
   2.4890229e-01
   2.6274873e-01
   2.5713066e-01
   2.5387905e-01
   2.5332513e-01
   2.5583647e-01
   2.5472033e-01
   2.5795374e-01
   2.4818965e-01
   2.5265352e-01
   2.5492219e-01
   2.5377752e-01
   2.5498366e-01
   2.5202756e-01
   2.4922336e-01
   2.6137539e-01
   2.5551036e-01
   2.5127481e-01
   2.5355380e-01
   2.5336022e-01
   2.5087904e-01
   2.6170481e-01
   2.6200859e-01
   2.6486886e-01
   2.5229296e-01
