   2.5412158e-02
   2.2678356e-02
   2.4922702e-02
   2.7312671e-02
   2.3355597e-02
   2.2104973e-02
   2.4646784e-02
   2.4579845e-02
   2.6258855e-02
   2.3665611e-02
   2.2929671e-02
   2.2908962e-02
   2.2743945e-02
   2.3621651e-02
   2.2747657e-02
   2.2539310e-02
   2.5235034e-02
   2.3554763e-02
   2.5235784e-02
   2.3173182e-02
   2.6375077e-02
   2.5739059e-02
   2.2352239e-02
   2.5869170e-02
   2.6288071e-02
   2.4279290e-02
   2.3654048e-02
   2.5649027e-02
   2.3713013e-02
   2.2117433e-02
   2.3047027e-02
   2.3774683e-02
   2.3462291e-02
   2.3993980e-02
   2.5239013e-02
   2.2751163e-02
   2.3302536e-02
   2.5740788e-02
   2.3812297e-02
   2.3943061e-02
   2.3924767e-02
   2.5181430e-02
   2.4600985e-02
   2.5636256e-02
   2.5676471e-02
   2.4738176e-02
   2.2758411e-02
   2.1932646e-02
   2.5688560e-02
   2.3832570e-02
   2.2941577e-02
   2.3538257e-02
   2.5290855e-02
   2.3621465e-02
   2.4862747e-02
   2.2854203e-02
   2.5771385e-02
   2.4306162e-02
   2.2287234e-02
   2.6599141e-02
   2.5269724e-02
   2.5281970e-02
   2.2544396e-02
   2.6594408e-02
   2.4821912e-02
   2.2339212e-02
   2.2532538e-02
   2.3970536e-02
   2.3967055e-02
   2.4954133e-02
   2.3791852e-02
   2.4870412e-02
   2.2762065e-02
   2.5574600e-02
   2.5681960e-02
   2.4342840e-02
   2.5523061e-02
   2.3413455e-02
   2.7189060e-02
   2.2074096e-02
   2.3102853e-02
   2.3495172e-02
   2.2402471e-02
   2.2675223e-02
   2.3068118e-02
   2.6875490e-02
   2.5209329e-02
   2.5588955e-02
   2.5290133e-02
   2.6271351e-02
   2.6760444e-02
   2.4351623e-02
   2.2551702e-02
   2.6948719e-02
   2.4947227e-02
   2.3377615e-02
   2.4638921e-02
   2.5183919e-02
   2.3052001e-02
   2.3670509e-02
   2.3094535e-02
   2.5083417e-02
   2.6454193e-02
   2.2446251e-02
   2.6138406e-02
   2.2652180e-02
   2.4609851e-02
   2.2431320e-02
   2.7204642e-02
   2.2968170e-02
   2.5064667e-02
   2.5615263e-02
   2.6064073e-02
   2.7204908e-02
   2.4225445e-02
   2.3159136e-02
   2.2053168e-02
   2.3465127e-02
   2.3235152e-02
   2.2589172e-02
   2.5217664e-02
   2.2013956e-02
   2.2820928e-02
   2.5026211e-02
   2.3304532e-02
   2.4567964e-02
   2.3160273e-02
   2.5883553e-02
   2.5709420e-02
   2.3145640e-02
   2.3704364e-02
   2.4459306e-02
   2.3065021e-02
   2.7798466e-02
   2.3787304e-02
   2.5238091e-02
   2.2400648e-02
   2.5676429e-02
   2.3587320e-02
   2.3894094e-02
   2.2414479e-02
   2.6657291e-02
   2.5251492e-02
   2.5151188e-02
   2.4450929e-02
   2.3275107e-02
   2.6280380e-02
   2.4179111e-02
   2.4966320e-02
   2.5772701e-02
   2.5143434e-02
   2.3541114e-02
   2.1984277e-02
   2.5603106e-02
   2.4110132e-02
   2.3179404e-02
   2.4905639e-02
   2.2638435e-02
   2.3917143e-02
   2.4269287e-02
   2.4697813e-02
   2.5384899e-02
   2.4910375e-02
   2.2632959e-02
   2.5327176e-02
   2.4125553e-02
   2.6556691e-02
   2.3462222e-02
   2.3044105e-02
   2.5244526e-02
   2.7372293e-02
   2.7366123e-02
   2.6254315e-02
   2.4134140e-02
   2.5014874e-02
   2.4829345e-02
   2.3460152e-02
   2.2616434e-02
   2.5240915e-02
   2.2040939e-02
   2.4109397e-02
   2.6832257e-02
   2.2130965e-02
   2.3814724e-02
   2.4599231e-02
   2.3410078e-02
   2.4130086e-02
   2.3175824e-02
   2.5973538e-02
   2.6127357e-02
   2.6163042e-02
   2.1984596e-02
   2.5609582e-02
   2.3585661e-02
   2.5198762e-02
   2.5283554e-02
   2.3890623e-02
   2.1950095e-02
   2.5727188e-02
   2.5024406e-02
   2.4594871e-02
   2.5168042e-02
   2.4337163e-02
   2.3614004e-02
   2.4615314e-02
   2.5552020e-02
   2.4906163e-02
   2.7171539e-02
   2.5785465e-02
   2.5859783e-02
   2.3947890e-02
   2.6306711e-02
   2.5269802e-02
   2.5377105e-02
   2.3950483e-02
   2.4049193e-02
   2.4823953e-02
   2.1915255e-02
   2.1931537e-02
   2.4779663e-02
   2.3532895e-02
   2.5738245e-02
   2.3624611e-02
   2.5647405e-02
   2.4321757e-02
   2.2315693e-02
   2.4260158e-02
   2.3896946e-02
   2.4053048e-02
   2.4983158e-02
   2.3408678e-02
   2.2249136e-02
   2.4030677e-02
   2.4895359e-02
   2.2297217e-02
   2.3238885e-02
   2.5088447e-02
   2.3824139e-02
   2.2767777e-02
   2.5551781e-02
   2.5387442e-02
   2.2677310e-02
   2.2672798e-02
   2.3900288e-02
   2.5247794e-02
   2.4740587e-02
   2.4165081e-02
   2.2121203e-02
   2.2255177e-02
   2.4878029e-02
   2.4043922e-02
   2.1999081e-02
   2.5635008e-02
   2.4856965e-02
   2.5602038e-02
   2.4602212e-02
   2.4409224e-02
   2.3034959e-02
   2.3860486e-02
   2.5402219e-02
   2.4383925e-02
   2.5975727e-02
   2.4678598e-02
   2.6365717e-02
   2.3877643e-02
   2.4283298e-02
   2.3777128e-02
   2.5451618e-02
   2.4639560e-02
   2.2655926e-02
   2.3574894e-02
   2.2795314e-02
   2.4573690e-02
   2.5813491e-02
   2.3669231e-02
   2.4382986e-02
   2.2658623e-02
   2.2709142e-02
   2.5338044e-02
   2.2272564e-02
   2.3550163e-02
   2.3551025e-02
   2.4886121e-02
   2.2268591e-02
   2.5050806e-02
   2.3897570e-02
   2.4081332e-02
   2.2293820e-02
   2.3545379e-02
   2.2932095e-02
   2.5084391e-02
   2.5080673e-02
   2.5019378e-02
   2.7127081e-02
   2.4992953e-02
   2.2463686e-02
   2.5174826e-02
   2.4683095e-02
   2.2678270e-02
   2.3004874e-02
