   4.3704324e-02
   4.6485024e-02
   4.8817201e-02
   4.8177489e-02
   4.3007569e-02
   4.2458638e-02
   4.2455961e-02
   4.2813143e-02
   4.8399860e-02
   4.2018001e-02
   4.0467440e-02
   4.0501968e-02
   4.0364647e-02
   4.4123759e-02
   4.5070631e-02
   4.2827640e-02
   4.6651111e-02
   4.2589488e-02
   4.5803838e-02
   4.2430146e-02
   4.0596305e-02
   4.3120163e-02
   4.7466893e-02
   3.9502148e-02
   4.9035807e-02
   4.0824018e-02
   4.1925234e-02
   4.1126199e-02
   4.2300979e-02
   4.1191603e-02
   4.6981307e-02
   4.9183136e-02
   4.4271322e-02
   4.5878253e-02
   4.1055339e-02
   4.8615513e-02
   4.1320348e-02
   4.5966239e-02
   4.0216286e-02
   4.0009971e-02
   4.0663929e-02
   4.2133087e-02
   4.2427784e-02
   4.6168251e-02
   4.5231751e-02
   4.6560330e-02
   3.9090181e-02
   4.0850080e-02
   4.3075440e-02
   4.5669469e-02
   4.1393052e-02
   5.0586724e-02
   4.7541882e-02
   4.5699211e-02
   4.3123373e-02
   4.6087632e-02
   4.7261749e-02
   4.4126920e-02
   4.1568522e-02
   4.7295014e-02
   4.6247068e-02
   4.8117273e-02
   4.0186514e-02
   4.2418802e-02
   4.2315837e-02
   4.3920007e-02
   4.3978194e-02
   4.1083694e-02
   4.3549207e-02
   4.1862009e-02
   4.6046799e-02
   4.8761446e-02
   4.2614465e-02
   4.8031184e-02
   4.2274453e-02
   4.1742928e-02
   4.8964177e-02
   4.8591665e-02
   4.4705336e-02
   4.4810390e-02
   4.2949292e-02
   4.8113248e-02
   4.6554695e-02
   4.0344695e-02
   4.3092109e-02
   4.2492608e-02
   4.8589215e-02
   4.0166681e-02
   3.9513259e-02
   4.0444928e-02
   4.8955199e-02
   4.3286218e-02
   4.4992216e-02
   4.8666630e-02
   3.8627743e-02
   3.9832529e-02
   4.4015119e-02
   4.5897396e-02
   4.5833319e-02
   4.3735135e-02
   4.3348925e-02
   4.7306922e-02
   4.6518404e-02
   3.9252498e-02
   4.7396229e-02
   4.7276824e-02
   4.5923339e-02
   4.2516428e-02
   5.1360995e-02
   4.8691030e-02
   4.6571653e-02
   4.3262657e-02
   4.1919581e-02
   4.0967077e-02
   4.5547684e-02
   4.1688700e-02
   3.9292835e-02
   4.6329663e-02
   4.4589439e-02
   4.4522393e-02
   4.0289459e-02
   4.7732426e-02
   4.9047360e-02
   4.6373734e-02
   4.6859932e-02
   4.0676415e-02
   4.2303313e-02
   4.6859272e-02
   4.3592485e-02
   4.7654647e-02
   4.7020687e-02
   4.2868025e-02
   4.1627408e-02
   3.9910858e-02
   3.9933523e-02
   4.2383240e-02
   4.3653396e-02
   3.9416428e-02
   4.5921634e-02
   4.5295144e-02
   4.1944428e-02
   4.0845418e-02
   4.1766387e-02
   4.9303801e-02
   4.8619659e-02
   3.9747043e-02
   4.3609518e-02
   4.7428983e-02
   4.6874867e-02
   4.1039016e-02
   4.2375395e-02
   4.0587577e-02
   4.0230852e-02
   4.0094945e-02
   4.1075258e-02
   4.4546152e-02
   4.4829630e-02
   4.7066548e-02
   4.7123499e-02
   4.8114234e-02
   4.5600011e-02
   3.9746478e-02
   4.6398634e-02
   4.9845850e-02
   4.6237621e-02
   4.0674184e-02
   3.9053617e-02
   4.8489257e-02
   4.7181728e-02
   4.4043705e-02
   4.4473214e-02
   3.8610984e-02
   4.8462805e-02
   3.9702324e-02
   4.8453105e-02
   4.6866337e-02
   4.4325350e-02
   4.6355017e-02
   4.5206978e-02
   3.9194033e-02
   4.6269223e-02
   4.0748133e-02
   4.5013894e-02
   4.7636196e-02
   4.3801369e-02
   4.1152453e-02
   3.9576047e-02
   4.2731743e-02
   5.1157133e-02
   4.7879270e-02
   3.9764790e-02
   4.5457152e-02
   4.5613018e-02
   4.0233413e-02
   4.6274352e-02
   4.0824816e-02
   4.0053680e-02
   4.7227646e-02
   4.3551016e-02
   4.0689903e-02
   4.6082360e-02
   4.3001043e-02
   4.2212406e-02
   4.2279312e-02
   4.8572138e-02
   3.9999278e-02
   4.0527365e-02
   4.4870401e-02
   4.1963714e-02
   5.0341871e-02
   4.6131476e-02
   4.4338797e-02
   4.9273820e-02
   4.1822575e-02
   4.5431719e-02
   4.0974626e-02
   3.9993738e-02
   4.5943018e-02
   4.1962630e-02
   4.7937774e-02
   4.8699362e-02
   4.5083732e-02
   3.9489202e-02
   4.5751943e-02
   4.1406632e-02
   4.3887570e-02
   3.9497440e-02
   4.7856005e-02
   4.3725983e-02
   4.2592933e-02
   4.2872893e-02
   3.9491579e-02
   4.3295543e-02
   4.1135433e-02
   3.9508019e-02
   4.5201461e-02
   4.3398724e-02
   4.1741200e-02
   4.0028685e-02
   4.8445103e-02
   4.0858885e-02
   4.4520631e-02
   4.1126886e-02
   3.9619535e-02
   4.3800810e-02
   4.1767305e-02
   4.0434050e-02
   4.7595826e-02
   4.2734286e-02
   4.1385929e-02
   3.9615566e-02
   4.2020459e-02
   4.3759848e-02
   4.2038248e-02
   4.6071256e-02
   4.1410878e-02
   4.5571553e-02
   4.2698541e-02
   4.0135872e-02
   4.2925621e-02
   4.6493309e-02
   4.3207997e-02
   4.1815009e-02
   4.2401593e-02
   4.3342128e-02
   4.0242898e-02
   4.1099423e-02
   4.2963570e-02
   4.5941094e-02
   4.2372403e-02
   4.6415708e-02
   4.7350398e-02
   4.2102934e-02
   4.4044024e-02
   4.1865683e-02
   4.3577160e-02
   4.2051718e-02
   4.9964346e-02
   4.7326169e-02
   4.5497785e-02
   4.3848544e-02
   4.6355895e-02
   3.9586963e-02
   4.1201944e-02
   4.0624446e-02
   5.0657619e-02
   4.6441215e-02
   4.1767337e-02
   4.5018116e-02
   4.4132523e-02
   4.5738903e-02
   4.7174171e-02
   4.2115769e-02
   4.5862214e-02
   4.1104510e-02
   4.8521733e-02
   4.8251562e-02
   4.1137095e-02
   4.0964959e-02
   4.1226095e-02
