   1.0010225e-01
   1.0205160e-01
   1.1747481e-01
   1.0728330e-01
   1.3388219e-01
   1.1692765e-01
   1.2599411e-01
   1.1991433e-01
   1.3854718e-01
   1.3540045e-01
   8.1920093e-02
   5.5706444e-02
   6.5647139e-02
   1.3768502e-01
   1.3713781e-01
   1.1208606e-01
   1.3636505e-01
   1.0979353e-01
   1.1875298e-01
   1.1817349e-01
   9.5999543e-02
   1.1618330e-01
   1.3153415e-01
   1.2437319e-01
   8.9707141e-02
   1.0547690e-01
   1.0071648e-01
   1.0845312e-01
   1.1739254e-01
   1.2419530e-01
   7.5949451e-02
   1.1980630e-01
   1.2316675e-01
   1.0410018e-01
   1.1821299e-01
   1.3762906e-01
   9.1023570e-02
   1.1078662e-01
   1.0141660e-01
   9.5729191e-02
   6.1112301e-02
   1.1647617e-01
   5.5175255e-02
   1.4120035e-01
   1.2043787e-01
   1.0602279e-01
   1.3799489e-01
   8.5907446e-02
   1.3939750e-01
   7.9853100e-02
   1.1903661e-01
   1.2282756e-01
   1.4288272e-01
   1.3768871e-01
   7.0089920e-02
   1.2068469e-01
   1.2472282e-01
   1.2891461e-01
   1.1887431e-01
   1.3409952e-01
   6.9943292e-02
   1.3162050e-01
   8.5056342e-02
   1.2037873e-01
   1.0640606e-01
   1.2451097e-01
   1.2455025e-01
   1.2540913e-01
   1.2993230e-01
   1.3025413e-01
   1.2540691e-01
   1.3799605e-01
   6.6035592e-02
   1.0917893e-01
   8.3415258e-02
   8.8863641e-02
   1.1623105e-01
   7.9827702e-02
   1.3760743e-01
   1.2524696e-01
   1.2301884e-01
   1.1136075e-01
   1.2572816e-01
   1.3212391e-01
   1.2068282e-01
   1.3821007e-01
   1.2877210e-01
   1.1447503e-01
   1.4044284e-01
   1.2023706e-01
   8.7662539e-02
   5.7927652e-02
   1.0463667e-01
   1.0829954e-01
   1.1204314e-01
   6.6079945e-02
   1.3225073e-01
   1.0976532e-01
   9.7167639e-02
   1.2021069e-01
   1.3749038e-01
   6.0437449e-02
   1.3873196e-01
   5.1389763e-02
   1.1067640e-01
   1.0741026e-01
   5.5740056e-02
   1.2404480e-01
   1.1717655e-01
   1.0078326e-01
   1.2105614e-01
   9.6256190e-02
   1.2674985e-01
   1.4058699e-01
   1.0984585e-01
   9.2900994e-02
   1.2024015e-01
   5.1977165e-02
   6.8676727e-02
   1.3501736e-01
   1.0436034e-01
   1.2713865e-01
   1.2330893e-01
   5.9421148e-02
   1.2342869e-01
   1.0832284e-01
   1.3182143e-01
   5.3814443e-02
   1.2414791e-01
   1.1635011e-01
   1.1346162e-01
   9.4099775e-02
   1.0346689e-01
   7.1289051e-02
   1.1951248e-01
   1.0607868e-01
   1.2110148e-01
   1.2024834e-01
   1.1750735e-01
   1.3957932e-01
   5.9059675e-02
   1.0372972e-01
   5.1418146e-02
   1.3721809e-01
   1.3640331e-01
   9.6783239e-02
   1.1906115e-01
   9.4298731e-02
   1.3807646e-01
   7.3281593e-02
   1.2065682e-01
   1.0985653e-01
   5.8114514e-02
   1.2239120e-01
   1.0015787e-01
   1.1808044e-01
   1.0818588e-01
   1.3773781e-01
   1.2719630e-01
   1.1790959e-01
   1.1730574e-01
   8.4055354e-02
   1.2077915e-01
   6.3171759e-02
   8.8748265e-02
   1.2136853e-01
   1.1026744e-01
   1.3848469e-01
   1.3790238e-01
   7.1022217e-02
   1.1804959e-01
   1.0864998e-01
   1.0446907e-01
   1.1761995e-01
   9.7616809e-02
   8.5485666e-02
   1.1295813e-01
   9.8525840e-02
   1.1781820e-01
   1.1596421e-01
   1.1697044e-01
   1.2972274e-01
   6.5926746e-02
   1.3752338e-01
   1.1808979e-01
   1.0021041e-01
   1.4724061e-01
   1.0229008e-01
   9.9538686e-02
   9.3751774e-02
   1.3720463e-01
   9.1338634e-02
   1.3121115e-01
   1.2446162e-01
   1.3729110e-01
   1.1769699e-01
   1.1991651e-01
   1.2423053e-01
   1.3786235e-01
   1.0918069e-01
   9.5621575e-02
   1.2669991e-01
   1.1343638e-01
   1.2332298e-01
   1.0066925e-01
   8.0105592e-02
   1.2406735e-01
   1.3694829e-01
   1.1965036e-01
   1.1606221e-01
   1.2065503e-01
   8.5180964e-02
   7.5755524e-02
   5.3827842e-02
   1.1658974e-01
   1.2451518e-01
   6.0236215e-02
   6.5378988e-02
   1.2345300e-01
   1.1719872e-01
   1.3363405e-01
   1.3190784e-01
   1.3209277e-01
   1.1444445e-01
   1.1511435e-01
   6.3654860e-02
   6.8067269e-02
   1.1689938e-01
   1.3838091e-01
   1.3793623e-01
   1.2291263e-01
   1.2234290e-01
   1.1533498e-01
   8.3458692e-02
   1.3745094e-01
   1.0935521e-01
   1.1619116e-01
   1.1140996e-01
   9.1331352e-02
   1.2153224e-01
   5.5551676e-02
   6.2614154e-02
   1.3057050e-01
   1.0602502e-01
   1.0329335e-01
   1.3682231e-01
   1.0903958e-01
   1.2805640e-01
   1.2092457e-01
   1.3292228e-01
   1.2762866e-01
   1.2347515e-01
   1.2619592e-01
   1.3898172e-01
   8.0952029e-02
   1.2011272e-01
   1.2379839e-01
   1.0853015e-01
   1.1498327e-01
   1.2294556e-01
   1.1697718e-01
   1.1161735e-01
   1.2896032e-01
   1.0945339e-01
   6.6060025e-02
   1.2759484e-01
   1.2452658e-01
   1.2885552e-01
   1.3607699e-01
   1.0289487e-01
   1.0424229e-01
   9.9832263e-02
   1.2020775e-01
   8.0374285e-02
   1.0102793e-01
   1.3835561e-01
   1.3949182e-01
   1.3789596e-01
   1.1149513e-01
   1.1929000e-01
   1.1140049e-01
   7.4553033e-02
   1.0899411e-01
   1.2969908e-01
   1.2614329e-01
   6.3666944e-02
   1.2358379e-01
   9.5106469e-02
   1.3175102e-01
   1.3361968e-01
   1.2056583e-01
   8.1272655e-02
   5.8297153e-02
   1.1752597e-01
   1.3893181e-01
   1.1769884e-01
   1.1807311e-01
   7.6913882e-02
   7.7614372e-02
   5.8529698e-02
