   1.6745898e-02
   1.7078395e-02
   1.6645655e-02
   1.6741823e-02
   1.6696873e-02
   1.6890542e-02
   1.7276964e-02
   1.7216610e-02
   1.6615591e-02
   1.7225310e-02
   1.6938184e-02
   1.7178124e-02
   1.6683527e-02
   1.6798176e-02
   1.7081182e-02
   1.6922160e-02
   1.7109858e-02
   1.7048524e-02
   1.6632074e-02
   1.6898036e-02
   1.6791021e-02
   1.6814160e-02
   1.7040331e-02
   1.6643922e-02
   1.7228700e-02
   1.6949682e-02
   1.7215329e-02
   1.6805027e-02
   1.7054421e-02
   1.7063356e-02
   1.7199005e-02
   1.6762961e-02
   1.7164206e-02
   1.7143761e-02
   1.6801413e-02
   1.6680087e-02
   1.6608086e-02
   1.7183466e-02
   1.6818600e-02
   1.7015937e-02
   1.6671259e-02
   1.6558692e-02
   1.6713745e-02
   1.6906453e-02
   1.7087526e-02
   1.6697305e-02
   1.6763853e-02
   1.7172243e-02
   1.6542113e-02
   1.6961826e-02
   1.7135525e-02
   1.6839119e-02
   1.7099283e-02
   1.6805769e-02
   1.6973911e-02
   1.6811078e-02
   1.7162166e-02
   1.7064718e-02
   1.7044203e-02
   1.6880077e-02
   1.6925442e-02
   1.6896177e-02
   1.6851542e-02
   1.6967003e-02
   1.7103525e-02
   1.6923706e-02
   1.6616293e-02
   1.7103503e-02
   1.7218510e-02
   1.6940564e-02
   1.7061963e-02
   1.7137912e-02
   1.6571629e-02
   1.6998072e-02
   1.6946748e-02
   1.6969960e-02
   1.6898696e-02
   1.6936345e-02
   1.6902208e-02
   1.6971576e-02
   1.6898648e-02
   1.6827821e-02
   1.7042961e-02
   1.7139820e-02
   1.6902499e-02
   1.6845712e-02
   1.7331651e-02
   1.7119679e-02
   1.7027465e-02
   1.7040033e-02
   1.6756171e-02
   1.7328856e-02
   1.7048795e-02
   1.7272855e-02
   1.6810187e-02
   1.6809842e-02
   1.7128180e-02
   1.7011812e-02
   1.6801090e-02
   1.7186090e-02
   1.7265732e-02
   1.7260139e-02
   1.6678926e-02
   1.7135770e-02
   1.6721150e-02
   1.7040713e-02
   1.6755553e-02
   1.7215384e-02
   1.6647933e-02
   1.7243371e-02
   1.6698186e-02
   1.7197466e-02
   1.7153224e-02
   1.6733100e-02
   1.6990100e-02
   1.7289438e-02
   1.7317203e-02
   1.6790809e-02
   1.6766384e-02
   1.6940060e-02
   1.6919392e-02
   1.6937358e-02
   1.6833676e-02
   1.7149663e-02
   1.6974385e-02
   1.7117354e-02
   1.7246994e-02
   1.6719842e-02
   1.6683218e-02
   1.6844948e-02
   1.7285576e-02
   1.7292722e-02
   1.7053094e-02
   1.6991187e-02
   1.7001071e-02
   1.6935281e-02
   1.7030491e-02
   1.6582941e-02
   1.6745774e-02
   1.6683500e-02
   1.7037112e-02
   1.7230432e-02
   1.6887170e-02
   1.7048638e-02
   1.6804101e-02
   1.6595504e-02
   1.6583537e-02
   1.6975002e-02
   1.7087819e-02
   1.7137917e-02
   1.7167422e-02
   1.7194496e-02
   1.6846408e-02
   1.6953266e-02
   1.7118485e-02
   1.6755392e-02
   1.7243068e-02
   1.6703962e-02
   1.6796383e-02
   1.6718472e-02
   1.6882828e-02
   1.6995171e-02
   1.7034046e-02
   1.7144435e-02
   1.6872373e-02
   1.6741597e-02
   1.7141977e-02
   1.6712768e-02
   1.6576425e-02
   1.7031383e-02
   1.6789912e-02
   1.6775810e-02
   1.7045744e-02
   1.7321495e-02
   1.6851226e-02
   1.6935480e-02
   1.6975157e-02
   1.7122063e-02
   1.6631485e-02
   1.7125959e-02
   1.6854152e-02
   1.6762042e-02
   1.6996233e-02
   1.7099554e-02
   1.6791198e-02
   1.6719128e-02
   1.6542040e-02
   1.6783040e-02
   1.7072426e-02
   1.6686042e-02
   1.7024644e-02
   1.7034641e-02
   1.6835269e-02
   1.6778105e-02
   1.7245951e-02
   1.7164364e-02
   1.7067647e-02
   1.7140666e-02
   1.6587869e-02
   1.6782422e-02
   1.7131420e-02
   1.7087508e-02
   1.7141421e-02
   1.6757504e-02
   1.6765783e-02
   1.7321454e-02
   1.7043327e-02
   1.7220826e-02
   1.6776640e-02
   1.6745265e-02
   1.7007200e-02
   1.6887648e-02
   1.7198574e-02
   1.6996638e-02
   1.7270323e-02
   1.6909979e-02
   1.6801870e-02
   1.6881986e-02
   1.7046853e-02
   1.7177922e-02
   1.6698977e-02
   1.6959613e-02
   1.6892599e-02
   1.6879118e-02
   1.7172705e-02
   1.6757594e-02
   1.7168656e-02
   1.6889543e-02
   1.6733706e-02
   1.6604682e-02
   1.6882087e-02
   1.6983981e-02
   1.6690650e-02
   1.6724371e-02
   1.6952583e-02
   1.6595278e-02
   1.7218605e-02
   1.6792427e-02
   1.6589658e-02
   1.7188331e-02
   1.7087225e-02
   1.6590542e-02
   1.6610572e-02
   1.6794708e-02
   1.7297264e-02
   1.6915869e-02
   1.7060823e-02
   1.6999347e-02
   1.7186573e-02
   1.7074343e-02
   1.6636580e-02
   1.7223429e-02
   1.6557606e-02
   1.6943044e-02
   1.6848175e-02
   1.6835651e-02
   1.6935616e-02
   1.6636694e-02
   1.7275646e-02
   1.6745326e-02
   1.6909409e-02
   1.7119853e-02
   1.6974558e-02
   1.6569823e-02
   1.7078655e-02
   1.7158077e-02
   1.6961584e-02
   1.7102767e-02
   1.6908624e-02
   1.6868388e-02
   1.7040815e-02
   1.6594238e-02
   1.6528271e-02
   1.7189154e-02
   1.7144791e-02
   1.7048565e-02
   1.7114080e-02
   1.7272703e-02
   1.6886105e-02
   1.6821881e-02
   1.7077450e-02
   1.6632583e-02
   1.6752177e-02
   1.6896222e-02
   1.7189038e-02
   1.7288621e-02
   1.7016955e-02
   1.7080707e-02
   1.6638943e-02
   1.7140359e-02
   1.7223111e-02
   1.7263342e-02
   1.7032021e-02
   1.6700139e-02
   1.6817228e-02
   1.7265673e-02
   1.6825370e-02
   1.7058587e-02
   1.7046013e-02
   1.6972484e-02
