   2.6951732e-02
   2.6432571e-02
   2.8795623e-02
   2.7934692e-02
   2.7903217e-02
   2.7247795e-02
   2.8709756e-02
   2.7927482e-02
   2.6705263e-02
   2.8557279e-02
   2.6525341e-02
   2.7531416e-02
   2.8464210e-02
   2.7517460e-02
   2.8402896e-02
   2.7506594e-02
   2.7774116e-02
   2.7839743e-02
   2.9029921e-02
   2.8695416e-02
   2.6912950e-02
   2.8463076e-02
   2.7354521e-02
   2.8848611e-02
   2.6382709e-02
   2.8177436e-02
   2.8062239e-02
   2.7916883e-02
   2.7699408e-02
   2.8327809e-02
   2.7205553e-02
   2.7883998e-02
   2.8202617e-02
   2.8815402e-02
   2.8483484e-02
   2.8592489e-02
   2.9320589e-02
   2.7023408e-02
   2.6670329e-02
   2.9162287e-02
   2.8102766e-02
   2.7872831e-02
   2.8252735e-02
   2.7675653e-02
   2.7988872e-02
   2.7776619e-02
   2.6691757e-02
   2.7795731e-02
   2.7890280e-02
   2.8088659e-02
   2.7648643e-02
   2.7672519e-02
   2.6723367e-02
   2.7044101e-02
   2.8259552e-02
   2.7607219e-02
   2.8278068e-02
   2.7513783e-02
   2.7875239e-02
   2.7430555e-02
   2.7794461e-02
   2.8645274e-02
   2.8689659e-02
   2.9163384e-02
   2.6612593e-02
   2.7659876e-02
   2.8705925e-02
   2.9174137e-02
   2.8809075e-02
   2.7073118e-02
   2.8181309e-02
   2.8105933e-02
   2.9177964e-02
   2.8816575e-02
   2.7010210e-02
   2.8431561e-02
   2.7477730e-02
   2.7858331e-02
   2.6298040e-02
   2.6263073e-02
   2.7776488e-02
   2.7769731e-02
   2.8217432e-02
   2.6797525e-02
   2.7936634e-02
   2.8501115e-02
   2.7777270e-02
   2.8667284e-02
   2.8730311e-02
   2.9023139e-02
   2.8428678e-02
   2.7397625e-02
   2.8918458e-02
   2.7412165e-02
   2.8296737e-02
   2.7676451e-02
   2.7847993e-02
   2.7559085e-02
   2.8269217e-02
   2.6680126e-02
   2.7422303e-02
   2.8557470e-02
   2.7983488e-02
   2.7953157e-02
   2.8398879e-02
   2.7556897e-02
   2.7992405e-02
   2.8486908e-02
   2.8745033e-02
   2.8196929e-02
   2.8113266e-02
   2.7902470e-02
   2.7946660e-02
   2.8239992e-02
   2.8520757e-02
   2.6913347e-02
   2.8067154e-02
   2.8646094e-02
   2.7206057e-02
   2.7734257e-02
   2.7286961e-02
   2.8343706e-02
   2.8524401e-02
   2.6827114e-02
   2.6811489e-02
   2.6900388e-02
   2.7758589e-02
   2.7377768e-02
   2.8480373e-02
   2.6355299e-02
   2.7518659e-02
   2.7943455e-02
   2.7625416e-02
   2.8727949e-02
   2.7990393e-02
   2.8083035e-02
   2.8450143e-02
   2.8591680e-02
   2.8558218e-02
   2.7956770e-02
   2.7789670e-02
   2.8783284e-02
   2.6956676e-02
   2.7408725e-02
   2.8774496e-02
   2.7781846e-02
   2.7829947e-02
   2.7843790e-02
   2.7253524e-02
   2.7267273e-02
   2.8347505e-02
   2.7330563e-02
   2.7488568e-02
   2.8314514e-02
   2.8776115e-02
   2.6738729e-02
   2.8659500e-02
   2.8065867e-02
   2.8018632e-02
   2.8922008e-02
   2.6637184e-02
   2.8405962e-02
   2.7922350e-02
   2.7364802e-02
   2.7455583e-02
   2.7557939e-02
   2.6925036e-02
   2.8953251e-02
   2.7835163e-02
   2.7934426e-02
   2.8011831e-02
   2.7491788e-02
   2.7875712e-02
   2.7071911e-02
   2.8424691e-02
   2.7665319e-02
   2.8299418e-02
   2.7744803e-02
   2.8041860e-02
   2.7244224e-02
   2.9198529e-02
   2.8100814e-02
   2.8322393e-02
   2.8104352e-02
   2.7394598e-02
   2.6856504e-02
   2.7941641e-02
   2.7081948e-02
   2.6314282e-02
   2.8946198e-02
   2.8196525e-02
   2.8930169e-02
   2.7228100e-02
   2.7337947e-02
   2.8256135e-02
   2.7773007e-02
   2.7800742e-02
   2.7878564e-02
   2.7673035e-02
   2.7508914e-02
   2.7534070e-02
   2.6419524e-02
   2.8427705e-02
   2.7570980e-02
   2.9204590e-02
   2.8435895e-02
   2.6912371e-02
   2.8309340e-02
   2.7940660e-02
   2.7562452e-02
   2.7327999e-02
   2.6438760e-02
   2.7310245e-02
   2.7235106e-02
   2.6485054e-02
   2.6830386e-02
   2.6805566e-02
   2.8044165e-02
   2.7025742e-02
   2.7853644e-02
   2.8166887e-02
   2.7694692e-02
   2.6958794e-02
   2.6456056e-02
   2.6614829e-02
   2.7503853e-02
   2.8521141e-02
   2.7590838e-02
   2.8911137e-02
   2.6837289e-02
   2.7887069e-02
   2.8111468e-02
   2.7217376e-02
   2.9078483e-02
   2.7038235e-02
   2.7574629e-02
   2.8538994e-02
   2.9207486e-02
   2.8139649e-02
   2.7411201e-02
   2.6679605e-02
   2.6757397e-02
   2.7778502e-02
   2.8518453e-02
   2.9220368e-02
   2.8578244e-02
   2.8512613e-02
   2.7182804e-02
   2.7826345e-02
   2.6525356e-02
   2.6907379e-02
   2.8663359e-02
   2.7963665e-02
   2.9098284e-02
   2.7395180e-02
   2.7581175e-02
   2.8670589e-02
   2.7994057e-02
   2.8275006e-02
   2.7205876e-02
   2.6818184e-02
   2.8313869e-02
   2.8111718e-02
   2.7498254e-02
   2.8915708e-02
   2.7404754e-02
   2.8465616e-02
   2.8572704e-02
   2.7297704e-02
   2.7652420e-02
   2.8766094e-02
   2.8001088e-02
   2.8073915e-02
   2.7341473e-02
   2.7861713e-02
   2.8580577e-02
   2.8389937e-02
   2.7875489e-02
   2.7486397e-02
   2.8815903e-02
   2.7890899e-02
   2.7572089e-02
   2.9269971e-02
   2.8160251e-02
   2.7296074e-02
   2.7473339e-02
   2.7894208e-02
   2.8007198e-02
   2.7490143e-02
   2.8555935e-02
   2.8868636e-02
   2.7432561e-02
   2.6687289e-02
   2.7101775e-02
   2.8565769e-02
   2.6832103e-02
   2.9036228e-02
   2.7758224e-02
   2.7688026e-02
   2.7267057e-02
