   2.0575295e-01
   2.1757503e-01
   2.2281612e-01
   2.1687860e-01
   2.1966475e-01
   2.2060090e-01
   2.2462227e-01
   2.2255371e-01
   2.0144996e-01
   2.0605046e-01
   2.1681341e-01
   2.0379120e-01
   2.2478052e-01
   2.0854838e-01
   2.2498008e-01
   2.2321070e-01
   2.1192498e-01
   2.1685171e-01
   2.2336034e-01
   2.1524485e-01
   2.1237836e-01
   2.2330562e-01
   2.2329418e-01
   2.0328053e-01
   2.0338021e-01
   2.2484308e-01
   2.1705076e-01
   2.0975276e-01
   2.0867639e-01
   2.0062756e-01
   2.1931719e-01
   2.2216357e-01
   2.1870582e-01
   2.1947889e-01
   2.0282154e-01
   2.2553815e-01
   2.0819775e-01
   2.2128918e-01
   2.0315300e-01
   2.0340978e-01
   2.2148645e-01
   1.9828456e-01
   2.2590886e-01
   2.0198521e-01
   2.2347666e-01
   2.1610637e-01
   2.2626927e-01
   2.2829501e-01
   2.2421476e-01
   2.1624179e-01
   2.1680983e-01
   2.1738043e-01
   1.9798635e-01
   2.2752677e-01
   2.1783159e-01
   2.2459461e-01
   2.0843944e-01
   2.1390869e-01
   2.1086092e-01
   2.1133194e-01
   2.1843206e-01
   2.1733452e-01
   2.2510508e-01
   2.2921617e-01
   2.0487992e-01
   2.2711358e-01
   2.2321404e-01
   2.0803457e-01
   2.1934997e-01
   2.1711565e-01
   2.2227109e-01
   2.1080743e-01
   2.1154690e-01
   2.2326603e-01
   2.1688806e-01
   2.2937975e-01
   2.2634981e-01
   2.2362718e-01
   2.2511545e-01
   2.1876202e-01
   2.2333630e-01
   2.2736414e-01
   2.2428740e-01
   2.1734375e-01
   2.0126330e-01
   2.0393035e-01
   2.0045607e-01
   2.0219377e-01
   2.0749847e-01
   2.1490888e-01
   2.2240210e-01
   2.2378472e-01
   2.1351303e-01
   2.0570145e-01
   2.2323673e-01
   1.9969633e-01
   2.1896380e-01
   2.1576676e-01
   2.3010250e-01
   2.2899817e-01
   2.1942720e-01
   2.1658465e-01
   2.2449532e-01
   2.1320094e-01
   2.1785576e-01
   2.1046643e-01
   2.0608952e-01
   2.0295174e-01
   2.2754313e-01
   2.2232152e-01
   2.1698586e-01
   2.0969358e-01
   2.2496673e-01
   2.0761618e-01
   2.2557171e-01
   2.0276850e-01
   1.9907650e-01
   2.2312288e-01
   2.2261361e-01
   2.2577253e-01
   2.2246940e-01
   2.2393081e-01
   2.2397902e-01
   1.9862381e-01
   2.2840564e-01
   2.1898013e-01
   1.9814896e-01
   2.2054819e-01
   2.2603808e-01
   2.2495157e-01
   2.2653419e-01
   2.1839085e-01
   2.2232856e-01
   2.0501626e-01
   2.1786375e-01
   2.1973095e-01
   2.2444830e-01
   2.1731124e-01
   2.1846222e-01
   2.1566714e-01
   2.2559860e-01
   2.1889458e-01
   2.2472082e-01
   2.2525249e-01
   2.1833990e-01
   2.0459524e-01
   2.0256472e-01
   2.0919867e-01
   2.1947081e-01
   2.2016188e-01
   2.2341368e-01
   2.2545002e-01
   2.2300452e-01
   2.1802014e-01
   1.9829359e-01
   2.1961254e-01
   2.1957386e-01
   2.2345817e-01
   2.2452800e-01
   2.2505236e-01
   2.0517055e-01
   2.0919773e-01
   2.2217458e-01
   2.2210498e-01
   2.2196084e-01
   2.0354390e-01
   2.1847940e-01
   2.2803333e-01
   2.0132941e-01
   2.1212604e-01
   2.2343676e-01
   2.1106002e-01
   2.2554316e-01
   2.2454787e-01
   2.1175039e-01
   2.1835716e-01
   2.1273908e-01
   2.1138305e-01
   2.2494058e-01
   2.2665530e-01
   2.2791179e-01
   2.0030024e-01
   2.1849779e-01
   2.2392638e-01
   2.1702627e-01
   2.1020497e-01
   2.2427509e-01
   2.1584923e-01
   1.9797190e-01
   2.1855035e-01
   2.1805713e-01
   2.1934371e-01
   2.2007608e-01
   2.2678143e-01
   2.1438124e-01
   2.0465191e-01
   2.1662702e-01
   2.2240012e-01
   2.0081130e-01
   2.2564383e-01
   2.1586306e-01
   2.1897038e-01
   2.1985800e-01
   2.1765260e-01
   2.0454125e-01
   2.2006715e-01
   2.2754865e-01
   2.2871504e-01
   2.2916365e-01
   2.2391975e-01
   2.0493234e-01
   2.1996038e-01
   2.1869119e-01
   2.2547735e-01
   2.2456136e-01
   2.2314201e-01
   2.2238531e-01
   1.9800044e-01
   2.1808693e-01
   2.0498867e-01
   2.2547498e-01
   2.2224000e-01
   2.2487708e-01
   2.0412985e-01
   2.1833603e-01
   2.2861358e-01
   2.2245165e-01
   2.2837081e-01
   2.2605107e-01
   2.0268174e-01
   2.2211142e-01
   2.0554757e-01
   2.3025674e-01
   2.1499889e-01
   2.0080957e-01
   2.2512393e-01
   2.2833236e-01
   2.2384250e-01
   2.2336713e-01
   2.1630755e-01
   2.2448836e-01
   1.9843150e-01
   2.1898524e-01
   2.2494710e-01
   2.1289932e-01
   2.2518640e-01
   2.1707801e-01
   2.2642671e-01
   2.2336910e-01
   2.2393641e-01
   2.1658534e-01
   2.2365019e-01
   2.1693727e-01
   2.2081137e-01
   2.1819140e-01
   2.2464282e-01
   2.2338182e-01
   2.2099012e-01
   1.9880666e-01
   2.2941574e-01
   2.1911305e-01
   2.2458046e-01
   2.1667707e-01
   2.1602086e-01
   2.2341787e-01
   2.2553407e-01
   2.1631443e-01
   2.2861041e-01
   2.2473954e-01
   2.1695285e-01
   2.2388059e-01
   2.2307465e-01
   2.1905340e-01
   2.2367617e-01
   2.1816942e-01
   2.2840216e-01
   2.0300893e-01
   2.1682267e-01
   2.1006496e-01
   2.1160296e-01
   2.2360033e-01
   2.0647588e-01
   2.2200827e-01
   2.1708836e-01
   2.2340894e-01
   2.0430473e-01
   2.2375552e-01
   2.1737749e-01
   2.2264201e-01
   2.1731227e-01
   2.2264705e-01
   2.2659130e-01
   2.0356925e-01
   2.2288310e-01
   2.2469224e-01
   2.1294749e-01
   2.0106384e-01
   1.9823807e-01
   2.2543875e-01
   2.2535489e-01
