   4.0498323e-02
   4.0408477e-02
   4.0276445e-02
   4.1296116e-02
   3.9516289e-02
   4.0007764e-02
   3.8338371e-02
   3.7895392e-02
   3.9687973e-02
   3.9345430e-02
   4.0829836e-02
   3.9907216e-02
   4.0813265e-02
   3.9951730e-02
   3.9561903e-02
   3.6317033e-02
   3.9524065e-02
   3.8599088e-02
   3.9522899e-02
   3.8297090e-02
   3.9771973e-02
   4.0427261e-02
   4.0103897e-02
   4.0366134e-02
   3.9152380e-02
   4.0533222e-02
   3.6520348e-02
   3.9896109e-02
   3.9285823e-02
   4.0467702e-02
   3.9593806e-02
   3.9424349e-02
   4.1064093e-02
   4.0290331e-02
   3.8115770e-02
   3.7163442e-02
   4.0347156e-02
   4.1201752e-02
   3.8780986e-02
   4.0254282e-02
   3.9421347e-02
   4.0410617e-02
   3.9390740e-02
   3.9445686e-02
   4.0626145e-02
   3.9070827e-02
   4.0605573e-02
   3.7441088e-02
   4.0156664e-02
   3.9251797e-02
   4.0305538e-02
   4.0948554e-02
   3.7853661e-02
   3.9320047e-02
   3.9239536e-02
   3.9405417e-02
   3.9138791e-02
   4.0416595e-02
   4.0055906e-02
   3.9936163e-02
   3.7995781e-02
   3.9789055e-02
   3.8556164e-02
   3.7493607e-02
   3.8541614e-02
   3.9127476e-02
   3.7988875e-02
   3.8856403e-02
   4.0574891e-02
   3.9249005e-02
   4.0231897e-02
   3.9999978e-02
   3.8457401e-02
   4.1331085e-02
   4.1005006e-02
   3.9117906e-02
   3.8549964e-02
   3.6915072e-02
   3.9646890e-02
   3.6670009e-02
   4.0904364e-02
   4.0664376e-02
   4.0656093e-02
   3.8514808e-02
   3.8628655e-02
   4.1425373e-02
   3.7847073e-02
   3.8744412e-02
   4.1251390e-02
   3.8241682e-02
   4.0604841e-02
   3.9590673e-02
   3.8055498e-02
   3.8974343e-02
   3.7839135e-02
   3.8919847e-02
   4.0893534e-02
   3.8807709e-02
   3.9287191e-02
   3.8787964e-02
   3.7402287e-02
   3.9628756e-02
   3.7794932e-02
   3.9339839e-02
   3.8895983e-02
   3.8625582e-02
   3.9351858e-02
   3.6996051e-02
   4.1127424e-02
   3.7988429e-02
   3.8525241e-02
   4.0080649e-02
   3.8927587e-02
   3.8117685e-02
   3.8539620e-02
   3.8083051e-02
   4.0008224e-02
   3.6666090e-02
   3.9719679e-02
   3.9392917e-02
   3.7132742e-02
   4.0398238e-02
   4.0399693e-02
   4.1499533e-02
   3.9553305e-02
   3.6555518e-02
   3.8367495e-02
   3.8977787e-02
   3.9376577e-02
   3.7705575e-02
   3.8980648e-02
   3.8896067e-02
   3.8502253e-02
   3.9085147e-02
   4.0770466e-02
   4.0675583e-02
   3.8234876e-02
   3.7522848e-02
   4.1455993e-02
   3.7801397e-02
   3.7891237e-02
   3.8355033e-02
   3.7744919e-02
   3.8313203e-02
   3.9578477e-02
   4.1571811e-02
   3.7465389e-02
   3.7722926e-02
   4.0168996e-02
   3.8536838e-02
   3.8810864e-02
   3.8613784e-02
   4.0158381e-02
   3.7143781e-02
   3.9609773e-02
   3.8043639e-02
   3.8531189e-02
   3.9629941e-02
   3.9558284e-02
   4.0146206e-02
   3.9622718e-02
   4.0047838e-02
   3.9763281e-02
   3.8927259e-02
   3.9789171e-02
   4.0145329e-02
   3.8017719e-02
   3.7864207e-02
   3.9055883e-02
   3.8104986e-02
   3.8591408e-02
   3.7738739e-02
   4.0718965e-02
   3.9281188e-02
   3.8431350e-02
   3.9639931e-02
   3.9025399e-02
   4.0053647e-02
   3.7811583e-02
   4.1014743e-02
   3.8694702e-02
   3.8486870e-02
   3.8868443e-02
   3.8884376e-02
   3.9509072e-02
   3.7490697e-02
   3.9898399e-02
   4.0831239e-02
   3.9341040e-02
   3.9613031e-02
   3.9069933e-02
   3.9908016e-02
   3.9529598e-02
   3.8465578e-02
   3.8179208e-02
   3.9210998e-02
   3.9313459e-02
   4.1417765e-02
   3.7998329e-02
   3.7866239e-02
   4.0573290e-02
   3.8308845e-02
   4.0644025e-02
   3.8782830e-02
   3.8727134e-02
   3.9108286e-02
   4.0994384e-02
   3.8915647e-02
   3.9199069e-02
   4.0730765e-02
   3.9706473e-02
   3.7842716e-02
   4.0072068e-02
   4.0323345e-02
   3.8438112e-02
   3.8919454e-02
   3.7609543e-02
   3.9595334e-02
   4.1701400e-02
   4.0203093e-02
   3.8678647e-02
   3.7943714e-02
   4.0456998e-02
   3.8847093e-02
   3.7829598e-02
   4.0167166e-02
   3.8189074e-02
   3.7641264e-02
   3.7739140e-02
   3.8457458e-02
   3.9585712e-02
   3.8782295e-02
   3.8910030e-02
   3.9061145e-02
   3.9324555e-02
   3.7993642e-02
   3.8619019e-02
   3.8410437e-02
   3.9659612e-02
   3.8937627e-02
   3.8510814e-02
   3.8292291e-02
   3.8928157e-02
   3.9358292e-02
   3.8741493e-02
   3.8644374e-02
   3.8951002e-02
   4.1368454e-02
   3.9873681e-02
   3.9010267e-02
   3.8190735e-02
   4.0106110e-02
   4.0584815e-02
   3.8715465e-02
   3.8976161e-02
   3.9506920e-02
   4.0183155e-02
   3.9364858e-02
   3.8285923e-02
   3.7912292e-02
   4.0163722e-02
   3.9719523e-02
   3.9508651e-02
   3.8731918e-02
   3.8510300e-02
   3.7658571e-02
   4.0026670e-02
   3.8918825e-02
   3.9825898e-02
   3.7502142e-02
   3.8814473e-02
   4.0108997e-02
   4.1011317e-02
   3.8781042e-02
   3.9040327e-02
   3.7656951e-02
   4.0004788e-02
   3.9655613e-02
   3.9325070e-02
   3.9718799e-02
   3.9996733e-02
   3.7782362e-02
   4.0084864e-02
   3.7601722e-02
   3.7307653e-02
   4.0203856e-02
   3.6267033e-02
   3.7694559e-02
   3.8537808e-02
   3.9150752e-02
   3.7737798e-02
   4.0431149e-02
   3.7103904e-02
   3.9883776e-02
   3.9307843e-02
   3.9539900e-02
   3.8561366e-02
   4.0079725e-02
   3.9909697e-02
   3.9221439e-02
