   2.3916202e-02
   2.1017098e-02
   2.1762634e-02
   2.5266093e-02
   2.3128068e-02
   2.3828201e-02
   2.3403998e-02
   2.4363685e-02
   2.5812543e-02
   2.1367292e-02
   2.5262865e-02
   2.2563358e-02
   2.4523363e-02
   2.1086661e-02
   2.4928599e-02
   2.4096963e-02
   2.1048688e-02
   2.1085674e-02
   2.5473508e-02
   2.4040239e-02
   2.3102543e-02
   2.2519188e-02
   2.2519788e-02
   2.5430220e-02
   2.2562863e-02
   2.1990589e-02
   2.3714317e-02
   2.2203940e-02
   2.0395811e-02
   2.0790843e-02
   2.1423175e-02
   2.2143604e-02
   2.3064524e-02
   2.2564839e-02
   2.1140042e-02
   2.4661183e-02
   2.1878768e-02
   2.3099933e-02
   2.3091684e-02
   2.4259929e-02
   2.2237380e-02
   2.2566197e-02
   2.3828107e-02
   2.0131749e-02
   2.2035594e-02
   2.4266856e-02
   2.4894905e-02
   2.6992411e-02
   2.1081339e-02
   2.5652587e-02
   2.4469156e-02
   2.3450986e-02
   2.4404803e-02
   2.5612720e-02
   2.0557350e-02
   2.1762903e-02
   2.6102716e-02
   2.2525913e-02
   2.2231748e-02
   2.4134344e-02
   2.3122807e-02
   2.3700866e-02
   2.3689827e-02
   2.5230646e-02
   1.9874900e-02
   2.5285655e-02
   2.0949118e-02
   2.3488174e-02
   2.4968929e-02
   2.2461778e-02
   2.3197444e-02
   2.2528588e-02
   2.5578702e-02
   2.3089018e-02
   2.0633688e-02
   2.0761027e-02
   2.0301087e-02
   2.3111325e-02
   2.1487054e-02
   2.1178148e-02
   2.3827233e-02
   2.3918960e-02
   2.4303683e-02
   2.4359046e-02
   2.2768892e-02
   2.4828718e-02
   2.3793725e-02
   2.5165824e-02
   2.4371750e-02
   2.4153835e-02
   2.0708899e-02
   2.0818720e-02
   2.4040766e-02
   2.6161742e-02
   2.0882287e-02
   2.3278148e-02
   2.5382789e-02
   2.0418402e-02
   2.6281092e-02
   2.4283927e-02
   2.5443554e-02
   2.2319298e-02
   2.2329941e-02
   2.6635841e-02
   2.2404776e-02
   2.5143551e-02
   2.4392077e-02
   2.1908248e-02
   2.2623777e-02
   2.4095247e-02
   2.4101165e-02
   2.4208103e-02
   2.2741026e-02
   2.0998887e-02
   2.2315609e-02
   2.1722223e-02
   2.3555289e-02
   1.9397727e-02
   2.2304727e-02
   2.5721520e-02
   2.1218176e-02
   2.2520648e-02
   2.2409135e-02
   2.4875784e-02
   2.3422333e-02
   2.2928544e-02
   2.4778900e-02
   2.0900838e-02
   2.3804798e-02
   2.1696259e-02
   2.3370550e-02
   2.5256347e-02
   2.2916737e-02
   2.1325738e-02
   2.3524100e-02
   2.5250541e-02
   2.5274681e-02
   2.3882834e-02
   2.4201223e-02
   2.4363929e-02
   2.3517839e-02
   2.3100708e-02
   2.2548262e-02
   2.1323259e-02
   2.4603637e-02
   2.0358122e-02
   2.3157650e-02
   2.4124336e-02
   2.5388813e-02
   2.2576493e-02
   2.2174025e-02
   2.4905136e-02
   2.0920190e-02
   2.1348163e-02
   2.4516838e-02
   2.1641493e-02
   2.4661537e-02
   2.2727019e-02
   2.0772246e-02
   1.9778430e-02
   2.3389509e-02
   2.3373482e-02
   2.2039635e-02
   2.3909908e-02
   2.0904749e-02
   2.2776300e-02
   2.3588785e-02
   2.4373640e-02
   2.0753655e-02
   2.2805487e-02
   2.5268375e-02
   2.2164906e-02
   2.4711455e-02
   2.3607891e-02
   2.1002765e-02
   2.6302767e-02
   2.2172531e-02
   2.3841537e-02
   2.3553583e-02
   2.0531947e-02
   2.0586009e-02
   2.0239548e-02
   2.0637577e-02
   2.0998323e-02
   2.3671508e-02
   2.3994308e-02
   2.3941261e-02
   2.1279921e-02
   2.3714531e-02
   2.4530434e-02
   1.9972665e-02
   2.3624437e-02
   2.1273294e-02
   2.2825239e-02
   2.0837478e-02
   2.4371689e-02
   2.6257982e-02
   2.3153235e-02
   2.3321965e-02
   2.1583247e-02
   2.6444936e-02
   2.1760256e-02
   2.4153830e-02
   2.3957608e-02
   2.3670145e-02
   2.1462123e-02
   2.2519669e-02
   2.2314355e-02
   2.6103141e-02
   2.2907328e-02
   2.2614150e-02
   2.2128395e-02
   2.2637619e-02
   2.2196223e-02
   2.6996154e-02
   2.1317461e-02
   2.3373162e-02
   2.3981706e-02
   2.0329625e-02
   2.3603964e-02
   2.4889976e-02
   2.2393707e-02
   2.4577211e-02
   2.4135726e-02
   2.1864886e-02
   2.4921718e-02
   2.4214588e-02
   2.1681410e-02
   2.1575832e-02
   2.6141346e-02
   2.1251451e-02
   2.3297122e-02
   2.5724523e-02
   2.0566834e-02
   2.1199378e-02
   2.4321674e-02
   1.9977655e-02
   2.1529962e-02
   1.9500215e-02
   2.1818405e-02
   2.2390820e-02
   2.5534822e-02
   2.3449563e-02
   2.2856516e-02
   2.4219016e-02
   2.0531951e-02
   2.0707686e-02
   2.3546695e-02
   2.4887623e-02
   2.1310318e-02
   2.2359631e-02
   2.3704632e-02
   2.3615139e-02
   2.4890571e-02
   2.1567571e-02
   2.0146458e-02
   2.4789497e-02
   2.2466956e-02
   2.0073087e-02
   2.3398189e-02
   2.2879110e-02
   2.3155118e-02
   2.5529922e-02
   2.1246054e-02
   2.3042345e-02
   2.3937893e-02
   2.3081330e-02
   2.0577576e-02
   2.3830442e-02
   2.1426719e-02
   2.1194390e-02
   2.4775752e-02
   2.2729425e-02
   2.3464998e-02
   2.0935355e-02
   2.3426132e-02
   2.2552783e-02
   2.2954954e-02
   2.4155505e-02
   2.4521478e-02
   2.5260179e-02
   2.6436271e-02
   2.3987220e-02
   2.5073102e-02
   2.6153017e-02
   2.2384450e-02
   2.3875610e-02
   2.1033498e-02
   2.5355354e-02
   2.1878559e-02
   2.1323827e-02
   2.2929119e-02
   2.4957041e-02
   2.0055421e-02
   2.5228412e-02
   2.6243941e-02
   2.3251782e-02
   2.1043981e-02
   2.0848667e-02
   2.4626400e-02
