   1.7600849e-02
   1.7335287e-02
   1.7231643e-02
   1.7247256e-02
   1.6772250e-02
   1.7243758e-02
   1.7322763e-02
   1.7791344e-02
   1.7188926e-02
   1.6955112e-02
   1.6367147e-02
   1.7518315e-02
   1.6784739e-02
   1.6458499e-02
   1.7398595e-02
   1.6558308e-02
   1.6637639e-02
   1.6824044e-02
   1.6803243e-02
   1.6954542e-02
   1.7416157e-02
   1.7452917e-02
   1.7150979e-02
   1.7691954e-02
   1.7550623e-02
   1.7046419e-02
   1.6852490e-02
   1.7271280e-02
   1.7128728e-02
   1.7859652e-02
   1.7574261e-02
   1.6828643e-02
   1.7431847e-02
   1.6990910e-02
   1.7419286e-02
   1.6844198e-02
   1.7681189e-02
   1.7186573e-02
   1.7069835e-02
   1.7548171e-02
   1.6411945e-02
   1.6512926e-02
   1.7196070e-02
   1.7232426e-02
   1.7456175e-02
   1.6885364e-02
   1.6965256e-02
   1.7187799e-02
   1.6423895e-02
   1.7327459e-02
   1.7376050e-02
   1.6999083e-02
   1.6781923e-02
   1.7922047e-02
   1.6620889e-02
   1.6485776e-02
   1.7055535e-02
   1.6597640e-02
   1.7606605e-02
   1.7712672e-02
   1.6611422e-02
   1.6832966e-02
   1.6658710e-02
   1.6948515e-02
   1.6587769e-02
   1.6773377e-02
   1.6611732e-02
   1.6950603e-02
   1.7160482e-02
   1.6416550e-02
   1.6756639e-02
   1.6602389e-02
   1.7408105e-02
   1.7133882e-02
   1.7482751e-02
   1.6825887e-02
   1.7801502e-02
   1.7565863e-02
   1.7418142e-02
   1.6516213e-02
   1.6743506e-02
   1.7387471e-02
   1.7401161e-02
   1.7622610e-02
   1.6501522e-02
   1.7618278e-02
   1.7569943e-02
   1.7549174e-02
   1.7127735e-02
   1.6606385e-02
   1.7465177e-02
   1.6485805e-02
   1.6766828e-02
   1.6978981e-02
   1.6421577e-02
   1.6741403e-02
   1.7000889e-02
   1.6648175e-02
   1.6566833e-02
   1.7360962e-02
   1.7831147e-02
   1.7392886e-02
   1.7229360e-02
   1.6688362e-02
   1.6810136e-02
   1.7032227e-02
   1.6388675e-02
   1.7941247e-02
   1.6584888e-02
   1.7052393e-02
   1.7458359e-02
   1.6966855e-02
   1.6649939e-02
   1.6666465e-02
   1.6729492e-02
   1.7767875e-02
   1.7187243e-02
   1.6564443e-02
   1.6429966e-02
   1.6739630e-02
   1.6740939e-02
   1.7066819e-02
   1.7043090e-02
   1.7410675e-02
   1.6596033e-02
   1.7009491e-02
   1.7164691e-02
   1.6556743e-02
   1.6678714e-02
   1.7524252e-02
   1.7410963e-02
   1.7164496e-02
   1.7046343e-02
   1.6444379e-02
   1.7134486e-02
   1.6649961e-02
   1.7122943e-02
   1.7719390e-02
   1.7404809e-02
   1.7067368e-02
   1.6519417e-02
   1.6899551e-02
   1.7197867e-02
   1.6930431e-02
   1.6517435e-02
   1.7059515e-02
   1.6568225e-02
   1.7417771e-02
   1.6764604e-02
   1.7354407e-02
   1.6870161e-02
   1.7180769e-02
   1.6896654e-02
   1.7268293e-02
   1.6984463e-02
   1.7232772e-02
   1.6945275e-02
   1.7054622e-02
   1.7204477e-02
   1.6464215e-02
   1.6314014e-02
   1.7074781e-02
   1.7269837e-02
   1.6589843e-02
   1.6594493e-02
   1.7813817e-02
   1.7140280e-02
   1.7469759e-02
   1.7001107e-02
   1.6386969e-02
   1.7041318e-02
   1.7140485e-02
   1.7074569e-02
   1.6798228e-02
   1.6625570e-02
   1.6912451e-02
   1.6838167e-02
   1.7697312e-02
   1.6329564e-02
   1.7529449e-02
   1.7468828e-02
   1.7501582e-02
   1.6384293e-02
   1.6607438e-02
   1.7479166e-02
   1.6613031e-02
   1.7473624e-02
   1.6928725e-02
   1.6990475e-02
   1.6532840e-02
   1.7066181e-02
   1.6525391e-02
   1.6802407e-02
   1.6316250e-02
   1.6667427e-02
   1.7041831e-02
   1.7150281e-02
   1.6874892e-02
   1.7464333e-02
   1.7264962e-02
   1.7528730e-02
   1.7246928e-02
   1.6514886e-02
   1.7559024e-02
   1.6518526e-02
   1.7019160e-02
   1.7593347e-02
   1.7455000e-02
   1.6975550e-02
   1.7125285e-02
   1.6965094e-02
   1.6746724e-02
   1.6286645e-02
   1.7455439e-02
   1.7008098e-02
   1.7897129e-02
   1.7080085e-02
   1.6654323e-02
   1.6469798e-02
   1.6406652e-02
   1.7179183e-02
   1.7277056e-02
   1.6582317e-02
   1.7023524e-02
   1.7176797e-02
   1.7792674e-02
   1.7250127e-02
   1.6771961e-02
   1.6991894e-02
   1.6545154e-02
   1.6709363e-02
   1.6490800e-02
   1.6559118e-02
   1.6751989e-02
   1.7263473e-02
   1.6765921e-02
   1.7015166e-02
   1.6697971e-02
   1.7083139e-02
   1.7829460e-02
   1.6375094e-02
   1.6641069e-02
   1.6579514e-02
   1.6701074e-02
   1.7529776e-02
   1.6749033e-02
   1.6686927e-02
   1.6536544e-02
   1.6790297e-02
   1.6781750e-02
   1.6748639e-02
   1.6736487e-02
   1.6736536e-02
   1.6969634e-02
   1.7378239e-02
   1.7423715e-02
   1.7376195e-02
   1.6647368e-02
   1.6475675e-02
   1.6786623e-02
   1.7416929e-02
   1.7030058e-02
   1.6563396e-02
   1.7046099e-02
   1.7608549e-02
   1.7243974e-02
   1.7214919e-02
   1.7319783e-02
   1.6933728e-02
   1.6680081e-02
   1.7529647e-02
   1.7768930e-02
   1.7324047e-02
   1.7317121e-02
   1.7289460e-02
   1.7061870e-02
   1.7082227e-02
   1.6862621e-02
   1.7667909e-02
   1.6913593e-02
   1.7254995e-02
   1.6294559e-02
   1.6712764e-02
   1.7130461e-02
   1.6729391e-02
   1.7106473e-02
   1.7587651e-02
   1.7634069e-02
   1.7415039e-02
   1.7311797e-02
   1.7466267e-02
   1.7359227e-02
   1.7086634e-02
   1.6959360e-02
   1.7210259e-02
   1.6751671e-02
   1.6467669e-02
   1.7861355e-02
   1.7188397e-02
   1.6972637e-02
