   2.2152530e-01
   2.0724691e-01
   2.2436173e-01
   2.1503306e-01
   2.2431463e-01
   2.0309788e-01
   1.9515730e-01
   2.2526819e-01
   2.2315117e-01
   2.3274818e-01
   1.9016482e-01
   2.0694604e-01
   2.3234774e-01
   2.0414705e-01
   2.2895329e-01
   2.2940455e-01
   2.3067361e-01
   1.9747521e-01
   2.3332228e-01
   2.1736336e-01
   2.2789279e-01
   2.2325874e-01
   1.9010527e-01
   2.0847780e-01
   1.9006729e-01
   2.2628241e-01
   1.9707136e-01
   2.2681630e-01
   2.3210118e-01
   1.9564741e-01
   1.9123791e-01
   2.0935351e-01
   2.3103716e-01
   2.1533097e-01
   1.9555101e-01
   1.9750098e-01
   2.1139368e-01
   1.9120660e-01
   2.1168894e-01
   2.1221611e-01
   2.0112395e-01
   2.1830459e-01
   2.3320629e-01
   2.1889641e-01
   1.9793858e-01
   2.3327057e-01
   2.0831115e-01
   2.0601776e-01
   2.2333531e-01
   1.9623386e-01
   2.0223066e-01
   2.1173290e-01
   2.2994293e-01
   2.1017830e-01
   1.9328644e-01
   2.0520384e-01
   2.3275123e-01
   2.3233554e-01
   2.3021628e-01
   2.1788259e-01
   1.9229635e-01
   2.0120027e-01
   2.1655162e-01
   2.2186945e-01
   1.9468728e-01
   2.2333451e-01
   1.9631778e-01
   2.0971559e-01
   2.2887300e-01
   1.9582839e-01
   1.9383164e-01
   2.3108876e-01
   2.0012672e-01
   1.9203718e-01
   1.9770836e-01
   1.9736574e-01
   2.2942853e-01
   2.2826504e-01
   2.1549961e-01
   2.1115458e-01
   2.2004217e-01
   2.2953007e-01
   1.9784508e-01
   1.9156351e-01
   2.2275223e-01
   2.3179708e-01
   2.1061329e-01
   2.1130676e-01
   2.2338998e-01
   1.9434210e-01
   2.3257800e-01
   2.0730302e-01
   2.1963340e-01
   2.0880574e-01
   2.3204074e-01
   1.9650238e-01
   2.1784752e-01
   1.9751147e-01
   1.9568760e-01
   1.9402682e-01
   1.9305169e-01
   2.3175566e-01
   1.9614402e-01
   2.1666747e-01
   2.3164871e-01
   1.9424263e-01
   2.1273333e-01
   2.1487297e-01
   2.3206047e-01
   1.9420187e-01
   2.3210400e-01
   1.9351815e-01
   2.2854256e-01
   2.2744928e-01
   2.0506214e-01
   2.0600676e-01
   2.3154151e-01
   2.3089459e-01
   1.9314025e-01
   2.0120521e-01
   2.0847664e-01
   1.9016228e-01
   2.1676437e-01
   1.9504425e-01
   1.9942872e-01
   1.9839973e-01
   2.0901355e-01
   1.9664694e-01
   2.1455466e-01
   1.9993182e-01
   2.3036455e-01
   2.0827186e-01
   1.9114818e-01
   2.2928414e-01
   1.9664449e-01
   2.1038786e-01
   1.9742762e-01
   2.0465170e-01
   1.9491731e-01
   1.9261168e-01
   1.9390722e-01
   2.0172481e-01
   1.9518792e-01
   1.9015670e-01
   2.0198975e-01
   1.9230061e-01
   2.0887797e-01
   2.0496994e-01
   2.0990157e-01
   2.1287245e-01
   2.3292406e-01
   2.2264734e-01
   2.2124451e-01
   2.0724428e-01
   1.9511501e-01
   2.1026482e-01
   2.0036229e-01
   1.9519227e-01
   2.3252507e-01
   1.9570981e-01
   2.2906467e-01
   1.9684791e-01
   2.1998625e-01
   2.0596581e-01
   2.2812149e-01
   2.1155637e-01
   2.0561475e-01
   2.3197469e-01
   2.0802148e-01
   1.9786919e-01
   2.0950366e-01
   1.9286279e-01
   2.3202034e-01
   1.9824031e-01
   2.2251173e-01
   2.2928309e-01
   2.3322590e-01
   2.1356825e-01
   2.1153873e-01
   1.9643897e-01
   2.0328374e-01
   1.9570997e-01
   1.9004632e-01
   2.2974767e-01
   2.2067724e-01
   2.2687797e-01
   2.0048848e-01
   1.9789463e-01
   2.2118467e-01
   1.9088718e-01
   1.9014059e-01
   2.3028400e-01
   2.1520791e-01
   2.2740426e-01
   1.9842274e-01
   2.0172852e-01
   2.2171574e-01
   2.1615762e-01
   1.9619325e-01
   2.2352500e-01
   2.1026950e-01
   2.2527994e-01
   2.3188177e-01
   1.9509541e-01
   1.9595032e-01
   2.2062692e-01
   2.0003197e-01
   1.9323427e-01
   2.1001981e-01
   1.9092550e-01
   2.2256982e-01
   1.9509252e-01
   1.9556859e-01
   2.0644799e-01
   2.3134083e-01
   2.0484620e-01
   1.9398505e-01
   1.9667480e-01
   1.9903815e-01
   1.9485633e-01
   1.9611015e-01
   2.2474336e-01
   2.0871855e-01
   2.1930162e-01
   1.9813210e-01
   1.9304488e-01
   2.1812018e-01
   2.0540796e-01
   2.2503365e-01
   1.9706936e-01
   2.2158099e-01
   1.9840108e-01
   2.2144231e-01
   2.2477373e-01
   2.1838709e-01
   2.1875276e-01
   2.3116753e-01
   2.2503418e-01
   1.9792052e-01
   1.9789148e-01
   2.0007728e-01
   2.0203302e-01
   2.1918039e-01
   2.1451727e-01
   2.1214256e-01
   2.2556950e-01
   2.1117004e-01
   1.9486456e-01
   2.1245581e-01
   2.0459598e-01
   1.9207300e-01
   2.2768015e-01
   2.3060096e-01
   2.0291322e-01
   1.9602346e-01
   1.9017021e-01
   1.9056020e-01
   2.3039657e-01
   1.9497823e-01
   2.0970884e-01
   2.1948941e-01
   2.3109935e-01
   2.3158793e-01
   1.9002755e-01
   1.9413361e-01
   1.9027319e-01
   1.9840818e-01
   2.0931001e-01
   2.0754438e-01
   2.3341243e-01
   2.0821042e-01
   1.9758015e-01
   2.3197451e-01
   2.0311630e-01
   1.9446336e-01
   2.3188603e-01
   2.3288803e-01
   2.0048779e-01
   2.2243101e-01
   2.1032924e-01
   2.1063732e-01
   2.1007056e-01
   1.9091523e-01
   2.2458581e-01
   2.1761534e-01
   2.1902209e-01
   1.9750794e-01
   2.3070829e-01
   1.9580268e-01
   2.1373047e-01
   1.9933661e-01
   2.0447170e-01
   2.0455468e-01
   1.9202915e-01
   1.9938514e-01
   2.0479303e-01
   2.1378703e-01
   2.0930610e-01
   2.1230782e-01
   2.2839908e-01
