   2.6737142e-01
   2.6805596e-01
   2.6842752e-01
   2.7293084e-01
   2.6748221e-01
   2.7069833e-01
   2.6482201e-01
   2.6931006e-01
   2.6760517e-01
   2.7106794e-01
   2.6359522e-01
   2.7409135e-01
   2.6579275e-01
   2.7152877e-01
   2.6778757e-01
   2.7293481e-01
   2.7099047e-01
   2.7045995e-01
   2.7116919e-01
   2.6675150e-01
   2.7162479e-01
   2.6746404e-01
   2.7997316e-01
   2.6805409e-01
   2.6461288e-01
   2.6140933e-01
   2.7159401e-01
   2.7304019e-01
   2.7311378e-01
   2.7190380e-01
   2.6945452e-01
   2.7222503e-01
   2.6991951e-01
   2.6143333e-01
   2.6680902e-01
   2.6979160e-01
   2.7072226e-01
   2.6898679e-01
   2.6876270e-01
   2.6955166e-01
   2.6624144e-01
   2.6918256e-01
   2.6853770e-01
   2.6958204e-01
   2.6478291e-01
   2.6166994e-01
   2.6478335e-01
   2.6751741e-01
   2.6277583e-01
   2.7113617e-01
   2.7203177e-01
   2.6993838e-01
   2.5897760e-01
   2.6617376e-01
   2.6660195e-01
   2.6419034e-01
   2.7095933e-01
   2.7568542e-01
   2.6631668e-01
   2.7130296e-01
   2.6520731e-01
   2.7017596e-01
   2.7290183e-01
   2.6764916e-01
   2.6467280e-01
   2.6609562e-01
   2.6779971e-01
   2.7120546e-01
   2.7236550e-01
   2.6348401e-01
   2.6922397e-01
   2.6942773e-01
   2.6944732e-01
   2.6784297e-01
   2.7203296e-01
   2.7192558e-01
   2.7148324e-01
   2.6896939e-01
   2.6519916e-01
   2.6707647e-01
   2.6774364e-01
   2.6832519e-01
   2.6844132e-01
   2.6342257e-01
   2.6621866e-01
   2.6899548e-01
   2.6906071e-01
   2.7225212e-01
   2.6448674e-01
   2.7176936e-01
   2.6607741e-01
   2.6843336e-01
   2.6492393e-01
   2.7791172e-01
   2.6849029e-01
   2.6677004e-01
   2.6959730e-01
   2.6490153e-01
   2.6944658e-01
   2.7048536e-01
   2.6897312e-01
   2.6357551e-01
   2.7153565e-01
   2.6771375e-01
   2.6414225e-01
   2.7286342e-01
   2.7284295e-01
   2.6750203e-01
   2.6759094e-01
   2.7117239e-01
   2.6786478e-01
   2.6884927e-01
   2.7884335e-01
   2.6576085e-01
   2.6342224e-01
   2.6130672e-01
   2.7270198e-01
   2.6924332e-01
   2.7130796e-01
   2.6754516e-01
   2.7143016e-01
   2.6755493e-01
   2.7422410e-01
   2.6914391e-01
   2.6208594e-01
   2.7106818e-01
   2.6981737e-01
   2.6471578e-01
   2.5979842e-01
   2.6840838e-01
   2.6842977e-01
   2.6310838e-01
   2.7117242e-01
   2.7099097e-01
   2.7289910e-01
   2.7142295e-01
   2.6513738e-01
   2.6810370e-01
   2.6116268e-01
   2.6017151e-01
   2.7211773e-01
   2.8049600e-01
   2.7301946e-01
   2.7447952e-01
   2.6505159e-01
   2.6500774e-01
   2.7219965e-01
   2.6857467e-01
   2.6916644e-01
   2.6841962e-01
   2.7211727e-01
   2.7047497e-01
   2.7104872e-01
   2.6200973e-01
   2.6890173e-01
   2.7215403e-01
   2.7082269e-01
   2.7357761e-01
   2.6877929e-01
   2.7183775e-01
   2.6077169e-01
   2.7014111e-01
   2.7134017e-01
   2.6395333e-01
   2.6527717e-01
   2.7424512e-01
   2.7383244e-01
   2.6960071e-01
   2.7099650e-01
   2.6568551e-01
   2.6489648e-01
   2.6949092e-01
   2.6916738e-01
   2.7266771e-01
   2.6107508e-01
   2.6982700e-01
   2.7047625e-01
   2.6417591e-01
   2.6668572e-01
   2.6758496e-01
   2.6858871e-01
   2.7142769e-01
   2.7236535e-01
   2.6898939e-01
   2.6913035e-01
   2.7240833e-01
   2.7847552e-01
   2.6899712e-01
   2.7048227e-01
   2.6918963e-01
   2.6916765e-01
   2.6884423e-01
   2.6476711e-01
   2.7959512e-01
   2.6968600e-01
   2.7179155e-01
   2.6432197e-01
   2.7356835e-01
   2.7575799e-01
   2.6833132e-01
   2.6579716e-01
   2.7264462e-01
   2.6585929e-01
   2.7131528e-01
   2.6497471e-01
   2.6600704e-01
   2.7125208e-01
   2.7134530e-01
   2.7328025e-01
   2.7196522e-01
   2.6906642e-01
   2.6796489e-01
   2.6636750e-01
   2.6601753e-01
   2.6469543e-01
   2.7003370e-01
   2.6232030e-01
   2.7985374e-01
   2.6199262e-01
   2.6931502e-01
   2.7642066e-01
   2.6934597e-01
   2.6996888e-01
   2.6299069e-01
   2.6941100e-01
   2.6936692e-01
   2.7810277e-01
   2.6548474e-01
   2.6665598e-01
   2.6845023e-01
   2.7290112e-01
   2.6676141e-01
   2.6449419e-01
   2.6748129e-01
   2.6656940e-01
   2.6043512e-01
   2.7037040e-01
   2.6548759e-01
   2.6349591e-01
   2.7009273e-01
   2.7173033e-01
   2.7113533e-01
   2.6367234e-01
   2.6658173e-01
   2.6598813e-01
   2.6691585e-01
   2.6222871e-01
   2.6399011e-01
   2.6507942e-01
   2.6788318e-01
   2.7571354e-01
   2.7709659e-01
   2.6695474e-01
   2.6583808e-01
   2.7167529e-01
   2.6082727e-01
   2.7245534e-01
   2.6066542e-01
   2.6402148e-01
   2.6548192e-01
   2.7299772e-01
   2.7266962e-01
   2.6986402e-01
   2.6934214e-01
   2.7946502e-01
   2.7361229e-01
   2.6820707e-01
   2.7028056e-01
   2.7213131e-01
   2.6675067e-01
   2.7053089e-01
   2.7109914e-01
   2.7168510e-01
   2.7160338e-01
   2.7126999e-01
   2.7122421e-01
   2.7122346e-01
   2.6904635e-01
   2.6861355e-01
   2.7256971e-01
   2.7117024e-01
   2.7109678e-01
   2.7375052e-01
   2.6625163e-01
   2.6697580e-01
   2.7170321e-01
   2.6873514e-01
   2.6493110e-01
   2.7021522e-01
   2.6795288e-01
   2.6424878e-01
   2.7247559e-01
   2.7021199e-01
   2.6764690e-01
   2.6757328e-01
   2.7154246e-01
   2.6795424e-01
   2.6983526e-01
   2.6798912e-01
   2.6894300e-01
