   5.0734487e-02
   5.3986044e-02
   5.1572057e-02
   5.4124884e-02
   5.3188382e-02
   5.3356338e-02
   5.0589834e-02
   5.7628721e-02
   5.2780470e-02
   5.2586316e-02
   5.0855599e-02
   5.5525857e-02
   5.0303028e-02
   5.2088652e-02
   5.5744185e-02
   5.3818567e-02
   5.0871052e-02
   5.0551019e-02
   5.3112542e-02
   5.0171183e-02
   5.1267593e-02
   4.9805409e-02
   4.9540298e-02
   5.0186169e-02
   5.1049866e-02
   5.5270062e-02
   5.9549590e-02
   5.2718322e-02
   5.3977235e-02
   5.1056272e-02
   5.0783375e-02
   5.1664260e-02
   5.6987170e-02
   5.0107965e-02
   5.4606823e-02
   5.3332121e-02
   5.0496943e-02
   5.5021128e-02
   5.0141179e-02
   5.2115719e-02
   5.0841274e-02
   5.3325360e-02
   4.9926209e-02
   5.2752054e-02
   5.8099748e-02
   5.1906198e-02
   5.9296089e-02
   5.6099777e-02
   5.5395050e-02
   5.4839337e-02
   5.0115720e-02
   5.1511190e-02
   5.1167734e-02
   4.9820558e-02
   5.5697025e-02
   5.5816848e-02
   5.1070194e-02
   5.6327862e-02
   5.1632213e-02
   6.2139701e-02
   5.3722809e-02
   5.1075024e-02
   5.3305171e-02
   5.2700843e-02
   5.1341837e-02
   5.6404735e-02
   5.4396138e-02
   5.4146108e-02
   5.0549780e-02
   5.3665649e-02
   4.9513839e-02
   5.2021308e-02
   6.0489466e-02
   5.2976073e-02
   5.0653603e-02
   5.7107606e-02
   5.0972333e-02
   5.1842629e-02
   5.2888851e-02
   5.7403952e-02
   5.1727153e-02
   5.7303489e-02
   5.6911803e-02
   5.6951873e-02
   5.2446353e-02
   5.4061120e-02
   5.1823280e-02
   5.1236761e-02
   5.6028529e-02
   5.0316491e-02
   5.4625009e-02
   5.6665925e-02
   5.4483661e-02
   4.9867869e-02
   5.1094191e-02
   5.2972884e-02
   5.4221515e-02
   5.3317735e-02
   5.3567048e-02
   5.2182427e-02
   5.2641628e-02
   5.0088207e-02
   5.3148899e-02
   4.9863374e-02
   5.1232456e-02
   5.0610961e-02
   5.3189490e-02
   5.0182295e-02
   5.5243381e-02
   5.7691472e-02
   5.5858891e-02
   5.4408463e-02
   5.5443224e-02
   5.7909776e-02
   5.5841418e-02
   6.1303733e-02
   4.9858628e-02
   5.3910274e-02
   5.8733089e-02
   5.1491811e-02
   5.4831393e-02
   5.4474471e-02
   5.2488507e-02
   5.1094420e-02
   5.8457530e-02
   5.8618198e-02
   5.4637560e-02
   5.0760171e-02
   5.2195552e-02
   5.3374861e-02
   5.6420156e-02
   5.3871786e-02
   5.4382688e-02
   5.4579351e-02
   5.8435865e-02
   4.9956372e-02
   5.1845024e-02
   5.0310447e-02
   5.6768718e-02
   4.9952697e-02
   5.8863469e-02
   5.9210957e-02
   5.4685827e-02
   5.2432461e-02
   5.0386132e-02
   5.9190624e-02
   5.6910762e-02
   5.0673872e-02
   5.8355213e-02
   6.0104251e-02
   5.6443582e-02
   5.1765882e-02
   5.0367235e-02
   4.9981093e-02
   5.3759571e-02
   5.1061765e-02
   5.8877322e-02
   5.4745119e-02
   4.9683863e-02
   4.9940019e-02
   5.2392877e-02
   5.0193995e-02
   5.0671099e-02
   5.5207946e-02
   5.3211970e-02
   5.1996026e-02
   5.1155213e-02
   5.0928294e-02
   5.0449828e-02
   5.9280901e-02
   5.5968715e-02
   5.1939904e-02
   4.9814428e-02
   5.1154818e-02
   5.3442283e-02
   5.1826940e-02
   5.0783795e-02
   5.1742346e-02
   5.3654975e-02
   5.3293499e-02
   5.1472497e-02
   5.8102965e-02
   5.8411065e-02
   5.5191081e-02
   5.2637621e-02
   5.7986145e-02
   5.2717869e-02
   4.9497419e-02
   5.6145371e-02
   5.2882173e-02
   5.5743812e-02
   6.1881604e-02
   5.1800871e-02
   5.5599836e-02
   5.5985507e-02
   5.3659359e-02
   5.3579482e-02
   5.2831673e-02
   5.5809196e-02
   5.1692673e-02
   5.1719965e-02
   5.2888310e-02
   5.0701838e-02
   5.1348407e-02
   5.2445011e-02
   5.0510547e-02
   5.1320610e-02
   5.0335290e-02
   5.1695091e-02
   5.1898675e-02
   5.6495582e-02
   5.2385044e-02
   5.9187927e-02
   5.3257308e-02
   5.1491098e-02
   5.6239599e-02
   5.2660813e-02
   5.0849626e-02
   5.1911027e-02
   5.1021584e-02
   4.9667522e-02
   5.1836562e-02
   5.8871717e-02
   5.5951005e-02
   5.6267489e-02
   4.9918060e-02
   5.2059784e-02
   5.6317598e-02
   5.2440589e-02
   5.1957107e-02
   5.3591214e-02
   5.6432929e-02
   5.1805958e-02
   5.2291013e-02
   5.1131226e-02
   5.1322304e-02
   5.7813188e-02
   5.1789187e-02
   4.9804445e-02
   5.8601731e-02
   5.0699021e-02
   5.2125113e-02
   5.3699321e-02
   5.0837666e-02
   5.3327384e-02
   5.2558178e-02
   5.1893107e-02
   4.9726941e-02
   5.0216031e-02
   5.2065406e-02
   4.9975742e-02
   5.7580959e-02
   5.1137758e-02
   5.2970449e-02
   5.4033609e-02
   5.2823666e-02
   5.1290734e-02
   5.3420450e-02
   5.8388863e-02
   5.1787579e-02
   5.5534144e-02
   5.9398404e-02
   5.3791786e-02
   5.0645534e-02
   5.1953818e-02
   5.6336272e-02
   5.0607933e-02
   5.1695795e-02
   5.0804677e-02
   6.0120111e-02
   5.4417420e-02
   5.2718823e-02
   5.1539670e-02
   5.3075432e-02
   5.9974045e-02
   5.0116638e-02
   5.1214762e-02
   5.7137645e-02
   5.2110212e-02
   5.5806658e-02
   5.3650258e-02
   5.3866251e-02
   5.4641851e-02
   5.7051389e-02
   5.0746534e-02
   5.1439672e-02
   5.4651219e-02
   5.3480770e-02
   4.9952566e-02
   5.2032834e-02
   5.0154577e-02
   5.6520235e-02
   5.0614807e-02
   5.0822478e-02
   5.0536391e-02
   5.1649496e-02
   5.1316116e-02
   5.2118570e-02
   5.0963251e-02
   5.6416999e-02
