   1.1665351e-01
   1.6406016e-01
   1.4402717e-01
   5.6977769e-02
   1.2588315e-01
   1.1278028e-01
   7.7993217e-02
   1.5528612e-01
   1.2538314e-01
   1.2975128e-01
   1.0642232e-01
   1.6738203e-01
   1.4795101e-01
   1.5522062e-01
   1.3135157e-01
   8.6126253e-02
   1.6439314e-01
   1.2042222e-01
   1.0766472e-01
   1.1960385e-01
   1.2586113e-01
   5.7704598e-02
   6.0989373e-02
   1.4335216e-01
   1.1794270e-01
   1.6000046e-01
   1.3541838e-01
   9.4848462e-02
   1.3736728e-01
   1.2680386e-01
   7.2230000e-02
   1.1019600e-01
   1.3486647e-01
   8.9823879e-02
   1.2995987e-01
   1.3206971e-01
   1.5852586e-01
   1.2189520e-01
   1.3902941e-01
   7.4798772e-02
   1.6631743e-01
   1.3228461e-01
   7.2866344e-02
   5.7073225e-02
   1.6062514e-01
   1.1235417e-01
   1.6695547e-01
   8.3369333e-02
   1.2938629e-01
   1.2105569e-01
   1.6738430e-01
   1.2987637e-01
   9.0455743e-02
   1.1255977e-01
   1.2600220e-01
   1.1121003e-01
   1.0779109e-01
   1.3181195e-01
   1.1165335e-01
   8.8282278e-02
   8.4986963e-02
   6.7069396e-02
   5.7433769e-02
   8.0323711e-02
   1.2664797e-01
   1.8026011e-01
   1.3207631e-01
   8.1945529e-02
   1.5864606e-01
   1.4257675e-01
   1.2573062e-01
   1.3074282e-01
   1.2126111e-01
   1.3674627e-01
   1.0827481e-01
   1.6223397e-01
   1.0934648e-01
   9.0275774e-02
   1.1491784e-01
   1.1156578e-01
   1.5852078e-01
   1.3978309e-01
   1.3165959e-01
   1.0475165e-01
   1.6539895e-01
   1.4085637e-01
   1.7045493e-01
   1.0506185e-01
   1.0582926e-01
   1.0576706e-01
   1.7557770e-01
   1.3562329e-01
   1.3383959e-01
   1.0083870e-01
   1.5413769e-01
   1.4038732e-01
   1.1325437e-01
   1.7102412e-01
   5.7485191e-02
   1.0563942e-01
   1.6475505e-01
   1.4104213e-01
   6.1423033e-02
   1.3180858e-01
   1.3066962e-01
   1.4407595e-01
   1.0885724e-01
   1.3539243e-01
   1.0963769e-01
   1.7661136e-01
   9.3015685e-02
   1.1585076e-01
   1.5254364e-01
   1.6473599e-01
   1.0748903e-01
   1.3282347e-01
   1.3131953e-01
   1.2256630e-01
   1.1738114e-01
   1.1958687e-01
   1.6101976e-01
   1.2432109e-01
   7.6098199e-02
   9.7019601e-02
   5.8478806e-02
   1.2266673e-01
   5.8257298e-02
   1.6035302e-01
   1.3179459e-01
   1.6473640e-01
   1.4339405e-01
   6.4579503e-02
   1.0704704e-01
   1.1308406e-01
   1.2119075e-01
   1.3589474e-01
   1.0709170e-01
   1.3547611e-01
   1.3445260e-01
   1.3615608e-01
   1.3260600e-01
   1.5329924e-01
   1.0358324e-01
   1.6683197e-01
   1.0665033e-01
   1.1749332e-01
   1.2725968e-01
   1.6309922e-01
   1.0516779e-01
   1.3259492e-01
   1.5850698e-01
   6.8429472e-02
   1.6288411e-01
   7.1453431e-02
   1.6835269e-01
   1.7243558e-01
   1.2987450e-01
   1.1448524e-01
   6.9182627e-02
   7.6176763e-02
   1.0831949e-01
   1.3247942e-01
   1.2987876e-01
   1.6591044e-01
   1.2958412e-01
   1.2987313e-01
   5.7155915e-02
   6.7275198e-02
   1.7895119e-01
   1.0546351e-01
   5.7601574e-02
   1.5155805e-01
   1.2280347e-01
   1.5568998e-01
   1.6770489e-01
   1.0723057e-01
   1.3294023e-01
   9.5199877e-02
   1.2903450e-01
   8.4032114e-02
   9.0928414e-02
   1.1383646e-01
   1.1526590e-01
   1.2524836e-01
   1.2231797e-01
   1.7469310e-01
   1.3188531e-01
   8.8543057e-02
   1.3588004e-01
   6.5015553e-02
   1.2428411e-01
   6.7977625e-02
   1.1465326e-01
   1.6729957e-01
   1.7406674e-01
   1.3417410e-01
   7.9174382e-02
   1.1600745e-01
   1.5940394e-01
   1.0498440e-01
   1.2350250e-01
   5.6996061e-02
   1.1043579e-01
   1.4104919e-01
   1.6132663e-01
   1.2213583e-01
   1.1456986e-01
   1.1491937e-01
   1.1459671e-01
   1.0696971e-01
   1.1374267e-01
   6.3195296e-02
   1.3499716e-01
   1.3351422e-01
   8.5524803e-02
   1.3979873e-01
   1.3345836e-01
   1.1012530e-01
   1.7192731e-01
   1.7329761e-01
   1.6672402e-01
   1.6983626e-01
   7.6806027e-02
   1.5888621e-01
   1.3156161e-01
   8.7325961e-02
   1.6755450e-01
   1.4152381e-01
   9.6131241e-02
   9.3954205e-02
   1.2304543e-01
   7.0283846e-02
   1.1968903e-01
   1.1077244e-01
   1.6791058e-01
   8.9269463e-02
   1.5647259e-01
   1.4673621e-01
   1.3610976e-01
   1.6515671e-01
   1.7404924e-01
   9.9681516e-02
   1.3411959e-01
   1.6259831e-01
   1.5587944e-01
   5.7100876e-02
   7.7077384e-02
   1.7900075e-01
   1.1012776e-01
   6.4106864e-02
   9.2302090e-02
   5.7192285e-02
   5.6992554e-02
   1.4052294e-01
   1.6462081e-01
   1.4429899e-01
   1.3026273e-01
   1.1554520e-01
   1.3833615e-01
   1.4244256e-01
   1.3246810e-01
   1.0214332e-01
   7.5186907e-02
   5.6951870e-02
   1.3119837e-01
   1.0628832e-01
   1.3081985e-01
   1.3493206e-01
   1.1255372e-01
   8.7205972e-02
   1.2021113e-01
   1.1094217e-01
   1.2388792e-01
   1.4887588e-01
   1.2152034e-01
   1.5917147e-01
   1.5372976e-01
   1.1482355e-01
   1.8030472e-01
   1.3571642e-01
   8.3948730e-02
   1.7640549e-01
   1.6536574e-01
   1.3363849e-01
   1.1195828e-01
   5.7378375e-02
   5.7259658e-02
   1.3980227e-01
   1.2976911e-01
   1.0569337e-01
   1.2067946e-01
   1.1056145e-01
   1.0936466e-01
   1.2002468e-01
   1.0892844e-01
   1.1685573e-01
   6.7976113e-02
   1.3430757e-01
   1.3615891e-01
   1.1196464e-01
