   6.4521536e-02
   6.5951584e-02
   6.2895648e-02
   6.3202718e-02
   6.5670424e-02
   6.2197258e-02
   6.4597112e-02
   6.6207362e-02
   6.5412824e-02
   6.6080662e-02
   6.5899534e-02
   6.3988481e-02
   6.2783612e-02
   6.3519353e-02
   6.5087731e-02
   6.5654360e-02
   6.4086697e-02
   6.2106912e-02
   6.2449988e-02
   6.3934259e-02
   6.3284442e-02
   6.5085101e-02
   6.1943692e-02
   6.5757394e-02
   6.2173185e-02
   6.4590543e-02
   6.5216389e-02
   6.1977411e-02
   6.5446145e-02
   6.3432029e-02
   6.1954439e-02
   6.6863724e-02
   6.3038041e-02
   6.2558255e-02
   6.5252115e-02
   6.2185039e-02
   6.2554203e-02
   6.3425309e-02
   6.6722467e-02
   6.5430125e-02
   6.3867795e-02
   6.3372128e-02
   6.5156822e-02
   6.3766774e-02
   6.3464133e-02
   6.2235950e-02
   6.5042919e-02
   6.4961957e-02
   6.4566182e-02
   6.4480435e-02
   6.2139645e-02
   6.4597123e-02
   6.2366153e-02
   6.4241960e-02
   6.5023608e-02
   6.2181394e-02
   6.3464255e-02
   6.5296087e-02
   6.2814931e-02
   6.3465993e-02
   6.2821098e-02
   6.3929707e-02
   6.2140198e-02
   6.6000645e-02
   6.5230291e-02
   6.5127283e-02
   6.2271637e-02
   6.2403868e-02
   6.2500992e-02
   6.3594511e-02
   6.3394939e-02
   6.4347925e-02
   6.4193105e-02
   6.2159858e-02
   6.2468452e-02
   6.3533503e-02
   6.2214955e-02
   6.2491864e-02
   6.5165527e-02
   6.4431601e-02
   6.3800607e-02
   6.2234086e-02
   6.2204490e-02
   6.3848704e-02
   6.6773205e-02
   6.5333892e-02
   6.3977414e-02
   6.4502084e-02
   6.3204290e-02
   6.3165827e-02
   6.2317842e-02
   6.4013014e-02
   6.2302080e-02
   6.5023304e-02
   6.3347637e-02
   6.5990105e-02
   6.5584768e-02
   6.3705240e-02
   6.4039096e-02
   6.5155341e-02
   6.2830847e-02
   6.4337635e-02
   6.5484077e-02
   6.4949663e-02
   6.4947957e-02
   6.4457703e-02
   6.2238722e-02
   6.1921086e-02
   6.3029112e-02
   6.4595539e-02
   6.6332526e-02
   6.3233469e-02
   6.4460072e-02
   6.4744539e-02
   6.3419152e-02
   6.5657792e-02
   6.1979986e-02
   6.3610624e-02
   6.2194426e-02
   6.2330562e-02
   6.5077915e-02
   6.5751979e-02
   6.2969151e-02
   6.2783301e-02
   6.5190526e-02
   6.3955229e-02
   6.5098304e-02
   6.3262277e-02
   6.2173755e-02
   6.2241230e-02
   6.2560471e-02
   6.3417637e-02
   6.2944807e-02
   6.3109447e-02
   6.2952104e-02
   6.4365542e-02
   6.3152355e-02
   6.3357650e-02
   6.3306412e-02
   6.5881678e-02
   6.5552746e-02
   6.6483795e-02
   6.5860808e-02
   6.4710075e-02
   6.4937660e-02
   6.2191110e-02
   6.2824449e-02
   6.5669487e-02
   6.3852491e-02
   6.5207739e-02
   6.4760125e-02
   6.4989587e-02
   6.4878637e-02
   6.3221093e-02
   6.4923915e-02
   6.2939548e-02
   6.1944397e-02
   6.2317723e-02
   6.3026896e-02
   6.2404557e-02
   6.4353441e-02
   6.4359028e-02
   6.5427205e-02
   6.5119951e-02
   6.6208158e-02
   6.1993108e-02
   6.4760673e-02
   6.6864631e-02
   6.2804724e-02
   6.4687815e-02
   6.4829618e-02
   6.5324291e-02
   6.3373139e-02
   6.5419136e-02
   6.6120431e-02
   6.5153844e-02
   6.5489409e-02
   6.4632686e-02
   6.4083342e-02
   6.2798574e-02
   6.4321040e-02
   6.4483880e-02
   6.5478353e-02
   6.3861840e-02
   6.1950958e-02
   6.2396021e-02
   6.3238179e-02
   6.5744768e-02
   6.4857003e-02
   6.5436528e-02
   6.3635998e-02
   6.5349844e-02
   6.2867780e-02
   6.2276860e-02
   6.6063377e-02
   6.2748563e-02
   6.3320293e-02
   6.3822377e-02
   6.2233517e-02
   6.5269462e-02
   6.4885285e-02
   6.2143200e-02
   6.2157681e-02
   6.2203346e-02
   6.2230409e-02
   6.5055291e-02
   6.3892548e-02
   6.2085339e-02
   6.2180661e-02
   6.3389718e-02
   6.2445438e-02
   6.2389810e-02
   6.3765886e-02
   6.2207863e-02
   6.4986668e-02
   6.2296829e-02
   6.2076897e-02
   6.2210736e-02
   6.3449452e-02
   6.6059930e-02
   6.3283975e-02
   6.3303223e-02
   6.3484934e-02
   6.5351383e-02
   6.5273451e-02
   6.2311117e-02
   6.4562346e-02
   6.2469042e-02
   6.2560944e-02
   6.3174675e-02
   6.5070748e-02
   6.2162704e-02
   6.2237801e-02
   6.4215212e-02
   6.4751904e-02
   6.2419717e-02
   6.2782410e-02
   6.3493236e-02
   6.2700085e-02
   6.2778778e-02
   6.2053793e-02
   6.2129461e-02
   6.3287742e-02
   6.2894301e-02
   6.3490857e-02
   6.5411903e-02
   6.2319575e-02
   6.2688255e-02
   6.6148286e-02
   6.4754247e-02
   6.3396560e-02
   6.2329420e-02
   6.3724672e-02
   6.4909654e-02
   6.3317617e-02
   6.3450328e-02
   6.4163013e-02
   6.2095304e-02
   6.2862943e-02
   6.3118896e-02
   6.6534292e-02
   6.2131838e-02
   6.4519079e-02
   6.4103949e-02
   6.2349605e-02
   6.2400460e-02
   6.5038236e-02
   6.4859670e-02
   6.4572231e-02
   6.4637746e-02
   6.6158585e-02
   6.2482087e-02
   6.2131355e-02
   6.2890817e-02
   6.2551310e-02
   6.5534408e-02
   6.5295020e-02
   6.3033660e-02
   6.2789017e-02
   6.3701706e-02
   6.3283147e-02
   6.2291964e-02
   6.5486169e-02
   6.4921982e-02
   6.3476602e-02
   6.3485503e-02
   6.5262940e-02
   6.5138751e-02
   6.2264049e-02
   6.2287681e-02
   6.2152083e-02
   6.2397660e-02
   6.2380174e-02
   6.2798716e-02
   6.2728473e-02
   6.3632692e-02
   6.2150833e-02
   6.3929562e-02
   6.4327178e-02
   6.2885215e-02
