   1.7935960e-01
   1.7910094e-01
   1.8112269e-01
   1.8184262e-01
   1.8021134e-01
   1.8047921e-01
   1.7905043e-01
   1.8020112e-01
   1.7841190e-01
   1.7922321e-01
   1.8139040e-01
   1.8106363e-01
   1.7841435e-01
   1.7935669e-01
   1.7911788e-01
   1.8138957e-01
   1.8000029e-01
   1.7912008e-01
   1.7872869e-01
   1.7925458e-01
   1.8020090e-01
   1.7898612e-01
   1.8181016e-01
   1.8019290e-01
   1.8164680e-01
   1.7997042e-01
   1.7961702e-01
   1.8163465e-01
   1.8142560e-01
   1.8134735e-01
   1.8092728e-01
   1.8007923e-01
   1.8183649e-01
   1.8100014e-01
   1.7878516e-01
   1.8001867e-01
   1.8051834e-01
   1.8140697e-01
   1.8140962e-01
   1.8139636e-01
   1.8150975e-01
   1.7955076e-01
   1.8021114e-01
   1.8015156e-01
   1.8153459e-01
   1.8018749e-01
   1.8149499e-01
   1.8141776e-01
   1.8164851e-01
   1.7994094e-01
   1.8115841e-01
   1.7909856e-01
   1.8048838e-01
   1.7895775e-01
   1.7999389e-01
   1.8060247e-01
   1.7976628e-01
   1.8084780e-01
   1.7872036e-01
   1.8185545e-01
   1.8054733e-01
   1.8020271e-01
   1.8002389e-01
   1.7984234e-01
   1.8008380e-01
   1.8141439e-01
   1.8001204e-01
   1.8121859e-01
   1.7910008e-01
   1.8171104e-01
   1.8051936e-01
   1.8184765e-01
   1.7872026e-01
   1.8024224e-01
   1.7864740e-01
   1.7861373e-01
   1.7880677e-01
   1.8174355e-01
   1.7840372e-01
   1.8084523e-01
   1.8100806e-01
   1.8181149e-01
   1.8140077e-01
   1.8171075e-01
   1.8087707e-01
   1.8045844e-01
   1.8101802e-01
   1.7916088e-01
   1.7849286e-01
   1.7863317e-01
   1.7919731e-01
   1.7980672e-01
   1.7840924e-01
   1.8009613e-01
   1.7842906e-01
   1.7952999e-01
   1.8155520e-01
   1.8019944e-01
   1.8055424e-01
   1.8087527e-01
   1.8048823e-01
   1.8058400e-01
   1.8007453e-01
   1.8093432e-01
   1.8004637e-01
   1.7857829e-01
   1.8144184e-01
   1.8179405e-01
   1.8019394e-01
   1.8143853e-01
   1.7893885e-01
   1.7853332e-01
   1.7845107e-01
   1.7842662e-01
   1.7978543e-01
   1.8019402e-01
   1.7949110e-01
   1.7937137e-01
   1.8015219e-01
   1.8115443e-01
   1.8014483e-01
   1.7918197e-01
   1.8172488e-01
   1.7886223e-01
   1.7973402e-01
   1.7947548e-01
   1.8088795e-01
   1.8031697e-01
   1.8010598e-01
   1.8169951e-01
   1.7943127e-01
   1.8092247e-01
   1.7941684e-01
   1.7901771e-01
   1.8178406e-01
   1.7936496e-01
   1.7864718e-01
   1.8087094e-01
   1.7841890e-01
   1.8106346e-01
   1.8114799e-01
   1.7841771e-01
   1.7897587e-01
   1.8178514e-01
   1.8139630e-01
   1.8106507e-01
   1.8011679e-01
   1.8155589e-01
   1.8087201e-01
   1.8136506e-01
   1.7902556e-01
   1.8082303e-01
   1.7998783e-01
   1.8055357e-01
   1.8163621e-01
   1.8132031e-01
   1.8116132e-01
   1.8085554e-01
   1.8018366e-01
   1.8144766e-01
   1.8108928e-01
   1.7859852e-01
   1.7905011e-01
   1.8092127e-01
   1.8146249e-01
   1.7889516e-01
   1.8142038e-01
   1.7974160e-01
   1.8162367e-01
   1.7991188e-01
   1.7866446e-01
   1.8088881e-01
   1.8140137e-01
   1.7879946e-01
   1.8019120e-01
   1.8168620e-01
   1.8138456e-01
   1.8000352e-01
   1.8103964e-01
   1.7880113e-01
   1.8086334e-01
   1.8116212e-01
   1.8096167e-01
   1.8044179e-01
   1.7992682e-01
   1.8081914e-01
   1.8176113e-01
   1.8114659e-01
   1.8100825e-01
   1.7992119e-01
   1.7841286e-01
   1.7949843e-01
   1.7878783e-01
   1.7841819e-01
   1.8152082e-01
   1.8141386e-01
   1.7962586e-01
   1.8052352e-01
   1.8008949e-01
   1.8019132e-01
   1.7844159e-01
   1.7988255e-01
   1.8138630e-01
   1.8090120e-01
   1.7930098e-01
   1.8114886e-01
   1.7841394e-01
   1.8088157e-01
   1.8186160e-01
   1.8138665e-01
   1.8042182e-01
   1.7966503e-01
   1.8010119e-01
   1.8013353e-01
   1.8173058e-01
   1.8173819e-01
   1.8083188e-01
   1.8141633e-01
   1.7995733e-01
   1.8170422e-01
   1.7844822e-01
   1.7902824e-01
   1.7893943e-01
   1.7942092e-01
   1.7906473e-01
   1.7946878e-01
   1.7846264e-01
   1.8020861e-01
   1.8130419e-01
   1.7945578e-01
   1.8005680e-01
   1.8139069e-01
   1.8019999e-01
   1.7958678e-01
   1.8078977e-01
   1.8020111e-01
   1.7842442e-01
   1.7906404e-01
   1.8018995e-01
   1.8175479e-01
   1.8008947e-01
   1.8083067e-01
   1.7878972e-01
   1.8122082e-01
   1.8019256e-01
   1.8134640e-01
   1.7995908e-01
   1.7884901e-01
   1.7840576e-01
   1.7843413e-01
   1.7857453e-01
   1.7871583e-01
   1.7950231e-01
   1.8162533e-01
   1.8029161e-01
   1.7894484e-01
   1.7930600e-01
   1.7937993e-01
   1.7915866e-01
   1.8000432e-01
   1.7936236e-01
   1.7900480e-01
   1.8178283e-01
   1.8117950e-01
   1.8008624e-01
   1.8140959e-01
   1.7851199e-01
   1.7884139e-01
   1.7873354e-01
   1.7966007e-01
   1.8169257e-01
   1.7968168e-01
   1.8070935e-01
   1.7939421e-01
   1.8048221e-01
   1.7916639e-01
   1.8177695e-01
   1.7843415e-01
   1.8140746e-01
   1.8170049e-01
   1.8078106e-01
   1.8104231e-01
   1.7924101e-01
   1.8032965e-01
   1.7922665e-01
   1.7978478e-01
   1.8101960e-01
   1.7872541e-01
   1.8181943e-01
   1.7950640e-01
   1.8002588e-01
   1.8033513e-01
   1.8138581e-01
   1.7840706e-01
   1.8138725e-01
   1.8038409e-01
   1.8142244e-01
   1.7927981e-01
   1.8101921e-01
   1.8140679e-01
