   4.2896440e-02
   4.6175485e-02
   4.4544085e-02
   4.5968184e-02
   4.4658040e-02
   4.6455779e-02
   4.6459945e-02
   4.3636025e-02
   4.3376532e-02
   4.5287214e-02
   4.5610502e-02
   4.3157424e-02
   4.5261750e-02
   4.5706398e-02
   4.6647121e-02
   4.5887731e-02
   4.5046934e-02
   4.6194104e-02
   4.4116200e-02
   4.4174764e-02
   4.3240302e-02
   4.5961666e-02
   4.5847022e-02
   4.7150470e-02
   4.5870251e-02
   4.6250275e-02
   4.6120154e-02
   4.4897155e-02
   4.4209206e-02
   4.5865625e-02
   4.4887457e-02
   4.7688633e-02
   4.5744594e-02
   4.5170510e-02
   4.3621103e-02
   4.5192740e-02
   4.3392800e-02
   4.3064166e-02
   4.7607779e-02
   4.5427591e-02
   4.4697520e-02
   4.5257685e-02
   4.7670534e-02
   4.6163722e-02
   4.4188800e-02
   4.4442692e-02
   4.5381944e-02
   4.5928121e-02
   4.5283149e-02
   4.5330447e-02
   4.7604671e-02
   4.7082734e-02
   4.5976891e-02
   4.5922783e-02
   4.6388196e-02
   4.2943806e-02
   4.5572593e-02
   4.2830923e-02
   4.5726614e-02
   4.5710099e-02
   4.5745466e-02
   4.3759500e-02
   4.5815642e-02
   4.5302037e-02
   4.6752078e-02
   4.6020156e-02
   4.5705146e-02
   4.5879161e-02
   4.3011300e-02
   4.6950446e-02
   4.5940099e-02
   4.4704479e-02
   4.3055062e-02
   4.5445553e-02
   4.7094969e-02
   4.5416566e-02
   4.4049526e-02
   4.4866998e-02
   4.5556667e-02
   4.5954232e-02
   4.7179311e-02
   4.2865896e-02
   4.6980751e-02
   4.5807180e-02
   4.4717932e-02
   4.5079039e-02
   4.5936615e-02
   4.5774906e-02
   4.5498812e-02
   4.5071798e-02
   4.3232691e-02
   4.7061399e-02
   4.5215197e-02
   4.4656551e-02
   4.3416703e-02
   4.3556729e-02
   4.3610777e-02
   4.4216754e-02
   4.5549435e-02
   4.6563707e-02
   4.5669808e-02
   4.4861978e-02
   4.6119596e-02
   4.7256137e-02
   4.5608322e-02
   4.7495635e-02
   4.3006658e-02
   4.5887736e-02
   4.4892531e-02
   4.5882542e-02
   4.6436630e-02
   4.7303058e-02
   4.6541349e-02
   4.5076418e-02
   4.5238091e-02
   4.5903681e-02
   4.6335018e-02
   4.4590224e-02
   4.5339046e-02
   4.4319240e-02
   4.5024640e-02
   4.5454540e-02
   4.4691850e-02
   4.4161463e-02
   4.5169949e-02
   4.3111750e-02
   4.3392999e-02
   4.5715274e-02
   4.5786684e-02
   4.4056668e-02
   4.4109245e-02
   4.6011881e-02
   4.3255766e-02
   4.5793589e-02
   4.6264222e-02
   4.4308321e-02
   4.6258439e-02
   4.6142111e-02
   4.5796581e-02
   4.3804863e-02
   4.6897776e-02
   4.7667385e-02
   4.6343796e-02
   4.5764578e-02
   4.4678200e-02
   4.6094471e-02
   4.5721436e-02
   4.5203434e-02
   4.5966107e-02
   4.3036011e-02
   4.4247553e-02
   4.7121917e-02
   4.7681485e-02
   4.5155946e-02
   4.6423714e-02
   4.5121527e-02
   4.6035655e-02
   4.5882555e-02
   4.5245270e-02
   4.5854475e-02
   4.3797779e-02
   4.5061997e-02
   4.5837956e-02
   4.5202551e-02
   4.6350155e-02
   4.5121607e-02
   4.6468679e-02
   4.5342615e-02
   4.4465651e-02
   4.3369827e-02
   4.5306672e-02
   4.5860850e-02
   4.5974816e-02
   4.5850910e-02
   4.5929770e-02
   4.5637607e-02
   4.6584498e-02
   4.5798482e-02
   4.4121734e-02
   4.5666439e-02
   4.5033608e-02
   4.5754845e-02
   4.5949560e-02
   4.6969089e-02
   4.4018761e-02
   4.3788727e-02
   4.6589798e-02
   4.4602205e-02
   4.3501154e-02
   4.3369515e-02
   4.6314570e-02
   4.7218437e-02
   4.7494854e-02
   4.5530952e-02
   4.5147150e-02
   4.4769216e-02
   4.5192955e-02
   4.6065242e-02
   4.5314898e-02
   4.6093373e-02
   4.7652463e-02
   4.5707671e-02
   4.4383640e-02
   4.5883585e-02
   4.3447933e-02
   4.5413551e-02
   4.6468380e-02
   4.5718221e-02
   4.7431906e-02
   4.2831227e-02
   4.5138357e-02
   4.6851036e-02
   4.3864339e-02
   4.5896257e-02
   4.5968272e-02
   4.6661621e-02
   4.5572228e-02
   4.5970284e-02
   4.7561732e-02
   4.5262298e-02
   4.5670694e-02
   4.4744985e-02
   4.4581160e-02
   4.3131006e-02
   4.5228613e-02
   4.6011729e-02
   4.5141763e-02
   4.4774512e-02
   4.5878164e-02
   4.4892563e-02
   4.4570441e-02
   4.5283300e-02
   4.7344226e-02
   4.5791339e-02
   4.5963645e-02
   4.4877217e-02
   4.4343238e-02
   4.7011131e-02
   4.5694771e-02
   4.5808546e-02
   4.4292543e-02
   4.4129411e-02
   4.6125799e-02
   4.6672206e-02
   4.3348923e-02
   4.3409377e-02
   4.5901262e-02
   4.3605124e-02
   4.5988796e-02
   4.6198951e-02
   4.3180661e-02
   4.3003964e-02
   4.3341520e-02
   4.4390089e-02
   4.6886199e-02
   4.3129014e-02
   4.5957480e-02
   4.5378232e-02
   4.5361862e-02
   4.4048133e-02
   4.7569828e-02
   4.6265528e-02
   4.6840114e-02
   4.4961938e-02
   4.4567014e-02
   4.7468740e-02
   4.6580503e-02
   4.4867713e-02
   4.5097140e-02
   4.5873047e-02
   4.7072936e-02
   4.7284913e-02
   4.5013088e-02
   4.5813442e-02
   4.7584290e-02
   4.3247691e-02
   4.3939445e-02
   4.5908361e-02
   4.6073959e-02
   4.5531077e-02
   4.3336195e-02
   4.3923185e-02
   4.7009888e-02
   4.6906322e-02
   4.3142431e-02
   4.3684800e-02
   4.3357338e-02
   4.5797482e-02
   4.6667631e-02
   4.5889065e-02
   4.3479969e-02
   4.6186618e-02
   4.3157740e-02
   4.6740999e-02
   4.3127859e-02
   4.2962350e-02
   4.5131211e-02
   4.5072110e-02
   4.5903646e-02
   4.4099752e-02
