   3.3488028e-02
   3.2079152e-02
   3.2265469e-02
   3.3751039e-02
   3.4715809e-02
   3.4554836e-02
   3.3956202e-02
   3.4404845e-02
   3.4393463e-02
   3.4682521e-02
   3.4687535e-02
   3.3794248e-02
   3.3680631e-02
   3.3253506e-02
   3.4290334e-02
   3.3679687e-02
   3.4693092e-02
   3.2512510e-02
   3.4660597e-02
   3.3808425e-02
   3.3967747e-02
   3.4326927e-02
   3.3629552e-02
   3.4685476e-02
   3.4019657e-02
   3.4341374e-02
   3.3869506e-02
   3.3060139e-02
   3.2831071e-02
   3.3829240e-02
   3.4711753e-02
   3.2667096e-02
   3.4713502e-02
   3.1949767e-02
   3.1918126e-02
   3.3483640e-02
   3.1890982e-02
   3.2619437e-02
   3.4679731e-02
   3.2306006e-02
   3.4547947e-02
   3.4364364e-02
   3.4175867e-02
   3.4279868e-02
   3.4277944e-02
   3.3746591e-02
   3.4327293e-02
   3.3624496e-02
   3.2723151e-02
   3.4202719e-02
   3.4478442e-02
   3.4427540e-02
   3.4263424e-02
   3.4002128e-02
   3.4423900e-02
   3.3104240e-02
   3.3228482e-02
   3.4435154e-02
   3.3459572e-02
   3.4531747e-02
   3.2886984e-02
   3.4410545e-02
   3.4322629e-02
   3.4289459e-02
   3.4706524e-02
   3.4371830e-02
   3.2043469e-02
   3.4432285e-02
   3.3425888e-02
   3.4565163e-02
   3.4597423e-02
   3.2133594e-02
   3.4088170e-02
   3.3585493e-02
   3.3753426e-02
   3.4628051e-02
   3.4349513e-02
   3.4064170e-02
   3.3478758e-02
   3.4326090e-02
   3.4225946e-02
   3.4132100e-02
   3.4454612e-02
   3.4637221e-02
   3.4314997e-02
   3.4121993e-02
   3.3178901e-02
   3.1925779e-02
   3.4492388e-02
   3.3966583e-02
   3.4354393e-02
   3.3981451e-02
   3.4233291e-02
   3.3488535e-02
   3.3254578e-02
   3.2531197e-02
   3.3609998e-02
   3.4163968e-02
   3.3574111e-02
   3.1982717e-02
   3.4055333e-02
   3.4455903e-02
   3.4461628e-02
   3.4491402e-02
   3.1875178e-02
   3.3867511e-02
   3.4290811e-02
   3.4493928e-02
   3.4326104e-02
   3.4469133e-02
   3.4252149e-02
   3.4195369e-02
   3.3317906e-02
   3.4004557e-02
   3.2040662e-02
   3.4527834e-02
   3.2102935e-02
   3.4698307e-02
   3.4448836e-02
   3.2645978e-02
   3.3069166e-02
   3.3978367e-02
   3.2484207e-02
   3.4417614e-02
   3.1930807e-02
   3.3862816e-02
   3.3585416e-02
   3.2630102e-02
   3.2888122e-02
   3.4203356e-02
   3.4104804e-02
   3.4375770e-02
   3.4255350e-02
   3.4375196e-02
   3.3639465e-02
   3.2145861e-02
   3.4287225e-02
   3.4691861e-02
   3.4507747e-02
   3.4638467e-02
   3.2381538e-02
   3.2334475e-02
   3.4284214e-02
   3.4449806e-02
   3.2480393e-02
   3.4222376e-02
   3.4402070e-02
   3.4465398e-02
   3.3380563e-02
   3.4195347e-02
   3.4291513e-02
   3.4563172e-02
   3.3650635e-02
   3.1871749e-02
   3.4455740e-02
   3.4145076e-02
   3.3604941e-02
   3.2138371e-02
   3.4383921e-02
   3.4667421e-02
   3.4571454e-02
   3.3253439e-02
   3.4294364e-02
   3.3079212e-02
   3.2336112e-02
   3.4323136e-02
   3.4273222e-02
   3.4365178e-02
   3.3939664e-02
   3.3625222e-02
   3.4354027e-02
   3.2501126e-02
   3.4614854e-02
   3.1895272e-02
   3.4407339e-02
   3.4384831e-02
   3.4133831e-02
   3.3782757e-02
   3.2907385e-02
   3.4443663e-02
   3.4072046e-02
   3.2040686e-02
   3.3138310e-02
   3.3012437e-02
   3.2985634e-02
   3.3547351e-02
   3.4209734e-02
   3.4071213e-02
   3.4586087e-02
   3.2492513e-02
   3.4298128e-02
   3.3074668e-02
   3.4409342e-02
   3.3227171e-02
   3.3211352e-02
   3.4707536e-02
   3.3859047e-02
   3.4495113e-02
   3.4708624e-02
   3.4634768e-02
   3.4290601e-02
   3.4662535e-02
   3.4303997e-02
   3.2279056e-02
   3.4622585e-02
   3.3803845e-02
   3.2366611e-02
   3.4705716e-02
   3.1933260e-02
   3.4449970e-02
   3.2457278e-02
   3.2504311e-02
   3.3043782e-02
   3.4569846e-02
   3.4335639e-02
   3.4301052e-02
   3.4439002e-02
   3.4166361e-02
   3.2121110e-02
   3.4295643e-02
   3.4602278e-02
   3.4219222e-02
   3.4641225e-02
   3.4007411e-02
   3.4327256e-02
   3.4255225e-02
   3.3937148e-02
   3.4188498e-02
   3.4288856e-02
   3.2673041e-02
   3.3933300e-02
   3.4499524e-02
   3.4250371e-02
   3.4328996e-02
   3.4415427e-02
   3.4413903e-02
   3.4384546e-02
   3.3953112e-02
   3.4667646e-02
   3.2582831e-02
   3.3090330e-02
   3.4270015e-02
   3.3644989e-02
   3.2678884e-02
   3.3588605e-02
   3.2336703e-02
   3.4421504e-02
   3.3939449e-02
   3.4348534e-02
   3.2278886e-02
   3.1938609e-02
   3.4507218e-02
   3.1872310e-02
   3.4356988e-02
   3.1930161e-02
   3.4171131e-02
   3.3291736e-02
   3.4371727e-02
   3.2907638e-02
   3.2389852e-02
   3.4323497e-02
   3.4322531e-02
   3.4499056e-02
   3.3323822e-02
   3.2709393e-02
   3.3670488e-02
   3.2654524e-02
   3.4290392e-02
   3.4575348e-02
   3.4195173e-02
   3.4093856e-02
   3.4667389e-02
   3.2875011e-02
   3.2567256e-02
   3.2473582e-02
   3.4339550e-02
   3.3341712e-02
   3.4200065e-02
   3.2236907e-02
   3.4590701e-02
   3.3963692e-02
   3.4273012e-02
   3.3625609e-02
   3.3165054e-02
   3.4201514e-02
   3.3493812e-02
   3.4440449e-02
   3.3931373e-02
   3.4346862e-02
   3.2328131e-02
   3.4705009e-02
   3.1903823e-02
   3.2260032e-02
   3.4596762e-02
   3.3759450e-02
   3.4550587e-02
   3.3794005e-02
   3.4322486e-02
   3.2913330e-02
   3.2618196e-02
