   1.3633597e-01
   1.2872382e-01
   1.1996284e-01
   1.2487032e-01
   1.2825893e-01
   1.3155057e-01
   1.2098881e-01
   1.2721671e-01
   1.5059579e-01
   1.3144561e-01
   1.1854599e-01
   1.2296918e-01
   1.3744757e-01
   1.2148537e-01
   1.4257785e-01
   1.3761296e-01
   1.3035700e-01
   1.3998106e-01
   1.2872142e-01
   1.3838749e-01
   1.3908236e-01
   1.3487645e-01
   1.5034145e-01
   1.3716272e-01
   1.2820949e-01
   1.3123958e-01
   1.4592235e-01
   1.2642223e-01
   1.4999006e-01
   1.2111950e-01
   1.3453279e-01
   1.3000599e-01
   1.1848983e-01
   1.4295780e-01
   1.3740403e-01
   1.4409625e-01
   1.5030867e-01
   1.2520309e-01
   1.4552377e-01
   1.2302409e-01
   1.4488560e-01
   1.4707661e-01
   1.1826115e-01
   1.4793652e-01
   1.1887673e-01
   1.2079015e-01
   1.5009100e-01
   1.1830931e-01
   1.4635701e-01
   1.1831017e-01
   1.3010679e-01
   1.2498198e-01
   1.4187230e-01
   1.2593130e-01
   1.4648862e-01
   1.2915147e-01
   1.2758864e-01
   1.4237160e-01
   1.4092976e-01
   1.4657583e-01
   1.5029851e-01
   1.4700366e-01
   1.2606604e-01
   1.4435258e-01
   1.2436736e-01
   1.2257142e-01
   1.2638088e-01
   1.3906599e-01
   1.4325701e-01
   1.2103800e-01
   1.5025705e-01
   1.2461880e-01
   1.4926626e-01
   1.4829548e-01
   1.5033094e-01
   1.4325185e-01
   1.4765327e-01
   1.4317492e-01
   1.3427546e-01
   1.4534318e-01
   1.2534597e-01
   1.3935719e-01
   1.4707032e-01
   1.2373315e-01
   1.3109056e-01
   1.3388537e-01
   1.3230890e-01
   1.2550612e-01
   1.3975521e-01
   1.2501213e-01
   1.5157639e-01
   1.5026276e-01
   1.3597317e-01
   1.4707052e-01
   1.5053916e-01
   1.3666755e-01
   1.3558482e-01
   1.2596985e-01
   1.4366620e-01
   1.2257328e-01
   1.3762034e-01
   1.4017370e-01
   1.3580152e-01
   1.3371750e-01
   1.2356409e-01
   1.4782614e-01
   1.4379763e-01
   1.2582551e-01
   1.3610189e-01
   1.2445591e-01
   1.2188042e-01
   1.2264344e-01
   1.4616472e-01
   1.4933447e-01
   1.4893560e-01
   1.4146902e-01
   1.3037479e-01
   1.2667010e-01
   1.2923586e-01
   1.4647218e-01
   1.4475355e-01
   1.2483144e-01
   1.4868990e-01
   1.2610048e-01
   1.1836986e-01
   1.2187289e-01
   1.4371016e-01
   1.5028690e-01
   1.4855082e-01
   1.3818854e-01
   1.4439504e-01
   1.3834589e-01
   1.2041840e-01
   1.4296721e-01
   1.3996215e-01
   1.3941356e-01
   1.4642382e-01
   1.4391258e-01
   1.4391972e-01
   1.2465231e-01
   1.4778771e-01
   1.4177888e-01
   1.2029448e-01
   1.2620964e-01
   1.2839956e-01
   1.3625869e-01
   1.4574447e-01
   1.2045810e-01
   1.4642177e-01
   1.3674681e-01
   1.4936809e-01
   1.5208903e-01
   1.2617253e-01
   1.2445409e-01
   1.4345129e-01
   1.3139915e-01
   1.3453328e-01
   1.4726891e-01
   1.2367976e-01
   1.2230349e-01
   1.4667181e-01
   1.2550834e-01
   1.4674396e-01
   1.3695995e-01
   1.2570144e-01
   1.4070370e-01
   1.4460721e-01
   1.2041740e-01
   1.5126529e-01
   1.4268313e-01
   1.1853696e-01
   1.2890026e-01
   1.3316845e-01
   1.3244309e-01
   1.3843760e-01
   1.2662855e-01
   1.3651343e-01
   1.3583333e-01
   1.2455263e-01
   1.5219624e-01
   1.2913262e-01
   1.3278854e-01
   1.3358437e-01
   1.4721102e-01
   1.3749987e-01
   1.2844835e-01
   1.3144656e-01
   1.3265069e-01
   1.3632906e-01
   1.1832086e-01
   1.3872990e-01
   1.2448979e-01
   1.4878430e-01
   1.3287871e-01
   1.4396171e-01
   1.4384528e-01
   1.2264851e-01
   1.5082230e-01
   1.2745719e-01
   1.3362327e-01
   1.5039467e-01
   1.2089918e-01
   1.3433441e-01
   1.2081695e-01
   1.2225809e-01
   1.5216297e-01
   1.2550914e-01
   1.4534874e-01
   1.3090072e-01
   1.2651083e-01
   1.3131083e-01
   1.5028482e-01
   1.5027590e-01
   1.3244654e-01
   1.4520478e-01
   1.4964550e-01
   1.3718208e-01
   1.4855729e-01
   1.1923561e-01
   1.3761932e-01
   1.3421678e-01
   1.4856921e-01
   1.3320684e-01
   1.4770420e-01
   1.1840758e-01
   1.4146829e-01
   1.3693888e-01
   1.4780063e-01
   1.4839045e-01
   1.3109320e-01
   1.4637500e-01
   1.5015122e-01
   1.5095326e-01
   1.4202917e-01
   1.3354217e-01
   1.1843925e-01
   1.4198272e-01
   1.2641509e-01
   1.3533607e-01
   1.2289638e-01
   1.3346581e-01
   1.2054433e-01
   1.5138615e-01
   1.3005366e-01
   1.3126899e-01
   1.2169919e-01
   1.1842572e-01
   1.4809629e-01
   1.4900238e-01
   1.3697209e-01
   1.4048835e-01
   1.3920018e-01
   1.4906369e-01
   1.3769325e-01
   1.4187319e-01
   1.2128066e-01
   1.3040951e-01
   1.4742889e-01
   1.2593395e-01
   1.3726969e-01
   1.4538442e-01
   1.2029892e-01
   1.3287843e-01
   1.5076750e-01
   1.3691604e-01
   1.3483888e-01
   1.2359964e-01
   1.4471116e-01
   1.2897984e-01
   1.4412023e-01
   1.4043942e-01
   1.4891078e-01
   1.2864703e-01
   1.2700995e-01
   1.2208648e-01
   1.2495250e-01
   1.2975994e-01
   1.4714700e-01
   1.1943015e-01
   1.3966754e-01
   1.2847341e-01
   1.2718093e-01
   1.2435417e-01
   1.4218818e-01
   1.1979339e-01
   1.3450320e-01
   1.2323278e-01
   1.3762106e-01
   1.5089981e-01
   1.4312229e-01
   1.4928634e-01
   1.3123900e-01
   1.3020934e-01
   1.3677821e-01
   1.3156401e-01
   1.2316422e-01
   1.2987283e-01
   1.5082503e-01
   1.3408252e-01
   1.3306277e-01
