   1.7348585e-01
   1.7880368e-01
   1.9173035e-01
   2.3000192e-01
   1.5562290e-01
   1.7460907e-01
   1.5896583e-01
   1.7254405e-01
   1.8425747e-01
   1.9681637e-01
   1.5553878e-01
   1.7054417e-01
   1.9678885e-01
   1.7678917e-01
   1.7199511e-01
   2.3247305e-01
   2.1479148e-01
   1.7611113e-01
   2.0086408e-01
   2.3174497e-01
   1.8481343e-01
   2.3181194e-01
   1.8861839e-01
   1.7268315e-01
   1.9982293e-01
   2.1252539e-01
   1.7971931e-01
   2.1285267e-01
   1.6153371e-01
   1.9783875e-01
   2.2234027e-01
   1.8790825e-01
   2.0358011e-01
   1.5952939e-01
   1.8516153e-01
   2.2620882e-01
   1.9196893e-01
   2.2664431e-01
   2.3198907e-01
   1.8745196e-01
   2.2658128e-01
   1.8302809e-01
   1.8318100e-01
   1.8432464e-01
   1.8683494e-01
   2.0006901e-01
   1.9878455e-01
   1.5764432e-01
   2.2845158e-01
   2.2561841e-01
   2.0419753e-01
   1.6099000e-01
   1.9120067e-01
   2.3175045e-01
   2.0070200e-01
   2.2160336e-01
   1.8614292e-01
   2.2457311e-01
   2.2885786e-01
   1.9846692e-01
   1.6876888e-01
   2.2921491e-01
   1.8802072e-01
   2.0461937e-01
   1.9015654e-01
   2.2244252e-01
   1.6594687e-01
   2.2864068e-01
   1.6053590e-01
   2.1846052e-01
   1.8413780e-01
   1.9228401e-01
   2.0874715e-01
   2.0833455e-01
   1.6197560e-01
   2.3072700e-01
   1.9375413e-01
   1.9162442e-01
   2.0364101e-01
   2.2881420e-01
   1.5735545e-01
   2.2966472e-01
   1.9839358e-01
   2.1280769e-01
   1.9720119e-01
   1.6682812e-01
   1.7888640e-01
   1.8963950e-01
   2.1811445e-01
   2.1569329e-01
   1.6030008e-01
   1.7627466e-01
   1.6197784e-01
   2.0609068e-01
   1.8274833e-01
   2.2564385e-01
   2.0904325e-01
   1.8356589e-01
   2.0589415e-01
   2.2481948e-01
   1.9047851e-01
   1.9087578e-01
   2.0327334e-01
   2.2804504e-01
   1.8099074e-01
   2.3359668e-01
   1.9926179e-01
   1.5960119e-01
   1.8839273e-01
   1.8591708e-01
   1.6309481e-01
   1.8648222e-01
   1.8282292e-01
   1.9723655e-01
   1.9152196e-01
   1.8157402e-01
   1.8067642e-01
   2.2624802e-01
   1.9972336e-01
   1.9067003e-01
   1.9936046e-01
   2.1801629e-01
   1.8659957e-01
   2.2958906e-01
   1.7510846e-01
   1.6204016e-01
   2.0518620e-01
   1.7654151e-01
   2.0458641e-01
   2.2061672e-01
   1.5836836e-01
   1.6961078e-01
   1.7804859e-01
   1.7514442e-01
   2.2979278e-01
   1.8699113e-01
   1.6053773e-01
   2.1301540e-01
   2.3033326e-01
   2.1901937e-01
   2.1904816e-01
   1.9577194e-01
   1.8144964e-01
   1.7206307e-01
   1.5778878e-01
   1.9680942e-01
   1.7339921e-01
   1.8590094e-01
   1.8324766e-01
   2.2982085e-01
   2.0063086e-01
   2.0858429e-01
   2.0295489e-01
   1.8077658e-01
   1.9579940e-01
   1.9038153e-01
   2.2728131e-01
   1.6833206e-01
   2.0655883e-01
   1.8077496e-01
   2.2450923e-01
   2.2019808e-01
   1.8597727e-01
   1.9090091e-01
   1.8862804e-01
   1.9667846e-01
   2.1000825e-01
   1.7462025e-01
   1.7485825e-01
   1.8747324e-01
   2.0492243e-01
   1.9479688e-01
   1.6833087e-01
   2.0152782e-01
   1.5574170e-01
   1.7804954e-01
   1.5800824e-01
   2.0377615e-01
   1.5542686e-01
   1.9022324e-01
   2.2779488e-01
   1.7921093e-01
   2.2869608e-01
   1.8159787e-01
   1.9105359e-01
   1.7087771e-01
   1.9739161e-01
   2.1639776e-01
   2.3054873e-01
   1.5600104e-01
   1.5562603e-01
   2.0810175e-01
   2.2882231e-01
   1.7063159e-01
   1.5727136e-01
   2.2397377e-01
   2.3135696e-01
   1.7256534e-01
   1.5553231e-01
   1.8233930e-01
   1.9486110e-01
   1.6244013e-01
   2.1324916e-01
   1.7772778e-01
   1.8971096e-01
   1.6108133e-01
   1.7599061e-01
   2.1485220e-01
   2.2657613e-01
   2.2003793e-01
   1.5626960e-01
   1.7199762e-01
   2.0666005e-01
   1.8783753e-01
   1.8450813e-01
   2.0667621e-01
   1.6376118e-01
   2.2911703e-01
   1.8531306e-01
   1.8339204e-01
   2.2228529e-01
   2.2254208e-01
   1.9484806e-01
   1.8733647e-01
   2.2680786e-01
   2.2288596e-01
   1.5769745e-01
   1.7439403e-01
   2.2783234e-01
   2.2352697e-01
   2.2545124e-01
   2.2947093e-01
   1.9222094e-01
   2.1285641e-01
   1.8642736e-01
   1.7256096e-01
   1.5583778e-01
   1.9316916e-01
   2.0043617e-01
   1.6645966e-01
   2.1200622e-01
   2.0664302e-01
   1.7587711e-01
   1.8305420e-01
   1.5589645e-01
   1.9916671e-01
   1.5589664e-01
   2.0328983e-01
   1.8616893e-01
   1.6515762e-01
   1.7534376e-01
   2.2805602e-01
   2.2201851e-01
   2.3474605e-01
   2.1237830e-01
   2.2366081e-01
   1.8746688e-01
   2.2150672e-01
   1.8631685e-01
   1.6706604e-01
   2.1122090e-01
   1.7074362e-01
   1.9538845e-01
   2.3213519e-01
   2.0457137e-01
   1.9781648e-01
   1.9130834e-01
   1.6722498e-01
   2.1353225e-01
   2.3124249e-01
   1.8372075e-01
   2.3415765e-01
   1.9803790e-01
   1.6313097e-01
   1.6428120e-01
   1.6116183e-01
   2.2269213e-01
   2.2684883e-01
   2.2958551e-01
   1.8677197e-01
   1.9290953e-01
   2.3224286e-01
   1.9605562e-01
   1.6348301e-01
   2.2273430e-01
   1.6292031e-01
   1.9644018e-01
   2.3102804e-01
   1.6449744e-01
   2.2420834e-01
   2.1628192e-01
   1.9285244e-01
   1.9577206e-01
   1.9776245e-01
   1.5555258e-01
   2.0460215e-01
   1.8160089e-01
   1.7036485e-01
   1.7367962e-01
   1.7357076e-01
