   4.8850774e-02
   4.7732253e-02
   4.8785826e-02
   4.6785860e-02
   4.7056344e-02
   4.5000893e-02
   4.8309770e-02
   5.0463931e-02
   4.8094901e-02
   4.5775312e-02
   4.9588615e-02
   4.5472715e-02
   4.5052942e-02
   5.0820870e-02
   4.6871867e-02
   4.6417272e-02
   5.0489157e-02
   4.7882884e-02
   4.9882834e-02
   4.5427184e-02
   4.9675016e-02
   5.1003634e-02
   5.0374861e-02
   4.5089106e-02
   5.1632115e-02
   4.8332411e-02
   4.5843628e-02
   4.7802603e-02
   4.8493820e-02
   4.5907978e-02
   4.6210266e-02
   4.5572295e-02
   5.0301966e-02
   4.8870138e-02
   5.1592632e-02
   4.5936322e-02
   4.5048031e-02
   4.9069895e-02
   4.7015330e-02
   5.1475145e-02
   4.5689838e-02
   4.8787586e-02
   4.6437051e-02
   5.0657901e-02
   4.9771599e-02
   4.8258051e-02
   5.1167982e-02
   5.0097179e-02
   5.1413263e-02
   4.5700439e-02
   4.8059797e-02
   4.4986642e-02
   5.1566147e-02
   5.0393463e-02
   4.5594128e-02
   5.1035533e-02
   4.8485781e-02
   4.6266526e-02
   4.7780548e-02
   6.0765490e-02
   5.1632923e-02
   4.7466293e-02
   4.9965853e-02
   4.6380330e-02
   4.5061882e-02
   4.6879655e-02
   4.5525090e-02
   5.0871324e-02
   5.1279040e-02
   4.5193575e-02
   4.6584987e-02
   4.5567495e-02
   4.7380857e-02
   4.6872420e-02
   4.7560733e-02
   5.1440522e-02
   5.1631708e-02
   4.6460483e-02
   4.6344508e-02
   4.8754125e-02
   4.9239414e-02
   5.0534886e-02
   4.5303001e-02
   4.8087098e-02
   5.1246975e-02
   4.6803738e-02
   5.1665910e-02
   5.0967090e-02
   4.6584119e-02
   4.8910835e-02
   4.9190882e-02
   4.6732140e-02
   4.5222679e-02
   4.5169169e-02
   5.1625570e-02
   4.7245681e-02
   4.7204486e-02
   5.0771178e-02
   4.5449803e-02
   4.8869139e-02
   4.5061693e-02
   4.8787262e-02
   4.6204143e-02
   5.0416110e-02
   4.7876182e-02
   5.1475602e-02
   4.7209801e-02
   4.8318238e-02
   4.7023501e-02
   4.9211593e-02
   4.9755789e-02
   4.7831063e-02
   4.6232524e-02
   5.1082732e-02
   5.1318357e-02
   4.5236985e-02
   4.5673181e-02
   4.5806022e-02
   5.1531646e-02
   4.5641773e-02
   6.0431535e-02
   5.0426599e-02
   5.1155350e-02
   5.1698296e-02
   5.0946782e-02
   5.0650875e-02
   4.5053078e-02
   4.4981340e-02
   5.1573033e-02
   4.7319030e-02
   5.0316136e-02
   5.0677037e-02
   4.4876887e-02
   4.7618543e-02
   4.5350892e-02
   5.1642818e-02
   5.0617893e-02
   4.5966319e-02
   4.6306721e-02
   4.5706049e-02
   4.6418034e-02
   4.5426277e-02
   4.9130108e-02
   4.7459102e-02
   4.7859490e-02
   4.7631650e-02
   4.5841101e-02
   4.7179781e-02
   5.1247723e-02
   4.4966046e-02
   4.5960489e-02
   5.1165699e-02
   4.5896732e-02
   4.7853360e-02
   6.1977507e-02
   4.7088469e-02
   4.6594985e-02
   4.7581253e-02
   4.5503278e-02
   4.6140055e-02
   4.5346748e-02
   4.9402446e-02
   4.9746414e-02
   4.4990633e-02
   4.6930586e-02
   4.5501331e-02
   5.0902896e-02
   4.5241134e-02
   4.5148180e-02
   4.4820029e-02
   4.8030605e-02
   5.0113240e-02
   5.0997354e-02
   4.7680663e-02
   5.0285750e-02
   4.8467783e-02
   5.1098385e-02
   4.7503599e-02
   4.9615448e-02
   5.0257556e-02
   4.6982329e-02
   4.7693625e-02
   4.4920287e-02
   4.5378993e-02
   4.8307087e-02
   4.6335348e-02
   4.4956765e-02
   5.0650924e-02
   4.9079362e-02
   4.5632818e-02
   5.1473680e-02
   5.0144814e-02
   5.0502094e-02
   4.7235377e-02
   4.8426635e-02
   5.0957924e-02
   4.5663347e-02
   4.5454558e-02
   4.7335432e-02
   4.7999299e-02
   4.4915036e-02
   4.7706606e-02
   5.0449043e-02
   5.1496573e-02
   4.5544577e-02
   4.6170144e-02
   4.7411199e-02
   4.9149388e-02
   4.5207397e-02
   4.8015561e-02
   4.7326963e-02
   5.1238682e-02
   4.5198671e-02
   5.1027307e-02
   4.9790299e-02
   4.7725459e-02
   5.0442576e-02
   5.0605563e-02
   5.0342521e-02
   4.8177129e-02
   5.1606887e-02
   5.0507168e-02
   4.5713287e-02
   4.5949049e-02
   4.8966045e-02
   4.5386738e-02
   4.4914286e-02
   4.6561838e-02
   4.5507936e-02
   4.5020853e-02
   5.1280621e-02
   4.9820538e-02
   4.7532766e-02
   4.7553686e-02
   4.8502619e-02
   4.5416523e-02
   4.9431310e-02
   4.8986618e-02
   5.1496498e-02
   5.1592232e-02
   4.7341438e-02
   4.9389885e-02
   5.1121805e-02
   5.1632500e-02
   4.5048270e-02
   4.7937756e-02
   5.0072321e-02
   5.0606885e-02
   5.0695136e-02
   4.6025420e-02
   4.6306792e-02
   4.6483723e-02
   5.0199728e-02
   4.5645498e-02
   4.5158320e-02
   5.0628656e-02
   4.8258699e-02
   4.7986542e-02
   4.8397950e-02
   4.7830215e-02
   4.7674874e-02
   4.5664998e-02
   4.6689817e-02
   4.5576292e-02
   4.8178517e-02
   4.5039591e-02
   4.9335862e-02
   4.6593828e-02
   4.6376554e-02
   4.7287485e-02
   4.7041238e-02
   5.0731464e-02
   4.5896068e-02
   5.1664000e-02
   4.6664268e-02
   4.7212651e-02
   4.8569289e-02
   4.5588003e-02
   5.1426856e-02
   5.0323842e-02
   5.0129676e-02
   4.8318243e-02
   4.6399600e-02
   5.1695510e-02
   4.7238047e-02
   5.0160435e-02
   4.5098754e-02
   4.9737101e-02
   5.0253020e-02
   4.7428106e-02
   4.5332140e-02
   4.8205655e-02
   4.6732792e-02
   4.6205270e-02
   4.7832498e-02
   5.0192271e-02
   4.5015697e-02
   5.0508396e-02
   4.7697750e-02
   5.1454516e-02
