   4.5086884e-02
   4.8060036e-02
   4.3554841e-02
   4.7124905e-02
   4.8374091e-02
   4.5440399e-02
   4.5778295e-02
   4.3835534e-02
   4.7820214e-02
   4.5069151e-02
   4.8553963e-02
   4.7623524e-02
   4.9582909e-02
   4.7554479e-02
   4.8726537e-02
   4.9005580e-02
   4.8307243e-02
   4.7725290e-02
   4.1792810e-02
   4.7530849e-02
   4.3555195e-02
   4.6143384e-02
   4.4979165e-02
   4.6805229e-02
   4.5314512e-02
   4.8655504e-02
   4.6729584e-02
   4.8259068e-02
   4.6523091e-02
   4.8051791e-02
   4.8195515e-02
   4.5546066e-02
   4.5209874e-02
   4.4478423e-02
   4.3617242e-02
   4.5295102e-02
   4.5189308e-02
   4.4725780e-02
   4.7221145e-02
   4.8395449e-02
   4.3097702e-02
   4.9776871e-02
   4.6873875e-02
   4.7193791e-02
   4.4928883e-02
   4.5916473e-02
   4.5115739e-02
   4.1946794e-02
   4.3871813e-02
   4.8173985e-02
   4.7663735e-02
   4.5465252e-02
   4.7514203e-02
   4.6401993e-02
   4.5869297e-02
   4.5464005e-02
   4.8823926e-02
   4.9825119e-02
   4.4969053e-02
   4.5970894e-02
   4.3996115e-02
   4.7851943e-02
   4.6359310e-02
   4.5592585e-02
   4.7568371e-02
   4.6783958e-02
   4.6002449e-02
   4.1584170e-02
   4.8149478e-02
   4.4984252e-02
   4.5524266e-02
   4.5043472e-02
   4.7020810e-02
   4.3447361e-02
   4.5407783e-02
   4.5323113e-02
   4.7632547e-02
   4.9002893e-02
   4.5144269e-02
   4.1449046e-02
   4.5142229e-02
   4.6992713e-02
   4.5893951e-02
   4.9034200e-02
   4.2462320e-02
   4.4731060e-02
   4.4693899e-02
   4.1921561e-02
   4.9204198e-02
   4.5431869e-02
   4.7574703e-02
   4.5365194e-02
   4.2543335e-02
   4.1537151e-02
   4.6433708e-02
   5.0156403e-02
   4.5210872e-02
   4.1812136e-02
   4.7445299e-02
   4.5618578e-02
   4.4859759e-02
   4.5220365e-02
   4.7749340e-02
   4.7788665e-02
   4.6643408e-02
   4.7768544e-02
   4.4880983e-02
   4.2651356e-02
   4.4528258e-02
   4.8600239e-02
   4.8276116e-02
   4.6357476e-02
   4.0751835e-02
   4.4796433e-02
   4.2868387e-02
   4.7369591e-02
   4.5696729e-02
   4.8504859e-02
   4.5610802e-02
   4.1670326e-02
   4.3229087e-02
   4.6923156e-02
   4.7161404e-02
   4.4915857e-02
   4.4602103e-02
   4.7830968e-02
   4.2989602e-02
   4.6873082e-02
   4.6351522e-02
   4.3841088e-02
   4.6232342e-02
   4.6795203e-02
   4.3562605e-02
   4.7369267e-02
   4.7545272e-02
   4.4810842e-02
   4.6692625e-02
   4.5176348e-02
   4.5553274e-02
   4.5961463e-02
   4.5717735e-02
   4.6177130e-02
   4.6156627e-02
   4.5837886e-02
   4.3867100e-02
   4.6927893e-02
   4.8750850e-02
   4.3591397e-02
   4.2916446e-02
   4.7303271e-02
   4.6933574e-02
   4.5265253e-02
   4.7988997e-02
   4.7230715e-02
   4.8185439e-02
   4.2473263e-02
   4.7317937e-02
   4.2782399e-02
   4.6095786e-02
   4.5260803e-02
   4.2282282e-02
   4.7035885e-02
   4.4984578e-02
   4.0861206e-02
   4.8725116e-02
   4.5166511e-02
   4.5388569e-02
   4.5195835e-02
   4.9503157e-02
   4.8251773e-02
   4.5969275e-02
   4.7230346e-02
   4.4614187e-02
   4.1481096e-02
   4.6363308e-02
   4.8248238e-02
   4.5400468e-02
   4.4212201e-02
   4.4701837e-02
   4.4610252e-02
   4.4647248e-02
   4.7619673e-02
   4.9729513e-02
   4.4187957e-02
   4.6836755e-02
   4.9710331e-02
   4.8628402e-02
   4.7294084e-02
   4.4820055e-02
   4.8903352e-02
   4.6026893e-02
   4.6793162e-02
   4.7353344e-02
   4.7850913e-02
   4.2372641e-02
   4.0946033e-02
   4.5142051e-02
   4.6826126e-02
   4.9291700e-02
   4.5532204e-02
   4.2360569e-02
   4.5286929e-02
   4.5685423e-02
   4.7456740e-02
   4.2332062e-02
   4.4290721e-02
   4.3111098e-02
   4.8151513e-02
   4.9271351e-02
   4.4509872e-02
   4.8626800e-02
   4.4497723e-02
   4.6094640e-02
   4.8429170e-02
   4.8369131e-02
   4.5479067e-02
   4.6634135e-02
   4.8829934e-02
   4.4035295e-02
   4.3733948e-02
   4.9814364e-02
   4.2552832e-02
   4.6571893e-02
   4.4591475e-02
   4.5242390e-02
   4.7972752e-02
   4.8839120e-02
   4.6392881e-02
   4.3518156e-02
   4.9582825e-02
   4.6666531e-02
   4.4685940e-02
   4.5711461e-02
   4.2283699e-02
   4.6029609e-02
   4.7763648e-02
   4.8688966e-02
   4.8129511e-02
   4.8339276e-02
   4.9886923e-02
   4.4417456e-02
   4.6025906e-02
   4.4821140e-02
   4.1988362e-02
   4.2040328e-02
   4.5902149e-02
   4.7416384e-02
   4.8296992e-02
   4.6171868e-02
   4.5033130e-02
   4.6996174e-02
   4.6563090e-02
   4.9822969e-02
   4.5586494e-02
   4.7323723e-02
   4.5833089e-02
   4.1802251e-02
   4.7208933e-02
   4.5721526e-02
   4.7046807e-02
   4.6478727e-02
   4.7273541e-02
   4.5154613e-02
   4.4182262e-02
   4.6142084e-02
   4.3081364e-02
   4.5536354e-02
   4.6206277e-02
   4.8212314e-02
   4.6983634e-02
   4.3767339e-02
   4.5805844e-02
   4.7718148e-02
   4.1968435e-02
   4.6082308e-02
   4.7557839e-02
   4.6015011e-02
   4.9228944e-02
   4.6414687e-02
   4.8586715e-02
   4.0942867e-02
   4.7838526e-02
   4.6510015e-02
   4.8014075e-02
   4.1465586e-02
   4.8084620e-02
   4.5803249e-02
   4.3633359e-02
   4.2455660e-02
   4.7247289e-02
   4.7969680e-02
   4.5683315e-02
   4.6111836e-02
   4.4769993e-02
   4.6074530e-02
   4.6711327e-02
   4.4459491e-02
   4.9463816e-02
   4.2520251e-02
   4.2708394e-02
