   1.3856655e-02
   1.4069975e-02
   1.4477434e-02
   1.4997639e-02
   1.4803239e-02
   1.4770133e-02
   1.4768201e-02
   1.2590182e-02
   1.4104129e-02
   1.3635436e-02
   1.4378140e-02
   1.3203345e-02
   1.3039254e-02
   1.5351470e-02
   1.4169971e-02
   1.3874156e-02
   1.3458468e-02
   1.3322891e-02
   1.5310342e-02
   1.4986060e-02
   1.3615267e-02
   1.3522388e-02
   1.4648441e-02
   1.3167575e-02
   1.3136803e-02
   1.4227266e-02
   1.5051748e-02
   1.4968780e-02
   1.5146572e-02
   1.3401364e-02
   1.4689119e-02
   1.3754270e-02
   1.3860617e-02
   1.3428132e-02
   1.3613194e-02
   1.4815545e-02
   1.4709436e-02
   1.4563710e-02
   1.4329736e-02
   1.3962156e-02
   1.5036193e-02
   1.3739651e-02
   1.5259132e-02
   1.3614076e-02
   1.4781302e-02
   1.3203775e-02
   1.2925124e-02
   1.3219366e-02
   1.4605626e-02
   1.4938922e-02
   1.3530925e-02
   1.4923736e-02
   1.4258860e-02
   1.4725702e-02
   1.4937432e-02
   1.3416253e-02
   1.4480706e-02
   1.4318041e-02
   1.3459492e-02
   1.4831262e-02
   1.2927227e-02
   1.3464890e-02
   1.3351072e-02
   1.3819776e-02
   1.4903712e-02
   1.3710603e-02
   1.5101901e-02
   1.4099077e-02
   1.4510789e-02
   1.4219606e-02
   1.3348907e-02
   1.3382215e-02
   1.3016907e-02
   1.5027625e-02
   1.2898190e-02
   1.3337297e-02
   1.4628982e-02
   1.2691884e-02
   1.3253573e-02
   1.4372059e-02
   1.3614470e-02
   1.4391892e-02
   1.3348949e-02
   1.5167484e-02
   1.4632751e-02
   1.4757457e-02
   1.4340153e-02
   1.5339184e-02
   1.2811942e-02
   1.4742917e-02
   1.4784025e-02
   1.5211548e-02
   1.4439537e-02
   1.3340947e-02
   1.4178908e-02
   1.4984297e-02
   1.3555597e-02
   1.2900216e-02
   1.4026106e-02
   1.3985239e-02
   1.4803132e-02
   1.3315070e-02
   1.3195713e-02
   1.5438428e-02
   1.2964908e-02
   1.3312774e-02
   1.4967815e-02
   1.4626004e-02
   1.2921335e-02
   1.3561473e-02
   1.4890337e-02
   1.5115003e-02
   1.5419619e-02
   1.3090354e-02
   1.4686633e-02
   1.2922670e-02
   1.3030438e-02
   1.4003886e-02
   1.4878055e-02
   1.3630539e-02
   1.4734480e-02
   1.3383373e-02
   1.4208201e-02
   1.4348608e-02
   1.3274876e-02
   1.3258094e-02
   1.4681332e-02
   1.3974361e-02
   1.3170628e-02
   1.4008198e-02
   1.4844909e-02
   1.3527288e-02
   1.3883461e-02
   1.3669527e-02
   1.3662757e-02
   1.5086247e-02
   1.4912052e-02
   1.5136970e-02
   1.5120738e-02
   1.4613883e-02
   1.4102249e-02
   1.4367131e-02
   1.3647500e-02
   1.2999697e-02
   1.4972918e-02
   1.4355259e-02
   1.5232037e-02
   1.3180994e-02
   1.4658648e-02
   1.3048978e-02
   1.5057658e-02
   1.3706520e-02
   1.4821082e-02
   1.4663122e-02
   1.5264993e-02
   1.5077949e-02
   1.3360302e-02
   1.4934487e-02
   1.3283553e-02
   1.4353572e-02
   1.3454522e-02
   1.2898806e-02
   1.3159918e-02
   1.4418907e-02
   1.4690454e-02
   1.4406498e-02
   1.3524123e-02
   1.3785839e-02
   1.4351104e-02
   1.3324687e-02
   1.4106909e-02
   1.3229383e-02
   1.2952509e-02
   1.2892160e-02
   1.3035569e-02
   1.2970490e-02
   1.4848773e-02
   1.3967133e-02
   1.4938910e-02
   1.3234343e-02
   1.5124225e-02
   1.3667996e-02
   1.5001486e-02
   1.3879565e-02
   1.2820723e-02
   1.5332524e-02
   1.5345569e-02
   1.4430174e-02
   1.3639278e-02
   1.5122277e-02
   1.3000398e-02
   1.5117917e-02
   1.3108743e-02
   1.3834072e-02
   1.4499139e-02
   1.4289498e-02
   1.5303819e-02
   1.4474280e-02
   1.3912010e-02
   1.4477015e-02
   1.2566794e-02
   1.4202830e-02
   1.4322377e-02
   1.4260955e-02
   1.3539210e-02
   1.4355326e-02
   1.5228379e-02
   1.3066145e-02
   1.4439187e-02
   1.3196502e-02
   1.4872886e-02
   1.4958278e-02
   1.3541116e-02
   1.3277388e-02
   1.4815279e-02
   1.3498142e-02
   1.4424988e-02
   1.3075137e-02
   1.3722044e-02
   1.3324675e-02
   1.3202661e-02
   1.3108494e-02
   1.3951676e-02
   1.4195494e-02
   1.4954984e-02
   1.3546368e-02
   1.5077919e-02
   1.3129180e-02
   1.3537322e-02
   1.4073941e-02
   1.3596108e-02
   1.4523519e-02
   1.3424441e-02
   1.4533438e-02
   1.3306016e-02
   1.3082519e-02
   1.4112689e-02
   1.4993517e-02
   1.3546045e-02
   1.3182681e-02
   1.4639115e-02
   1.4174424e-02
   1.4491242e-02
   1.4305651e-02
   1.4742225e-02
   1.2741956e-02
   1.4617879e-02
   1.4039050e-02
   1.3832780e-02
   1.4816228e-02
   1.4623219e-02
   1.4670425e-02
   1.3099704e-02
   1.4550502e-02
   1.4377190e-02
   1.3942409e-02
   1.3823125e-02
   1.4332950e-02
   1.3465474e-02
   1.3862900e-02
   1.5430923e-02
   1.4071505e-02
   1.4795113e-02
   1.4155974e-02
   1.4615367e-02
   1.3961470e-02
   1.3417063e-02
   1.4223823e-02
   1.4504206e-02
   1.3821918e-02
   1.4227602e-02
   1.3346666e-02
   1.3685105e-02
   1.3442012e-02
   1.4858866e-02
   1.4780735e-02
   1.3478511e-02
   1.4861686e-02
   1.3670183e-02
   1.3471799e-02
   1.3131691e-02
   1.3727281e-02
   1.4429328e-02
   1.3529696e-02
   1.3956627e-02
   1.5149443e-02
   1.4355998e-02
   1.3960572e-02
   1.3757206e-02
   1.4606734e-02
   1.4443532e-02
   1.2769956e-02
   1.2853486e-02
   1.5140227e-02
   1.3283094e-02
   1.4021093e-02
   1.4358319e-02
   1.2972784e-02
   1.2931794e-02
   1.5408432e-02
