   1.2928563e-01
   1.4001650e-01
   1.3458105e-01
   1.3345096e-01
   1.3874960e-01
   1.2137740e-01
   1.1328166e-01
   1.1763702e-01
   1.3590540e-01
   1.2326032e-01
   1.2458108e-01
   1.3402805e-01
   1.1961599e-01
   1.4003935e-01
   1.1867285e-01
   1.1626565e-01
   1.2446816e-01
   1.2987252e-01
   1.1814681e-01
   1.3727140e-01
   1.3574313e-01
   1.3089914e-01
   1.2807406e-01
   1.2091889e-01
   1.2156873e-01
   1.2743839e-01
   1.1497438e-01
   1.1419398e-01
   1.1675398e-01
   1.3474285e-01
   1.1489039e-01
   1.2504892e-01
   1.1840663e-01
   1.3620395e-01
   1.3692252e-01
   1.3137212e-01
   1.3390068e-01
   1.2036295e-01
   1.1400588e-01
   1.2122035e-01
   1.1510388e-01
   1.2851179e-01
   1.3538715e-01
   1.1156423e-01
   1.2557580e-01
   1.2587831e-01
   1.3279054e-01
   1.1563434e-01
   1.0520422e-01
   1.3348960e-01
   1.3878323e-01
   1.1838835e-01
   1.3861322e-01
   1.2786260e-01
   1.3327670e-01
   1.3352593e-01
   1.1766140e-01
   1.3853670e-01
   1.3574433e-01
   1.2696908e-01
   1.3218320e-01
   1.3809069e-01
   1.2946324e-01
   1.1588927e-01
   1.1969054e-01
   1.3114050e-01
   1.2706302e-01
   1.2587439e-01
   1.3815982e-01
   1.1232192e-01
   1.2796915e-01
   1.0853498e-01
   1.4399760e-01
   1.2743766e-01
   1.4134962e-01
   1.3439901e-01
   1.3334990e-01
   1.3769807e-01
   1.3788446e-01
   1.2239749e-01
   1.2859316e-01
   1.2246663e-01
   1.2717854e-01
   1.3214703e-01
   1.1919011e-01
   1.1866693e-01
   1.2246746e-01
   1.2548796e-01
   1.3222789e-01
   1.3567747e-01
   1.3511490e-01
   1.3422865e-01
   1.3225920e-01
   1.3194154e-01
   1.4027867e-01
   1.2836457e-01
   1.2817211e-01
   1.2254122e-01
   1.2814903e-01
   1.2077283e-01
   1.2389456e-01
   1.1984926e-01
   1.3171861e-01
   1.1533425e-01
   1.3101647e-01
   1.2798607e-01
   1.1074862e-01
   1.3711022e-01
   1.1171784e-01
   1.3012781e-01
   1.2413879e-01
   1.1003585e-01
   1.2659123e-01
   1.1078090e-01
   1.1685865e-01
   1.1420864e-01
   1.2807753e-01
   1.0974006e-01
   1.3502599e-01
   1.3826476e-01
   1.2408108e-01
   1.2880263e-01
   1.2820708e-01
   1.2107207e-01
   1.2132134e-01
   1.2775554e-01
   1.3172184e-01
   1.3269556e-01
   1.2831324e-01
   1.2675733e-01
   1.2587463e-01
   1.3259581e-01
   1.3254139e-01
   1.1245414e-01
   1.3158043e-01
   1.2927436e-01
   1.1998377e-01
   1.3233423e-01
   1.3804666e-01
   1.1742769e-01
   1.1958180e-01
   1.3262411e-01
   1.3246646e-01
   1.2879000e-01
   1.2852475e-01
   1.2930470e-01
   1.3559105e-01
   1.3452702e-01
   1.2596794e-01
   1.2526154e-01
   1.1048833e-01
   1.3539005e-01
   1.1163540e-01
   1.1886145e-01
   1.2192237e-01
   1.2937478e-01
   1.3012795e-01
   1.3159712e-01
   1.1258804e-01
   1.1543588e-01
   1.2660709e-01
   1.2148814e-01
   1.3406878e-01
   1.3212293e-01
   1.3189770e-01
   1.3025161e-01
   1.1827013e-01
   1.2368381e-01
   1.3511257e-01
   1.2929179e-01
   1.1945452e-01
   1.2332266e-01
   1.2770401e-01
   1.3449055e-01
   1.1478793e-01
   1.3574348e-01
   1.3763638e-01
   1.0743039e-01
   1.1934429e-01
   1.1269936e-01
   1.1443829e-01
   1.1520693e-01
   1.1560291e-01
   1.3592191e-01
   1.2939515e-01
   1.0517102e-01
   1.3267092e-01
   1.1312385e-01
   1.3858592e-01
   1.1685628e-01
   1.1965177e-01
   1.1674920e-01
   1.3268530e-01
   1.1080899e-01
   1.2840617e-01
   1.3193520e-01
   1.2198651e-01
   1.3318886e-01
   1.3802694e-01
   1.3249165e-01
   1.0358814e-01
   1.2181384e-01
   1.3144330e-01
   1.2980700e-01
   1.2650732e-01
   1.3204016e-01
   1.1083129e-01
   1.1688983e-01
   1.1290610e-01
   1.1981190e-01
   1.2794490e-01
   1.3658126e-01
   1.2315768e-01
   1.2192864e-01
   1.3016307e-01
   1.2210661e-01
   1.2522979e-01
   1.2899796e-01
   1.1086374e-01
   1.1271800e-01
   1.2149434e-01
   1.1260545e-01
   1.2977876e-01
   1.3364618e-01
   1.3226046e-01
   1.3624603e-01
   1.1407008e-01
   1.1802254e-01
   1.4043953e-01
   1.3480389e-01
   1.3982883e-01
   1.2147601e-01
   1.2665191e-01
   1.2545087e-01
   1.2751708e-01
   1.2457662e-01
   1.1554750e-01
   1.1789857e-01
   1.2905426e-01
   1.3147345e-01
   1.3356051e-01
   1.0738816e-01
   1.2854990e-01
   1.1530114e-01
   1.1522729e-01
   1.2208887e-01
   1.3306740e-01
   1.3872687e-01
   1.2023156e-01
   1.2587410e-01
   1.2546866e-01
   1.3512034e-01
   1.2875548e-01
   1.3261031e-01
   1.3436357e-01
   1.1556880e-01
   1.3355961e-01
   1.3554430e-01
   1.2707024e-01
   1.3485778e-01
   1.1189795e-01
   1.3883947e-01
   1.1536830e-01
   1.1357610e-01
   1.2937974e-01
   1.1420419e-01
   1.2659652e-01
   1.3148401e-01
   1.3310710e-01
   1.2518343e-01
   1.2540805e-01
   1.3073067e-01
   1.2825289e-01
   1.3027387e-01
   1.2104827e-01
   1.3976384e-01
   1.2914637e-01
   1.1902231e-01
   1.1583458e-01
   1.1976945e-01
   1.1403151e-01
   1.3455465e-01
   1.3833894e-01
   1.3415126e-01
   1.2937867e-01
   1.3078313e-01
   1.4030084e-01
   1.3664485e-01
   1.3136126e-01
   1.1194842e-01
   1.3030803e-01
   1.2026319e-01
   1.2480433e-01
   1.4283898e-01
   1.3633507e-01
   1.4252978e-01
   1.4071707e-01
   1.3038848e-01
   1.3555282e-01
   1.3616982e-01
