   1.2938613e-01
   1.4081352e-01
   1.3362976e-01
   1.4052685e-01
   1.5455232e-01
   1.1480780e-01
   1.3034320e-01
   1.5455684e-01
   1.5350813e-01
   1.4411971e-01
   1.1443116e-01
   1.3097027e-01
   1.4386297e-01
   1.5355303e-01
   1.4845187e-01
   1.4030426e-01
   1.5470348e-01
   1.3899970e-01
   1.3462116e-01
   1.5087660e-01
   1.2851399e-01
   1.1993532e-01
   1.3215760e-01
   1.4191322e-01
   1.3203044e-01
   1.3798297e-01
   1.5474608e-01
   1.5206314e-01
   1.2779409e-01
   1.4277576e-01
   1.1832326e-01
   1.1666997e-01
   1.4846674e-01
   1.5400468e-01
   1.3840590e-01
   1.5899384e-01
   1.3784168e-01
   1.4622068e-01
   1.5586910e-01
   1.3010548e-01
   1.4091654e-01
   1.3180771e-01
   1.4739648e-01
   1.4257547e-01
   1.4540140e-01
   1.3493393e-01
   1.3884232e-01
   1.2193660e-01
   1.4323119e-01
   1.4466100e-01
   1.1994010e-01
   1.6571703e-01
   1.5535473e-01
   1.2381688e-01
   1.3620097e-01
   1.4940116e-01
   1.5019364e-01
   1.3153573e-01
   1.3879849e-01
   1.4698280e-01
   1.5371570e-01
   1.1910030e-01
   1.5723052e-01
   1.2711548e-01
   1.4341083e-01
   1.4443432e-01
   1.4488594e-01
   1.2491580e-01
   1.4708240e-01
   1.4557576e-01
   1.3926014e-01
   1.3875660e-01
   1.4889039e-01
   1.4512976e-01
   1.3603004e-01
   1.4140148e-01
   1.3062942e-01
   1.4705992e-01
   1.4078879e-01
   1.2852609e-01
   1.6050436e-01
   1.2539288e-01
   1.4080220e-01
   1.1732131e-01
   1.5440918e-01
   1.3851069e-01
   1.6214101e-01
   1.5563879e-01
   1.4139441e-01
   1.4760991e-01
   1.4902371e-01
   1.2465232e-01
   1.2506017e-01
   1.5676600e-01
   1.3458344e-01
   1.3217769e-01
   1.1961624e-01
   1.4238498e-01
   1.3778205e-01
   1.1216850e-01
   1.2229811e-01
   1.3936723e-01
   1.3729461e-01
   1.5576058e-01
   1.4548235e-01
   1.3478311e-01
   1.5404279e-01
   1.3041135e-01
   1.1686961e-01
   1.4531093e-01
   1.1441751e-01
   1.5245687e-01
   1.4956108e-01
   1.4754523e-01
   1.2920404e-01
   1.4339563e-01
   1.2896738e-01
   1.5694111e-01
   1.3280460e-01
   1.3792127e-01
   1.4833995e-01
   1.2685610e-01
   1.1342418e-01
   1.4183312e-01
   1.6180408e-01
   1.5648236e-01
   1.3876086e-01
   1.4233776e-01
   1.2849113e-01
   1.4136853e-01
   1.3586867e-01
   1.5331948e-01
   1.4378484e-01
   1.3908153e-01
   1.5772955e-01
   1.3400942e-01
   1.3078494e-01
   1.4800584e-01
   1.4989865e-01
   1.5251648e-01
   1.5421442e-01
   1.2412354e-01
   1.5516994e-01
   1.3708074e-01
   1.1748197e-01
   1.4772219e-01
   1.6226005e-01
   1.2916334e-01
   1.3810454e-01
   1.3854536e-01
   1.2907481e-01
   1.3913880e-01
   1.5487673e-01
   1.5613022e-01
   1.1977316e-01
   1.3231260e-01
   1.3509546e-01
   1.2424990e-01
   1.4185172e-01
   1.3936380e-01
   1.3515961e-01
   1.4540487e-01
   1.3248163e-01
   1.3029976e-01
   1.4298844e-01
   1.4487040e-01
   1.3719804e-01
   1.5989494e-01
   1.5568776e-01
   1.4280269e-01
   1.4190161e-01
   1.2217738e-01
   1.3717603e-01
   1.2020296e-01
   1.5996951e-01
   1.2723062e-01
   1.4101220e-01
   1.4980063e-01
   1.5806112e-01
   1.4619196e-01
   1.3992997e-01
   1.4426205e-01
   1.3842362e-01
   1.5379378e-01
   1.4456016e-01
   1.4014786e-01
   1.4887066e-01
   1.3407074e-01
   1.4494670e-01
   1.4235289e-01
   1.3970533e-01
   1.2715880e-01
   1.4622964e-01
   1.1027652e-01
   1.6220731e-01
   1.3162608e-01
   1.4762348e-01
   1.4181412e-01
   1.4208257e-01
   1.5994349e-01
   1.3184416e-01
   1.6088899e-01
   1.5689369e-01
   1.2010984e-01
   1.3571974e-01
   1.3051483e-01
   1.5959476e-01
   1.5631966e-01
   1.3957848e-01
   1.2862700e-01
   1.3645184e-01
   1.4066571e-01
   1.3252042e-01
   1.5454457e-01
   1.4106011e-01
   1.4508230e-01
   1.2949141e-01
   1.4728898e-01
   1.3488746e-01
   1.3949583e-01
   1.4408798e-01
   1.4382146e-01
   1.5519685e-01
   1.3062529e-01
   1.3736436e-01
   1.3312559e-01
   1.2142601e-01
   1.3590477e-01
   1.2067454e-01
   1.4484059e-01
   1.5920578e-01
   1.5131042e-01
   1.3481425e-01
   1.4903355e-01
   1.1104686e-01
   1.2172154e-01
   1.3263417e-01
   1.6138635e-01
   1.4392250e-01
   1.1338552e-01
   1.3038307e-01
   1.4422719e-01
   1.3694694e-01
   1.5122422e-01
   1.4287880e-01
   1.4490355e-01
   1.4708279e-01
   1.4998782e-01
   1.3910716e-01
   1.3661213e-01
   1.4182765e-01
   1.5508006e-01
   1.3221712e-01
   1.3974434e-01
   1.2080415e-01
   1.4643394e-01
   1.4919110e-01
   1.3397533e-01
   1.3528548e-01
   1.1412544e-01
   1.4225489e-01
   1.4163164e-01
   1.4810464e-01
   1.6624450e-01
   1.2650845e-01
   1.2864144e-01
   1.3294694e-01
   1.5265628e-01
   1.6227670e-01
   1.2876250e-01
   1.3194384e-01
   1.5239015e-01
   1.3367349e-01
   1.4852988e-01
   1.2488822e-01
   1.6421505e-01
   1.2269222e-01
   1.2954647e-01
   1.3585265e-01
   1.3889692e-01
   1.3318233e-01
   1.2833886e-01
   1.2594725e-01
   1.1370499e-01
   1.4934676e-01
   1.3666871e-01
   1.5418378e-01
   1.3705104e-01
   1.4343412e-01
   1.5634714e-01
   1.4567579e-01
   1.4841884e-01
   1.5907850e-01
   1.3743301e-01
   1.5688291e-01
   1.4537742e-01
   1.3192270e-01
   1.3397820e-01
   1.3396838e-01
   1.2870965e-01
