   4.0058520e-02
   3.9540628e-02
   3.5743580e-02
   3.5555088e-02
   3.8038283e-02
   3.8355596e-02
   3.6539106e-02
   3.8481768e-02
   3.7218493e-02
   3.8249539e-02
   4.0154415e-02
   3.9752629e-02
   4.0979007e-02
   3.9269151e-02
   4.2149530e-02
   3.9426417e-02
   3.6782707e-02
   3.5771571e-02
   3.6728593e-02
   4.0984661e-02
   4.1080825e-02
   3.7784834e-02
   3.7004405e-02
   3.9453733e-02
   3.6182371e-02
   3.7001584e-02
   3.6518219e-02
   3.5074715e-02
   3.9893484e-02
   4.0488358e-02
   4.1134368e-02
   4.1140390e-02
   4.0886679e-02
   4.0297192e-02
   3.8525743e-02
   4.0799649e-02
   4.2167846e-02
   4.1592731e-02
   4.0861524e-02
   3.8430064e-02
   3.8411190e-02
   3.9998434e-02
   3.5761077e-02
   4.0295097e-02
   3.6027333e-02
   3.6881763e-02
   3.9549352e-02
   3.7482939e-02
   3.9926711e-02
   3.7839123e-02
   3.9666097e-02
   3.9844993e-02
   3.6032200e-02
   3.8479135e-02
   4.0583900e-02
   3.8115154e-02
   3.9261126e-02
   3.5597369e-02
   3.6763559e-02
   3.8152421e-02
   4.1619772e-02
   4.1480303e-02
   3.9120286e-02
   3.8105607e-02
   3.9672603e-02
   4.1879071e-02
   3.8149310e-02
   3.9929702e-02
   3.9261572e-02
   3.9300387e-02
   3.7722622e-02
   3.9044450e-02
   4.0113400e-02
   3.6646537e-02
   3.7550870e-02
   4.0772297e-02
   3.7217303e-02
   3.8390476e-02
   3.6605679e-02
   4.0815278e-02
   3.7500746e-02
   3.7585682e-02
   3.6387866e-02
   3.5839159e-02
   3.8335882e-02
   4.1450643e-02
   3.8971583e-02
   3.8173383e-02
   3.8482213e-02
   3.5249221e-02
   4.0294496e-02
   4.0201359e-02
   4.0075194e-02
   4.0482433e-02
   3.9967916e-02
   3.7564252e-02
   3.6623396e-02
   3.5761348e-02
   3.9706154e-02
   4.0128967e-02
   4.1538569e-02
   3.6648233e-02
   3.9203749e-02
   3.7903357e-02
   3.9671110e-02
   3.7129080e-02
   3.9438733e-02
   3.7115940e-02
   3.9746427e-02
   4.0020177e-02
   3.9171440e-02
   3.6242127e-02
   3.9466747e-02
   3.7573060e-02
   3.8581638e-02
   3.8004021e-02
   3.9433662e-02
   3.6992913e-02
   4.0476862e-02
   3.5849772e-02
   4.2654972e-02
   3.7206413e-02
   3.6811473e-02
   4.1668913e-02
   4.1877345e-02
   3.9001722e-02
   3.7983415e-02
   4.2160402e-02
   3.6339776e-02
   4.2049613e-02
   3.8124910e-02
   3.7185653e-02
   3.6072591e-02
   3.8791132e-02
   3.5752493e-02
   3.9351112e-02
   3.7422404e-02
   3.7085218e-02
   3.5883732e-02
   3.7382083e-02
   3.6339202e-02
   4.2058754e-02
   3.8279781e-02
   3.8214607e-02
   3.7868654e-02
   3.9697587e-02
   3.9453048e-02
   3.8991380e-02
   4.2595937e-02
   4.0590540e-02
   3.6106486e-02
   3.9066466e-02
   3.7100243e-02
   3.8415674e-02
   3.8144471e-02
   3.9271973e-02
   3.7784282e-02
   3.8164597e-02
   4.1036801e-02
   3.8078111e-02
   3.8237873e-02
   3.6829488e-02
   3.8121935e-02
   3.8606384e-02
   3.7257410e-02
   3.9367279e-02
   3.9298883e-02
   3.7671091e-02
   4.2144117e-02
   3.6653996e-02
   3.9821357e-02
   3.8363398e-02
   3.8397927e-02
   4.2371214e-02
   3.8364904e-02
   3.7667274e-02
   3.7051729e-02
   4.1267493e-02
   4.1046528e-02
   4.1852335e-02
   4.1567026e-02
   3.6779711e-02
   3.9785864e-02
   3.9412396e-02
   3.7005188e-02
   3.7608112e-02
   4.0838909e-02
   4.1178000e-02
   3.5538944e-02
   4.1932081e-02
   3.5539307e-02
   3.7950924e-02
   3.8063410e-02
   3.6508972e-02
   4.1024044e-02
   3.8537339e-02
   3.7837776e-02
   4.0541728e-02
   3.6740821e-02
   4.1456876e-02
   3.7408304e-02
   4.0639741e-02
   3.7437198e-02
   3.9287611e-02
   4.0004651e-02
   4.1147563e-02
   3.8502190e-02
   4.2304322e-02
   3.8051690e-02
   3.9518519e-02
   4.1403778e-02
   3.9569949e-02
   3.9379626e-02
   3.8571112e-02
   4.1734668e-02
   3.8672176e-02
   4.0174095e-02
   3.7955016e-02
   3.8346831e-02
   3.7240128e-02
   4.0012176e-02
   3.8097533e-02
   3.9845723e-02
   3.8580963e-02
   3.9548050e-02
   3.8071379e-02
   3.8004710e-02
   3.5509948e-02
   4.1724007e-02
   3.9500694e-02
   4.0945265e-02
   3.9950995e-02
   3.9028929e-02
   4.0544317e-02
   3.5000514e-02
   3.9966904e-02
   4.0374048e-02
   4.1828429e-02
   3.7215633e-02
   3.9084293e-02
   3.9283775e-02
   3.9880015e-02
   3.5772570e-02
   4.0879436e-02
   3.7729514e-02
   4.1788563e-02
   3.7127415e-02
   3.8361721e-02
   3.5246445e-02
   3.8026686e-02
   3.9830020e-02
   3.8667965e-02
   4.0096571e-02
   3.7853044e-02
   4.0742026e-02
   3.8684223e-02
   3.8976352e-02
   3.8694322e-02
   3.7662438e-02
   3.9074729e-02
   4.0381473e-02
   3.8399542e-02
   4.0437047e-02
   4.0415991e-02
   3.9956170e-02
   3.9458702e-02
   3.8502254e-02
   3.8105448e-02
   4.2128390e-02
   4.0123380e-02
   3.9971423e-02
   3.8959941e-02
   3.7758556e-02
   3.6164545e-02
   3.7971461e-02
   3.7755361e-02
   3.7764450e-02
   3.8489672e-02
   3.6388293e-02
   3.5621121e-02
   3.7197214e-02
   3.9770082e-02
   3.7922531e-02
   3.7343632e-02
   3.7634567e-02
   3.8825802e-02
   4.0551188e-02
   3.9707969e-02
   3.9907235e-02
   3.7268253e-02
   3.8019994e-02
   3.5959607e-02
   3.7561561e-02
   3.9934031e-02
   3.8882634e-02
   3.7198638e-02
   4.0624081e-02
   3.5784441e-02
   3.6264299e-02
   3.8316564e-02
