   3.6161593e-02
   3.9286683e-02
   4.1405138e-02
   3.8892781e-02
   3.7011017e-02
   4.0925447e-02
   3.6928441e-02
   3.8385709e-02
   3.7537352e-02
   3.9619217e-02
   3.6312433e-02
   3.7699181e-02
   3.8891696e-02
   4.1428053e-02
   3.9209661e-02
   3.6527074e-02
   3.8036803e-02
   3.7218291e-02
   4.0949729e-02
   3.9445699e-02
   3.8687067e-02
   3.6066420e-02
   3.6559273e-02
   3.9734492e-02
   3.9502058e-02
   3.7241036e-02
   3.7362730e-02
   4.0028765e-02
   3.6799995e-02
   3.7373032e-02
   3.7459020e-02
   3.6362997e-02
   3.9087984e-02
   3.6075987e-02
   3.9236316e-02
   3.7693251e-02
   3.6945265e-02
   3.7433886e-02
   3.7666755e-02
   3.7472805e-02
   3.8029109e-02
   3.7130531e-02
   3.9154514e-02
   3.6147301e-02
   3.6185325e-02
   3.9634484e-02
   3.6106486e-02
   3.7346831e-02
   3.9525906e-02
   3.7040214e-02
   3.8496599e-02
   3.6411739e-02
   3.8211276e-02
   3.7492154e-02
   3.8063744e-02
   3.7396870e-02
   3.8410599e-02
   3.6565397e-02
   3.5998562e-02
   3.6750958e-02
   3.9135385e-02
   3.7091304e-02
   3.9060955e-02
   4.1619832e-02
   3.6464380e-02
   3.7955970e-02
   3.7664721e-02
   4.0290947e-02
   3.6518278e-02
   3.7387918e-02
   4.1981347e-02
   4.0718024e-02
   3.6298158e-02
   3.9271872e-02
   3.6627333e-02
   3.9497351e-02
   3.6817208e-02
   3.8929531e-02
   3.8986121e-02
   3.6364455e-02
   3.7188022e-02
   3.6416148e-02
   3.9889847e-02
   3.6660666e-02
   3.8467584e-02
   4.1191213e-02
   3.8828402e-02
   3.7191017e-02
   3.8817916e-02
   3.6669187e-02
   3.8643466e-02
   3.6139986e-02
   3.7159824e-02
   3.9859113e-02
   4.1307388e-02
   3.8580688e-02
   3.8880193e-02
   3.5895505e-02
   3.6973704e-02
   3.7123892e-02
   3.7701807e-02
   3.7711639e-02
   3.7356950e-02
   3.8039260e-02
   4.1469503e-02
   3.9552249e-02
   3.7857868e-02
   3.6459354e-02
   3.7327816e-02
   3.9254702e-02
   3.7550815e-02
   3.6310265e-02
   3.6448209e-02
   3.6275034e-02
   3.9004161e-02
   3.7553227e-02
   3.7665254e-02
   3.9006761e-02
   3.8113870e-02
   3.7403092e-02
   3.7507734e-02
   3.8949714e-02
   3.6469991e-02
   3.8120173e-02
   3.5960691e-02
   3.6475315e-02
   3.7510719e-02
   3.7683865e-02
   3.6382075e-02
   3.7790143e-02
   3.7502813e-02
   3.7240775e-02
   3.9677234e-02
   3.6610161e-02
   3.7533095e-02
   3.6602840e-02
   3.6862323e-02
   3.8679517e-02
   3.6205020e-02
   3.6273893e-02
   3.7785159e-02
   3.9637653e-02
   3.6852870e-02
   3.7662871e-02
   3.8320158e-02
   3.8080909e-02
   3.6205861e-02
   3.6714846e-02
   3.7560143e-02
   3.8358426e-02
   3.8819383e-02
   3.6920968e-02
   3.9664996e-02
   3.6571307e-02
   3.7133144e-02
   3.7323770e-02
   3.9549781e-02
   3.5992171e-02
   3.7569237e-02
   3.6500561e-02
   3.6423662e-02
   3.8566019e-02
   3.7812382e-02
   4.0277154e-02
   3.6560664e-02
   3.6809524e-02
   3.6953124e-02
   3.8518711e-02
   3.8720478e-02
   3.7800508e-02
   3.7230452e-02
   3.6244123e-02
   3.9708775e-02
   3.6525150e-02
   3.9072397e-02
   3.9840734e-02
   3.7752032e-02
   3.8267030e-02
   3.7792458e-02
   3.7108159e-02
   3.9009982e-02
   3.9850315e-02
   3.7276970e-02
   3.6584044e-02
   3.6185607e-02
   3.6527008e-02
   3.9499279e-02
   4.0688005e-02
   3.6228966e-02
   3.7354898e-02
   3.8307801e-02
   3.6092291e-02
   3.8526086e-02
   4.1465901e-02
   4.0447825e-02
   3.6179172e-02
   3.7139133e-02
   3.6629221e-02
   3.7440994e-02
   3.9327723e-02
   3.7254731e-02
   3.5953519e-02
   3.8175098e-02
   3.8844764e-02
   4.0123900e-02
   3.6656598e-02
   3.6735581e-02
   3.8684873e-02
   3.6154671e-02
   3.7345006e-02
   3.8741019e-02
   3.6996939e-02
   3.7933138e-02
   4.0697432e-02
   3.8131505e-02
   3.6560115e-02
   3.7030280e-02
   3.7410237e-02
   3.8003713e-02
   3.7740925e-02
   3.9139078e-02
   3.7576253e-02
   3.7191788e-02
   3.6681375e-02
   3.7627866e-02
   3.7736587e-02
   3.9147135e-02
   3.8074413e-02
   3.6724379e-02
   3.8555528e-02
   3.7510261e-02
   3.7006323e-02
   3.6033290e-02
   3.6514445e-02
   3.6417396e-02
   3.6705054e-02
   3.6833724e-02
   3.8533273e-02
   3.7185369e-02
   3.5913681e-02
   3.9277218e-02
   3.8186801e-02
   3.8980501e-02
   3.6342963e-02
   3.7850911e-02
   3.6463322e-02
   3.6019153e-02
   3.6355439e-02
   3.7385810e-02
   3.7092279e-02
   3.6371023e-02
   3.8461865e-02
   3.7412059e-02
   3.6549154e-02
   3.8466433e-02
   3.7846763e-02
   3.6949911e-02
   4.0140722e-02
   4.1139369e-02
   3.7564203e-02
   3.8265448e-02
   3.8579907e-02
   3.8650944e-02
   3.7506596e-02
   3.6948266e-02
   3.9607147e-02
   3.6935833e-02
   3.6729225e-02
   3.5997012e-02
   3.8601890e-02
   3.7911107e-02
   3.6755056e-02
   3.8484602e-02
   3.8458141e-02
   3.6910410e-02
   3.8896231e-02
   3.7109685e-02
   3.8346772e-02
   3.8219748e-02
   3.7118175e-02
   3.8699466e-02
   3.7437944e-02
   3.7528508e-02
   3.7358185e-02
   3.6825446e-02
   3.6913571e-02
   4.1046698e-02
   3.6570336e-02
   3.8202266e-02
   4.1202506e-02
   4.0643791e-02
   3.6253736e-02
   3.6058266e-02
   3.8291412e-02
   3.6786337e-02
   3.6766009e-02
   3.6439330e-02
   3.9499294e-02
   3.7271542e-02
   3.9918443e-02
