   9.3250678e-02
   9.3337479e-02
   1.0709185e-01
   1.0071639e-01
   1.3001887e-01
   1.3188515e-01
   1.2300738e-01
   9.1324151e-02
   1.2373492e-01
   9.1114090e-02
   8.7893529e-02
   1.2325223e-01
   9.7296827e-02
   1.1760935e-01
   1.2138381e-01
   1.2784456e-01
   1.2914037e-01
   1.3589977e-01
   1.2391761e-01
   9.3386937e-02
   9.9816236e-02
   9.1968509e-02
   1.1908434e-01
   9.5498306e-02
   1.2340392e-01
   1.1957444e-01
   8.9902612e-02
   1.2095465e-01
   1.1982021e-01
   1.2292477e-01
   1.3201225e-01
   9.7583154e-02
   1.2108586e-01
   8.9634949e-02
   1.2970760e-01
   9.8585685e-02
   1.2375221e-01
   1.1733638e-01
   1.3419765e-01
   9.4304366e-02
   1.0065936e-01
   1.2522129e-01
   1.1390896e-01
   1.2777470e-01
   1.0062387e-01
   8.9821636e-02
   9.7744655e-02
   9.7611345e-02
   9.5734267e-02
   1.2085298e-01
   9.6875833e-02
   1.0182983e-01
   1.2438433e-01
   9.6554366e-02
   9.1428539e-02
   1.2253934e-01
   1.3220211e-01
   1.1579860e-01
   1.2155180e-01
   1.0293887e-01
   9.3662121e-02
   1.0079277e-01
   1.3253222e-01
   1.3233683e-01
   1.2642860e-01
   1.3205857e-01
   1.2142258e-01
   1.3017766e-01
   9.4560740e-02
   1.2111847e-01
   9.4598024e-02
   9.6833405e-02
   1.2593745e-01
   1.2171648e-01
   9.3974692e-02
   1.2170311e-01
   9.9352100e-02
   1.3395154e-01
   1.3560662e-01
   1.3596085e-01
   1.3477509e-01
   1.2868985e-01
   1.2251196e-01
   1.3265891e-01
   1.3084902e-01
   1.2743821e-01
   9.7815799e-02
   9.0558511e-02
   1.0657937e-01
   1.1370687e-01
   9.8649640e-02
   1.0535929e-01
   9.7837167e-02
   9.9547193e-02
   1.0453933e-01
   1.3728498e-01
   9.4285116e-02
   1.2530246e-01
   8.8720144e-02
   9.3399826e-02
   1.2944318e-01
   1.1650531e-01
   1.2851312e-01
   1.0928109e-01
   1.2438549e-01
   1.1764103e-01
   1.1683390e-01
   9.8785015e-02
   9.5356936e-02
   9.4368221e-02
   9.7870182e-02
   1.1082313e-01
   9.7623140e-02
   1.3269632e-01
   1.2512559e-01
   1.0089958e-01
   1.2085362e-01
   1.2721767e-01
   9.6571851e-02
   1.2976499e-01
   1.0210177e-01
   1.0444974e-01
   1.2440072e-01
   9.1030213e-02
   1.0128259e-01
   1.2523895e-01
   1.3178748e-01
   1.2130210e-01
   8.9324910e-02
   1.0080610e-01
   1.2990947e-01
   1.0838969e-01
   1.1910305e-01
   9.2021970e-02
   9.3431548e-02
   9.4800133e-02
   1.0891139e-01
   9.9016067e-02
   9.3715061e-02
   1.2480022e-01
   9.2427537e-02
   1.3566294e-01
   9.6580623e-02
   1.2722484e-01
   9.4158367e-02
   1.2092934e-01
   1.2493646e-01
   1.0018582e-01
   1.0805245e-01
   1.0885277e-01
   1.0885371e-01
   9.4106112e-02
   1.2429516e-01
   9.8306940e-02
   1.3040312e-01
   1.2730133e-01
   1.2992755e-01
   1.0691428e-01
   1.3481760e-01
   1.0354536e-01
   1.2992854e-01
   9.8020229e-02
   1.3509930e-01
   1.0314199e-01
   1.0847757e-01
   1.0471256e-01
   9.2999114e-02
   9.1889351e-02
   1.3437605e-01
   1.2849966e-01
   1.0055681e-01
   1.0721724e-01
   1.3483042e-01
   9.9490133e-02
   1.2351228e-01
   1.1209556e-01
   9.5467318e-02
   1.2577330e-01
   9.1912804e-02
   1.2557023e-01
   8.9529421e-02
   9.7224970e-02
   9.9737183e-02
   1.3204821e-01
   9.1257467e-02
   1.3447595e-01
   9.5401167e-02
   9.6217671e-02
   9.3570421e-02
   9.0847952e-02
   9.6267683e-02
   1.3011256e-01
   9.1355248e-02
   9.7448747e-02
   1.3458468e-01
   1.2351483e-01
   1.3442688e-01
   9.9070229e-02
   1.3319509e-01
   1.2906098e-01
   1.1953139e-01
   1.3035141e-01
   1.3059869e-01
   9.5309133e-02
   1.3409794e-01
   1.1697795e-01
   8.9333330e-02
   1.2600872e-01
   1.0881424e-01
   1.3431440e-01
   8.9753230e-02
   1.0928988e-01
   9.6469608e-02
   1.3725491e-01
   1.3435510e-01
   1.2094302e-01
   9.5721820e-02
   1.3307795e-01
   1.2257269e-01
   9.2485180e-02
   9.9553399e-02
   9.3614427e-02
   1.0560855e-01
   1.2153774e-01
   9.9000844e-02
   9.5621649e-02
   8.9716692e-02
   9.6183733e-02
   1.2567947e-01
   9.8041463e-02
   9.1392743e-02
   1.3597355e-01
   1.2577130e-01
   1.3927160e-01
   1.2122482e-01
   1.2059327e-01
   1.0773024e-01
   1.2620794e-01
   1.3007200e-01
   1.0639073e-01
   1.3083857e-01
   1.2653497e-01
   1.1869514e-01
   1.3206982e-01
   9.8966338e-02
   9.6138404e-02
   9.7882986e-02
   1.0543401e-01
   9.3453962e-02
   1.3310008e-01
   9.8789190e-02
   9.0817746e-02
   1.2899526e-01
   9.2114936e-02
   1.2184766e-01
   1.2699986e-01
   1.1491089e-01
   1.2112945e-01
   1.2584480e-01
   8.7477820e-02
   1.3381517e-01
   1.2874964e-01
   1.2951959e-01
   1.0720485e-01
   1.0135312e-01
   1.3169077e-01
   1.2221344e-01
   9.8524116e-02
   9.9231327e-02
   1.3289861e-01
   9.9522627e-02
   9.3537181e-02
   1.2534453e-01
   1.1854288e-01
   1.2221883e-01
   9.0685371e-02
   9.5503143e-02
   1.2787192e-01
   1.2505579e-01
   1.3461924e-01
   1.3226894e-01
   9.4519040e-02
   1.1174076e-01
   1.2753680e-01
   9.6561144e-02
   9.1568579e-02
   1.1422188e-01
   1.3107452e-01
   1.0850765e-01
   1.2543439e-01
   1.2110868e-01
   1.3048483e-01
   9.0624511e-02
   1.3411493e-01
   9.7688182e-02
   1.1382608e-01
   9.9626548e-02
   1.3696618e-01
   8.9178660e-02
   9.3298424e-02
