   4.0362349e-02
   4.2130725e-02
   4.3413266e-02
   3.9733446e-02
   4.5048957e-02
   4.1316800e-02
   4.2898630e-02
   4.1786707e-02
   4.1158162e-02
   4.1600521e-02
   4.2702183e-02
   4.1050792e-02
   4.5242388e-02
   4.2163486e-02
   4.3796588e-02
   4.1430212e-02
   4.3333129e-02
   4.1533231e-02
   3.9670896e-02
   4.1780369e-02
   4.1742842e-02
   4.4394363e-02
   4.4615907e-02
   4.2545135e-02
   4.5422975e-02
   4.3046897e-02
   4.1888325e-02
   4.0894527e-02
   4.1452561e-02
   4.1610872e-02
   4.3432045e-02
   3.9518000e-02
   4.2878136e-02
   4.4277478e-02
   3.8494852e-02
   3.8809554e-02
   4.0811132e-02
   4.2399788e-02
   4.0622139e-02
   4.0371974e-02
   4.1075044e-02
   3.9657337e-02
   4.2677280e-02
   4.0619164e-02
   3.9780534e-02
   4.1088651e-02
   4.1714469e-02
   4.3602069e-02
   4.2195608e-02
   4.0062457e-02
   4.2882227e-02
   4.0698243e-02
   4.2618226e-02
   3.7766746e-02
   4.6112599e-02
   4.2956192e-02
   4.2476246e-02
   4.0901633e-02
   4.3847887e-02
   4.2180010e-02
   4.3710850e-02
   4.2562182e-02
   4.1555081e-02
   4.1193734e-02
   4.3238744e-02
   4.4369979e-02
   4.0646134e-02
   4.3054925e-02
   4.3981001e-02
   3.9982662e-02
   4.1246452e-02
   4.1301331e-02
   4.3723709e-02
   4.4724179e-02
   4.2006969e-02
   4.5872599e-02
   4.5102880e-02
   4.1512570e-02
   4.3089027e-02
   4.3439075e-02
   4.2679672e-02
   4.0715542e-02
   4.5312481e-02
   4.3903142e-02
   4.4707025e-02
   4.0960138e-02
   4.1246975e-02
   4.2052214e-02
   4.4328561e-02
   4.0774961e-02
   4.1869507e-02
   4.0737846e-02
   4.6196662e-02
   4.1029464e-02
   4.0296214e-02
   4.2286771e-02
   4.1735822e-02
   4.5275697e-02
   4.1016535e-02
   4.0071846e-02
   3.9375327e-02
   4.1216811e-02
   4.0847944e-02
   4.4909363e-02
   4.2228125e-02
   4.1078345e-02
   4.0040475e-02
   4.0407949e-02
   4.1635608e-02
   4.0811199e-02
   4.2912978e-02
   4.0916853e-02
   3.9179268e-02
   4.1465702e-02
   4.0861771e-02
   4.2088671e-02
   4.0162563e-02
   4.1649274e-02
   4.0744834e-02
   4.2075417e-02
   3.9241812e-02
   3.9409364e-02
   4.0644968e-02
   4.2992842e-02
   4.0506231e-02
   4.2964785e-02
   4.0654293e-02
   4.0957005e-02
   4.5347201e-02
   4.4775716e-02
   4.2704049e-02
   3.9557917e-02
   4.1918681e-02
   4.3755262e-02
   4.1726652e-02
   4.0793027e-02
   4.2800677e-02
   4.0128005e-02
   4.2598162e-02
   3.9899151e-02
   4.2298611e-02
   4.3305347e-02
   4.0784339e-02
   4.0987367e-02
   4.2106721e-02
   4.3948178e-02
   4.2124240e-02
   4.0235385e-02
   4.1955973e-02
   4.5108391e-02
   4.2551908e-02
   4.1341965e-02
   4.2587774e-02
   4.1307788e-02
   4.0916807e-02
   3.8488045e-02
   4.1641262e-02
   4.1769158e-02
   4.3002132e-02
   3.9578501e-02
   4.0118791e-02
   4.1660596e-02
   4.0651128e-02
   4.0530975e-02
   4.1253307e-02
   4.0320018e-02
   4.0803364e-02
   4.1423779e-02
   4.4204102e-02
   3.9550644e-02
   4.4637755e-02
   4.4149339e-02
   4.4913755e-02
   4.1789639e-02
   4.1269367e-02
   4.0818719e-02
   4.3242010e-02
   3.8983554e-02
   4.4507694e-02
   4.3104277e-02
   3.7898560e-02
   4.0044253e-02
   4.3138675e-02
   4.1338427e-02
   4.5057297e-02
   4.0707219e-02
   4.2631807e-02
   4.4870211e-02
   4.2202111e-02
   4.0753764e-02
   4.1309297e-02
   4.2238129e-02
   4.5518664e-02
   4.2989593e-02
   4.0947458e-02
   3.9868490e-02
   4.5990937e-02
   4.2077388e-02
   4.3029328e-02
   4.2535923e-02
   4.3871005e-02
   4.3161433e-02
   4.2302652e-02
   4.4061328e-02
   4.3745674e-02
   4.0603417e-02
   4.1735609e-02
   4.0287987e-02
   4.5088686e-02
   4.2404511e-02
   4.4068494e-02
   4.4292702e-02
   4.3197342e-02
   4.1680984e-02
   4.0584013e-02
   3.9724509e-02
   4.1332713e-02
   4.6017108e-02
   4.3705708e-02
   4.0572676e-02
   4.3682497e-02
   4.2568138e-02
   4.0660618e-02
   4.0571392e-02
   4.2113252e-02
   4.1085926e-02
   4.0996305e-02
   3.8844520e-02
   4.2566061e-02
   4.2011316e-02
   4.0593393e-02
   4.5647106e-02
   4.1188102e-02
   4.1413378e-02
   4.5201399e-02
   4.2722512e-02
   4.1444046e-02
   4.1615894e-02
   4.1620536e-02
   4.1256737e-02
   4.0098368e-02
   4.1405635e-02
   4.4044269e-02
   4.0838770e-02
   4.2886105e-02
   4.6013969e-02
   4.0436807e-02
   4.0624792e-02
   4.0903263e-02
   4.0271855e-02
   4.3144068e-02
   4.4999750e-02
   4.1280139e-02
   4.2666180e-02
   4.0947554e-02
   4.1437314e-02
   4.2667294e-02
   4.1519776e-02
   4.1325769e-02
   4.0248252e-02
   4.1165862e-02
   4.0770976e-02
   4.1591311e-02
   4.6299006e-02
   4.5980155e-02
   4.2147331e-02
   4.1222431e-02
   4.2779607e-02
   4.4036250e-02
   4.2879702e-02
   4.2121449e-02
   4.3964592e-02
   4.0205283e-02
   4.1249420e-02
   4.2293735e-02
   4.3031917e-02
   3.9981723e-02
   4.0369395e-02
   4.1227958e-02
   4.3971992e-02
   4.2502342e-02
   4.0730564e-02
   4.3546308e-02
   4.2770227e-02
   4.5892095e-02
   3.9829102e-02
   4.0646443e-02
   4.6081094e-02
   4.0542279e-02
   4.1148838e-02
   4.0289116e-02
   4.3182071e-02
   4.2230716e-02
   4.6099425e-02
   4.0836790e-02
   4.4076057e-02
   4.5018707e-02
   4.0286669e-02
   4.0624004e-02
   3.8274094e-02
