   3.9251000e-02
   3.7219253e-02
   3.8572146e-02
   3.5446798e-02
   3.7244261e-02
   3.8152679e-02
   3.6900920e-02
   3.8019821e-02
   3.8974632e-02
   3.9596512e-02
   3.9055858e-02
   3.7117200e-02
   3.8381595e-02
   3.7895803e-02
   3.7306172e-02
   3.9862739e-02
   3.8663084e-02
   3.8512295e-02
   3.8656968e-02
   3.9924006e-02
   3.7742653e-02
   3.7643385e-02
   3.8880945e-02
   3.9705728e-02
   3.6283841e-02
   3.9513852e-02
   3.7851162e-02
   3.9239099e-02
   3.8403957e-02
   3.9789105e-02
   3.8344415e-02
   3.9663920e-02
   4.0865777e-02
   3.8597431e-02
   3.9862416e-02
   3.8099895e-02
   3.6002753e-02
   3.7899196e-02
   3.7054188e-02
   3.8935022e-02
   3.7114614e-02
   4.0083827e-02
   3.7122924e-02
   3.9922230e-02
   3.9095966e-02
   3.8396537e-02
   3.5632265e-02
   3.8171655e-02
   3.6913530e-02
   3.7921269e-02
   4.0054599e-02
   3.8584747e-02
   3.7306880e-02
   3.6822011e-02
   3.6349450e-02
   3.6879581e-02
   3.9050572e-02
   3.6903451e-02
   3.6251476e-02
   4.0125385e-02
   3.7000222e-02
   4.0300329e-02
   3.5432184e-02
   3.6564196e-02
   3.8172431e-02
   3.7918556e-02
   3.7342920e-02
   3.7288806e-02
   3.7655699e-02
   3.9771091e-02
   3.8868405e-02
   3.8860540e-02
   4.0282324e-02
   3.7985958e-02
   3.8219503e-02
   3.7293385e-02
   3.8647227e-02
   3.9599220e-02
   3.6734553e-02
   3.9146310e-02
   4.0026340e-02
   3.8039709e-02
   3.7987594e-02
   3.8113547e-02
   3.5018607e-02
   3.7905899e-02
   3.8817552e-02
   3.5690122e-02
   3.8243582e-02
   3.9617768e-02
   3.6942700e-02
   3.8906864e-02
   3.9702410e-02
   3.9489598e-02
   3.6142755e-02
   3.8632717e-02
   3.9153312e-02
   3.8555809e-02
   3.9896104e-02
   3.9165051e-02
   3.5081758e-02
   3.9076269e-02
   3.7616940e-02
   3.8097315e-02
   3.7414887e-02
   3.8443411e-02
   3.8683471e-02
   3.8004018e-02
   3.7036704e-02
   3.4865210e-02
   3.9192098e-02
   3.8092265e-02
   3.7106477e-02
   3.6273444e-02
   3.7867918e-02
   3.8110833e-02
   4.0178968e-02
   3.6058066e-02
   3.9736988e-02
   3.7863745e-02
   3.9847375e-02
   3.8050074e-02
   3.5473494e-02
   3.9012066e-02
   3.7688892e-02
   3.7607779e-02
   3.7232202e-02
   3.7460724e-02
   3.6660910e-02
   3.7239190e-02
   3.8440681e-02
   3.6454254e-02
   3.7255190e-02
   3.7678160e-02
   3.8090914e-02
   3.9808006e-02
   3.9130118e-02
   3.7279699e-02
   3.4911004e-02
   3.7167916e-02
   3.5328062e-02
   3.8627820e-02
   3.5710345e-02
   3.6507473e-02
   3.7598945e-02
   3.6107138e-02
   3.6055574e-02
   3.7888572e-02
   3.7849971e-02
   3.9577223e-02
   3.6635337e-02
   3.6957751e-02
   3.6254292e-02
   3.7553196e-02
   3.8904476e-02
   3.8044672e-02
   3.8948159e-02
   3.5981238e-02
   3.8940813e-02
   3.9188703e-02
   4.0839009e-02
   3.5385181e-02
   3.8109707e-02
   4.0238068e-02
   3.5336413e-02
   3.9768619e-02
   3.6130422e-02
   4.0119909e-02
   3.7679208e-02
   3.8485495e-02
   4.0424572e-02
   3.7601338e-02
   3.8818646e-02
   4.0613304e-02
   3.9389459e-02
   3.9944146e-02
   3.7165115e-02
   3.6926461e-02
   3.7133034e-02
   3.8604306e-02
   3.7058431e-02
   3.5490256e-02
   3.5980370e-02
   3.8185890e-02
   3.9838558e-02
   3.6726386e-02
   3.9877194e-02
   3.6992148e-02
   3.5339913e-02
   3.8189537e-02
   3.6109789e-02
   3.8555955e-02
   3.6362110e-02
   3.7916544e-02
   3.6722658e-02
   3.7797439e-02
   3.6243222e-02
   3.6161962e-02
   3.8117326e-02
   4.0557786e-02
   3.9186282e-02
   3.6600408e-02
   3.7817419e-02
   3.7048190e-02
   3.8212235e-02
   3.7360440e-02
   3.5006561e-02
   3.8832356e-02
   3.8502016e-02
   3.5802571e-02
   3.7975300e-02
   3.8811607e-02
   3.8932939e-02
   3.7132298e-02
   3.9715161e-02
   3.9119706e-02
   3.7895914e-02
   3.7514750e-02
   3.7336194e-02
   3.7820921e-02
   3.8487238e-02
   4.0559961e-02
   3.9862102e-02
   3.7974846e-02
   3.7742527e-02
   3.8899389e-02
   3.9167445e-02
   3.8501779e-02
   3.9414054e-02
   3.8517360e-02
   3.6813453e-02
   3.5647238e-02
   3.9314572e-02
   3.5930252e-02
   3.7147158e-02
   3.9750860e-02
   3.8902680e-02
   3.5126222e-02
   3.7088056e-02
   3.8382168e-02
   3.7434712e-02
   3.7237719e-02
   3.6989378e-02
   3.7596402e-02
   3.6632238e-02
   3.7770960e-02
   3.7210417e-02
   3.7567719e-02
   3.6993314e-02
   3.9749160e-02
   3.5575630e-02
   4.0546241e-02
   3.6147698e-02
   3.5088239e-02
   3.7594027e-02
   3.7323920e-02
   3.6543117e-02
   3.8510415e-02
   3.7684579e-02
   4.0599098e-02
   3.7547375e-02
   3.7586860e-02
   3.8723805e-02
   3.8112195e-02
   3.8166624e-02
   3.9304058e-02
   3.8969804e-02
   3.5441327e-02
   3.9244070e-02
   3.8974047e-02
   3.9719660e-02
   3.8457817e-02
   4.0338757e-02
   3.5345668e-02
   3.8835781e-02
   3.5651368e-02
   3.6663142e-02
   3.9778811e-02
   3.5815246e-02
   3.8326138e-02
   4.0522072e-02
   3.7682677e-02
   3.7502730e-02
   3.5543615e-02
   3.6050583e-02
   3.7336220e-02
   3.6150366e-02
   3.5861037e-02
   4.0215661e-02
   3.8453614e-02
   3.9138715e-02
   3.8236617e-02
   3.8553847e-02
   3.8862992e-02
   3.9890904e-02
   3.7764108e-02
   3.6645924e-02
   3.7062498e-02
   4.0218934e-02
   3.8034778e-02
