   2.2212625e-01
   2.1976076e-01
   2.2172452e-01
   2.1576036e-01
   2.1355420e-01
   2.1749855e-01
   2.1580949e-01
   2.1958294e-01
   2.1980643e-01
   2.1482997e-01
   2.2210828e-01
   2.1357418e-01
   2.1623395e-01
   2.1356313e-01
   2.1586963e-01
   2.2210310e-01
   2.2096660e-01
   2.1606140e-01
   2.1493568e-01
   2.1932231e-01
   2.1886710e-01
   2.2211566e-01
   2.2158967e-01
   2.2001897e-01
   2.1966744e-01
   2.1374538e-01
   2.2004357e-01
   2.2118652e-01
   2.2048638e-01
   2.1494663e-01
   2.2208374e-01
   2.1955312e-01
   2.1840932e-01
   2.1643051e-01
   2.1861625e-01
   2.2210640e-01
   2.1407589e-01
   2.2017159e-01
   2.1358990e-01
   2.1820882e-01
   2.1565322e-01
   2.1546027e-01
   2.1357598e-01
   2.1502441e-01
   2.2003254e-01
   2.1471590e-01
   2.1368439e-01
   2.2165009e-01
   2.1469335e-01
   2.1614403e-01
   2.1584077e-01
   2.1546914e-01
   2.2139680e-01
   2.1517477e-01
   2.2132606e-01
   2.1820117e-01
   2.1932227e-01
   2.2072873e-01
   2.2145928e-01
   2.1378783e-01
   2.1969080e-01
   2.2097416e-01
   2.1778467e-01
   2.1855308e-01
   2.2077824e-01
   2.1441562e-01
   2.1385891e-01
   2.1840146e-01
   2.1494174e-01
   2.1427829e-01
   2.2194695e-01
   2.1391667e-01
   2.1871750e-01
   2.1563158e-01
   2.1764835e-01
   2.1553589e-01
   2.1836223e-01
   2.2212116e-01
   2.2020191e-01
   2.1507966e-01
   2.1948617e-01
   2.1579169e-01
   2.1562562e-01
   2.1847453e-01
   2.2073813e-01
   2.1710501e-01
   2.1817299e-01
   2.1356464e-01
   2.1624246e-01
   2.1902690e-01
   2.2192869e-01
   2.2204606e-01
   2.1392878e-01
   2.1355389e-01
   2.1357694e-01
   2.1413245e-01
   2.1388968e-01
   2.2149508e-01
   2.1993626e-01
   2.1364816e-01
   2.1984208e-01
   2.2121748e-01
   2.2165719e-01
   2.2083674e-01
   2.1955118e-01
   2.1791585e-01
   2.2102959e-01
   2.1481384e-01
   2.2212817e-01
   2.1749862e-01
   2.1914192e-01
   2.1394533e-01
   2.1380371e-01
   2.2212928e-01
   2.1378888e-01
   2.2052497e-01
   2.2098126e-01
   2.2044557e-01
   2.2181906e-01
   2.1827823e-01
   2.2011689e-01
   2.2007398e-01
   2.2037441e-01
   2.2208303e-01
   2.1566915e-01
   2.2198319e-01
   2.2137904e-01
   2.2070997e-01
   2.1923616e-01
   2.1376909e-01
   2.1927525e-01
   2.2210260e-01
   2.1385338e-01
   2.1697994e-01
   2.2043031e-01
   2.2060991e-01
   2.1528120e-01
   2.1532657e-01
   2.1674156e-01
   2.2127205e-01
   2.1557849e-01
   2.2173541e-01
   2.1386827e-01
   2.1679156e-01
   2.1936769e-01
   2.1704635e-01
   2.1893610e-01
   2.1945613e-01
   2.1536937e-01
   2.1935626e-01
   2.1402999e-01
   2.1458506e-01
   2.1371598e-01
   2.1366833e-01
   2.1496315e-01
   2.1355688e-01
   2.1357174e-01
   2.2201687e-01
   2.1390974e-01
   2.1361617e-01
   2.1984682e-01
   2.2120825e-01
   2.2093509e-01
   2.1519870e-01
   2.1924144e-01
   2.1357469e-01
   2.1364372e-01
   2.1357261e-01
   2.1550255e-01
   2.2101811e-01
   2.2137898e-01
   2.1730745e-01
   2.1385896e-01
   2.1907910e-01
   2.2005886e-01
   2.1657323e-01
   2.2073698e-01
   2.2120396e-01
   2.2211472e-01
   2.2125706e-01
   2.1372677e-01
   2.2100452e-01
   2.1931130e-01
   2.1918729e-01
   2.2065055e-01
   2.2070818e-01
   2.1574774e-01
   2.1985869e-01
   2.1466209e-01
   2.1755454e-01
   2.2128593e-01
   2.1459596e-01
   2.1891044e-01
   2.1484926e-01
   2.1377781e-01
   2.1961462e-01
   2.2029927e-01
   2.2014620e-01
   2.1742146e-01
   2.1540330e-01
   2.2129470e-01
   2.1378338e-01
   2.1521711e-01
   2.1700253e-01
   2.1511993e-01
   2.2143428e-01
   2.1965524e-01
   2.1974569e-01
   2.1359671e-01
   2.2185316e-01
   2.2211424e-01
   2.1779594e-01
   2.1381489e-01
   2.1354969e-01
   2.1837147e-01
   2.2139125e-01
   2.1930588e-01
   2.2187422e-01
   2.1379250e-01
   2.2209423e-01
   2.1435221e-01
   2.1416396e-01
   2.1946646e-01
   2.2072695e-01
   2.1356981e-01
   2.2169256e-01
   2.1355202e-01
   2.1849791e-01
   2.1372969e-01
   2.1590153e-01
   2.2038052e-01
   2.1671515e-01
   2.1942007e-01
   2.1573895e-01
   2.1992222e-01
   2.1382952e-01
   2.2208643e-01
   2.1384586e-01
   2.1931128e-01
   2.1450201e-01
   2.1354704e-01
   2.1557948e-01
   2.1365945e-01
   2.1996949e-01
   2.2179373e-01
   2.1573265e-01
   2.1975603e-01
   2.1380243e-01
   2.1357422e-01
   2.1417472e-01
   2.1385978e-01
   2.2204970e-01
   2.1656388e-01
   2.1839543e-01
   2.1933041e-01
   2.2029256e-01
   2.1860369e-01
   2.1788267e-01
   2.1736948e-01
   2.1990412e-01
   2.1490730e-01
   2.2031366e-01
   2.1934071e-01
   2.1746771e-01
   2.1876527e-01
   2.1386586e-01
   2.1670799e-01
   2.1764774e-01
   2.1402155e-01
   2.1543237e-01
   2.1914300e-01
   2.1852365e-01
   2.1406689e-01
   2.1369684e-01
   2.1470864e-01
   2.1511880e-01
   2.2129378e-01
   2.1356069e-01
   2.1456399e-01
   2.1354484e-01
   2.2151031e-01
   2.1536975e-01
   2.1493233e-01
   2.1932414e-01
   2.2169871e-01
   2.2158180e-01
   2.1939896e-01
   2.2080614e-01
   2.1758292e-01
   2.1411891e-01
   2.1720838e-01
   2.1438515e-01
   2.1381954e-01
   2.2009443e-01
   2.1631246e-01
   2.2210166e-01
   2.1705130e-01
   2.2204789e-01
   2.2211888e-01
   2.1783543e-01
