   2.0016478e-01
   2.0142573e-01
   2.0090071e-01
   2.0289696e-01
   2.0305964e-01
   2.0407050e-01
   1.9959877e-01
   2.0078462e-01
   2.0407471e-01
   2.0420136e-01
   2.0400604e-01
   2.0101916e-01
   2.0382444e-01
   2.0068510e-01
   2.0423301e-01
   2.0403840e-01
   2.0223445e-01
   1.9951252e-01
   2.0284136e-01
   2.0472474e-01
   1.9967357e-01
   1.9845610e-01
   1.9970121e-01
   2.0038687e-01
   2.0109257e-01
   2.0144982e-01
   2.0221475e-01
   2.0428907e-01
   2.0004973e-01
   2.0225910e-01
   2.0450133e-01
   2.0490076e-01
   2.0200450e-01
   2.0338725e-01
   2.0251598e-01
   2.0428126e-01
   2.0423334e-01
   2.0378559e-01
   2.0144475e-01
   2.0308201e-01
   2.0282997e-01
   2.0426754e-01
   1.9941006e-01
   2.0132521e-01
   1.9940366e-01
   2.0433793e-01
   1.9964410e-01
   2.0470447e-01
   2.0444261e-01
   2.0258958e-01
   2.0413336e-01
   2.0323389e-01
   2.0424956e-01
   2.0487873e-01
   2.0348353e-01
   2.0404138e-01
   2.0317710e-01
   2.0391341e-01
   1.9933326e-01
   2.0103829e-01
   2.0407472e-01
   2.0366066e-01
   2.0334150e-01
   2.0338941e-01
   1.9959912e-01
   1.9937281e-01
   2.0416983e-01
   1.9968766e-01
   2.0278967e-01
   2.0411082e-01
   2.0386675e-01
   2.0099429e-01
   1.9931772e-01
   2.0073261e-01
   2.0186478e-01
   1.9940847e-01
   2.0010137e-01
   1.9949560e-01
   2.0450735e-01
   2.0304695e-01
   2.0420317e-01
   2.0434844e-01
   2.0459172e-01
   2.0146425e-01
   2.0119624e-01
   2.0378564e-01
   2.0414534e-01
   2.0249941e-01
   2.0454431e-01
   2.0417515e-01
   2.0426575e-01
   2.0489467e-01
   2.0427623e-01
   1.9916306e-01
   2.0423836e-01
   2.0110328e-01
   2.0130837e-01
   1.9968417e-01
   2.0396918e-01
   1.9960566e-01
   2.0479699e-01
   1.9952462e-01
   2.0128587e-01
   2.0059454e-01
   2.0469041e-01
   2.0417516e-01
   2.0158445e-01
   1.9929742e-01
   1.9928785e-01
   2.0474293e-01
   2.0153187e-01
   1.9976908e-01
   2.0296821e-01
   2.0101727e-01
   2.0425623e-01
   2.0118125e-01
   2.0424625e-01
   1.9931158e-01
   2.0038413e-01
   2.0013577e-01
   2.0406515e-01
   2.0135364e-01
   1.9718930e-01
   2.0418048e-01
   1.9929202e-01
   1.9934909e-01
   2.0272842e-01
   1.9917094e-01
   2.0412240e-01
   2.0387935e-01
   2.0417807e-01
   2.0133796e-01
   1.9997066e-01
   2.0319942e-01
   1.9995141e-01
   1.9948726e-01
   2.0471074e-01
   1.9934337e-01
   1.9931444e-01
   1.9942947e-01
   2.0084672e-01
   1.9851855e-01
   2.0399839e-01
   2.0177783e-01
   2.0014449e-01
   2.0205304e-01
   2.0049922e-01
   2.0393733e-01
   2.0420855e-01
   2.0438819e-01
   2.0118210e-01
   1.9964895e-01
   2.0059468e-01
   2.0235416e-01
   2.0445948e-01
   2.0045142e-01
   2.0057598e-01
   1.9989471e-01
   2.0323391e-01
   2.0467739e-01
   1.9903674e-01
   1.9719543e-01
   2.0434860e-01
   2.0323361e-01
   2.0291014e-01
   2.0270680e-01
   2.0473713e-01
   2.0037277e-01
   2.0106088e-01
   2.0405566e-01
   1.9960601e-01
   2.0305738e-01
   2.0435395e-01
   2.0135375e-01
   1.9990418e-01
   1.9968026e-01
   2.0041782e-01
   2.0440116e-01
   1.9944506e-01
   2.0419397e-01
   1.9788252e-01
   2.0076218e-01
   2.0141508e-01
   2.0370213e-01
   1.9721218e-01
   2.0355352e-01
   2.0074214e-01
   2.0481681e-01
   2.0250442e-01
   1.9701108e-01
   2.0234445e-01
   1.9981451e-01
   2.0390267e-01
   1.9955943e-01
   2.0062769e-01
   2.0114081e-01
   1.9975331e-01
   2.0375579e-01
   2.0064919e-01
   2.0397982e-01
   2.0142721e-01
   2.0349646e-01
   1.9975866e-01
   2.0302602e-01
   2.0131859e-01
   1.9931551e-01
   1.9962810e-01
   2.0234415e-01
   1.9912310e-01
   2.0137809e-01
   2.0389147e-01
   2.0407192e-01
   2.0349951e-01
   2.0404831e-01
   2.0309173e-01
   2.0101561e-01
   1.9810242e-01
   1.9950274e-01
   2.0417944e-01
   2.0421944e-01
   2.0417508e-01
   2.0489889e-01
   2.0395438e-01
   2.0021612e-01
   2.0240259e-01
   2.0419374e-01
   2.0116894e-01
   2.0364179e-01
   2.0084048e-01
   2.0254862e-01
   2.0219813e-01
   2.0417182e-01
   1.9964495e-01
   2.0060702e-01
   2.0125351e-01
   2.0130398e-01
   2.0278437e-01
   2.0427100e-01
   2.0002153e-01
   2.0146601e-01
   2.0456551e-01
   1.9719706e-01
   2.0092273e-01
   2.0227004e-01
   1.9930954e-01
   2.0377477e-01
   2.0451359e-01
   2.0434237e-01
   2.0489967e-01
   2.0283960e-01
   1.9978541e-01
   2.0377327e-01
   2.0031272e-01
   2.0458022e-01
   2.0266005e-01
   2.0391577e-01
   1.9968211e-01
   1.9935912e-01
   2.0104192e-01
   2.0358947e-01
   2.0003081e-01
   2.0402198e-01
   2.0088980e-01
   2.0466208e-01
   2.0374674e-01
   2.0101220e-01
   2.0124354e-01
   1.9984643e-01
   2.0339094e-01
   2.0418188e-01
   1.9980434e-01
   2.0418954e-01
   1.9813518e-01
   2.0240389e-01
   2.0233187e-01
   1.9984241e-01
   2.0476415e-01
   2.0289668e-01
   2.0356412e-01
   2.0094340e-01
   2.0443179e-01
   2.0487613e-01
   2.0411820e-01
   2.0385203e-01
   1.9984944e-01
   2.0039382e-01
   2.0115678e-01
   2.0374766e-01
   2.0411955e-01
   2.0133624e-01
   2.0362979e-01
   2.0143152e-01
   1.9998856e-01
   1.9862497e-01
   2.0090038e-01
   2.0230644e-01
   2.0371722e-01
   2.0062975e-01
   1.9987942e-01
   2.0064664e-01
