   2.0287155e-02
   2.1304911e-02
   2.3298788e-02
   2.0282988e-02
   2.1301824e-02
   2.1947229e-02
   2.0941284e-02
   1.8490867e-02
   2.1116141e-02
   1.8628574e-02
   2.1069501e-02
   2.1853992e-02
   2.3184477e-02
   1.9822012e-02
   2.1617223e-02
   2.0782147e-02
   2.0890059e-02
   2.1985061e-02
   2.1270753e-02
   2.1092894e-02
   2.0136136e-02
   2.3229154e-02
   1.8932323e-02
   1.8637600e-02
   2.2335769e-02
   2.3255066e-02
   1.9960981e-02
   2.3548763e-02
   2.0803953e-02
   1.9239260e-02
   1.9186667e-02
   2.1727387e-02
   2.2168144e-02
   1.9313126e-02
   2.2118613e-02
   2.2613496e-02
   1.8452821e-02
   1.8399063e-02
   2.3620842e-02
   2.1931536e-02
   2.0301306e-02
   1.8926274e-02
   1.8078282e-02
   2.1637778e-02
   2.1179624e-02
   2.2274391e-02
   2.1865742e-02
   2.3583831e-02
   2.0589532e-02
   2.2555693e-02
   1.8893039e-02
   2.1125983e-02
   2.3925026e-02
   2.3109490e-02
   2.1506086e-02
   2.1615900e-02
   2.0238075e-02
   1.8425388e-02
   2.2246959e-02
   2.1722892e-02
   2.1722574e-02
   2.1490799e-02
   1.8331918e-02
   2.1220431e-02
   2.2253635e-02
   2.0489990e-02
   2.2979037e-02
   2.3047633e-02
   1.9271594e-02
   2.0496416e-02
   2.2301668e-02
   1.8038574e-02
   2.1364668e-02
   2.0012256e-02
   1.9087908e-02
   2.1330525e-02
   2.2020114e-02
   2.1848964e-02
   1.8628655e-02
   2.0009635e-02
   2.2079170e-02
   2.1715903e-02
   2.0662783e-02
   2.0393898e-02
   1.8892329e-02
   2.1969739e-02
   2.1767531e-02
   2.1776413e-02
   2.2176998e-02
   2.1877859e-02
   1.9318226e-02
   1.9529809e-02
   2.2915470e-02
   1.9372719e-02
   2.1369701e-02
   2.3251204e-02
   2.0157092e-02
   2.2581501e-02
   1.9746669e-02
   1.8631857e-02
   2.0761500e-02
   1.9492811e-02
   2.2987978e-02
   1.9530486e-02
   2.1760640e-02
   2.3276893e-02
   1.9999420e-02
   2.0618414e-02
   2.1305036e-02
   2.0093941e-02
   1.9244139e-02
   1.9232377e-02
   2.3006233e-02
   1.9864483e-02
   2.0598621e-02
   1.8693308e-02
   2.1859392e-02
   2.0329216e-02
   2.1764107e-02
   2.0921287e-02
   1.8064398e-02
   1.8740130e-02
   1.8889779e-02
   2.0716821e-02
   2.2554238e-02
   2.0912786e-02
   2.1827564e-02
   2.3625329e-02
   2.0900942e-02
   2.0679371e-02
   2.1657000e-02
   2.2755416e-02
   2.2332167e-02
   2.1673962e-02
   1.8305232e-02
   2.2038229e-02
   1.8659742e-02
   2.0803302e-02
   1.9010624e-02
   2.1474087e-02
   2.2464411e-02
   2.2822488e-02
   2.2506214e-02
   2.2822001e-02
   1.9264972e-02
   2.2197528e-02
   2.1029177e-02
   2.1505622e-02
   2.2158198e-02
   2.0749744e-02
   2.1344887e-02
   1.9952950e-02
   1.8225651e-02
   2.0619876e-02
   2.1046018e-02
   2.1476456e-02
   1.8160229e-02
   2.0688888e-02
   1.9708180e-02
   2.3458836e-02
   2.0472634e-02
   1.8345324e-02
   2.1392980e-02
   1.8318797e-02
   2.3203132e-02
   1.8180353e-02
   2.1286709e-02
   2.3149946e-02
   2.1054881e-02
   2.1360593e-02
   2.0075770e-02
   2.0053843e-02
   2.2727722e-02
   2.0756560e-02
   2.0365462e-02
   2.0679719e-02
   2.0243260e-02
   2.1892722e-02
   2.1814851e-02
   1.9324858e-02
   1.9831540e-02
   2.0162588e-02
   2.1820575e-02
   1.9434989e-02
   2.1834308e-02
   2.2356366e-02
   2.1337146e-02
   2.0444173e-02
   2.1367631e-02
   2.1388716e-02
   2.0516728e-02
   1.9249691e-02
   2.1347092e-02
   2.1484316e-02
   2.0337589e-02
   1.9864817e-02
   2.0954071e-02
   2.2701089e-02
   2.1431416e-02
   2.0548713e-02
   1.8654906e-02
   2.1332495e-02
   1.9267820e-02
   2.0980548e-02
   2.2446138e-02
   2.2253584e-02
   2.0362764e-02
   2.2951312e-02
   1.9182253e-02
   1.8944213e-02
   2.3014434e-02
   2.1781690e-02
   1.8097064e-02
   2.1055695e-02
   2.1098597e-02
   2.2036929e-02
   2.1206954e-02
   2.0185728e-02
   2.0497908e-02
   1.8435217e-02
   2.1830758e-02
   2.1257112e-02
   1.9923827e-02
   2.3433014e-02
   1.8650714e-02
   1.8324960e-02
   2.0749816e-02
   2.0658874e-02
   2.2384471e-02
   1.9049638e-02
   2.0116185e-02
   2.0720980e-02
   2.2259101e-02
   2.1211498e-02
   2.1712100e-02
   2.3431686e-02
   2.1829892e-02
   2.2946448e-02
   2.3918503e-02
   2.1194427e-02
   1.8412225e-02
   1.9318069e-02
   1.9950038e-02
   2.0534848e-02
   1.8975920e-02
   1.9554242e-02
   2.1982394e-02
   2.1242717e-02
   1.9437400e-02
   1.9623860e-02
   2.2046531e-02
   2.2956815e-02
   2.0393418e-02
   2.1149924e-02
   1.8915676e-02
   2.2038479e-02
   1.8840930e-02
   1.9157219e-02
   2.0153073e-02
   1.9506084e-02
   2.3403756e-02
   2.1573648e-02
   2.1473687e-02
   2.1584775e-02
   1.9335258e-02
   2.1811188e-02
   2.2144121e-02
   1.9460307e-02
   2.0537908e-02
   1.8158938e-02
   2.2042776e-02
   2.1692558e-02
   2.1243913e-02
   1.9938002e-02
   2.3057432e-02
   2.0774649e-02
   2.1566102e-02
   2.2079602e-02
   2.0395424e-02
   2.3413166e-02
   2.0319644e-02
   2.0197372e-02
   1.8615979e-02
   2.2384656e-02
   1.8999197e-02
   2.3308470e-02
   2.2079069e-02
   2.2511782e-02
   2.2006523e-02
   2.1636302e-02
   2.1438131e-02
   1.8333399e-02
   1.9177294e-02
   2.1625563e-02
   2.1588530e-02
   2.2389940e-02
   2.0557990e-02
   1.9705424e-02
   2.2249984e-02
   2.1950395e-02
