   6.2265957e-02
   5.6138283e-02
   5.5158052e-02
   6.0227366e-02
   6.1806454e-02
   5.5838250e-02
   6.4049937e-02
   5.5263387e-02
   6.1348736e-02
   6.1015249e-02
   5.6446031e-02
   5.9972969e-02
   6.7831496e-02
   6.2093397e-02
   6.4702710e-02
   6.1287011e-02
   5.6084444e-02
   5.4183207e-02
   5.9930151e-02
   6.3812643e-02
   6.4785165e-02
   5.6816082e-02
   5.4765310e-02
   5.9812683e-02
   6.9648563e-02
   6.0118616e-02
   6.2223587e-02
   7.4816558e-02
   6.2297685e-02
   6.9354615e-02
   5.5123635e-02
   6.8637606e-02
   6.9052050e-02
   7.0422479e-02
   5.8012811e-02
   5.6462322e-02
   6.1281165e-02
   7.0296406e-02
   6.4300342e-02
   6.5706774e-02
   5.6924224e-02
   6.2545825e-02
   5.7208735e-02
   6.7983303e-02
   5.6714733e-02
   5.7984238e-02
   6.3294767e-02
   5.4439877e-02
   5.5823944e-02
   7.0975744e-02
   6.0188529e-02
   7.2224695e-02
   6.0725390e-02
   5.6792582e-02
   6.2951786e-02
   5.1106829e-02
   5.5245118e-02
   6.3175763e-02
   5.5924365e-02
   5.7493374e-02
   6.1494772e-02
   5.5296092e-02
   6.1234890e-02
   5.5865345e-02
   5.7867236e-02
   5.8253682e-02
   7.3310046e-02
   7.4899620e-02
   6.7729624e-02
   6.1688616e-02
   5.2951506e-02
   7.3890847e-02
   5.6425483e-02
   5.7005874e-02
   7.4324334e-02
   7.1968157e-02
   5.5219222e-02
   6.5022776e-02
   5.9177181e-02
   6.3863486e-02
   7.4392360e-02
   6.4522400e-02
   5.6146346e-02
   5.5564235e-02
   6.5917103e-02
   5.8241261e-02
   6.3996583e-02
   5.6415517e-02
   7.3329186e-02
   6.0864630e-02
   5.9882828e-02
   5.6047552e-02
   5.8089870e-02
   5.0514000e-02
   5.5020767e-02
   5.6184490e-02
   7.0904832e-02
   7.0287128e-02
   6.5309660e-02
   5.1591972e-02
   5.5105311e-02
   5.5970082e-02
   6.4521302e-02
   6.1434061e-02
   5.1838410e-02
   4.9774083e-02
   5.6627946e-02
   6.5621526e-02
   5.3197856e-02
   7.2793091e-02
   5.6979250e-02
   5.9663226e-02
   6.7251217e-02
   6.9452780e-02
   6.0412348e-02
   7.2836227e-02
   5.7452395e-02
   5.4668020e-02
   7.1139453e-02
   6.5550335e-02
   5.9796175e-02
   5.0519308e-02
   6.7573760e-02
   6.9849240e-02
   5.5912468e-02
   5.6015992e-02
   6.9521347e-02
   5.6188253e-02
   6.4326931e-02
   6.4434493e-02
   5.5032801e-02
   5.4846337e-02
   6.5870164e-02
   5.2141482e-02
   5.6062536e-02
   7.4045761e-02
   6.3099582e-02
   7.0095860e-02
   5.6160478e-02
   5.0905300e-02
   5.5245134e-02
   6.4070847e-02
   6.7946064e-02
   5.5745830e-02
   7.3664305e-02
   6.9411836e-02
   5.8810011e-02
   6.3419003e-02
   7.0295362e-02
   6.0057058e-02
   6.9239531e-02
   5.4706425e-02
   5.7948617e-02
   5.6495763e-02
   7.4720979e-02
   7.1721288e-02
   5.4693211e-02
   5.5877912e-02
   5.6915430e-02
   7.3254829e-02
   6.2583399e-02
   7.1042926e-02
   5.6889269e-02
   5.5144687e-02
   5.4844413e-02
   7.5104653e-02
   7.0352399e-02
   7.0739164e-02
   6.5040151e-02
   6.6998007e-02
   5.6040273e-02
   7.2683274e-02
   5.4443833e-02
   7.3385440e-02
   6.0685833e-02
   6.6133076e-02
   5.3646435e-02
   6.3632214e-02
   5.0879411e-02
   5.9650206e-02
   6.3852843e-02
   6.7446182e-02
   5.5320648e-02
   6.8354926e-02
   6.1732148e-02
   6.7696934e-02
   5.4939281e-02
   6.2106223e-02
   5.6894491e-02
   7.4096101e-02
   6.1992236e-02
   5.6164796e-02
   7.0107819e-02
   5.7037659e-02
   5.5554174e-02
   6.1134570e-02
   6.6597836e-02
   5.5489994e-02
   4.9926123e-02
   6.7369802e-02
   6.9815732e-02
   7.2169256e-02
   5.5266592e-02
   5.6468549e-02
   7.0480475e-02
   6.7617282e-02
   5.5701101e-02
   6.9947162e-02
   5.8300460e-02
   5.5386518e-02
   5.5628225e-02
   6.2270528e-02
   5.5788647e-02
   6.1916278e-02
   7.0488842e-02
   5.5020284e-02
   6.3245596e-02
   5.2819005e-02
   6.1084330e-02
   7.3354220e-02
   5.5493127e-02
   6.8849948e-02
   5.6010092e-02
   5.5437126e-02
   5.7782198e-02
   5.6205392e-02
   6.5958230e-02
   5.5259229e-02
   5.9081535e-02
   6.9584376e-02
   6.2001496e-02
   6.2271420e-02
   4.9805750e-02
   6.1012010e-02
   6.5736889e-02
   5.5004869e-02
   5.6600504e-02
   6.2401022e-02
   5.5914856e-02
   6.4822328e-02
   5.2255277e-02
   5.5472575e-02
   5.6669149e-02
   5.3184872e-02
   5.7227304e-02
   7.0348911e-02
   6.1233973e-02
   7.2597379e-02
   6.3298907e-02
   6.5263050e-02
   7.3424302e-02
   6.2814027e-02
   6.4953233e-02
   7.2485188e-02
   5.9711555e-02
   6.1532542e-02
   6.9398823e-02
   5.6306973e-02
   6.0546087e-02
   5.7835097e-02
   6.3220698e-02
   6.8949226e-02
   7.3754343e-02
   5.5356492e-02
   5.1988062e-02
   7.0916458e-02
   7.0479824e-02
   5.8345372e-02
   6.4946718e-02
   6.8699452e-02
   6.1659302e-02
   5.9056599e-02
   5.6847062e-02
   6.0457130e-02
   6.7715561e-02
   6.2391292e-02
   5.9557128e-02
   5.8103524e-02
   7.1578862e-02
   6.9456369e-02
   6.6830110e-02
   6.3628655e-02
   5.8010681e-02
   5.6400140e-02
   6.6742514e-02
   5.4219088e-02
   5.5142856e-02
   6.0384333e-02
   5.6552292e-02
   5.7830148e-02
   6.9046559e-02
   5.9921577e-02
   6.8628596e-02
   5.1754647e-02
   6.1735315e-02
   5.6620545e-02
   6.8314358e-02
   5.5446110e-02
   6.9876278e-02
   6.2639445e-02
