   1.4281972e-02
   1.6672757e-02
   1.4106224e-02
   1.6580847e-02
   1.4426493e-02
   1.4854611e-02
   1.6271006e-02
   1.4982157e-02
   1.6202712e-02
   1.4279022e-02
   1.7053084e-02
   1.4188932e-02
   1.5158186e-02
   1.4207899e-02
   1.5067291e-02
   1.6299699e-02
   1.4438056e-02
   1.4998006e-02
   1.5869480e-02
   1.7074803e-02
   1.5014707e-02
   1.5326729e-02
   1.5498232e-02
   1.4082669e-02
   1.7016098e-02
   1.4117938e-02
   1.5983450e-02
   1.5908926e-02
   1.6272396e-02
   1.4100634e-02
   1.4878936e-02
   1.5226843e-02
   1.6550684e-02
   1.4972014e-02
   1.4578831e-02
   1.5156549e-02
   1.4984263e-02
   1.6310007e-02
   1.5502640e-02
   1.5221006e-02
   1.6173468e-02
   1.6212764e-02
   1.6155301e-02
   1.6613251e-02
   1.6615333e-02
   1.4434645e-02
   1.7256177e-02
   1.6085324e-02
   1.6047409e-02
   1.6193231e-02
   1.4820486e-02
   1.7029336e-02
   1.4184784e-02
   1.6669837e-02
   1.6909855e-02
   1.4115253e-02
   1.4212023e-02
   1.6211535e-02
   1.6012964e-02
   1.4585779e-02
   1.4992791e-02
   1.6396543e-02
   1.4179950e-02
   1.4088721e-02
   1.5410889e-02
   1.4361650e-02
   1.6520293e-02
   1.4918620e-02
   1.6188410e-02
   1.4072094e-02
   1.5883406e-02
   1.6976574e-02
   1.4789852e-02
   1.4405658e-02
   1.6697625e-02
   1.5077420e-02
   1.7130311e-02
   1.4225072e-02
   1.6001928e-02
   1.4730772e-02
   1.4295838e-02
   1.5412658e-02
   1.4202125e-02
   1.4161303e-02
   1.4161282e-02
   1.4792314e-02
   1.6191388e-02
   1.4053813e-02
   1.6936424e-02
   1.4059343e-02
   1.5573210e-02
   1.5278044e-02
   1.7040866e-02
   1.4151188e-02
   1.4040913e-02
   1.5504624e-02
   1.4062800e-02
   1.5484160e-02
   1.6455310e-02
   1.4087278e-02
   1.5654452e-02
   1.4307028e-02
   1.4294543e-02
   1.6376101e-02
   1.5359632e-02
   1.5169501e-02
   1.5469002e-02
   1.6751224e-02
   1.4465095e-02
   1.5871426e-02
   1.5753139e-02
   1.4075689e-02
   1.6498354e-02
   1.6243455e-02
   1.4483135e-02
   1.7177287e-02
   1.6420608e-02
   1.6029688e-02
   1.5580007e-02
   1.5100074e-02
   1.6480774e-02
   1.4943051e-02
   1.5312207e-02
   1.7130637e-02
   1.4048551e-02
   1.5620231e-02
   1.5124969e-02
   1.4965298e-02
   1.4490907e-02
   1.6988010e-02
   1.5715565e-02
   1.7273649e-02
   1.6531834e-02
   1.7287849e-02
   1.4317619e-02
   1.4423484e-02
   1.4545823e-02
   1.5616090e-02
   1.4279657e-02
   1.5556367e-02
   1.5230413e-02
   1.4344695e-02
   1.5674181e-02
   1.4040859e-02
   1.5047000e-02
   1.5739964e-02
   1.6183005e-02
   1.4728759e-02
   1.6275352e-02
   1.5350379e-02
   1.4517193e-02
   1.5822622e-02
   1.5585280e-02
   1.4049296e-02
   1.5531754e-02
   1.5365888e-02
   1.5840473e-02
   1.4335170e-02
   1.5132422e-02
   1.5254606e-02
   1.4365017e-02
   1.7160449e-02
   1.4024236e-02
   1.5196704e-02
   1.4179316e-02
   1.4033209e-02
   1.5356431e-02
   1.4096895e-02
   1.6132563e-02
   1.4557452e-02
   1.4108935e-02
   1.4288821e-02
   1.6137223e-02
   1.5835180e-02
   1.5844417e-02
   1.7095026e-02
   1.5148321e-02
   1.6091859e-02
   1.5832113e-02
   1.4121112e-02
   1.4135786e-02
   1.5312086e-02
   1.4136928e-02
   1.7273563e-02
   1.4548561e-02
   1.5352947e-02
   1.4077914e-02
   1.6290666e-02
   1.5416719e-02
   1.4126681e-02
   1.6121604e-02
   1.5406239e-02
   1.6434639e-02
   1.4190970e-02
   1.4894503e-02
   1.4217603e-02
   1.5922263e-02
   1.4227525e-02
   1.7094996e-02
   1.5562614e-02
   1.4897976e-02
   1.5878992e-02
   1.6604257e-02
   1.4023063e-02
   1.6917359e-02
   1.6039793e-02
   1.5952359e-02
   1.4721216e-02
   1.4576210e-02
   1.4126998e-02
   1.7105055e-02
   1.5647151e-02
   1.4050061e-02
   1.6509936e-02
   1.7188602e-02
   1.6727170e-02
   1.5435457e-02
   1.6612010e-02
   1.7223198e-02
   1.4781638e-02
   1.7091484e-02
   1.5479369e-02
   1.4682593e-02
   1.5249681e-02
   1.4603529e-02
   1.4326267e-02
   1.6441404e-02
   1.4799148e-02
   1.5230212e-02
   1.5164156e-02
   1.5548576e-02
   1.7256529e-02
   1.4859811e-02
   1.5462284e-02
   1.5401102e-02
   1.6796372e-02
   1.6464861e-02
   1.6206260e-02
   1.7053060e-02
   1.6325426e-02
   1.4240302e-02
   1.4129860e-02
   1.6202637e-02
   1.6701125e-02
   1.6674841e-02
   1.7214703e-02
   1.4929943e-02
   1.5190061e-02
   1.7289192e-02
   1.5646676e-02
   1.4424587e-02
   1.7052236e-02
   1.5253910e-02
   1.6317974e-02
   1.4810178e-02
   1.5036309e-02
   1.4802639e-02
   1.5029146e-02
   1.4385048e-02
   1.6352456e-02
   1.4174285e-02
   1.4212428e-02
   1.6500613e-02
   1.6430795e-02
   1.5293620e-02
   1.7070451e-02
   1.6167341e-02
   1.4089291e-02
   1.5387304e-02
   1.5429906e-02
   1.4414534e-02
   1.5190095e-02
   1.7204369e-02
   1.7086684e-02
   1.4107891e-02
   1.6248078e-02
   1.5887442e-02
   1.5979935e-02
   1.6137911e-02
   1.6475478e-02
   1.7277207e-02
   1.7175172e-02
   1.5439279e-02
   1.5021476e-02
   1.5562655e-02
   1.5113955e-02
   1.4832054e-02
   1.4082044e-02
   1.4786138e-02
   1.5250528e-02
   1.5687219e-02
   1.6874430e-02
   1.5250292e-02
   1.4759484e-02
   1.5651033e-02
   1.4354987e-02
   1.5231032e-02
   1.4284597e-02
   1.5384657e-02
   1.6542089e-02
