   3.5853302e-02
   3.4337558e-02
   3.3586650e-02
   3.4574125e-02
   3.4970507e-02
   3.7643996e-02
   3.4644460e-02
   3.4044929e-02
   3.7890462e-02
   3.4704147e-02
   3.3704467e-02
   3.5700248e-02
   3.5989519e-02
   3.8030518e-02
   3.8039436e-02
   3.6197961e-02
   3.7299229e-02
   3.8272739e-02
   3.6961766e-02
   3.4658695e-02
   3.8807349e-02
   3.4306445e-02
   3.7432988e-02
   3.6384698e-02
   3.7897178e-02
   3.5169298e-02
   4.2205378e-02
   3.9899899e-02
   3.6679232e-02
   3.5282098e-02
   3.4725271e-02
   3.5741682e-02
   3.3323231e-02
   3.6855241e-02
   3.8402717e-02
   3.5084069e-02
   3.3264057e-02
   4.1398095e-02
   3.5585357e-02
   3.6998621e-02
   3.6413917e-02
   3.9525021e-02
   3.5544425e-02
   3.5872291e-02
   3.8310790e-02
   3.4871027e-02
   3.5701056e-02
   4.2440967e-02
   3.7908350e-02
   3.8603368e-02
   4.0291323e-02
   4.0600558e-02
   3.6268593e-02
   3.4889273e-02
   3.3924150e-02
   3.7687797e-02
   3.7707675e-02
   3.6285047e-02
   3.5134279e-02
   3.7773282e-02
   3.9466662e-02
   3.5786214e-02
   4.0821701e-02
   4.1181633e-02
   3.9856111e-02
   3.6447918e-02
   3.5113253e-02
   3.7180248e-02
   3.3964801e-02
   4.1182725e-02
   3.6084223e-02
   3.8795689e-02
   3.8862036e-02
   3.9718812e-02
   3.5041640e-02
   3.6800312e-02
   3.6215361e-02
   4.1428076e-02
   4.1555285e-02
   3.4297810e-02
   3.8912599e-02
   3.4866019e-02
   3.7539014e-02
   3.6585858e-02
   3.3927686e-02
   3.9234741e-02
   3.7467041e-02
   4.2191231e-02
   3.8487958e-02
   3.5157389e-02
   3.5048455e-02
   3.5310248e-02
   3.5802079e-02
   3.7962039e-02
   3.5052305e-02
   4.1562753e-02
   3.3864498e-02
   3.7487165e-02
   3.4368469e-02
   3.7045091e-02
   3.4972604e-02
   3.7721123e-02
   3.7233651e-02
   3.6610662e-02
   3.9475199e-02
   3.7396765e-02
   3.7174818e-02
   3.6064343e-02
   3.6713681e-02
   3.4214116e-02
   3.9371622e-02
   4.0982576e-02
   3.5224653e-02
   3.6619113e-02
   3.6860454e-02
   3.8422253e-02
   3.4316298e-02
   3.7234338e-02
   3.5584450e-02
   3.4351790e-02
   3.5156079e-02
   3.4322146e-02
   3.5072230e-02
   3.8195911e-02
   3.9038926e-02
   3.6391812e-02
   3.6870159e-02
   3.6374727e-02
   3.6252705e-02
   3.9154005e-02
   4.0149865e-02
   3.7101276e-02
   3.5427632e-02
   3.4134777e-02
   3.7782094e-02
   4.2141447e-02
   3.5607667e-02
   3.7256357e-02
   3.6252705e-02
   3.5887896e-02
   3.3763238e-02
   4.2740928e-02
   3.5030256e-02
   3.3568479e-02
   3.6099889e-02
   3.6169797e-02
   3.5722361e-02
   3.6383686e-02
   3.6608528e-02
   3.7605513e-02
   3.7863591e-02
   3.4612666e-02
   3.8412667e-02
   3.4053265e-02
   4.0122989e-02
   4.0209835e-02
   3.6625305e-02
   3.7937641e-02
   3.4866022e-02
   3.6701025e-02
   3.6508553e-02
   3.9910912e-02
   4.0806343e-02
   3.3866734e-02
   3.7154905e-02
   3.4912554e-02
   3.8566759e-02
   3.6918982e-02
   4.0646288e-02
   3.8703957e-02
   3.6512732e-02
   3.9929355e-02
   3.7331509e-02
   3.4489729e-02
   3.7902075e-02
   3.6298967e-02
   3.6187386e-02
   3.5134944e-02
   3.3607229e-02
   3.8615262e-02
   3.4279661e-02
   3.5365412e-02
   3.3937421e-02
   4.3574327e-02
   3.7011838e-02
   3.7323104e-02
   3.7262857e-02
   3.6185148e-02
   3.8471541e-02
   3.4381658e-02
   3.4349402e-02
   3.7190216e-02
   4.1637199e-02
   3.9200926e-02
   3.6600348e-02
   3.6671880e-02
   3.4596329e-02
   3.9315917e-02
   3.8938184e-02
   4.0216470e-02
   3.7089556e-02
   3.5776633e-02
   3.6241868e-02
   3.4871849e-02
   3.6580596e-02
   4.0136425e-02
   3.5977077e-02
   3.5673153e-02
   3.3732760e-02
   4.3913978e-02
   3.5302698e-02
   3.7341826e-02
   3.5359489e-02
   3.5647656e-02
   3.5107144e-02
   3.8136397e-02
   3.5854269e-02
   3.7202991e-02
   3.8165648e-02
   4.1848599e-02
   3.5950586e-02
   3.3265239e-02
   3.5944078e-02
   3.6893517e-02
   3.4431204e-02
   3.4601414e-02
   3.6841485e-02
   3.4939842e-02
   3.8267573e-02
   3.9398530e-02
   3.8633926e-02
   3.5653487e-02
   3.7409923e-02
   3.7245313e-02
   3.8340165e-02
   3.6142858e-02
   3.6492007e-02
   3.5089781e-02
   3.4637726e-02
   4.1101964e-02
   3.4441470e-02
   3.3827504e-02
   3.5111860e-02
   3.6759427e-02
   3.4492222e-02
   3.4582231e-02
   3.7035681e-02
   3.6416938e-02
   3.4443565e-02
   3.3549963e-02
   3.3070355e-02
   3.6907441e-02
   3.5525823e-02
   3.5177145e-02
   3.6823796e-02
   3.6691414e-02
   3.5621320e-02
   3.7376483e-02
   3.6984657e-02
   4.0675181e-02
   4.2780388e-02
   3.4411102e-02
   3.6479164e-02
   3.8234776e-02
   3.4704432e-02
   3.7797573e-02
   3.5274491e-02
   3.3658644e-02
   3.5349742e-02
   3.7751872e-02
   3.8659279e-02
   3.6516442e-02
   3.3615472e-02
   3.3611370e-02
   3.5738023e-02
   3.8644244e-02
   3.8319416e-02
   3.5702690e-02
   3.4083965e-02
   3.9330572e-02
   3.4941557e-02
   4.2474116e-02
   3.7324127e-02
   3.4592406e-02
   3.6490320e-02
   3.8210492e-02
   3.8587951e-02
   3.8858328e-02
   3.4718264e-02
   3.5486093e-02
   3.9013369e-02
   3.4725944e-02
   4.2310378e-02
   3.3976445e-02
   3.6462841e-02
   3.4386426e-02
   3.4766442e-02
   3.8475813e-02
   3.6656670e-02
   3.5834712e-02
