   7.8092423e-02
   6.8438790e-02
   6.1909110e-02
   6.1026671e-02
   6.2783895e-02
   7.1730048e-02
   6.9609345e-02
   6.8268922e-02
   7.0442766e-02
   6.1068904e-02
   6.1115871e-02
   6.8338905e-02
   6.9325270e-02
   6.4045696e-02
   7.5638480e-02
   7.5470362e-02
   6.4220088e-02
   6.4965153e-02
   6.1060644e-02
   6.5887253e-02
   7.6775351e-02
   7.5824030e-02
   6.5926247e-02
   6.5376127e-02
   6.3880063e-02
   7.3786559e-02
   6.3707278e-02
   7.7961892e-02
   7.8090750e-02
   6.7851172e-02
   7.1545930e-02
   7.4251738e-02
   6.3179960e-02
   7.0239918e-02
   6.4318058e-02
   6.1000631e-02
   6.8237374e-02
   6.3183428e-02
   6.4622672e-02
   7.6178395e-02
   6.6036315e-02
   7.8029637e-02
   6.7981689e-02
   6.2091682e-02
   6.8281440e-02
   7.3443518e-02
   6.9651926e-02
   6.2405479e-02
   7.1200777e-02
   7.0812860e-02
   7.4878263e-02
   6.1015299e-02
   7.0300953e-02
   7.0640665e-02
   7.8009089e-02
   7.3719618e-02
   6.2386966e-02
   6.4368102e-02
   7.3734710e-02
   7.3630262e-02
   6.7064075e-02
   7.3519679e-02
   7.6035132e-02
   7.1693303e-02
   7.5703579e-02
   7.7293036e-02
   6.4186819e-02
   6.6609577e-02
   7.4339190e-02
   7.4423950e-02
   6.6295945e-02
   7.2695983e-02
   7.4770271e-02
   6.4894676e-02
   7.8174751e-02
   6.1013352e-02
   7.7040459e-02
   6.8360442e-02
   6.5094628e-02
   6.3765957e-02
   7.1845524e-02
   6.4404604e-02
   6.1036117e-02
   7.4463885e-02
   6.8260988e-02
   7.0044927e-02
   6.8788890e-02
   6.8460224e-02
   7.2547799e-02
   6.7956511e-02
   6.2872820e-02
   6.5980066e-02
   6.6018365e-02
   6.5471912e-02
   7.4670400e-02
   6.2978885e-02
   7.7872463e-02
   6.9290086e-02
   6.4582928e-02
   7.7002221e-02
   6.1085997e-02
   6.2023221e-02
   6.3710218e-02
   7.1807327e-02
   7.6187468e-02
   6.6772533e-02
   6.7792913e-02
   6.9416184e-02
   6.4188503e-02
   6.2185326e-02
   6.1510617e-02
   7.1439601e-02
   6.5525394e-02
   7.8159796e-02
   6.3749046e-02
   6.8885575e-02
   6.4281164e-02
   6.8461076e-02
   6.3283181e-02
   6.8577991e-02
   7.3921917e-02
   6.7145200e-02
   6.5235739e-02
   6.5142762e-02
   7.1931120e-02
   6.7241205e-02
   6.9873421e-02
   6.4117586e-02
   6.5936587e-02
   7.2492458e-02
   7.8234090e-02
   7.3684604e-02
   7.5392818e-02
   6.9201030e-02
   6.6056036e-02
   6.6817085e-02
   6.6607233e-02
   7.8146803e-02
   6.7504461e-02
   6.5941520e-02
   7.5618433e-02
   7.8215767e-02
   7.7675883e-02
   6.6685774e-02
   6.4034521e-02
   7.5724235e-02
   7.8157260e-02
   6.4570084e-02
   6.4891784e-02
   6.7269990e-02
   7.5393884e-02
   6.7288934e-02
   7.1412754e-02
   7.1765211e-02
   6.5823747e-02
   6.3141727e-02
   7.5413621e-02
   7.1826193e-02
   6.2429663e-02
   7.7801975e-02
   7.8177331e-02
   7.6873751e-02
   7.0182262e-02
   6.6787062e-02
   6.0994512e-02
   6.9213777e-02
   6.2715510e-02
   6.4312188e-02
   6.1934565e-02
   7.2028259e-02
   6.7547243e-02
   7.1023326e-02
   7.1271381e-02
   6.9893366e-02
   6.0998286e-02
   7.7799036e-02
   7.2650187e-02
   7.8032613e-02
   6.7771129e-02
   7.2868793e-02
   7.2364870e-02
   7.8302893e-02
   6.4298340e-02
   7.3619591e-02
   6.5595145e-02
   7.3163355e-02
   7.0721293e-02
   7.8023191e-02
   6.6190811e-02
   7.6355548e-02
   6.3622465e-02
   6.7170365e-02
   6.1036293e-02
   6.1402955e-02
   6.1346450e-02
   6.6338474e-02
   7.6603851e-02
   6.9130056e-02
   6.3707992e-02
   7.2645259e-02
   6.5793779e-02
   7.1570536e-02
   6.7442430e-02
   7.7342404e-02
   6.1184324e-02
   7.7820563e-02
   6.1975259e-02
   7.8136448e-02
   7.1745393e-02
   7.8168742e-02
   7.1630566e-02
   7.6502286e-02
   7.0065512e-02
   6.1047646e-02
   7.7916807e-02
   7.1297626e-02
   7.2433952e-02
   6.8583344e-02
   7.8102618e-02
   6.8871799e-02
   7.5390763e-02
   7.7485210e-02
   6.4856163e-02
   6.5009739e-02
   6.5942385e-02
   7.4412328e-02
   7.7038804e-02
   7.6139585e-02
   7.3158431e-02
   6.5499813e-02
   6.8929299e-02
   7.2942785e-02
   6.5090028e-02
   7.3139052e-02
   7.2629646e-02
   7.4433382e-02
   6.7121463e-02
   7.4942941e-02
   6.1047248e-02
   6.1425675e-02
   6.9646489e-02
   6.7250721e-02
   7.5951707e-02
   6.4973430e-02
   6.1066267e-02
   7.6160693e-02
   6.6530595e-02
   7.5308202e-02
   6.3900249e-02
   6.1754405e-02
   7.7962902e-02
   6.1469318e-02
   6.8394908e-02
   7.7166100e-02
   6.2178240e-02
   7.1940902e-02
   7.0776338e-02
   6.1094584e-02
   6.8102301e-02
   7.7234506e-02
   6.9649309e-02
   7.7112045e-02
   6.1013878e-02
   6.5210240e-02
   7.5517080e-02
   6.8603028e-02
   6.1066149e-02
   7.0521521e-02
   6.5542651e-02
   6.6784038e-02
   7.3684588e-02
   7.8085563e-02
   6.2692696e-02
   6.9026307e-02
   7.8098380e-02
   6.1776545e-02
   6.8907079e-02
   6.9994530e-02
   6.4880994e-02
   7.6210674e-02
   6.4129156e-02
   6.9091567e-02
   7.5642919e-02
   7.2068988e-02
   7.1343069e-02
   6.6267477e-02
   6.5821538e-02
   6.1053627e-02
   7.4448656e-02
   7.7007843e-02
   7.7633904e-02
   6.8675314e-02
   6.6322514e-02
   6.8637217e-02
   6.7734649e-02
   7.4595092e-02
   6.9248945e-02
   6.3181763e-02
   7.2301281e-02
   7.6711496e-02
