   3.9650199e-02
   4.3516491e-02
   3.9900936e-02
   3.4722666e-02
   3.7928447e-02
   4.2429625e-02
   4.2151186e-02
   3.9038718e-02
   4.0883573e-02
   3.9505448e-02
   3.9324548e-02
   3.5950464e-02
   4.0098650e-02
   3.5485823e-02
   3.8638893e-02
   3.5877852e-02
   3.6616882e-02
   3.8879519e-02
   3.5226871e-02
   4.4247028e-02
   3.8882971e-02
   4.2245372e-02
   3.4924702e-02
   4.0537755e-02
   3.7834095e-02
   3.9840026e-02
   3.6788240e-02
   3.8574224e-02
   4.3498108e-02
   4.1720959e-02
   3.7348864e-02
   4.0470071e-02
   3.6356875e-02
   4.3748396e-02
   3.6105483e-02
   3.8520588e-02
   4.3557255e-02
   3.8985092e-02
   3.8124622e-02
   3.6316909e-02
   3.7172592e-02
   4.0570719e-02
   3.8580816e-02
   3.8155896e-02
   3.4363280e-02
   3.6712375e-02
   3.6814559e-02
   3.9988923e-02
   3.8111166e-02
   3.3728984e-02
   3.8994742e-02
   4.0878622e-02
   3.9522970e-02
   4.4122699e-02
   3.7142058e-02
   4.0858564e-02
   4.0269602e-02
   3.9557783e-02
   3.5491840e-02
   4.0225353e-02
   4.3488359e-02
   3.6282316e-02
   3.8577325e-02
   3.7866850e-02
   3.9895610e-02
   4.1054430e-02
   3.4234513e-02
   3.7017920e-02
   3.4556700e-02
   4.1471939e-02
   3.5532475e-02
   3.7355792e-02
   3.4908613e-02
   3.8517930e-02
   4.4822128e-02
   3.6811533e-02
   3.5340595e-02
   4.0513184e-02
   3.8695160e-02
   3.3949110e-02
   4.0359471e-02
   3.7267798e-02
   4.4970329e-02
   3.7498024e-02
   3.7852260e-02
   4.0867320e-02
   3.7003671e-02
   4.3655467e-02
   4.0833580e-02
   3.6525631e-02
   4.2613870e-02
   4.0728733e-02
   4.5472571e-02
   3.4872010e-02
   3.9088230e-02
   3.9251679e-02
   4.1499343e-02
   3.6004660e-02
   3.4241577e-02
   4.0330593e-02
   4.2948510e-02
   3.8846286e-02
   3.9488322e-02
   3.4110029e-02
   4.2263341e-02
   4.4631201e-02
   4.1152754e-02
   3.5228332e-02
   4.2817955e-02
   3.5400224e-02
   4.2820832e-02
   3.3980688e-02
   3.8174006e-02
   3.4704267e-02
   4.2040160e-02
   3.5612615e-02
   3.9169184e-02
   3.6279759e-02
   4.1989488e-02
   3.5219201e-02
   4.4347580e-02
   4.1247931e-02
   4.3501872e-02
   4.5423301e-02
   3.7666180e-02
   3.5682165e-02
   3.7512429e-02
   3.6959881e-02
   3.5538745e-02
   3.6849930e-02
   4.1236000e-02
   3.6239302e-02
   4.0816608e-02
   3.6986606e-02
   3.6912391e-02
   3.6094746e-02
   3.9236000e-02
   3.7331608e-02
   3.7575443e-02
   3.9791192e-02
   4.0773640e-02
   3.6074069e-02
   4.5759262e-02
   4.0860025e-02
   3.7473198e-02
   3.6705908e-02
   4.0330055e-02
   3.9346564e-02
   3.6561124e-02
   3.5721578e-02
   3.3795953e-02
   4.1738675e-02
   3.8600586e-02
   3.6006918e-02
   3.8347837e-02
   4.0497461e-02
   3.6843807e-02
   3.5327508e-02
   3.4493781e-02
   3.7824712e-02
   3.3889622e-02
   3.6532819e-02
   4.4871465e-02
   3.8684730e-02
   4.1682678e-02
   3.9158016e-02
   3.8103071e-02
   4.0529354e-02
   3.7406614e-02
   3.3917079e-02
   3.7925089e-02
   3.5274545e-02
   4.0138062e-02
   3.7976366e-02
   4.5366343e-02
   3.6255517e-02
   3.4571187e-02
   3.7950069e-02
   3.7412509e-02
   3.8097364e-02
   4.1796894e-02
   3.8407372e-02
   3.8025982e-02
   3.5427789e-02
   3.8562838e-02
   3.6610772e-02
   3.7551089e-02
   3.6621881e-02
   3.5317926e-02
   3.9511985e-02
   4.1504163e-02
   3.6953940e-02
   4.0313626e-02
   3.7462068e-02
   3.9826245e-02
   3.6066928e-02
   3.9006613e-02
   3.7018160e-02
   4.1671397e-02
   3.9596787e-02
   3.7660204e-02
   4.2410049e-02
   3.9599921e-02
   3.8135863e-02
   4.2276453e-02
   3.5177613e-02
   4.5701535e-02
   4.4549574e-02
   3.6059789e-02
   4.0286574e-02
   3.6408164e-02
   3.4174902e-02
   3.9656746e-02
   4.1812550e-02
   4.1616602e-02
   3.5843104e-02
   4.3720786e-02
   3.6798577e-02
   3.8260567e-02
   3.7970189e-02
   3.7463065e-02
   3.8758826e-02
   3.7199584e-02
   3.7501614e-02
   4.3647569e-02
   3.7921235e-02
   3.9395796e-02
   3.7790939e-02
   3.9958480e-02
   4.3315730e-02
   4.3135810e-02
   3.6348685e-02
   4.0715497e-02
   3.8381678e-02
   3.6730622e-02
   4.0712664e-02
   3.7642449e-02
   3.6780825e-02
   3.7850083e-02
   4.1243727e-02
   3.9805083e-02
   4.0587474e-02
   3.6409713e-02
   3.6809691e-02
   3.7715424e-02
   4.2167833e-02
   4.3602086e-02
   3.9968789e-02
   4.4865790e-02
   3.7484492e-02
   4.1017036e-02
   4.1808177e-02
   3.6320502e-02
   3.9992786e-02
   4.2075232e-02
   3.7684483e-02
   4.0629506e-02
   3.9993830e-02
   4.2799040e-02
   3.3767499e-02
   3.5677692e-02
   3.5771649e-02
   3.7953776e-02
   3.6892059e-02
   3.5911050e-02
   4.3318451e-02
   4.2009873e-02
   4.1409405e-02
   4.1035283e-02
   3.5753016e-02
   4.1688414e-02
   3.9696843e-02
   3.4972581e-02
   3.5375028e-02
   4.0853858e-02
   3.7198696e-02
   3.5301227e-02
   3.7208225e-02
   3.7675750e-02
   3.3825273e-02
   3.6035513e-02
   4.3485011e-02
   3.8230139e-02
   4.2117663e-02
   3.7546949e-02
   3.9195346e-02
   3.6885690e-02
   3.7203222e-02
   3.8780520e-02
   4.3591411e-02
   3.6557392e-02
   3.6613884e-02
   4.1668323e-02
   4.0451537e-02
   4.0452635e-02
   4.1561599e-02
   4.5529797e-02
   3.9265470e-02
   3.7456456e-02
   4.1296570e-02
