   1.5720786e-01
   1.4981579e-01
   1.5481412e-01
   1.1453606e-01
   1.3912900e-01
   1.1818758e-01
   1.3192794e-01
   1.7013857e-01
   1.2509428e-01
   1.2166942e-01
   1.1301812e-01
   1.2855474e-01
   1.3976143e-01
   1.6911783e-01
   1.1284888e-01
   1.2695068e-01
   1.6955588e-01
   1.2386728e-01
   1.2666514e-01
   1.1629100e-01
   1.2113268e-01
   1.3860888e-01
   1.4683142e-01
   1.3531285e-01
   1.5066740e-01
   1.1354248e-01
   1.2068436e-01
   1.3740221e-01
   1.7116430e-01
   1.4874495e-01
   1.1629150e-01
   1.3079593e-01
   1.7210127e-01
   1.3873134e-01
   1.7096752e-01
   1.2524837e-01
   1.7040436e-01
   1.1890301e-01
   1.1502095e-01
   1.6796112e-01
   1.3533738e-01
   1.2978736e-01
   1.2869894e-01
   1.2377620e-01
   1.1598980e-01
   1.1328653e-01
   1.2874727e-01
   1.1312320e-01
   1.1900255e-01
   1.5730036e-01
   1.2622652e-01
   1.3036594e-01
   1.7078617e-01
   1.5188527e-01
   1.1325798e-01
   1.2000354e-01
   1.4625972e-01
   1.1353459e-01
   1.2945928e-01
   1.5826969e-01
   1.6673927e-01
   1.4919266e-01
   1.5942317e-01
   1.2870555e-01
   1.4931027e-01
   1.4400734e-01
   1.1520170e-01
   1.2712389e-01
   1.3991895e-01
   1.1983893e-01
   1.4174207e-01
   1.1311749e-01
   1.2402070e-01
   1.7046393e-01
   1.5774048e-01
   1.1402826e-01
   1.2929573e-01
   1.3871126e-01
   1.6502117e-01
   1.2950024e-01
   1.1638531e-01
   1.2137742e-01
   1.1727165e-01
   1.1278521e-01
   1.1534546e-01
   1.2914464e-01
   1.1744761e-01
   1.2630146e-01
   1.2167176e-01
   1.5470444e-01
   1.5197943e-01
   1.6447359e-01
   1.2062488e-01
   1.7140398e-01
   1.2150535e-01
   1.4228472e-01
   1.6200449e-01
   1.7054224e-01
   1.7084395e-01
   1.3036896e-01
   1.2006715e-01
   1.3097447e-01
   1.2128525e-01
   1.2874539e-01
   1.3280873e-01
   1.4358823e-01
   1.3692597e-01
   1.4662714e-01
   1.6967828e-01
   1.1441891e-01
   1.2359276e-01
   1.3873467e-01
   1.7234095e-01
   1.1509794e-01
   1.3445545e-01
   1.6489439e-01
   1.6893294e-01
   1.6056312e-01
   1.2177639e-01
   1.2444149e-01
   1.4144037e-01
   1.1971159e-01
   1.1897800e-01
   1.2349011e-01
   1.4909860e-01
   1.6011866e-01
   1.5483066e-01
   1.5044263e-01
   1.3484687e-01
   1.1353124e-01
   1.1323597e-01
   1.2600280e-01
   1.1669530e-01
   1.3167538e-01
   1.5024722e-01
   1.3071488e-01
   1.3715977e-01
   1.5730281e-01
   1.2162795e-01
   1.5867648e-01
   1.5538571e-01
   1.5607632e-01
   1.4216491e-01
   1.5607196e-01
   1.1873333e-01
   1.4830396e-01
   1.1899987e-01
   1.5404942e-01
   1.2953804e-01
   1.6152583e-01
   1.3002666e-01
   1.1824499e-01
   1.2058029e-01
   1.1509676e-01
   1.4494035e-01
   1.2275604e-01
   1.5327727e-01
   1.7010695e-01
   1.7141094e-01
   1.1278276e-01
   1.4935419e-01
   1.2052021e-01
   1.4437429e-01
   1.4008449e-01
   1.3349141e-01
   1.2485762e-01
   1.2407450e-01
   1.2413462e-01
   1.1414848e-01
   1.7072231e-01
   1.3037220e-01
   1.3750625e-01
   1.6055269e-01
   1.1652075e-01
   1.2558498e-01
   1.3445909e-01
   1.4951498e-01
   1.1274833e-01
   1.1676474e-01
   1.2398153e-01
   1.1362852e-01
   1.7042313e-01
   1.1678643e-01
   1.6141759e-01
   1.4585873e-01
   1.2147285e-01
   1.3148269e-01
   1.6810003e-01
   1.6061169e-01
   1.5827107e-01
   1.3605544e-01
   1.3447065e-01
   1.1655193e-01
   1.2079436e-01
   1.6954171e-01
   1.3986312e-01
   1.1765521e-01
   1.1761014e-01
   1.7277014e-01
   1.3294897e-01
   1.5595795e-01
   1.1635181e-01
   1.3274076e-01
   1.1806910e-01
   1.2376968e-01
   1.1594173e-01
   1.1990223e-01
   1.7094811e-01
   1.1274765e-01
   1.2032128e-01
   1.5224571e-01
   1.7076122e-01
   1.2045423e-01
   1.1430067e-01
   1.2162867e-01
   1.2061329e-01
   1.1408747e-01
   1.3795930e-01
   1.1450641e-01
   1.1438131e-01
   1.1345869e-01
   1.5545965e-01
   1.3200872e-01
   1.2541569e-01
   1.5691819e-01
   1.2687701e-01
   1.5566876e-01
   1.5708394e-01
   1.7130551e-01
   1.7117925e-01
   1.4470217e-01
   1.6489339e-01
   1.2558775e-01
   1.1969844e-01
   1.1956695e-01
   1.5046252e-01
   1.1368123e-01
   1.1644892e-01
   1.6972645e-01
   1.3893791e-01
   1.2242791e-01
   1.1408476e-01
   1.2755755e-01
   1.4985743e-01
   1.7007706e-01
   1.3398621e-01
   1.5044113e-01
   1.7104563e-01
   1.2164065e-01
   1.6121997e-01
   1.5644622e-01
   1.6986575e-01
   1.1679197e-01
   1.2733416e-01
   1.6169706e-01
   1.7143692e-01
   1.6873812e-01
   1.1277892e-01
   1.1591676e-01
   1.4227217e-01
   1.2158968e-01
   1.1831906e-01
   1.4724729e-01
   1.1683286e-01
   1.1872526e-01
   1.4900097e-01
   1.2062377e-01
   1.4014000e-01
   1.4042594e-01
   1.1349848e-01
   1.2502677e-01
   1.2291646e-01
   1.1598925e-01
   1.3437432e-01
   1.2141305e-01
   1.5189582e-01
   1.2847305e-01
   1.3072918e-01
   1.1875243e-01
   1.3437839e-01
   1.4127012e-01
   1.1450711e-01
   1.1435041e-01
   1.1389040e-01
   1.2783433e-01
   1.5953550e-01
   1.2986246e-01
   1.5099410e-01
   1.1798845e-01
   1.5303687e-01
   1.7138929e-01
   1.1875532e-01
   1.5414257e-01
   1.2297737e-01
   1.1817734e-01
   1.7047126e-01
   1.5675737e-01
   1.1326345e-01
   1.7117482e-01
   1.2042361e-01
