   2.1538408e-01
   2.1554455e-01
   2.2703612e-01
   2.1843346e-01
   2.1888283e-01
   2.1601428e-01
   2.0793382e-01
   2.2438284e-01
   2.2591116e-01
   2.3181792e-01
   2.3377938e-01
   2.0270000e-01
   2.1620697e-01
   2.1261301e-01
   2.0525473e-01
   2.1443687e-01
   2.2125056e-01
   2.0356737e-01
   2.2170133e-01
   2.0839229e-01
   2.2106323e-01
   2.2063790e-01
   2.3257364e-01
   2.1979431e-01
   2.1594343e-01
   2.1771684e-01
   2.3676471e-01
   2.1867455e-01
   2.0064811e-01
   2.1225065e-01
   2.2787406e-01
   2.1583000e-01
   2.1516127e-01
   2.2128283e-01
   2.2538152e-01
   2.2417825e-01
   2.2119064e-01
   2.2762751e-01
   2.0901151e-01
   2.2197915e-01
   2.1238711e-01
   2.0101669e-01
   2.2689714e-01
   2.2192172e-01
   2.1292673e-01
   2.1497205e-01
   2.1999191e-01
   2.0837708e-01
   2.1704564e-01
   2.1958372e-01
   2.0727858e-01
   2.1976794e-01
   2.1891364e-01
   2.0868977e-01
   2.2262064e-01
   2.0878216e-01
   2.0590564e-01
   2.1649399e-01
   2.1375330e-01
   2.3365506e-01
   2.3010637e-01
   2.3026341e-01
   2.1605495e-01
   2.2593956e-01
   2.2182387e-01
   2.2731476e-01
   2.1411756e-01
   2.1633444e-01
   2.1950967e-01
   2.2950256e-01
   2.3238383e-01
   2.1585587e-01
   2.2814162e-01
   2.1980987e-01
   2.1864891e-01
   2.2683205e-01
   2.3065574e-01
   2.3536571e-01
   2.2093086e-01
   2.2250503e-01
   2.2302336e-01
   2.2877012e-01
   2.2798980e-01
   2.3472710e-01
   2.0853387e-01
   2.0239273e-01
   2.1029523e-01
   2.1447063e-01
   2.3427410e-01
   2.2514925e-01
   2.3629890e-01
   2.1555189e-01
   2.2901147e-01
   2.1039169e-01
   2.1820489e-01
   2.0275754e-01
   2.0445807e-01
   2.1466653e-01
   2.2848977e-01
   2.3605578e-01
   2.1777271e-01
   2.1128904e-01
   2.0568161e-01
   2.0939340e-01
   2.3188741e-01
   2.2393477e-01
   2.1320058e-01
   2.0925026e-01
   2.1664030e-01
   2.3511772e-01
   2.2522097e-01
   2.2174635e-01
   2.0200702e-01
   2.2640282e-01
   2.1054781e-01
   2.3402405e-01
   2.3145824e-01
   2.1929891e-01
   2.1646501e-01
   2.1445326e-01
   2.0947200e-01
   1.9810454e-01
   2.3464911e-01
   2.1773456e-01
   1.9600202e-01
   2.2275889e-01
   2.2429140e-01
   2.1318721e-01
   2.1370499e-01
   2.2684973e-01
   2.2152034e-01
   2.1703974e-01
   2.1754580e-01
   2.2610818e-01
   2.2673932e-01
   2.1926067e-01
   2.1630719e-01
   2.0846164e-01
   2.1769871e-01
   2.1769115e-01
   2.1610504e-01
   2.1962156e-01
   2.0878450e-01
   2.2053137e-01
   2.1130835e-01
   2.3036152e-01
   2.1811728e-01
   2.1979067e-01
   2.1424709e-01
   2.2909673e-01
   2.3473616e-01
   2.2360223e-01
   2.3290624e-01
   2.1240173e-01
   2.1742894e-01
   2.1192202e-01
   2.1544431e-01
   2.2665866e-01
   2.1288614e-01
   2.1920672e-01
   2.3165849e-01
   2.1580100e-01
   2.2195901e-01
   2.2424235e-01
   2.3534523e-01
   2.1564367e-01
   2.2189943e-01
   2.1673999e-01
   2.1821519e-01
   2.1251661e-01
   2.0257103e-01
   2.2529573e-01
   2.1239585e-01
   2.0052330e-01
   2.2647141e-01
   2.1985062e-01
   2.3390771e-01
   2.2878462e-01
   2.2321350e-01
   2.1828067e-01
   2.1138442e-01
   2.1288757e-01
   2.3493947e-01
   2.0160970e-01
   1.9837824e-01
   2.2086716e-01
   2.2095956e-01
   2.3127716e-01
   2.0075524e-01
   2.1425941e-01
   2.2776750e-01
   2.2258299e-01
   2.1680410e-01
   2.1257233e-01
   2.1655840e-01
   2.1438081e-01
   2.0746448e-01
   2.1655307e-01
   2.1325941e-01
   2.2884161e-01
   1.9771308e-01
   2.2090558e-01
   2.2101468e-01
   2.2527344e-01
   2.1563381e-01
   2.2899686e-01
   2.2057660e-01
   2.1511620e-01
   2.0808878e-01
   2.2318795e-01
   2.0822460e-01
   2.1888435e-01
   2.1844275e-01
   2.3626489e-01
   2.2392613e-01
   2.1247126e-01
   2.2346914e-01
   2.3643371e-01
   2.3057951e-01
   2.1007730e-01
   2.2742758e-01
   2.1716536e-01
   2.1855223e-01
   2.3386533e-01
   2.1837000e-01
   2.2396467e-01
   2.1841475e-01
   1.9872503e-01
   2.2365376e-01
   2.1864692e-01
   1.9912263e-01
   2.1442563e-01
   2.1717045e-01
   2.1782371e-01
   2.1579381e-01
   2.1394057e-01
   2.2841781e-01
   2.1975968e-01
   2.1901436e-01
   2.2092303e-01
   2.1442233e-01
   2.3202045e-01
   2.1616574e-01
   2.1381614e-01
   2.1683892e-01
   2.2739601e-01
   2.0663220e-01
   2.1714913e-01
   2.1964585e-01
   2.2468358e-01
   2.1720953e-01
   1.9931387e-01
   2.2231852e-01
   2.0017271e-01
   2.2705964e-01
   2.1802723e-01
   2.2101124e-01
   2.2724618e-01
   2.3597152e-01
   2.1409134e-01
   2.1151494e-01
   2.2148105e-01
   2.2918606e-01
   2.1604531e-01
   2.1435949e-01
   2.2325696e-01
   2.1461483e-01
   2.1973151e-01
   2.1161051e-01
   2.1975123e-01
   2.3120630e-01
   2.0974461e-01
   2.2118464e-01
   2.0145904e-01
   2.1061140e-01
   2.1549061e-01
   2.3715255e-01
   2.2702111e-01
   2.2074289e-01
   2.2722175e-01
   2.1587043e-01
   2.0235742e-01
   2.1866195e-01
   2.3558670e-01
   2.2422855e-01
   2.1894977e-01
   2.1993251e-01
   2.2080847e-01
   2.1633186e-01
   2.2478429e-01
   2.1262677e-01
   2.1674973e-01
   2.0018172e-01
   2.1639403e-01
   2.3139187e-01
   2.3090110e-01
   2.3212441e-01
   2.2991099e-01
   2.1952037e-01
   2.2900127e-01
