   3.1986761e-02
   3.3278377e-02
   3.2001361e-02
   3.2333379e-02
   3.1355701e-02
   3.2889646e-02
   3.1868692e-02
   3.4657166e-02
   3.4164790e-02
   3.1590137e-02
   3.2102266e-02
   3.2767922e-02
   3.4155071e-02
   3.1840397e-02
   3.2193359e-02
   3.4429531e-02
   3.3516115e-02
   3.2903284e-02
   3.2283778e-02
   3.1638886e-02
   3.4577575e-02
   3.2480084e-02
   3.1984161e-02
   3.2599662e-02
   3.1664842e-02
   3.2476161e-02
   3.1810696e-02
   3.1919650e-02
   3.4253586e-02
   3.2140436e-02
   3.1804741e-02
   3.2082684e-02
   3.2054723e-02
   3.3304096e-02
   3.3016299e-02
   3.2318238e-02
   3.2242513e-02
   3.1019166e-02
   3.2231011e-02
   3.2783307e-02
   3.2085945e-02
   3.2727923e-02
   3.3954898e-02
   3.1697129e-02
   3.4143402e-02
   3.1090923e-02
   3.2027682e-02
   3.2228684e-02
   3.1162647e-02
   3.2256429e-02
   3.3356483e-02
   3.1089231e-02
   3.1973224e-02
   3.4005265e-02
   3.1980864e-02
   3.2012113e-02
   3.4279236e-02
   3.5060947e-02
   3.4231761e-02
   3.3036545e-02
   3.5058065e-02
   3.3295565e-02
   3.2351007e-02
   3.5415450e-02
   3.0946000e-02
   3.5161155e-02
   3.2076035e-02
   3.2091536e-02
   3.3151110e-02
   3.2110231e-02
   3.1964795e-02
   3.1495988e-02
   3.6251578e-02
   3.2091213e-02
   3.1505107e-02
   3.1539186e-02
   3.2579900e-02
   3.1970922e-02
   3.1451739e-02
   3.4196415e-02
   3.4710865e-02
   3.3197203e-02
   3.2302031e-02
   3.3738630e-02
   3.1324669e-02
   3.3140522e-02
   3.1336183e-02
   3.2071152e-02
   3.3560408e-02
   3.2878990e-02
   3.1199443e-02
   3.0928241e-02
   3.2370893e-02
   3.2093374e-02
   3.4021896e-02
   3.1830961e-02
   3.1789042e-02
   3.1972894e-02
   3.2321696e-02
   3.1991927e-02
   3.5834995e-02
   3.1261516e-02
   3.2654500e-02
   3.2749528e-02
   3.2016802e-02
   3.2074323e-02
   3.1827674e-02
   3.2405306e-02
   3.3662796e-02
   3.4431727e-02
   3.2571067e-02
   3.3943070e-02
   3.4426411e-02
   3.2693997e-02
   3.2565382e-02
   3.1940615e-02
   3.4713845e-02
   3.3777167e-02
   3.1218062e-02
   3.1685970e-02
   3.1165092e-02
   3.3455776e-02
   3.2265444e-02
   3.2174924e-02
   3.2315340e-02
   3.1778030e-02
   3.5350360e-02
   3.2067532e-02
   3.1924254e-02
   3.4643699e-02
   3.2265085e-02
   3.2228971e-02
   3.2099110e-02
   3.1649028e-02
   3.3311851e-02
   3.2032787e-02
   3.5489064e-02
   3.4707644e-02
   3.1794145e-02
   3.1103984e-02
   3.1996807e-02
   3.1993442e-02
   3.2107657e-02
   3.1733379e-02
   3.2040698e-02
   3.2350121e-02
   3.4184442e-02
   3.5115835e-02
   3.2263592e-02
   3.0848368e-02
   3.2117894e-02
   3.3522949e-02
   3.1969047e-02
   3.2174799e-02
   3.6150242e-02
   3.1059340e-02
   3.1057930e-02
   3.2079138e-02
   3.1744151e-02
   3.2896060e-02
   3.2383843e-02
   3.5362481e-02
   3.2821641e-02
   3.2175702e-02
   3.4916442e-02
   3.2278506e-02
   3.1264417e-02
   3.1853317e-02
   3.3719366e-02
   3.0931254e-02
   3.2204830e-02
   3.2004049e-02
   3.3017494e-02
   3.1776479e-02
   3.2093848e-02
   3.4768061e-02
   3.3856126e-02
   3.2775420e-02
   3.3750503e-02
   3.1677904e-02
   3.3952026e-02
   3.2040528e-02
   3.2725332e-02
   3.2399202e-02
   3.1940816e-02
   3.2173563e-02
   3.1853314e-02
   3.1065493e-02
   3.3339566e-02
   3.2318942e-02
   3.2739311e-02
   3.1011414e-02
   3.2752872e-02
   3.4244984e-02
   3.0878935e-02
   3.4471781e-02
   3.0750424e-02
   3.1729118e-02
   3.1717548e-02
   3.2300730e-02
   3.4852478e-02
   3.1791896e-02
   3.4001860e-02
   3.2056470e-02
   3.2148679e-02
   3.1346039e-02
   3.3921398e-02
   3.1204100e-02
   3.2291582e-02
   3.3838572e-02
   3.2605171e-02
   3.2092409e-02
   3.2004357e-02
   3.6092674e-02
   3.1214823e-02
   3.5185301e-02
   3.2265991e-02
   3.5098509e-02
   3.1634555e-02
   3.4417382e-02
   3.5453525e-02
   3.1173386e-02
   3.1796742e-02
   3.2231784e-02
   3.4167129e-02
   3.1776506e-02
   3.4477865e-02
   3.1153099e-02
   3.3819235e-02
   3.1528698e-02
   3.1973418e-02
   3.2233411e-02
   3.5763073e-02
   3.2276504e-02
   3.2105862e-02
   3.3409702e-02
   3.1886804e-02
   3.2165202e-02
   3.2081784e-02
   3.2103637e-02
   3.2819721e-02
   3.1967423e-02
   3.5657874e-02
   3.3064178e-02
   3.4501914e-02
   3.2110955e-02
   3.2110056e-02
   3.1545856e-02
   3.3114011e-02
   3.4109597e-02
   3.3040063e-02
   3.3540034e-02
   3.1395763e-02
   3.1496637e-02
   3.1864740e-02
   3.2017767e-02
   3.0981193e-02
   3.1833926e-02
   3.3735913e-02
   3.3600589e-02
   3.2464457e-02
   3.4854259e-02
   3.1733524e-02
   3.4005788e-02
   3.2030238e-02
   3.1361760e-02
   3.3790480e-02
   3.2232260e-02
   3.1374439e-02
   3.2411473e-02
   3.1989657e-02
   3.2855991e-02
   3.4954343e-02
   3.1810120e-02
   3.1182042e-02
   3.3815432e-02
   3.2499302e-02
   3.4727499e-02
   3.1969410e-02
   3.2417284e-02
   3.2477638e-02
   3.1084121e-02
   3.1528987e-02
   3.2414801e-02
   3.1956291e-02
   3.2912232e-02
   3.4477102e-02
   3.1972015e-02
   3.2334836e-02
   3.3385415e-02
   3.2079685e-02
   3.1847423e-02
   3.2500312e-02
   3.3269358e-02
   3.2078084e-02
   3.3256026e-02
   3.2188162e-02
   3.1269581e-02
   3.6245949e-02
   3.3046067e-02
