   4.0074248e-02
   3.7757903e-02
   4.3378479e-02
   4.3727668e-02
   3.6600842e-02
   4.3607762e-02
   4.2971167e-02
   4.1363441e-02
   3.5203338e-02
   4.0145749e-02
   4.3187661e-02
   4.1686596e-02
   4.1321392e-02
   3.6222028e-02
   3.6578759e-02
   4.4195120e-02
   4.4320398e-02
   3.7526805e-02
   4.4272033e-02
   4.2861495e-02
   4.1446850e-02
   4.4673370e-02
   3.7348884e-02
   3.5326543e-02
   4.3322696e-02
   3.8489889e-02
   3.6953862e-02
   4.2700626e-02
   4.3714538e-02
   4.4158458e-02
   3.8313941e-02
   4.0457427e-02
   4.2382531e-02
   3.8335484e-02
   3.9381124e-02
   3.9712530e-02
   3.7090783e-02
   3.7790241e-02
   3.9659706e-02
   4.2210636e-02
   4.0027415e-02
   4.3342521e-02
   3.5107302e-02
   4.0241636e-02
   4.1902083e-02
   3.7219315e-02
   4.2880073e-02
   3.8577128e-02
   3.8882712e-02
   3.7537011e-02
   3.9877846e-02
   4.2027478e-02
   3.5237945e-02
   4.3252400e-02
   3.7148789e-02
   3.8841705e-02
   4.3894419e-02
   4.2242913e-02
   4.1359683e-02
   3.7348229e-02
   4.3729673e-02
   4.0996788e-02
   4.1738470e-02
   3.5376865e-02
   4.0847496e-02
   4.1724191e-02
   3.6110777e-02
   4.4554197e-02
   4.1503726e-02
   3.9657067e-02
   4.3690536e-02
   4.0369901e-02
   3.9342816e-02
   3.8064733e-02
   4.2320878e-02
   4.3197086e-02
   3.9541322e-02
   4.4580323e-02
   3.9689745e-02
   3.4965425e-02
   3.4611518e-02
   4.1487366e-02
   3.6844273e-02
   3.5478083e-02
   3.7981563e-02
   3.7678311e-02
   4.1208616e-02
   3.8667351e-02
   4.2962223e-02
   4.1344539e-02
   4.1858802e-02
   3.6818737e-02
   3.9036685e-02
   4.2484716e-02
   3.6332910e-02
   4.2929375e-02
   3.8674445e-02
   4.0571081e-02
   4.2310900e-02
   3.9320684e-02
   3.7662014e-02
   4.4282343e-02
   4.2274068e-02
   4.0275098e-02
   4.0335819e-02
   4.4257455e-02
   4.2620361e-02
   3.8853412e-02
   4.1108596e-02
   4.4109420e-02
   4.0832384e-02
   4.2699900e-02
   4.0599293e-02
   3.9263416e-02
   4.2146651e-02
   3.7426125e-02
   3.7699544e-02
   3.6223183e-02
   4.3800406e-02
   4.3880917e-02
   3.7266239e-02
   4.2774222e-02
   4.1540396e-02
   3.7037653e-02
   4.3565586e-02
   3.8707634e-02
   4.3680284e-02
   4.2820006e-02
   4.4224391e-02
   4.2116409e-02
   4.4367115e-02
   4.0667509e-02
   3.8207286e-02
   3.6971454e-02
   3.7819566e-02
   3.6154458e-02
   4.0596238e-02
   4.0478786e-02
   4.2589791e-02
   3.8236769e-02
   4.1237856e-02
   4.3683413e-02
   4.1289701e-02
   3.7609065e-02
   3.9515319e-02
   4.2882402e-02
   3.8087250e-02
   3.7896804e-02
   3.7909586e-02
   4.2408311e-02
   3.7901273e-02
   3.4792858e-02
   3.4641929e-02
   3.6496690e-02
   4.4365783e-02
   4.4335879e-02
   4.0617096e-02
   4.3347221e-02
   3.7952267e-02
   4.2827491e-02
   4.1791545e-02
   3.6574183e-02
   4.1690145e-02
   4.3407370e-02
   4.2742976e-02
   4.0253485e-02
   4.3352870e-02
   3.4349343e-02
   3.9169344e-02
   4.4577621e-02
   4.0279878e-02
   4.4076710e-02
   4.1947371e-02
   4.3742629e-02
   4.2657052e-02
   4.2038105e-02
   3.9146712e-02
   3.6054039e-02
   4.2975292e-02
   4.0500625e-02
   4.1677582e-02
   3.9232479e-02
   4.3664868e-02
   4.1697019e-02
   3.5347221e-02
   4.2592298e-02
   3.8004787e-02
   4.1661463e-02
   4.1689130e-02
   4.0153096e-02
   4.1456567e-02
   4.3436677e-02
   3.6054701e-02
   3.9991854e-02
   4.3064019e-02
   4.4036431e-02
   4.1345561e-02
   3.9088072e-02
   4.2747312e-02
   4.2299683e-02
   4.1681228e-02
   4.2853673e-02
   4.3870795e-02
   3.7501849e-02
   4.3246391e-02
   3.9858626e-02
   4.3960595e-02
   4.1021042e-02
   4.3725523e-02
   4.0703951e-02
   3.8296456e-02
   3.9481002e-02
   4.1826340e-02
   3.5986618e-02
   3.4883331e-02
   3.7489141e-02
   3.6952635e-02
   4.2750016e-02
   4.1029067e-02
   4.0717140e-02
   4.2559669e-02
   4.0286599e-02
   4.4535947e-02
   4.3432329e-02
   4.0558542e-02
   3.6173130e-02
   4.0926734e-02
   3.7744404e-02
   4.1625555e-02
   3.6828627e-02
   4.1292959e-02
   4.4560409e-02
   4.3524473e-02
   4.1821561e-02
   3.4273306e-02
   4.0689008e-02
   3.5943849e-02
   4.3579942e-02
   3.5678245e-02
   3.7881478e-02
   3.4789028e-02
   3.9594027e-02
   4.1248813e-02
   4.3464104e-02
   3.9658620e-02
   4.2629381e-02
   3.5904027e-02
   4.2113002e-02
   4.2058104e-02
   3.6601721e-02
   3.8574632e-02
   4.4703729e-02
   4.0980813e-02
   3.8908528e-02
   3.6995370e-02
   4.2465331e-02
   4.4017599e-02
   3.6235005e-02
   3.8460409e-02
   3.7641208e-02
   4.0262063e-02
   4.4317072e-02
   3.6902643e-02
   3.6486323e-02
   4.3217530e-02
   3.7658547e-02
   3.7922297e-02
   3.9602987e-02
   4.3763564e-02
   3.9117826e-02
   3.7002819e-02
   4.2562171e-02
   3.9027109e-02
   3.9974419e-02
   3.7024555e-02
   4.4703872e-02
   4.3191419e-02
   4.3108790e-02
   4.0369875e-02
   3.8746928e-02
   3.6253602e-02
   4.3254519e-02
   4.4213594e-02
   4.3960571e-02
   3.6572204e-02
   4.3971237e-02
   3.7132529e-02
   3.8418135e-02
   4.3727248e-02
   4.3803751e-02
   3.8772906e-02
   3.8859953e-02
   3.9651070e-02
   4.2326248e-02
   3.9248276e-02
   3.8419356e-02
   4.2547383e-02
   4.1188932e-02
   4.1847436e-02
   4.3718617e-02
