   2.2180436e-02
   2.0677587e-02
   2.0598295e-02
   2.0521629e-02
   2.1261537e-02
   2.2283346e-02
   2.0662495e-02
   2.1904894e-02
   2.0592786e-02
   2.0656015e-02
   2.0592744e-02
   2.0564184e-02
   2.1105348e-02
   2.0676484e-02
   2.2807381e-02
   2.1824152e-02
   2.0842734e-02
   2.3022913e-02
   2.0689833e-02
   2.0566826e-02
   2.0609467e-02
   2.0873100e-02
   2.0867155e-02
   2.1657940e-02
   2.2079443e-02
   2.0674954e-02
   2.1004320e-02
   2.1879447e-02
   2.3095125e-02
   2.0559535e-02
   2.2425982e-02
   2.0521634e-02
   2.2293678e-02
   2.1130208e-02
   2.1753956e-02
   2.1646957e-02
   2.0520156e-02
   2.0530951e-02
   2.3560062e-02
   2.2501026e-02
   2.2006428e-02
   2.1193622e-02
   2.1920879e-02
   2.2076080e-02
   2.2466627e-02
   2.1417381e-02
   2.3333012e-02
   2.1273694e-02
   2.0521029e-02
   2.2344025e-02
   2.1691707e-02
   2.1982524e-02
   2.2136410e-02
   2.1789310e-02
   2.0536202e-02
   2.1639406e-02
   2.0689182e-02
   2.1900268e-02
   2.0521111e-02
   2.0536802e-02
   2.2532165e-02
   2.2083531e-02
   2.3332516e-02
   2.3050012e-02
   2.3198946e-02
   2.0551744e-02
   2.3164638e-02
   2.0857745e-02
   2.0625862e-02
   2.2021171e-02
   2.1791004e-02
   2.3121162e-02
   2.0518314e-02
   2.2549807e-02
   2.3545155e-02
   2.0559583e-02
   2.3436602e-02
   2.1767607e-02
   2.2978124e-02
   2.1202922e-02
   2.0528499e-02
   2.0696639e-02
   2.1622076e-02
   2.3004401e-02
   2.2490552e-02
   2.2845424e-02
   2.2701032e-02
   2.3437164e-02
   2.1004448e-02
   2.1677546e-02
   2.3584868e-02
   2.1047261e-02
   2.2889683e-02
   2.2844798e-02
   2.3212759e-02
   2.3224567e-02
   2.0553774e-02
   2.2991502e-02
   2.1395103e-02
   2.2456558e-02
   2.0634567e-02
   2.0730421e-02
   2.2442593e-02
   2.1090975e-02
   2.1447731e-02
   2.0521912e-02
   2.1147087e-02
   2.1387241e-02
   2.3299441e-02
   2.0555497e-02
   2.1276850e-02
   2.1287333e-02
   2.0580878e-02
   2.0521705e-02
   2.2750580e-02
   2.1870544e-02
   2.1199177e-02
   2.0572591e-02
   2.0547523e-02
   2.2112815e-02
   2.2127974e-02
   2.1358983e-02
   2.0521369e-02
   2.1217522e-02
   2.0606444e-02
   2.1234799e-02
   2.1890009e-02
   2.1976352e-02
   2.0589027e-02
   2.2311438e-02
   2.3474679e-02
   2.3130473e-02
   2.0580948e-02
   2.1940134e-02
   2.2136401e-02
   2.3519514e-02
   2.3595197e-02
   2.3017274e-02
   2.0562678e-02
   2.0543493e-02
   2.2296258e-02
   2.0854660e-02
   2.3619049e-02
   2.0746525e-02
   2.1750599e-02
   2.0679671e-02
   2.2653379e-02
   2.1179935e-02
   2.0517243e-02
   2.3017805e-02
   2.0567550e-02
   2.0544475e-02
   2.2104495e-02
   2.1090448e-02
   2.0699226e-02
   2.0608030e-02
   2.3466686e-02
   2.0566671e-02
   2.1470231e-02
   2.3070430e-02
   2.0611782e-02
   2.0553046e-02
   2.0522092e-02
   2.0640469e-02
   2.2191472e-02
   2.3572576e-02
   2.1221359e-02
   2.1708551e-02
   2.1704582e-02
   2.3405972e-02
   2.1920110e-02
   2.2572939e-02
   2.2932902e-02
   2.1191465e-02
   2.0868651e-02
   2.0866726e-02
   2.3612278e-02
   2.0638329e-02
   2.2670925e-02
   2.0542905e-02
   2.0616042e-02
   2.1037585e-02
   2.1650809e-02
   2.0628150e-02
   2.3603694e-02
   2.1209219e-02
   2.3566320e-02
   2.1788465e-02
   2.0650878e-02
   2.1807394e-02
   2.2811337e-02
   2.3419766e-02
   2.1358330e-02
   2.1439330e-02
   2.0527286e-02
   2.1487685e-02
   2.1528856e-02
   2.1998102e-02
   2.0551777e-02
   2.1523416e-02
   2.0869786e-02
   2.0523117e-02
   2.1021843e-02
   2.2356347e-02
   2.0653715e-02
   2.1958480e-02
   2.3279882e-02
   2.0521358e-02
   2.0520139e-02
   2.1128801e-02
   2.1372602e-02
   2.0577552e-02
   2.2218271e-02
   2.2036615e-02
   2.3580544e-02
   2.0583178e-02
   2.2876817e-02
   2.1295422e-02
   2.1284974e-02
   2.0553922e-02
   2.1478157e-02
   2.0802993e-02
   2.0577447e-02
   2.0722993e-02
   2.0988226e-02
   2.0682575e-02
   2.2444622e-02
   2.1468871e-02
   2.1668229e-02
   2.3285110e-02
   2.2267797e-02
   2.2787928e-02
   2.0534863e-02
   2.1063389e-02
   2.0521244e-02
   2.2405256e-02
   2.1477746e-02
   2.1136337e-02
   2.0546008e-02
   2.2523644e-02
   2.0909769e-02
   2.0517230e-02
   2.0747218e-02
   2.2946945e-02
   2.0585864e-02
   2.3070575e-02
   2.0552786e-02
   2.0519292e-02
   2.0523109e-02
   2.1355170e-02
   2.1835469e-02
   2.3384463e-02
   2.0521918e-02
   2.2328553e-02
   2.1024449e-02
   2.2029863e-02
   2.0662751e-02
   2.1423941e-02
   2.0632206e-02
   2.1355062e-02
   2.3164699e-02
   2.3090391e-02
   2.3532415e-02
   2.1285029e-02
   2.0538184e-02
   2.0966198e-02
   2.2240978e-02
   2.2639971e-02
   2.0994422e-02
   2.0898654e-02
   2.1719118e-02
   2.0745728e-02
   2.3566585e-02
   2.1195123e-02
   2.1119617e-02
   2.2819917e-02
   2.1792069e-02
   2.2657464e-02
   2.0602950e-02
   2.0518021e-02
   2.0962278e-02
   2.1018200e-02
   2.1678292e-02
   2.1235471e-02
   2.1645205e-02
   2.1693587e-02
   2.1010779e-02
   2.3510308e-02
   2.2780873e-02
   2.2052238e-02
   2.2041138e-02
   2.1249412e-02
   2.0654248e-02
   2.3030705e-02
   2.2333486e-02
   2.1785935e-02
   2.0517240e-02
   2.3303793e-02
   2.1385953e-02
   2.1951695e-02
