   2.3254018e-01
   2.4280132e-01
   2.3262251e-01
   2.3804453e-01
   2.2012628e-01
   2.3897413e-01
   2.1534847e-01
   2.3335459e-01
   2.1466542e-01
   2.2135478e-01
   2.3649301e-01
   2.1330230e-01
   2.3938784e-01
   2.3645080e-01
   2.1582842e-01
   2.3643091e-01
   2.3925881e-01
   2.1921359e-01
   2.3437125e-01
   2.3507388e-01
   2.3652596e-01
   2.3826222e-01
   2.3341305e-01
   2.3350416e-01
   2.3277063e-01
   2.3691159e-01
   2.1508286e-01
   2.1786635e-01
   2.2530893e-01
   2.1669790e-01
   2.1353712e-01
   2.3077203e-01
   2.2583535e-01
   2.3831331e-01
   2.2913679e-01
   2.2224595e-01
   2.3353222e-01
   2.3336240e-01
   2.2396749e-01
   2.3913812e-01
   2.3469672e-01
   2.2525459e-01
   2.2575983e-01
   2.3993114e-01
   2.3729427e-01
   2.3402921e-01
   2.3327538e-01
   2.2258051e-01
   2.3662773e-01
   2.1331473e-01
   2.3501556e-01
   2.1499768e-01
   2.3188356e-01
   2.2931912e-01
   2.3271949e-01
   2.1319173e-01
   2.1484934e-01
   2.4149955e-01
   2.3313948e-01
   2.3623931e-01
   2.3679469e-01
   2.2745263e-01
   2.4105977e-01
   2.2974105e-01
   2.1451258e-01
   2.3945700e-01
   2.3260890e-01
   2.1869383e-01
   2.3918336e-01
   2.4128687e-01
   2.1520847e-01
   2.1537442e-01
   2.3650051e-01
   2.2888357e-01
   2.1749851e-01
   2.1422010e-01
   2.2540243e-01
   2.1502387e-01
   2.1919775e-01
   2.3409790e-01
   2.1535917e-01
   2.3574239e-01
   2.3832853e-01
   2.2385990e-01
   2.2979628e-01
   2.3519059e-01
   2.1665386e-01
   2.1670730e-01
   2.1307787e-01
   2.1607875e-01
   2.2258396e-01
   2.3543801e-01
   2.2420016e-01
   2.2921548e-01
   2.3174798e-01
   2.2426637e-01
   2.1470340e-01
   2.4060601e-01
   2.2126998e-01
   2.3475898e-01
   2.2233827e-01
   2.1509551e-01
   2.2036494e-01
   2.3453295e-01
   2.1388224e-01
   2.3266634e-01
   2.3567123e-01
   2.1468268e-01
   2.3697741e-01
   2.3234127e-01
   2.1774163e-01
   2.4304022e-01
   2.3793700e-01
   2.3770084e-01
   2.3601796e-01
   2.1463535e-01
   2.1589749e-01
   2.1809145e-01
   2.3638608e-01
   2.3294372e-01
   2.1411160e-01
   2.1666711e-01
   2.3802314e-01
   2.3152640e-01
   2.2589299e-01
   2.3914241e-01
   2.3200295e-01
   2.3722737e-01
   2.3496427e-01
   2.2164513e-01
   2.1857738e-01
   2.3814657e-01
   2.3247585e-01
   2.1788997e-01
   2.3579157e-01
   2.2898314e-01
   2.3484016e-01
   2.3325992e-01
   2.2573806e-01
   2.2504846e-01
   2.3836446e-01
   2.3191467e-01
   2.3643580e-01
   2.3323994e-01
   2.3155023e-01
   2.3525531e-01
   2.1816272e-01
   2.3029033e-01
   2.3643132e-01
   2.1707006e-01
   2.4048910e-01
   2.3693453e-01
   2.2437930e-01
   2.3552820e-01
   2.1912273e-01
   2.2138492e-01
   2.2070241e-01
   2.3829184e-01
   2.3680156e-01
   2.1140033e-01
   2.2652180e-01
   2.2843288e-01
   2.1790927e-01
   2.2360770e-01
   2.3369216e-01
   2.3204913e-01
   2.1671960e-01
   2.1931266e-01
   2.1847268e-01
   2.1434552e-01
   2.1621323e-01
   2.3911758e-01
   2.1916659e-01
   2.3763731e-01
   2.3167561e-01
   2.3902143e-01
   2.3166770e-01
   2.1482596e-01
   2.2108707e-01
   2.3782019e-01
   2.3621825e-01
   2.3240012e-01
   2.4297029e-01
   2.2504610e-01
   2.2707210e-01
   2.2460863e-01
   2.3265199e-01
   2.3645510e-01
   2.1786343e-01
   2.1837279e-01
   2.4278643e-01
   2.3525652e-01
   2.3548633e-01
   2.2284918e-01
   2.3235967e-01
   2.1348672e-01
   2.3200377e-01
   2.3328762e-01
   2.3303929e-01
   2.3477875e-01
   2.3822812e-01
   2.3267055e-01
   2.3524336e-01
   2.2272878e-01
   2.1814982e-01
   2.1565646e-01
   2.3290330e-01
   2.2724537e-01
   2.2586387e-01
   2.3170978e-01
   2.3924219e-01
   2.3551858e-01
   2.4206678e-01
   2.1317759e-01
   2.2549862e-01
   2.1849962e-01
   2.2689446e-01
   2.3822377e-01
   2.1833473e-01
   2.3227854e-01
   2.3559709e-01
   2.3343628e-01
   2.2303128e-01
   2.1784280e-01
   2.4030975e-01
   2.1793772e-01
   2.2602156e-01
   2.3311357e-01
   2.1394714e-01
   2.3165326e-01
   2.3163438e-01
   2.2806802e-01
   2.2787468e-01
   2.3153285e-01
   2.3344116e-01
   2.1794641e-01
   2.2481309e-01
   2.1557037e-01
   2.4008285e-01
   2.2164620e-01
   2.3061390e-01
   2.2693535e-01
   2.3622652e-01
   2.1966866e-01
   2.2186681e-01
   2.3557697e-01
   2.3992820e-01
   2.2106355e-01
   2.2979418e-01
   2.2685992e-01
   2.3577964e-01
   2.3368302e-01
   2.1493732e-01
   2.4220036e-01
   2.2673053e-01
   2.2970842e-01
   2.1564908e-01
   2.2389998e-01
   2.2461808e-01
   2.1314164e-01
   2.1648629e-01
   2.2452374e-01
   2.3122792e-01
   2.1506698e-01
   2.3231017e-01
   2.2942854e-01
   2.1717696e-01
   2.3412403e-01
   2.3786329e-01
   2.3245845e-01
   2.2844425e-01
   2.3532990e-01
   2.1647272e-01
   2.3467672e-01
   2.2213933e-01
   2.3378524e-01
   2.2368149e-01
   2.4188137e-01
   2.3465729e-01
   2.4276652e-01
   2.3853951e-01
   2.3881407e-01
   2.2913447e-01
   2.1406949e-01
   2.2040495e-01
   2.4192908e-01
   2.2331940e-01
   2.3376796e-01
   2.3233465e-01
   2.3161624e-01
   2.4197555e-01
   2.2297741e-01
   2.1253742e-01
   2.1338964e-01
   2.1513903e-01
   2.2811460e-01
   2.3175466e-01
   2.1937338e-01
   2.4124793e-01
   2.1412456e-01
