   2.2962734e-02
   2.3100598e-02
   2.2874640e-02
   2.3358659e-02
   2.2606069e-02
   2.2241935e-02
   2.2471744e-02
   2.2734008e-02
   2.2768551e-02
   2.2447000e-02
   2.3009745e-02
   2.2389803e-02
   2.2826855e-02
   2.2389174e-02
   2.2106736e-02
   2.2977552e-02
   2.2230500e-02
   2.2980286e-02
   2.3042971e-02
   2.3233817e-02
   2.3240096e-02
   2.2268877e-02
   2.3337028e-02
   2.2863052e-02
   2.2505337e-02
   2.2515728e-02
   2.2974796e-02
   2.2457443e-02
   2.2230481e-02
   2.2191924e-02
   2.3139402e-02
   2.2289927e-02
   2.3266795e-02
   2.3210576e-02
   2.2950303e-02
   2.3056577e-02
   2.2697192e-02
   2.2966860e-02
   2.2702797e-02
   2.2451691e-02
   2.3294254e-02
   2.2498127e-02
   2.2008686e-02
   2.3322945e-02
   2.3207633e-02
   2.2713455e-02
   2.3185331e-02
   2.3328379e-02
   2.3135292e-02
   2.2737575e-02
   2.3096063e-02
   2.2928181e-02
   2.2625239e-02
   2.2944999e-02
   2.2364189e-02
   2.2168029e-02
   2.3121375e-02
   2.2922704e-02
   2.2607792e-02
   2.3030738e-02
   2.3251453e-02
   2.3080836e-02
   2.2393550e-02
   2.2978659e-02
   2.2064681e-02
   2.3128632e-02
   2.2780314e-02
   2.2772355e-02
   2.2681450e-02
   2.3161868e-02
   2.2520544e-02
   2.3149046e-02
   2.3035513e-02
   2.3053579e-02
   2.2966261e-02
   2.3105021e-02
   2.2951250e-02
   2.2887053e-02
   2.2892261e-02
   2.2079578e-02
   2.2388266e-02
   2.2703250e-02
   2.2159072e-02
   2.2445300e-02
   2.2937105e-02
   2.2779243e-02
   2.3111347e-02
   2.3040965e-02
   2.3109870e-02
   2.2271109e-02
   2.2979528e-02
   2.2234144e-02
   2.3003769e-02
   2.2632995e-02
   2.2440145e-02
   2.3039761e-02
   2.3080050e-02
   2.3321094e-02
   2.2597960e-02
   2.3030087e-02
   2.2118608e-02
   2.2665301e-02
   2.2998889e-02
   2.2285183e-02
   2.2701358e-02
   2.2262726e-02
   2.3310716e-02
   2.2821266e-02
   2.2778020e-02
   2.3234774e-02
   2.2778442e-02
   2.3203961e-02
   2.2873566e-02
   2.2788627e-02
   2.2097748e-02
   2.3263245e-02
   2.2827452e-02
   2.2331748e-02
   2.3334876e-02
   2.3101368e-02
   2.3224925e-02
   2.2562162e-02
   2.2410320e-02
   2.2261059e-02
   2.3133989e-02
   2.2496882e-02
   2.3109208e-02
   2.2849477e-02
   2.2568545e-02
   2.3066199e-02
   2.2560972e-02
   2.3349677e-02
   2.3106201e-02
   2.3002557e-02
   2.3167885e-02
   2.2976231e-02
   2.2393544e-02
   2.2511566e-02
   2.2877145e-02
   2.2321810e-02
   2.2855607e-02
   2.3035280e-02
   2.3232064e-02
   2.3277280e-02
   2.2011266e-02
   2.2612073e-02
   2.2668751e-02
   2.2949164e-02
   2.2588323e-02
   2.2674426e-02
   2.2425117e-02
   2.3233684e-02
   2.2686887e-02
   2.3014689e-02
   2.2599406e-02
   2.2856901e-02
   2.2128821e-02
   2.2075945e-02
   2.2377920e-02
   2.2667836e-02
   2.2558892e-02
   2.3125761e-02
   2.3008281e-02
   2.2142382e-02
   2.2896307e-02
   2.2748299e-02
   2.2941942e-02
   2.2339778e-02
   2.3213997e-02
   2.3107087e-02
   2.3136537e-02
   2.2381832e-02
   2.3241540e-02
   2.2253866e-02
   2.2304109e-02
   2.2244890e-02
   2.3133794e-02
   2.3030662e-02
   2.2799767e-02
   2.3050465e-02
   2.2280833e-02
   2.2565394e-02
   2.2306268e-02
   2.2979894e-02
   2.3014835e-02
   2.2970973e-02
   2.2925785e-02
   2.2946775e-02
   2.2998583e-02
   2.2915417e-02
   2.3299727e-02
   2.2430718e-02
   2.2877298e-02
   2.3373638e-02
   2.2596306e-02
   2.2903515e-02
   2.3127902e-02
   2.2969720e-02
   2.3110420e-02
   2.2305305e-02
   2.3289695e-02
   2.2646731e-02
   2.3039498e-02
   2.3035650e-02
   2.2093155e-02
   2.2994760e-02
   2.2383573e-02
   2.2809132e-02
   2.3062767e-02
   2.2613651e-02
   2.2941035e-02
   2.3055622e-02
   2.2774669e-02
   2.3123123e-02
   2.3269419e-02
   2.2577787e-02
   2.3036206e-02
   2.2695351e-02
   2.2952400e-02
   2.2375165e-02
   2.2652164e-02
   2.2621687e-02
   2.3012347e-02
   2.3313654e-02
   2.2616996e-02
   2.2065381e-02
   2.3345201e-02
   2.2973645e-02
   2.2887245e-02
   2.3083041e-02
   2.2285538e-02
   2.2556880e-02
   2.2882699e-02
   2.3118135e-02
   2.2669246e-02
   2.2765624e-02
   2.3271182e-02
   2.3321843e-02
   2.2997385e-02
   2.2069795e-02
   2.2531615e-02
   2.2976078e-02
   2.2985843e-02
   2.3158889e-02
   2.2862295e-02
   2.2820119e-02
   2.3249048e-02
   2.2537585e-02
   2.3268648e-02
   2.2857014e-02
   2.3222463e-02
   2.3259851e-02
   2.3245765e-02
   2.3043287e-02
   2.3163922e-02
   2.2873114e-02
   2.2920023e-02
   2.3351493e-02
   2.2821755e-02
   2.3096019e-02
   2.2962779e-02
   2.2873170e-02
   2.2625852e-02
   2.2948653e-02
   2.2305010e-02
   2.3153330e-02
   2.3221364e-02
   2.2480401e-02
   2.3127572e-02
   2.2984024e-02
   2.3179928e-02
   2.3030765e-02
   2.2800749e-02
   2.2156550e-02
   2.2352725e-02
   2.2948405e-02
   2.2176628e-02
   2.2978196e-02
   2.2817349e-02
   2.2876453e-02
   2.3182492e-02
   2.2132535e-02
   2.3101595e-02
   2.2006961e-02
   2.2349610e-02
   2.2739917e-02
   2.2373885e-02
   2.2924208e-02
   2.2533481e-02
   2.3208499e-02
   2.2220841e-02
   2.2519731e-02
   2.2487907e-02
   2.2979333e-02
   2.3237499e-02
   2.3000996e-02
   2.3219199e-02
   2.2990436e-02
   2.2849960e-02
   2.2915767e-02
