   2.8290921e-02
   2.7692544e-02
   2.7860299e-02
   2.8562558e-02
   2.8560899e-02
   2.7695623e-02
   2.8542846e-02
   2.7726950e-02
   2.7964453e-02
   2.7734723e-02
   2.8486155e-02
   2.7702484e-02
   2.8535227e-02
   2.7700401e-02
   2.7706999e-02
   2.7723744e-02
   2.8588393e-02
   2.7714028e-02
   2.7736154e-02
   2.8486584e-02
   2.7709278e-02
   2.8145099e-02
   2.7709894e-02
   2.7952306e-02
   2.8570845e-02
   2.7718341e-02
   2.8546502e-02
   2.7686323e-02
   2.7743367e-02
   2.7720654e-02
   2.7688069e-02
   2.7738996e-02
   2.7724029e-02
   2.8539038e-02
   2.8611884e-02
   2.7686375e-02
   2.8529179e-02
   2.7715040e-02
   2.8570323e-02
   2.8570591e-02
   2.8287021e-02
   2.8368758e-02
   2.8556739e-02
   2.7697819e-02
   2.7731522e-02
   2.7756447e-02
   2.7735749e-02
   2.8571889e-02
   2.7764648e-02
   2.7740117e-02
   2.7687644e-02
   2.8108137e-02
   2.8561107e-02
   2.8456140e-02
   2.7905730e-02
   2.8556015e-02
   2.8162624e-02
   2.7687083e-02
   2.7723892e-02
   2.7912535e-02
   2.7702861e-02
   2.7851476e-02
   2.8532860e-02
   2.7693933e-02
   2.8563686e-02
   2.8068954e-02
   2.7737488e-02
   2.8395182e-02
   2.8430583e-02
   2.7691279e-02
   2.8150441e-02
   2.8574561e-02
   2.7698504e-02
   2.8560210e-02
   2.8543835e-02
   2.7713217e-02
   2.7713353e-02
   2.8564789e-02
   2.8539106e-02
   2.7739489e-02
   2.7706551e-02
   2.8154444e-02
   2.7694278e-02
   2.8518138e-02
   2.8051212e-02
   2.8582203e-02
   2.7689991e-02
   2.8518330e-02
   2.7733205e-02
   2.7707914e-02
   2.8104531e-02
   2.7707975e-02
   2.8400336e-02
   2.7698858e-02
   2.7742027e-02
   2.8518838e-02
   2.7737554e-02
   2.8557475e-02
   2.8173927e-02
   2.8528927e-02
   2.8526912e-02
   2.7672245e-02
   2.8395976e-02
   2.7710828e-02
   2.8519134e-02
   2.7693144e-02
   2.7736112e-02
   2.7734926e-02
   2.7707941e-02
   2.7739256e-02
   2.7937825e-02
   2.8192401e-02
   2.8145700e-02
   2.7686965e-02
   2.8336073e-02
   2.7686656e-02
   2.8521022e-02
   2.8059670e-02
   2.7728461e-02
   2.8496893e-02
   2.7807109e-02
   2.7776488e-02
   2.8519181e-02
   2.8575873e-02
   2.8176021e-02
   2.8272490e-02
   2.8465108e-02
   2.7674294e-02
   2.7707494e-02
   2.8567849e-02
   2.8530181e-02
   2.8358532e-02
   2.8300234e-02
   2.8110573e-02
   2.8275544e-02
   2.7731597e-02
   2.7728362e-02
   2.7707086e-02
   2.7739089e-02
   2.8517536e-02
   2.7728174e-02
   2.8526957e-02
   2.7709462e-02
   2.8517428e-02
   2.7687815e-02
   2.7708924e-02
   2.8519023e-02
   2.7741391e-02
   2.7726448e-02
   2.8537957e-02
   2.7727438e-02
   2.8584076e-02
   2.7741661e-02
   2.8516654e-02
   2.8342633e-02
   2.7693665e-02
   2.7696354e-02
   2.8547409e-02
   2.8096332e-02
   2.7685959e-02
   2.7738417e-02
   2.7762288e-02
   2.7731308e-02
   2.7728291e-02
   2.7710877e-02
   2.7779537e-02
   2.7703427e-02
   2.7737233e-02
   2.7740398e-02
   2.7743526e-02
   2.8527043e-02
   2.7699657e-02
   2.8525425e-02
   2.8526682e-02
   2.7826535e-02
   2.7728486e-02
   2.8580582e-02
   2.8534728e-02
   2.7687507e-02
   2.7714053e-02
   2.8476377e-02
   2.7735487e-02
   2.8520267e-02
   2.7710161e-02
   2.8373695e-02
   2.7789542e-02
   2.7709682e-02
   2.7997710e-02
   2.8222470e-02
   2.7742845e-02
   2.8538780e-02
   2.7686370e-02
   2.7689032e-02
   2.8572192e-02
   2.7845574e-02
   2.7721562e-02
   2.7738036e-02
   2.8604866e-02
   2.8557723e-02
   2.7863056e-02
   2.8562842e-02
   2.7743775e-02
   2.7708369e-02
   2.7743430e-02
   2.8570181e-02
   2.7686356e-02
   2.7742984e-02
   2.7686369e-02
   2.7737054e-02
   2.7737009e-02
   2.7933845e-02
   2.7708230e-02
   2.7738830e-02
   2.8570618e-02
   2.8520032e-02
   2.7741373e-02
   2.8568004e-02
   2.7784261e-02
   2.8551206e-02
   2.8569353e-02
   2.8566581e-02
   2.8570080e-02
   2.8570583e-02
   2.8553947e-02
   2.7717318e-02
   2.8614847e-02
   2.7701988e-02
   2.8567151e-02
   2.8523596e-02
   2.7687796e-02
   2.7698633e-02
   2.8547505e-02
   2.7779160e-02
   2.7737027e-02
   2.7702726e-02
   2.8572109e-02
   2.7712306e-02
   2.8176318e-02
   2.7891709e-02
   2.8557254e-02
   2.8484983e-02
   2.8564360e-02
   2.8558490e-02
   2.8131686e-02
   2.8562466e-02
   2.8615309e-02
   2.7686411e-02
   2.8122480e-02
   2.7735695e-02
   2.7736416e-02
   2.8571546e-02
   2.7736335e-02
   2.7727032e-02
   2.7731554e-02
   2.8106471e-02
   2.8020373e-02
   2.7756126e-02
   2.8532245e-02
   2.7688774e-02
   2.7859591e-02
   2.7699734e-02
   2.7796641e-02
   2.7688181e-02
   2.8533288e-02
   2.8546214e-02
   2.7694806e-02
   2.7808798e-02
   2.7724247e-02
   2.8554616e-02
   2.7843665e-02
   2.8522192e-02
   2.8548319e-02
   2.7743983e-02
   2.7700963e-02
   2.7727536e-02
   2.7731375e-02
   2.8518736e-02
   2.7696982e-02
   2.7724982e-02
   2.8350238e-02
   2.8516374e-02
   2.7750946e-02
   2.8517456e-02
   2.8523574e-02
   2.7744130e-02
   2.7701041e-02
   2.7911307e-02
   2.8520511e-02
   2.7673642e-02
   2.8547510e-02
   2.7697648e-02
   2.7705719e-02
   2.8079912e-02
   2.7704961e-02
   2.7929630e-02
   2.7702621e-02
   2.7738052e-02
   2.7779883e-02
   2.7686026e-02
   2.8555048e-02
