   4.9217766e-02
   4.8053578e-02
   5.2947599e-02
   4.8259884e-02
   4.9190693e-02
   5.4006915e-02
   4.8257667e-02
   4.8203572e-02
   5.7589022e-02
   4.8459510e-02
   4.8075894e-02
   4.9657670e-02
   5.1580602e-02
   4.7521967e-02
   5.5349919e-02
   4.9096116e-02
   5.9148528e-02
   4.8067806e-02
   5.0751524e-02
   5.5347598e-02
   5.0497405e-02
   4.9993217e-02
   4.8595886e-02
   4.8970697e-02
   5.6222643e-02
   4.9482090e-02
   4.8699181e-02
   4.9865325e-02
   5.0695092e-02
   4.9386752e-02
   5.9867398e-02
   5.6775868e-02
   5.5469195e-02
   5.6393990e-02
   4.8736982e-02
   4.9918816e-02
   4.7755116e-02
   5.2569417e-02
   4.9103600e-02
   5.2628295e-02
   4.8607496e-02
   5.0588068e-02
   5.9536676e-02
   5.0198829e-02
   4.9705926e-02
   5.5495658e-02
   5.3986282e-02
   5.5314077e-02
   5.5975893e-02
   4.8015356e-02
   5.1691059e-02
   5.0441453e-02
   5.1140564e-02
   6.2718468e-02
   4.8524838e-02
   5.0553588e-02
   4.8100187e-02
   6.0947454e-02
   4.8539652e-02
   5.4063622e-02
   5.0196719e-02
   5.0107767e-02
   5.7216890e-02
   4.7611283e-02
   5.0319419e-02
   5.6200764e-02
   4.7790175e-02
   4.8884254e-02
   5.2195689e-02
   5.1550899e-02
   4.9270396e-02
   5.7370075e-02
   5.1897673e-02
   4.7865431e-02
   4.8287731e-02
   4.8551924e-02
   4.8393850e-02
   5.0326959e-02
   4.8964266e-02
   4.8990866e-02
   4.8815954e-02
   4.8925124e-02
   4.8961815e-02
   5.0838026e-02
   5.3163556e-02
   5.0702818e-02
   6.0330349e-02
   5.8467633e-02
   5.8670175e-02
   4.8450317e-02
   5.4329630e-02
   5.2827754e-02
   4.8751392e-02
   5.4606815e-02
   5.2503529e-02
   4.9370836e-02
   5.7908546e-02
   5.3530765e-02
   5.2265170e-02
   5.3085697e-02
   5.4375037e-02
   5.7524885e-02
   4.8627311e-02
   5.1230791e-02
   5.1075556e-02
   5.9260814e-02
   5.4545669e-02
   6.1514134e-02
   5.1111356e-02
   5.0924412e-02
   5.3962907e-02
   5.7099681e-02
   4.9838031e-02
   5.6950100e-02
   5.1964386e-02
   4.7535861e-02
   5.0677290e-02
   5.4948132e-02
   4.8886718e-02
   5.2276406e-02
   4.7928738e-02
   5.3522987e-02
   5.0424239e-02
   5.1524141e-02
   5.6187501e-02
   5.7609910e-02
   4.9667663e-02
   4.7879731e-02
   4.8830577e-02
   4.9920382e-02
   4.7883732e-02
   5.2844694e-02
   5.9724512e-02
   4.9569240e-02
   5.2154857e-02
   5.8912808e-02
   5.5547448e-02
   5.8293370e-02
   5.5394174e-02
   5.6971622e-02
   5.3000303e-02
   4.9736562e-02
   5.5179518e-02
   4.8306385e-02
   4.9734243e-02
   4.9997925e-02
   4.9522458e-02
   6.2046536e-02
   5.8795626e-02
   6.2137470e-02
   5.4473587e-02
   5.5971155e-02
   5.8759049e-02
   5.7886993e-02
   5.4752700e-02
   4.9395845e-02
   5.4848633e-02
   5.7817896e-02
   5.2293765e-02
   5.4221600e-02
   4.7565369e-02
   5.1985312e-02
   4.9665840e-02
   5.4744635e-02
   4.9345787e-02
   4.8301876e-02
   5.2395776e-02
   4.8454505e-02
   5.2909008e-02
   5.7064686e-02
   4.8933887e-02
   4.8308291e-02
   5.2559018e-02
   4.7715674e-02
   5.0958219e-02
   5.5040433e-02
   5.0299378e-02
   5.0683641e-02
   4.9369658e-02
   4.9126248e-02
   4.8344293e-02
   5.4287213e-02
   5.4724913e-02
   5.0875670e-02
   5.4668284e-02
   4.9670455e-02
   5.6561017e-02
   6.0128158e-02
   4.8019610e-02
   5.1491090e-02
   5.8183069e-02
   5.3677011e-02
   5.0927665e-02
   5.6791647e-02
   5.8183029e-02
   4.8016467e-02
   5.6650396e-02
   5.3679438e-02
   4.8449817e-02
   5.0303031e-02
   5.6495942e-02
   4.9487174e-02
   4.9570911e-02
   4.8993259e-02
   4.9973637e-02
   4.9775725e-02
   4.9851792e-02
   4.7645836e-02
   4.9924908e-02
   4.8641929e-02
   5.5729288e-02
   4.7499638e-02
   4.8049967e-02
   5.0687790e-02
   4.7704564e-02
   4.9160337e-02
   4.8589964e-02
   5.5422817e-02
   4.9346238e-02
   4.8611910e-02
   4.9399494e-02
   6.0524289e-02
   4.8043194e-02
   5.8567447e-02
   4.9406171e-02
   4.8411122e-02
   5.2512303e-02
   4.8155247e-02
   4.8786076e-02
   5.2966552e-02
   5.4977294e-02
   5.0009283e-02
   4.8724503e-02
   5.4229312e-02
   5.1335532e-02
   4.7714140e-02
   4.7967679e-02
   5.3737983e-02
   4.7810174e-02
   5.4922201e-02
   5.1639657e-02
   4.8930885e-02
   5.4786304e-02
   5.3621640e-02
   5.0102962e-02
   4.8236686e-02
   4.8507185e-02
   4.7790558e-02
   5.9108585e-02
   4.9270288e-02
   5.7323433e-02
   4.9562913e-02
   5.0387695e-02
   4.9492175e-02
   5.1206231e-02
   5.3305603e-02
   5.3312149e-02
   5.7727594e-02
   5.1636417e-02
   5.6558619e-02
   5.8337274e-02
   5.6950598e-02
   5.2806268e-02
   5.2690140e-02
   4.8985479e-02
   4.8052626e-02
   4.8294515e-02
   5.1502941e-02
   4.8337857e-02
   5.4902293e-02
   5.0908911e-02
   5.9191047e-02
   4.8219026e-02
   4.8233290e-02
   4.9195381e-02
   5.4441512e-02
   5.6083813e-02
   5.7569435e-02
   5.4419804e-02
   4.8633821e-02
   4.9931830e-02
   4.8514216e-02
   4.7973039e-02
   4.8642769e-02
   5.3014542e-02
   6.0550090e-02
   5.6893363e-02
   5.2907963e-02
   4.7628697e-02
   5.0010165e-02
   6.2283379e-02
   5.6633897e-02
   4.8436447e-02
   5.6742519e-02
   4.8845361e-02
   5.1234761e-02
   4.7856233e-02
   5.4468220e-02
   5.7709664e-02
   4.8346883e-02
