   3.4874696e-02
   3.6245928e-02
   3.5395009e-02
   3.5058063e-02
   3.7818790e-02
   3.7651718e-02
   3.5509903e-02
   3.4994058e-02
   3.4940821e-02
   3.5826898e-02
   3.6146315e-02
   3.7602338e-02
   3.4802394e-02
   3.6855966e-02
   3.5944178e-02
   3.4915591e-02
   3.3545751e-02
   3.7132207e-02
   3.6548421e-02
   3.6872800e-02
   3.5335586e-02
   3.7180370e-02
   3.7315538e-02
   3.4322421e-02
   3.5728560e-02
   3.6636803e-02
   3.6635786e-02
   3.7096150e-02
   3.5237940e-02
   3.5044509e-02
   3.4651381e-02
   3.6711448e-02
   3.5272895e-02
   3.4622544e-02
   3.4896408e-02
   3.7407038e-02
   3.5211798e-02
   3.6889582e-02
   3.7957702e-02
   3.6452694e-02
   3.4277139e-02
   3.6537882e-02
   3.6648572e-02
   3.5788239e-02
   3.5389637e-02
   3.6822639e-02
   3.4567582e-02
   3.5609663e-02
   3.7627480e-02
   3.4098948e-02
   3.4891389e-02
   3.6506540e-02
   3.5177478e-02
   3.7507610e-02
   3.6055043e-02
   3.7213101e-02
   3.4780462e-02
   3.5992662e-02
   3.7420518e-02
   3.7558675e-02
   3.6371713e-02
   3.4012270e-02
   3.3838050e-02
   3.5592365e-02
   3.5437320e-02
   3.7815766e-02
   3.6109012e-02
   3.7554839e-02
   3.5710535e-02
   3.6148518e-02
   3.6860656e-02
   3.4810058e-02
   3.5193658e-02
   3.6219925e-02
   3.6251574e-02
   3.7079954e-02
   3.5577169e-02
   3.6987392e-02
   3.6677361e-02
   3.7692039e-02
   3.6166122e-02
   3.5396509e-02
   3.7413868e-02
   3.4739524e-02
   3.6987140e-02
   3.5026011e-02
   3.3786079e-02
   3.6041940e-02
   3.6862965e-02
   3.5295107e-02
   3.6511537e-02
   3.6405869e-02
   3.5616929e-02
   3.5844582e-02
   3.7306075e-02
   3.6351581e-02
   3.6214428e-02
   3.5197815e-02
   3.5027442e-02
   3.7271058e-02
   3.6496633e-02
   3.5710578e-02
   3.4915577e-02
   3.7559659e-02
   3.3590983e-02
   3.7688944e-02
   3.4460963e-02
   3.6590113e-02
   3.5064666e-02
   3.5219886e-02
   3.5642779e-02
   3.5008164e-02
   3.4582856e-02
   3.6839137e-02
   3.7142628e-02
   3.6455927e-02
   3.7003027e-02
   3.3968847e-02
   3.6828982e-02
   3.7005055e-02
   3.6395731e-02
   3.7101877e-02
   3.6781832e-02
   3.7248352e-02
   3.7338204e-02
   3.7423398e-02
   3.6129789e-02
   3.7566350e-02
   3.5865027e-02
   3.6291125e-02
   3.6369251e-02
   3.6375787e-02
   3.5301388e-02
   3.4674302e-02
   3.4642774e-02
   3.7199868e-02
   3.5715492e-02
   3.5041338e-02
   3.7130370e-02
   3.4874178e-02
   3.3923265e-02
   3.7528148e-02
   3.5580271e-02
   3.5055626e-02
   3.3946180e-02
   3.7009189e-02
   3.4520619e-02
   3.7769078e-02
   3.6700469e-02
   3.4500918e-02
   3.6232272e-02
   3.4927898e-02
   3.6361951e-02
   3.5421694e-02
   3.5652628e-02
   3.7388347e-02
   3.7090945e-02
   3.4692682e-02
   3.6082307e-02
   3.5248546e-02
   3.6455425e-02
   3.7561297e-02
   3.7212851e-02
   3.4214149e-02
   3.4761471e-02
   3.7114850e-02
   3.5352460e-02
   3.4906399e-02
   3.5005087e-02
   3.6689076e-02
   3.7243913e-02
   3.3904067e-02
   3.4283279e-02
   3.5884000e-02
   3.5884650e-02
   3.5074816e-02
   3.6372702e-02
   3.6360895e-02
   3.5516616e-02
   3.6040528e-02
   3.6616149e-02
   3.7332944e-02
   3.7567526e-02
   3.7855483e-02
   3.6729857e-02
   3.5868290e-02
   3.5694467e-02
   3.5155956e-02
   3.7089648e-02
   3.7149839e-02
   3.7114370e-02
   3.4577502e-02
   3.7129371e-02
   3.6482440e-02
   3.4816475e-02
   3.4054891e-02
   3.4435662e-02
   3.7077043e-02
   3.5007990e-02
   3.5716211e-02
   3.6967662e-02
   3.6744149e-02
   3.4248290e-02
   3.6606648e-02
   3.5198295e-02
   3.6279633e-02
   3.5360046e-02
   3.5121242e-02
   3.6242278e-02
   3.3934010e-02
   3.7397715e-02
   3.5643596e-02
   3.5606862e-02
   3.6040655e-02
   3.7139540e-02
   3.6460009e-02
   3.6767382e-02
   3.4952314e-02
   3.5559724e-02
   3.6782495e-02
   3.6501233e-02
   3.5184085e-02
   3.7504502e-02
   3.4594314e-02
   3.6620823e-02
   3.6462652e-02
   3.5151629e-02
   3.4640366e-02
   3.4467113e-02
   3.5274404e-02
   3.7074718e-02
   3.4565720e-02
   3.4971825e-02
   3.7316216e-02
   3.6527656e-02
   3.6470475e-02
   3.5162044e-02
   3.7114108e-02
   3.6676011e-02
   3.6354377e-02
   3.6651109e-02
   3.6186176e-02
   3.4753367e-02
   3.4841090e-02
   3.6198492e-02
   3.4848564e-02
   3.5212618e-02
   3.6986213e-02
   3.7577084e-02
   3.6041900e-02
   3.7321523e-02
   3.5736616e-02
   3.6171043e-02
   3.4671196e-02
   3.5650180e-02
   3.7382059e-02
   3.7779312e-02
   3.5064937e-02
   3.5768013e-02
   3.4536832e-02
   3.6839904e-02
   3.7720444e-02
   3.4191636e-02
   3.5832083e-02
   3.6112549e-02
   3.4335936e-02
   3.7409833e-02
   3.7824949e-02
   3.6906482e-02
   3.3984831e-02
   3.7021196e-02
   3.7423584e-02
   3.7681480e-02
   3.5933579e-02
   3.6085018e-02
   3.5173665e-02
   3.5330702e-02
   3.7133845e-02
   3.7300774e-02
   3.5112616e-02
   3.7733561e-02
   3.7114605e-02
   3.5453590e-02
   3.7356761e-02
   3.5156944e-02
   3.5490897e-02
   3.5572875e-02
   3.4550574e-02
   3.5796880e-02
   3.5046480e-02
   3.6527000e-02
   3.7012669e-02
   3.4910003e-02
   3.6193660e-02
   3.7245639e-02
   3.5820908e-02
   3.6635812e-02
   3.5870038e-02
   3.7178604e-02
   3.5756501e-02
