   3.8413193e-02
   3.9101788e-02
   3.8026817e-02
   3.8465412e-02
   3.8570717e-02
   3.8314963e-02
   3.8111199e-02
   3.8703764e-02
   3.8069472e-02
   3.8061229e-02
   3.8095507e-02
   3.8228666e-02
   3.8369009e-02
   3.8613014e-02
   3.8174080e-02
   3.8027763e-02
   3.8118869e-02
   3.8353493e-02
   3.8115769e-02
   3.8141220e-02
   3.8082484e-02
   3.8481855e-02
   3.8423592e-02
   3.8315059e-02
   3.8514721e-02
   3.8305237e-02
   3.9144317e-02
   3.8616959e-02
   3.8633478e-02
   3.8037315e-02
   3.8887819e-02
   3.8188162e-02
   3.8951734e-02
   3.8999384e-02
   3.8137445e-02
   3.9021958e-02
   3.8817052e-02
   3.8304622e-02
   3.8555973e-02
   3.8041466e-02
   3.8150017e-02
   3.8120602e-02
   3.8232872e-02
   3.8749001e-02
   3.8276750e-02
   3.8028150e-02
   3.8410541e-02
   3.8226148e-02
   3.8322261e-02
   3.8337973e-02
   3.8091230e-02
   3.8275569e-02
   3.8416929e-02
   3.8942694e-02
   3.8763307e-02
   3.8031267e-02
   3.9129880e-02
   3.8309517e-02
   3.8314670e-02
   3.8337345e-02
   3.8235209e-02
   3.8994310e-02
   3.8242039e-02
   3.8179127e-02
   3.8068678e-02
   3.8846076e-02
   3.8303561e-02
   3.8341773e-02
   3.8137741e-02
   3.8560456e-02
   3.8111613e-02
   3.9101375e-02
   3.8115807e-02
   3.8260747e-02
   3.8550488e-02
   3.8272588e-02
   3.8777995e-02
   3.8183833e-02
   3.8871317e-02
   3.8181473e-02
   3.9101579e-02
   3.8259113e-02
   3.8268863e-02
   3.8448701e-02
   3.8750928e-02
   3.8256648e-02
   3.8289370e-02
   3.9179146e-02
   3.8225994e-02
   3.8161891e-02
   3.8154059e-02
   3.8207811e-02
   3.8577829e-02
   3.8281649e-02
   3.8668401e-02
   3.8568297e-02
   3.8439502e-02
   3.8563046e-02
   3.8288344e-02
   3.8211368e-02
   3.8189540e-02
   3.8256247e-02
   3.8036849e-02
   3.8260393e-02
   3.8500589e-02
   3.8042800e-02
   3.8382642e-02
   3.8101194e-02
   3.8261016e-02
   3.8563495e-02
   3.8030657e-02
   3.8175443e-02
   3.8291438e-02
   3.8113944e-02
   3.8401689e-02
   3.8205022e-02
   3.8163159e-02
   3.8049126e-02
   3.8645126e-02
   3.8992345e-02
   3.8270555e-02
   3.8048191e-02
   3.8858914e-02
   3.8715030e-02
   3.8563415e-02
   3.8214147e-02
   3.8857263e-02
   3.8121473e-02
   3.8326752e-02
   3.8448687e-02
   3.8610778e-02
   3.8508780e-02
   3.8731679e-02
   3.8330751e-02
   3.8215145e-02
   3.8520621e-02
   3.8573541e-02
   3.8185330e-02
   3.8353571e-02
   3.8330884e-02
   3.8452312e-02
   3.8044436e-02
   3.9063315e-02
   3.8037395e-02
   3.8272033e-02
   3.8618578e-02
   3.8393436e-02
   3.8144865e-02
   3.8551199e-02
   3.8225600e-02
   3.8346519e-02
   3.8026977e-02
   3.8334731e-02
   3.8499038e-02
   3.8652574e-02
   3.8280693e-02
   3.8248255e-02
   3.8451081e-02
   3.8505192e-02
   3.8141332e-02
   3.8177929e-02
   3.8098793e-02
   3.8129263e-02
   3.8185393e-02
   3.8342825e-02
   3.8802278e-02
   3.8789401e-02
   3.8138625e-02
   3.8262329e-02
   3.8794565e-02
   3.8272095e-02
   3.8039799e-02
   3.8044265e-02
   3.8829541e-02
   3.8316518e-02
   3.8157919e-02
   3.8442364e-02
   3.8220127e-02
   3.8742988e-02
   3.8173969e-02
   3.8425076e-02
   3.8060974e-02
   3.8654644e-02
   3.8080640e-02
   3.8048064e-02
   3.8262643e-02
   3.8375498e-02
   3.8131581e-02
   3.8123999e-02
   3.8085933e-02
   3.8456317e-02
   3.8192463e-02
   3.8753642e-02
   3.8349822e-02
   3.8668537e-02
   3.8488469e-02
   3.8301206e-02
   3.8211100e-02
   3.8030158e-02
   3.8079391e-02
   3.8117508e-02
   3.8335439e-02
   3.8557033e-02
   3.8168737e-02
   3.8495706e-02
   3.8330231e-02
   3.8033749e-02
   3.8789901e-02
   3.8081377e-02
   3.9139307e-02
   3.8131904e-02
   3.8115107e-02
   3.8676942e-02
   3.8517981e-02
   3.8895795e-02
   3.8250077e-02
   3.8565339e-02
   3.8568092e-02
   3.8550175e-02
   3.8393968e-02
   3.8669136e-02
   3.8167604e-02
   3.8117866e-02
   3.8086278e-02
   3.8205173e-02
   3.8828543e-02
   3.8263237e-02
   3.8032507e-02
   3.9062905e-02
   3.8127213e-02
   3.8234416e-02
   3.8337449e-02
   3.8216872e-02
   3.8589841e-02
   3.8094540e-02
   3.8152257e-02
   3.8231404e-02
   3.9006384e-02
   3.8809205e-02
   3.9022351e-02
   3.8546081e-02
   3.8110469e-02
   3.8112198e-02
   3.8118276e-02
   3.8330664e-02
   3.9121634e-02
   3.8783796e-02
   3.8703043e-02
   3.8691062e-02
   3.8136868e-02
   3.8841307e-02
   3.8132574e-02
   3.8544187e-02
   3.8321494e-02
   3.8480260e-02
   3.8276139e-02
   3.8030556e-02
   3.8788412e-02
   3.8242764e-02
   3.8117051e-02
   3.8255812e-02
   3.8230636e-02
   3.8028212e-02
   3.8201959e-02
   3.8129894e-02
   3.8109139e-02
   3.8326420e-02
   3.8271828e-02
   3.8190509e-02
   3.8942172e-02
   3.8095607e-02
   3.8726580e-02
   3.8112447e-02
   3.8190134e-02
   3.8192734e-02
   3.8584622e-02
   3.8259930e-02
   3.8048665e-02
   3.8206694e-02
   3.8202865e-02
   3.8818935e-02
   3.8316207e-02
   3.8119612e-02
   3.8195034e-02
   3.8138272e-02
   3.8834462e-02
   3.8325043e-02
   3.8030412e-02
   3.8110459e-02
   3.8494548e-02
   3.8222709e-02
   3.8665944e-02
   3.8026999e-02
   3.8330502e-02
   3.8333826e-02
   3.8035969e-02
   3.8311281e-02
   3.8197426e-02
   3.8696732e-02
   3.8566873e-02
